car 1225.2170194148098 426.9897412925422 1307.4262310969023 474.2531061092056 
car 25.078973169870554 451.50498671349555 518.777402494629 617.9555420337317 
car 1212.728918489074 437.1790684302635 1282.649916751273 482.0683050816555 
movable_object 1542.5442704514167 531.2469562752702 1600.0 627.9277139453285 
car 1165.1888494785894 432.2127031793075 1245.085717903196 480.28801029162827 
car 983.7596922596972 450.32993685883093 1037.7693982391386 497.0529310481111 
car 355.20515985613434 474.56845800101695 512.0077217431725 558.4073106839346 
bicycle 549.4255410897795 466.7163536732283 672.7856879486942 514.6581160773076 
car 1112.095864044402 456.47096433890476 1460.024975912811 636.0210320269254 
pedestrian 1200.9005872299656 444.500665933648 1234.2246769233898 519.1501330700062 
car 645.6578693666613 432.15750930228654 720.6460467798064 498.49567674411736 
car 1281.8147554724314 432.1126222570616 1420.1671230412562 505.2579335143559 
car 555.6131983605092 462.83292342836 698.6289776262184 551.1976596808888 
car 929.6912913240811 448.0250451842833 958.146329504991 478.09557448531126 
pedestrian 1365.0629862751389 446.7993988761055 1436.0161955793442 570.532425169747 
car 461.3707995714521 448.33718973622973 586.1335413107095 526.5127832907102 
