pedestrian 1471.0725755040564 421.0615314284634 1552.6827403925565 566.1198080292834 
car 931.242719333299 423.45960978077596 999.0479311782007 475.5165523701838 
pedestrian 458.6124608473875 436.72361195804245 485.5309221851359 486.9504965458139 
car 599.0136104228667 420.918757464046 742.0620358999454 470.2003515309446 
pedestrian 1538.0798495606332 420.1688112572947 1600.0 562.3546285964801 
car 441.5839580949613 427.194138656306 573.7261625166072 477.9984498653704 
car 731.7803626011768 425.7946860680869 835.1044425723558 496.90500402289905 
car 533.3437827746486 429.1610072208642 670.5472741403364 502.6099316582914 
pedestrian 436.99872790239425 425.7400794561 468.7473011853502 488.84187007652724 
pedestrian 1417.859132644493 428.6336083612023 1472.733223194869 550.9247627079837 
car 710.1797274468521 420.8974635701598 765.8343207021036 457.76679980985654 
bicycle 766.5330851381849 417.15749743044455 821.1591415008304 444.05929425178533 
car 0.0 360.6089402590927 326.2430575826655 844.9694706128059 
car 1019.3690466252806 420.8478306485381 1087.7304940095416 468.64110050012243 
pedestrian 1520.8042088708755 401.16437959318563 1581.5808366734902 545.0427719691771 
pedestrian 1216.231379298156 406.98808799729454 1248.702773830632 470.79828250560143 
pedestrian 1134.11862846713 413.00871022947854 1150.625884123367 453.7808611239085 
car 798.5977423003867 394.21509401576736 844.0602467724008 436.8741652458332 
car 832.2036747788898 413.9880919782945 873.891250779173 444.8329908322073 
pedestrian 1130.298313069371 412.7829543721299 1147.1931339732764 454.55082257755276 
