car 629.1196672906315 458.2370271859971 759.5733054485097 535.3066720102651 
car 1231.6312068445993 480.1843127076903 1385.6394857924008 534.0315501707212 
car 1560.3818805093115 491.1507353185289 1600.0 571.9211344107084 
car 1245.140840185161 482.09633363312383 1406.5823641986408 530.8232889355871 
car 1026.012725628324 370.51957189214505 1250.5204153491457 582.4577995380342 
car 1218.658349430456 482.79685117591566 1363.7464626913336 528.9532102135587 
movable_object 514.2670293430472 509.66112241767127 530.7333398610124 539.7654458918563 
car 1293.392079219233 487.1035573827036 1493.2185307051184 545.9390434416046 
movable_object 662.5717545974555 508.8524239967263 679.2366625873343 536.7704796690391 
movable_object 422.47906008137585 509.53909533679445 448.08405853095894 548.0723318654447 
car 652.8454229642002 442.2405683735128 696.3462391515903 502.246204681354 
car 1439.175320571566 478.51387620621864 1600.0 564.4766425444121 
car 1259.0969719971747 476.08536404971 1436.797625473547 534.6159726810114 
movable_object 352.7058545580129 505.501336232837 376.4866211738948 544.1264573028908 
car 997.7053853494499 409.3972241230456 1157.7847202818655 545.8758684244928 
car 268.4827848249977 442.2533085282313 598.0966296553638 540.0432951036174 
car 1368.5566394852617 479.94770328276235 1600.0 555.2821156382154 
movable_object 644.4497581311165 508.55313994593695 661.4077583288043 536.3095655643414 
movable_object 541.7922229428377 509.7534374095621 564.4346405749482 540.2478778656508 
