pedestrian 1481.7919541116696 474.0445244248626 1517.102262109418 530.8783892821069 
bicycle 1453.203910419643 466.63505859585257 1523.669310666604 524.286899549165 
pedestrian 704.9468566046039 449.63396292514216 728.5725051608475 497.1860349670407 
car 160.6134296443304 404.6056686702901 315.2762092535402 474.6962829988243 
pedestrian 809.985985201024 453.3084222598844 833.9666871403755 500.74738009520104 
bicycle 193.13086325939182 444.3683433066894 258.2883965533385 489.37198712681476 
movable_object 668.8436274740454 466.2791822850731 719.3136957859928 494.5150075537827 
pedestrian 756.0880702980444 463.1129957562751 780.9536607295394 516.1422655764601 
car 1213.5017578522484 461.15955546508116 1414.8072803738191 588.721450139996 
pedestrian 1484.296963458843 473.94550330740196 1524.3039357437713 531.272619671988 
movable_object 1481.0692882455942 485.94712551260795 1536.6472264480672 512.3216702530442 
car 623.8891967211133 442.6478192428601 743.8439911340286 494.581912479402 
pedestrian 802.3825473617196 452.5882781639654 829.4220672508848 505.4459593805011 
movable_object 1424.1426506995842 497.6760549286902 1528.4147894014786 564.6267426490913 
movable_object 1379.3528431235995 483.08692585874746 1429.8840930248089 507.58915431163297 
pedestrian 446.5643828746541 447.9621215456772 477.4927918475721 507.75168246502193 
pedestrian 586.5478788707783 445.303854952181 610.6873861432784 487.5793624373879 
movable_object 1378.377702038919 497.0165532437493 1468.0363205473 555.3268360383408 
pedestrian 710.0375720768131 450.9571287299359 735.0692928666952 503.84288268087687 
movable_object 618.3301865905269 460.7932134020079 671.4989230296293 490.7012010637631 
movable_object 1329.6643322591929 483.98388881417856 1383.3904703613669 510.3878972593077 
movable_object 561.694794702243 461.9310517697524 618.9017354467115 491.2329711953191 
movable_object 1341.91342993161 494.7929744675548 1416.420996714987 545.5616919003343 
movable_object 1598.2414956758312 546.2001756034582 1600.0 599.4231839929937 
pedestrian 846.0808056268404 451.34770824578493 869.0057887338548 502.57691758108353 
car 486.8154271318928 411.22959057400027 612.7167995986762 491.2904712503843 
pedestrian 851.2773083593032 452.64982380302894 875.2549536829486 509.25886741943793 
pedestrian 831.4618017049207 451.702235747337 852.5780799017471 499.12391872640535 
pedestrian 898.6801847727478 459.94292708734804 931.5371753426648 518.3799991577287 
car 1121.375440677602 444.638477856523 1204.6006773707481 527.734270038758 
pedestrian 1519.5216101426804 469.08163501013985 1556.433687336669 524.946351345525 
pedestrian 826.2136029816024 448.76672364340817 850.0320045415042 506.4026566368159 
pedestrian 1187.1972061357558 459.43296529094744 1213.3997818555638 496.3010052647594 
car 689.7572403895301 451.1951874992521 794.8567898920948 547.7593404482936 
car 965.7460620331083 464.04016879206523 1003.7870758765704 495.8765660594037 
movable_object 634.2892358474736 471.50076301288533 692.4850924597775 501.0903597504122 
car 349.05616415238006 399.8672550536667 576.6226103605788 480.89290154079345 
movable_object 1164.0671643814871 478.8799286691247 1196.588578037894 501.0239020766107 
car 598.4225944206847 449.6949625321951 696.1538061323128 487.01605460351266 
car 408.4429300113829 445.11352475493896 523.3910222407228 480.566825533762 
movable_object 529.6797609787499 468.4747998596438 587.2160396575656 498.65828538411114 
movable_object 582.4219381743868 470.0400105287829 642.2321246547709 500.73791550471486 
car 1527.885637866943 474.7931353053434 1600.0 514.0117208263575 
movable_object 689.7729665613715 471.3075602524877 747.834331029804 504.203482130246 
