movable_object 1152.0387960352218 635.2144952034658 1319.263042571906 853.1063883030838 
movable_object 881.9176430712946 518.108732021971 918.2001286087858 565.6069164252142 
movable_object 966.5809782152346 566.5410630349334 1038.9467792849293 664.9346604820312 
bicycle 414.25494476387905 460.35915461894933 546.1298198333154 536.122780741919 
movable_object 1304.9309730906461 519.2270825188331 1342.1140677215697 568.2518886870001 
movable_object 1343.0830086991027 520.9526531200115 1390.4699734509875 574.3815769591217 
movable_object 1190.878641746826 510.7919048959201 1220.1842725087047 547.3359220403324 
movable_object 1245.7825685898235 514.6970428693393 1280.91057127299 559.8231192341326 
movable_object 1172.4096334312462 508.7637003936348 1199.2445508336436 545.3287566223056 
movable_object 815.8264196421643 485.55393965231593 831.4765659057017 509.7123601551825 
movable_object 1110.4700204991645 506.1091710516477 1133.3919990274858 537.0667004909632 
movable_object 840.6860596814772 496.2523150252221 862.1016625947699 524.8270585866303 
movable_object 1397.9222759178335 521.5471418952926 1445.4509152969865 582.052293995868 
movable_object 844.7910337944797 502.34322798755693 868.3355885745816 532.0777618754616 
movable_object 1508.130448714712 538.4823006916772 1570.091440744276 602.7543950952195 
movable_object 902.5666071944223 531.6587418170267 949.2656957674677 592.0724955999602 
car 448.41547802048734 349.9909983685909 867.7309993985024 749.9861201593422 
movable_object 1268.9910031295628 518.4332618088677 1308.149421343122 562.3407325989573 
movable_object 1455.7598051245116 524.6487396600334 1512.8204893849506 584.9361452964745 
pedestrian 425.8856350147609 401.06902060258005 455.3342835716886 434.20685317647866 
movable_object 859.5195120782344 505.4826141094527 887.293557656318 542.2103443796931 
movable_object 1221.8052519312457 511.69382632211574 1256.3981194987286 554.0496367800355 
movable_object 1596.2299145189738 550.7216959810132 1600.0 612.3169132593787 
movable_object 1142.0497029775406 504.23605625017115 1169.5090309137283 542.460199768153 
bicycle 451.8726053830181 454.63199155472483 573.5489858861347 533.7422959223348 
