movable_object 1093.9386276894163 620.0117817395899 1225.4690699258674 796.0166401449928 
movable_object 876.7467524583597 526.2838258474546 911.0851887209113 571.2625681087021 
movable_object 950.634682521643 564.1210172629984 1014.9930716372116 651.988915558705 
bicycle 435.30548879654157 473.0849678609536 559.5574542081026 544.7513258471712 
movable_object 1279.1023988888132 528.951157655735 1313.8515669643105 575.4761195588727 
movable_object 1312.8608772409268 531.3915104921716 1356.8783439947413 581.924432205648 
movable_object 1175.2841738118402 521.7546686157634 1203.2634120922485 556.9722289489615 
movable_object 1225.8439739334458 523.5067357678546 1259.0883912770876 566.7141183876658 
movable_object 1156.4433070033701 518.3757466514485 1181.9943677172048 553.5198971655748 
movable_object 1098.0781769601983 516.850235552236 1120.0231660768732 546.7101088190869 
movable_object 837.871350990181 506.9269049795404 858.6604305368938 534.6520732979247 
movable_object 1362.438432044227 527.8727653813952 1406.2491432941022 584.7161999769786 
movable_object 842.3685298301725 512.7206822347978 865.1492002485074 541.472182339089 
movable_object 1463.5759401295536 548.5374254986929 1520.2372043543198 608.7568009264556 
movable_object 895.3365317254163 537.7343831667147 938.7922976081217 594.0243151268145 
car 501.5115986199486 362.44003173948215 908.4743588258383 762.613143441895 
movable_object 1247.1901250723706 528.1474597360666 1284.2111498526879 570.1870749252034 
movable_object 1413.5954460358384 534.148358358174 1465.7804875689899 590.5685997152457 
pedestrian 434.940117571628 413.22533472021166 463.7286396883689 445.6496175940446 
movable_object 855.6654994482491 515.8029495359639 882.3044226439134 551.0434281680328 
movable_object 1204.129227280076 521.7956581401336 1237.0171739857437 562.4963419345831 
movable_object 1533.6435354198172 557.3738031438302 1599.8173069726681 620.352165849344 
movable_object 1128.638792251568 513.4143144457898 1154.871938526907 550.208381345976 
bicycle 470.00468304841434 467.3571686758401 585.0772984189783 542.3230209231697 
