pedestrian 1038.1690440608195 449.96031892524576 1082.7059023927948 551.2033213356247 
pedestrian 844.1042292425818 451.99406400581745 899.372299269239 558.9955082094443 
bicycle 1272.6493281607993 504.3202286027765 1319.146235953359 561.8201168618747 
pedestrian 734.6579337038884 469.5182731078841 796.4363588583643 560.9551453393678 
bicycle 1132.1699316472477 476.37861194885534 1198.7868126020169 543.3183685315043 
pedestrian 647.3572146686138 438.3755029124775 709.0712619368438 562.0963458436865 
pedestrian 1497.6991175749324 460.9587721031666 1555.846642381279 551.2268375014123 
pedestrian 819.5766729417685 430.1955318490545 895.4679968025308 560.1961505935049 
pedestrian 702.9670526163293 475.0334425353339 766.2333362282326 568.7284407390938 
pedestrian 727.9136976664279 437.56621462629397 787.3155449080035 557.2020165258542 
bicycle 1221.713258859638 497.672797682468 1275.46660795566 562.630010687371 
pedestrian 800.203418369902 437.77551871484417 860.5550485198555 562.6438041182944 
pedestrian 916.2105712754807 446.04085343599047 962.4006975127137 543.3725268819672 
pedestrian 1024.2373542673092 434.61862369166596 1072.877198837116 533.6137915430304 
pedestrian 839.3631085881564 439.8653441495661 898.1433177589308 553.5225174559167 
pedestrian 935.3102197065696 435.56824543842686 989.9479596706996 541.7366104002575 
pedestrian 427.565879146424 445.342088770669 557.0154978466186 647.8893087256223 
pedestrian 877.2010630111724 440.98387759738347 935.1267758444736 552.9240939455229 
bicycle 1094.8404649722995 472.2175676400303 1152.9880448086021 542.7908602900062 
pedestrian 441.14189915537025 443.0258721815397 547.1497359516082 634.2128939647104 
bicycle 1232.3411092282195 480.961939685783 1280.415295264476 536.2485172788089 
bicycle 1138.914375456823 463.8073961068639 1201.236305625372 532.6598375277549 
