car [[-3.3439216613771805, 0.48066329956066056, -1.0801639556884624]] [1.8991069793701172, 4.821841239929199, 1.5072263479232788] 1.6164930502520958 0.8466783165931702
car [[-46.57472610473667, 36.825782775878906, 0.24134862422943826]] [1.9209703207015991, 4.470174789428711, 1.7345153093338013] 3.129335467015402 0.7133231163024902
car [[27.239776611327898, 17.57582855224598, 0.9974077939987112]] [2.0815792083740234, 4.916323661804199, 1.7985515594482422] -0.005518555641174699 0.4805000424385071
car [[-52.61484146118187, 36.915618896484375, 0.2610738277435303]] [1.9191741943359375, 4.313401222229004, 1.7355620861053467] 3.0444794336902063 0.4658200144767761
car [[32.16874694824219, 22.62709045410179, 1.4376881122589111]] [1.9630000591278076, 4.61175537109375, 1.714314579963684] -0.00948679447174068 0.29394006729125977
car [[-0.1425819396973793, -8.07085800170887, -1.1135833263397146]] [2.1652352809906006, 5.226848602294922, 2.1920931339263916] 1.5809162298785608 0.29192236065864563
car [[-40.98010635375999, -13.408477783203239, -0.6195945143699575]] [2.0166373252868652, 4.607608795166016, 1.7986228466033936] -1.690230488777161 0.21751883625984192
car [[-26.766201019287337, 31.005859374999886, -0.6550700664520335]] [1.82869291305542, 4.187923431396484, 1.5500855445861816] -3.103825330734253 0.17035433650016785
car [[17.115272521972315, -53.995285034179574, -4.130898952484131]] [1.8935368061065674, 4.392587661743164, 1.7017667293548584] -1.2036675214767463 0.15767084062099457
car [[-42.2424125671389, -15.170173645019531, -0.4544879496097636]] [2.0346791744232178, 4.573570251464844, 1.7740328311920166] 3.1101973692523397 0.10726849734783173
car [[-39.91836547851585, 37.492919921875, 0.1478506624698639]] [1.9725040197372437, 4.500146865844727, 1.7214363813400269] -2.6581196784973153 0.10566803812980652
car [[-42.91249847412121, 27.147293090820085, -0.24044689536094666]] [2.0575618743896484, 4.660704612731934, 1.761324405670166] -3.096226215362549 0.10245545208454132
truck [[-3.473423004150618, -8.06475448608387, -0.4032749533653259]] [2.7716641426086426, 6.829192161560059, 3.8374061584472656] 1.6128900686847132 0.6652184724807739
truck [[-0.1548194885255043, -8.098758697509766, -1.115143060684204]] [2.1952216625213623, 5.337482929229736, 2.087836503982544] 1.5738638083087364 0.66400146484375
truck [[-40.984985351562614, -12.95687103271473, -0.7080371379852366]] [2.122973918914795, 5.126889228820801, 1.906280755996704] -2.215199232101441 0.3089617192745209
construction_vehicle [[20.148162841796648, 41.14763641357422, 2.264326572418213]] [2.679030656814575, 11.884705543518066, 3.7514588832855225] -0.14854836463928217 0.20485013723373413
construction_vehicle [[47.63671112060524, 22.98312377929699, 1.268123984336853]] [1.662209153175354, 2.8528363704681396, 2.0978620052337646] 2.2180665175067347 0.1783217340707779
truck [[27.30076599121071, 17.609924316406136, 1.130549430847168]] [2.2173385620117188, 5.868990421295166, 2.138124942779541] 0.00011301040649382703 0.15225547552108765
truck [[32.64736175537075, 23.010238647460938, 1.639782190322876]] [2.174884080886841, 5.563845634460449, 1.9919906854629517] 0.0680521726608274 0.140883669257164
truck [[-3.2050437927248367, -16.476848602294808, -0.4038267135620117]] [3.0941643714904785, 15.058231353759766, 4.184131622314453] 1.5430849790573116 0.12077425420284271
truck [[-9.915645599365348, 48.85163116455078, 1.4251129627227783]] [2.3523759841918945, 6.184386730194092, 2.8082332611083984] 1.6288188139544884 0.12072200328111649
truck [[-42.25740432739269, -11.732429504394531, -0.8063565492630005]] [2.0347893238067627, 4.812348365783691, 1.8896701335906982] -3.0949850082397465 0.10945073515176773
truck [[-53.06600952148449, 36.94882202148449, 0.3257614076137543]] [2.114198923110962, 5.198249816894531, 1.9408549070358276] 3.0625813643084925 0.10745212435722351
trailer [[-3.205131530761946, -15.978565216064453, -0.4277808666229248]] [2.9683220386505127, 14.439733505249023, 4.2394866943359375] 1.597231690083639 0.7954421043395996
trailer [[16.994720458984148, -19.404869079589844, -1.6220260858535767]] [2.4350733757019043, 4.514182090759277, 1.8519060611724854] -1.536313652992249 0.46964722871780396
trailer [[13.44458770751919, -23.75812530517578, -1.9661082029342651]] [2.0350546836853027, 3.734414577484131, 2.166370153427124] -2.199125051498414 0.12544338405132294
trailer [[42.25572204589821, 5.0709381103515625, 0.21412187814712524]] [2.6817188262939453, 6.336628437042236, 3.223937511444092] -2.9648206233978276 0.11433566361665726
bus [[35.72015380859352, 23.14083862304676, 1.9751235246658325]] [2.920640230178833, 11.372650146484375, 3.5856001377105713] 0.05020034313201886 0.11056000739336014
trailer [[47.68843078613247, 22.624755859374886, 1.6939746141433716]] [2.2057154178619385, 3.205606698989868, 2.770237684249878] 1.6261656920062464 0.107471764087677
barrier [[11.559799194335596, -18.395175933837777, -2.463925361633301]] [3.3018641471862793, 0.5467643737792969, 0.96163409948349] 3.0571313540088094 0.5031377673149109
barrier [[16.387153625488054, -3.2009277343748863, -1.0442247390747]] [3.260707139968872, 0.5136401653289795, 0.9834232330322266] 2.495923344288961 0.424177885055542
barrier [[18.41141510009743, -0.7107963562010582, -0.8836340308189321]] [3.065922975540161, 0.4891047477722168, 0.9050793647766113] 2.492498222981588 0.4099005460739136
barrier [[11.471282958984034, -21.774250030517578, -2.6684908866882324]] [3.2541754245758057, 0.5631181001663208, 0.9500903487205505] 3.1196311155902308 0.4055626392364502
barrier [[11.318252563476221, -24.882192611694336, -2.8751070499420166]] [3.188819646835327, 0.49292832612991333, 0.8696261644363403] -3.1083135604858403 0.40282419323921204
barrier [[11.883155822753679, -15.21071624755848, -2.1598637104034424]] [3.217142343521118, 0.4768384099006653, 0.9173779487609863] 2.977337662373678 0.3861692547798157
barrier [[-1.466682434082145, 48.288589477539176, 0.4848368763923645]] [2.261239528656006, 0.6688835620880127, 1.050574541091919] -2.9372043609619145 0.2931380271911621
barrier [[14.792663574218409, -6.093086242675668, -1.2812278270721364]] [3.142639636993408, 0.4438212811946869, 0.9161545634269714] 2.7584641615497034 0.2908206284046173
barrier [[13.613296508788721, -8.873409271240234, -1.5862138271331716]] [3.0943925380706787, 0.4366864264011383, 0.8634088039398193] 2.7598617712603972 0.2820734679698944
barrier [[12.656105041503793, -12.126598358154297, -1.9023902416229177]] [3.3071303367614746, 0.49675673246383667, 0.9375675320625305] 2.887193028126852 0.25083380937576294
barrier [[-1.9079627990726067, 49.54049682617176, 0.5790125131607056]] [1.6729686260223389, 0.5950254797935486, 0.9990712404251099] -2.890183925628662 0.2157813012599945
barrier [[-0.868991851806868, 51.28817749023426, 0.4692642092704773]] [2.193004846572876, 0.5666235685348511, 1.0720477104187012] -2.997090816497803 0.21455344557762146
barrier [[-9.72075271606468, 45.98580932617199, 0.18661756813526864]] [2.0636274814605713, 0.49380040168762207, 1.0223098993301392] -1.4118272066116342 0.20691004395484924
barrier [[-0.3303565979007317, 49.589225769042855, 0.4999878406524729]] [2.1810481548309326, 0.5692688226699829, 1.0592423677444458] -2.9996366500854497 0.19102859497070312
barrier [[-0.855381011963118, 49.53794097900402, 0.5071092844009399]] [2.092998743057251, 0.5958049893379211, 1.0521926879882812] 3.0788813273059286 0.17578081786632538
barrier [[-1.5715332031252274, 50.03853607177746, 0.45622318983078713]] [2.0284738540649414, 0.606191873550415, 1.0481655597686768] 3.1376574675189417 0.1636064052581787
barrier [[-0.9297714233400711, 47.135704040527344, 0.3894283175468516]] [2.0240793228149414, 0.5331067442893982, 1.0508840084075928] -2.1165752410888676 0.15107882022857666
barrier [[11.569969177245866, -29.131582260131836, -3.3085224628448486]] [3.2080078125, 0.4795590043067932, 0.9166175723075867] -3.0841107368469243 0.15103766322135925
barrier [[-42.24964904785179, 26.28784942626976, -0.6867671608924795]] [2.9637956619262695, 0.6424136161804199, 0.9532527327537537] -1.5013236999511725 0.1350988894701004
barrier [[-1.3479385375978836, 51.273628234863395, 0.51159060001374]] [2.2896666526794434, 0.5945484638214111, 1.0521963834762573] -3.0561406612396245 0.11407220363616943
barrier [[0.1297149658201988, 49.52159881591808, 0.4490399956703186]] [2.3469488620758057, 0.5705493688583374, 1.0385493040084839] -2.77072286605835 0.10862547904253006
barrier [[-10.999809265136946, 47.111450195312614, 0.20933538675308228]] [2.1473817825317383, 0.5493115186691284, 1.0723137855529785] 3.0229015986071985 0.10693313181400299
bicycle [[11.58110046386696, -12.300956726073991, -1.6615080833434988]] [0.5228146314620972, 1.6060433387756348, 1.0517117977142334] -2.163414001464844 0.27031904458999634
bicycle [[-3.415084838867415, -19.255260467529297, -2.612931251525879]] [0.5917973518371582, 1.7555408477783203, 1.133976697921753] 1.7873051802264612 0.14681276679039001
bicycle [[11.051147460937273, -20.76948165893566, -2.228837013244629]] [0.4878278970718384, 1.5582482814788818, 1.1069761514663696] 0.8912175893783567 0.139905646443367
bicycle [[5.129390716552621, 7.749385833740348, -0.5311155915260315]] [0.7072235345840454, 1.7801260948181152, 1.7240445613861084] -0.28352582454681446 0.1384231448173523
bicycle [[11.056236267089616, -17.15380096435547, -2.1232762336730957]] [0.5175708532333374, 1.5874216556549072, 1.124579668045044] 0.571539759635925 0.1257845163345337
bicycle [[3.799839019775277, 24.816467285156364, 0.3007323443889689]] [0.5820070505142212, 1.635957956314087, 1.0609601736068726] -1.942085504531861 0.1247650608420372
motorcycle [[4.344806671142351, -29.480697631835938, -3.157165050506592]] [0.7746414542198181, 2.0388941764831543, 1.2962452173233032] -0.15425682067871122 0.11027169227600098
bicycle [[-18.249347686767805, 53.844612121582145, 0.33429861068725586]] [0.6857180595397949, 2.025934934616089, 1.6613903045654297] 1.6710961500750938 0.10986403375864029
motorcycle [[25.398307800292855, -0.9237174987791832, 0.05336805433034897]] [0.5814465284347534, 1.8204866647720337, 1.2808709144592285] -1.5328778028488168 0.10370708256959915
pedestrian [[7.488040924072152, 6.129920959472656, -0.2702520489692688]] [0.8108887672424316, 1.0276482105255127, 1.8989012241363525] -0.3798873424530034 0.8594567775726318
pedestrian [[1.4257011413571945, 8.095470428467024, -0.587342858314507]] [0.6788561344146729, 0.8547173142433167, 1.8377859592437744] -0.07518994808197071 0.7645699977874756
pedestrian [[0.7572975158689133, 9.061611175537223, -0.4796679615974426]] [0.7314209938049316, 0.9489591121673584, 1.7894223928451538] 0.21327114105224615 0.7492440342903137
pedestrian [[2.484279632568132, 8.337070465088004, -0.47050338983535767]] [0.7314095497131348, 0.9366618394851685, 1.8197665214538574] -0.07569861412048336 0.7048197984695435
pedestrian [[1.3075294494626633, 7.295604705810547, -0.5801182985305786]] [0.6887195706367493, 0.8846210241317749, 1.8051624298095703] -0.09057128429412872 0.6839829683303833
pedestrian [[5.03592300415005, 7.863746643066293, -0.44032123684882407]] [0.6831406354904175, 0.8411040902137756, 1.6301788091659546] -0.20634043216705342 0.6447234153747559
pedestrian [[7.697254180907862, 6.830665588378906, -0.30507299304007773]] [0.7343881130218506, 0.9315145015716553, 1.824698805809021] -0.3784469366073612 0.5454082489013672
traffic_cone [[8.265468597411882, 39.878242492675554, 1.0763062238693237]] [0.44851553440093994, 0.45008227229118347, 1.3619285821914673] -1.2725815773010258 0.2653566598892212
pedestrian [[-28.58572387695324, 48.19517517089855, 0.9669190049171519]] [0.7191906571388245, 0.7548139095306396, 1.8698159456253052] -1.2623286247253422 0.1927124261856079
pedestrian [[-0.7228202819826492, 50.52830505371094, 0.737933337688446]] [0.6299195289611816, 0.6194254159927368, 1.6754505634307861] -2.0286359786987314 0.17237195372581482
traffic_cone [[15.308296203613054, -3.324352264404183, -1.054085373878472]] [0.3435911536216736, 0.4045132100582123, 0.841637134552002] 2.216574970875875 0.1588657647371292
pedestrian [[5.558456420898324, 7.618724822997933, -0.5157020688056946]] [0.6402084231376648, 0.7864097952842712, 1.4953908920288086] -0.27659690380096447 0.15834997594356537
traffic_cone [[-1.9597282409670242, 49.49494171142578, 0.5224087238311768]] [0.481573224067688, 0.47817957401275635, 1.0771414041519165] 2.3908045927630823 0.15180498361587524
traffic_cone [[-1.4881515502931961, 48.329010009765625, 0.5012173056602549]] [0.5622857809066772, 0.5621208548545837, 1.0699821710586548] 2.5258930365191854 0.14671078324317932
traffic_cone [[9.483364105224382, 23.7867431640625, 0.6137940287590027]] [0.49466297030448914, 0.47607776522636414, 1.4451961517333984] -2.1123456954956064 0.1370614618062973
pedestrian [[1.3510856628416832, 9.179588317871094, -0.5587494373321533]] [0.7059061527252197, 0.8788759708404541, 1.746630072593689] 0.20076167583465562 0.1269536316394806
traffic_cone [[11.774444580077898, -11.727436065673942, -1.7321057319641113]] [0.32476815581321716, 0.4197410047054291, 0.8432989120483398] 2.873787228261129 0.11346796154975891
traffic_cone [[-26.13468360900913, 9.083320617675895, 0.3242088854312968]] [0.5148266553878784, 0.5061388611793518, 1.254746437072754] 0.410308718681335 0.11262141168117523
traffic_cone [[19.42675781249966, 0.4989967346191406, -0.6484301090240407]] [0.37506335973739624, 0.38637638092041016, 1.1137429475784302] 2.479450050984518 0.11112265288829803
traffic_cone [[-8.038547515869368, 8.128093719482536, -1.3969470262527466]] [0.3786075711250305, 0.35189342498779297, 0.41907694935798645] 1.5641895532608028 0.11049401015043259
traffic_cone [[-9.215366363525504, 40.506942749023324, 0.6870776414871216]] [0.4635959565639496, 0.46485209465026855, 1.4478895664215088] -0.8471658229827885 0.10166007280349731
pedestrian [[1.9830932617185226, 7.616817474365348, -0.5851418972015381]] [0.6821004152297974, 0.8694661855697632, 1.774641513824463] -0.05272006988525394 0.10165619850158691
4d7cf1ad5f9c4842bb6f135e058deed4