car [[0.7409400939942259, -10.971546173095703, -1.4293956756591815]] [2.0716605186462402, 4.999134540557861, 1.8424506187438965] 1.640130821858541 0.7974229454994202
car [[-15.771018981933594, -39.473739624023494, -2.3608078956604057]] [1.888245701789856, 4.452475547790527, 1.6409578323364258] 2.7742503325091765 0.6671364903450012
car [[3.203083038330192, 27.089210510253906, 0.2663899064064008]] [2.011953353881836, 4.734429359436035, 1.7596298456192017] -0.2143801450729378 0.6642040610313416
car [[-16.586956024169865, -20.031429290771484, -1.7175754308700597]] [1.8178037405014038, 4.444746971130371, 1.5406924486160278] 1.3235694169998162 0.5146991610527039
car [[-5.302650451660099, -33.914230346679744, -2.109721660614019]] [2.0944671630859375, 5.149850368499756, 1.8978452682495117] 1.7263191382037562 0.421271413564682
car [[25.44394683837902, -9.268127441406193, -1.117748022079473]] [1.9565995931625366, 4.561079502105713, 1.7324711084365845] 0.33613240718841475 0.1904183328151703
car [[-17.722946166992088, -23.80316925048828, -1.9318422079086357]] [1.7977955341339111, 4.271221160888672, 1.585895299911499] 1.371774315834045 0.16332733631134033
car [[-23.709396362304602, -47.73467254638672, -2.5640375614166278]] [1.8167808055877686, 4.208155632019043, 1.5816001892089844] 2.887098614369528 0.15366190671920776
car [[-24.931873321533146, -53.909992218017635, -2.729759454727178]] [1.925235629081726, 4.46819543838501, 1.6769802570343018] -2.521388053894043 0.15250009298324585
car [[12.368003845214929, -30.35519599914545, -2.2096531391143817]] [1.8649036884307861, 4.354725360870361, 1.6118710041046143] 0.03390276432037307 0.1493307650089264
car [[6.840782165527401, -36.26429748535162, -2.8110425472259575]] [1.9692745208740234, 4.6904473304748535, 1.6587395668029785] 1.7632420698748987 0.14382359385490417
car [[-23.04354095458973, -44.756282806396484, -2.5335705280303973]] [1.8481223583221436, 4.3554511070251465, 1.5912741422653198] 2.8144467512713836 0.14338736236095428
car [[24.932174682617372, -6.344100952148381, -0.9580211043357867]] [1.9537162780761719, 4.476774215698242, 1.690147876739502] 1.5543414354324339 0.12267003953456879
car [[35.756858825683764, -7.469585418701115, -0.5022971630096453]] [1.916471242904663, 4.369186878204346, 1.6800482273101807] 0.1764477491378776 0.1172662228345871
car [[15.313842773437628, 42.91382598876959, 1.3631914854049647]] [1.9075106382369995, 4.42186975479126, 1.7255221605300903] 0.8985277414321893 0.10305638611316681
car [[35.15439605712905, -9.302352905273438, -0.5020908117294365]] [1.9584664106369019, 4.564509391784668, 1.741070032119751] 1.9803484121905726 0.10285627841949463
construction_vehicle [[4.067867279052862, -0.8894233703613281, -0.793789684772495]] [2.5563507080078125, 4.43974494934082, 2.506422758102417] -1.7298773527145384 0.6786879301071167
truck [[0.4706573486329262, -24.867586135864258, -1.1956148147583043]] [2.856018543243408, 9.944011688232422, 3.4613289833068848] 1.6467116514789029 0.5325079560279846
truck [[-5.28432464599598, -34.04680633544922, -2.10935521125794]] [2.088712692260742, 5.457316875457764, 1.8996773958206177] 1.7216056028949183 0.4372844099998474
truck [[-16.983139038085838, -20.23175048828125, -1.7299425601959264]] [1.989182710647583, 5.0379252433776855, 1.8321247100830078] 1.2618540525436397 0.21031758189201355
construction_vehicle [[5.669513702392635, 53.820274353027344, 2.246503829956051]] [2.831296920776367, 7.202598571777344, 3.3104944229125977] -1.584285020828247 0.18658825755119324
construction_vehicle [[16.456832885742315, 11.07546234130865, 0.20181192457675579]] [2.7481775283813477, 5.226021766662598, 2.9315907955169678] -1.8884291648864742 0.14919742941856384
truck [[-17.767383575439354, -24.351556777954045, -1.900338530540468]] [1.9474408626556396, 5.072386741638184, 1.7951689958572388] 1.2765778303146353 0.1475525200366974
construction_vehicle [[15.924942016601662, 2.0303802490234943, -0.23453527688980458]] [2.1991443634033203, 4.942202568054199, 2.5332491397857666] 0.1737186908721918 0.13184702396392822
truck [[-18.935123443603402, -46.49020004272455, -2.7593579292297417]] [1.9917176961898804, 5.407043933868408, 1.8416081666946411] -0.37373530864715615 0.11188553273677826
truck [[3.2483787536622515, 26.911849975585994, 0.19934606552123846]] [1.8488503694534302, 4.834035873413086, 1.8170124292373657] -0.23532223701477126 0.10816602408885956
construction_vehicle [[-12.336505889892464, 42.34177398681646, 1.80836772918701]] [3.193380117416382, 5.688845634460449, 2.7993433475494385] -0.35437929630279563 0.1033640205860138
bus [[8.115787506103644, 29.791114807128906, 0.7561808228492684]] [3.221038341522217, 12.789780616760254, 3.5935215950012207] 2.8492725531207492 0.8413386940956116
trailer [[11.778648376465043, -33.90860748291021, -1.5309896469116264]] [3.0431325435638428, 15.1357421875, 3.4452693462371826] 1.5953367392169395 0.12795695662498474
trailer [[11.755836486816563, 19.004745483398438, -0.2995413541793841]] [1.8276028633117676, 5.426275253295898, 2.4591503143310547] 0.1764060258865351 0.12473877519369125
barrier [[10.257751464843864, -21.236461639404297, -1.9850800037384086]] [2.6247406005859375, 0.5743895173072815, 1.053321123123169] 2.723849598561422 0.24345430731773376
barrier [[6.90018081665059, 14.673629760742244, -0.9623529314994865]] [2.187509298324585, 0.5877757668495178, 0.9942558407783508] -0.3854879140853885 0.1421845704317093
barrier [[14.734916687011946, -25.874250411987248, -2.132578372955324]] [1.8294146060943604, 0.43453922867774963, 0.9933837652206421] 1.7540243307696743 0.13679394125938416
barrier [[19.553192138672046, -24.897659301757812, -1.4935477972030693]] [3.050412654876709, 0.49050769209861755, 0.9225720167160034] -3.089241981506347 0.1159777045249939
barrier [[5.551261901855526, -35.1188583374024, -3.183830022811895]] [2.1732263565063477, 0.49003487825393677, 0.940880537033081] -2.879644393920898 0.11545870453119278
barrier [[6.399360656738395, 14.64997863769537, -0.8992850184440631]] [2.264608860015869, 0.5534034967422485, 1.0121080875396729] -0.43903195858001737 0.11094419658184052
barrier [[14.247520446777486, -21.397010803222656, -1.7095417976379412]] [2.956360340118408, 0.5222119092941284, 0.9578296542167664] 1.5951002279864708 0.10088042169809341
bicycle [[-8.91807556152338, -11.039886474609432, -1.3606420755386406]] [0.5987234711647034, 1.6570810079574585, 1.1681838035583496] -1.8526277542114258 0.37240535020828247
motorcycle [[20.640617370605554, -3.403667449951172, -0.42885243892670033]] [0.8666765689849854, 2.5205750465393066, 1.529755711555481] 1.450352311134338 0.284941703081131
motorcycle [[21.245445251465014, -3.838390350341797, -0.6808246374130267]] [0.7000634074211121, 2.023080825805664, 1.333211064338684] -1.0522110462188723 0.24824613332748413
bicycle [[15.479347229004077, -8.781291961669922, -1.2383717298507744]] [0.5583071708679199, 1.5752909183502197, 1.119692325592041] 1.770129505787985 0.1901332288980484
motorcycle [[11.570999145507898, -26.79006004333496, -2.154307365417486]] [0.6551950573921204, 1.850280523300171, 1.198102355003357] -0.603489935398102 0.1687745451927185
bicycle [[-6.962928771972543, -4.0166358947754475, -1.2730166912078857]] [0.5657021999359131, 1.6109507083892822, 1.112278699874878] 1.1102539300918572 0.14951103925704956
bicycle [[11.281929016113395, 3.9212188720703125, -1.393032670021059]] [0.46691417694091797, 1.5330110788345337, 1.0088337659835815] 1.5473140478134153 0.14875398576259613
motorcycle [[20.621650695800938, -5.011383056640511, -0.41629189252853394]] [0.8389642238616943, 2.5336318016052246, 1.6496069431304932] -1.344194412231445 0.1456632912158966
bicycle [[14.58445739746098, 41.14606475830078, 1.0726885795593226]] [0.7062392830848694, 1.895625114440918, 1.5640757083892822] -0.3240693807601933 0.14546896517276764
bicycle [[14.66545867919939, -25.692394256591797, -2.191948890686037]] [0.5937488079071045, 1.6444194316864014, 1.1460707187652588] -0.07234358787536685 0.13920778036117554
bicycle [[6.761150360107564, -12.415992736816406, -1.749504923820501]] [0.769536018371582, 1.6254329681396484, 1.1279181241989136] 2.322935883198874 0.1375105082988739
motorcycle [[-16.46471023559569, -18.20056533813471, -1.8343644142150932]] [0.7413449287414551, 2.0346157550811768, 1.3085206747055054] 3.0999019781695774 0.13597920536994934
bicycle [[29.08497619628919, 11.711364746093807, 1.6268042325973457]] [0.5381828546524048, 1.3748624324798584, 0.9519924521446228] 1.430192112922668 0.12515248358249664
bicycle [[7.728672027587891, 11.183250427246094, -1.0366334915161186]] [0.4636256694793701, 1.75398588180542, 1.0066914558410645] -1.824096441268921 0.1225067526102066
bicycle [[8.208377838134851, -11.660831451416016, -1.894220590591436]] [0.4907405376434326, 1.4801990985870361, 0.9853777289390564] 0.5901414155960075 0.12051676213741302
motorcycle [[8.72295379638686, -21.872989654541016, -2.061569213867193]] [0.713759183883667, 1.9272278547286987, 1.2253087759017944] -3.034669399261474 0.12008621543645859
motorcycle [[22.426528930664176, -19.414485931396428, -3.570381879806517]] [0.6608067750930786, 1.823009967803955, 1.2568954229354858] -1.3787434101104734 0.11557523161172867
bicycle [[28.62187957763689, -3.811847686767578, 0.9356772899627632]] [0.6236345171928406, 1.4753704071044922, 1.050344705581665] -2.9617109298706055 0.10589642822742462
bicycle [[14.150352478027472, 40.64332580566412, 0.9697163105010951]] [0.7097352147102356, 1.7682459354400635, 1.4127229452133179] -1.253911018371582 0.10120098292827606
traffic_cone [[6.703769683838004, 3.6618881225585938, -1.2192770242691093]] [0.3941134214401245, 0.4007452428340912, 1.250687599182129] 3.0020888487445285 0.8049065470695496
traffic_cone [[2.3021278381348935, -4.959632873535099, -1.5389755964279228]] [0.639499306678772, 0.6273819804191589, 1.0985610485076904] 1.6258171240435997 0.7988354563713074
traffic_cone [[3.8179626464845455, -20.730945587158203, -2.1542346477508563]] [0.47921037673950195, 0.47593727707862854, 1.194288969039917] 1.6562622229205528 0.5728600025177002
traffic_cone [[5.588886260986413, 1.6336174011230469, -1.7189458608627337]] [0.4509792625904083, 0.9026475548744202, 0.39662808179855347] -1.8750493526458738 0.5112082958221436
traffic_cone [[5.300037384033374, 1.891059875488338, -1.5961899757385272]] [0.44219180941581726, 0.8207913637161255, 0.4426053762435913] -0.8901053667068483 0.3743748664855957
pedestrian [[6.7131195068360086, -12.341632843017578, -1.675458669662481]] [0.6635634899139404, 0.7125269174575806, 1.2229995727539062] -2.642251968383788 0.2901241183280945
traffic_cone [[6.244075775146598, -21.20331954956049, -2.173075437545778]] [0.40693458914756775, 0.4081556797027588, 1.2108811140060425] 1.9480069319354456 0.284707635641098
traffic_cone [[7.99230575561532, -21.96469497680664, -2.1032590866088956]] [0.4183503985404968, 0.42688843607902527, 1.0351312160491943] 2.998519722615378 0.26565057039260864
traffic_cone [[3.8990898132325214, -8.863323211669922, -1.5722559690475517]] [0.3594096004962921, 0.3568495213985443, 1.268212914466858] 2.830650631581442 0.2288500815629959
traffic_cone [[10.46768188476571, -26.84137916564947, -2.4241232872009295]] [0.3659551441669464, 0.3553302586078644, 0.9690996408462524] -2.952878475189208 0.19110074639320374
traffic_cone [[3.875354766845817, -20.291004180908146, -2.1266090869903618]] [0.4367997646331787, 0.4383540153503418, 1.1716420650482178] 1.6777508894549769 0.18812932074069977
pedestrian [[14.227478027343878, 41.23310089111334, 1.097169160842892]] [0.5766146183013916, 0.592808187007904, 1.6587079763412476] -0.3996356725692752 0.16950032114982605
traffic_cone [[5.632774353027486, 1.0280113220214844, -1.6540384292602592]] [0.3963947892189026, 0.4630052447319031, 0.6736452579498291] -2.81329607963562 0.16849780082702637
traffic_cone [[-21.125358581542855, -44.7677001953125, -2.802938938140871]] [0.3952081501483917, 0.3734731078147888, 1.2341927289962769] 2.004356209431784 0.16708001494407654
traffic_cone [[21.686943054199233, -3.4807167053222656, -0.9896681308746391]] [0.5236482620239258, 0.5336437225341797, 1.2511311769485474] 3.1178949514972136 0.16431459784507751
traffic_cone [[4.693367004394602, 11.073295593261662, -1.0733006000518852]] [0.33196109533309937, 0.3347862958908081, 0.8114824295043945] 2.1431825796710413 0.16086554527282715
pedestrian [[-15.377632141113224, -28.917861938476562, -2.097046613693239]] [0.5757244825363159, 0.5476034283638, 1.5581039190292358] -0.3856910467147832 0.15514786541461945
traffic_cone [[-6.922859191894446, -3.857578277587834, -1.3308295011520404]] [0.3477160334587097, 0.3602359890937805, 0.8882613182067871] 0.8364471197128294 0.15470434725284576
traffic_cone [[6.759735107421946, 15.279762268066406, -0.7336380481720042]] [0.3883305788040161, 0.39704713225364685, 1.2332419157028198] -0.2372430562973028 0.14862661063671112
traffic_cone [[3.2349662780762003, -9.203121185302734, -1.6706861257553154]] [0.34945300221443176, 0.34191805124282837, 1.1386494636535645] 2.823385063801901 0.14640140533447266
traffic_cone [[11.244956970214929, -26.239721298217717, -2.4445774555206317]] [0.36712080240249634, 0.3613007664680481, 0.8342593908309937] 2.7444677988635466 0.14485163986682892
pedestrian [[6.7477416992189205, -12.870750427246094, -1.784990310668947]] [0.6082415580749512, 0.6351392269134521, 0.9899178743362427] -3.1070744991302486 0.14220286905765533
traffic_cone [[3.9048194885255327, -23.597700119018498, -2.494570493698122]] [0.36810433864593506, 0.3840298056602478, 0.7590499520301819] 1.8430126349078577 0.14181149005889893
traffic_cone [[-22.045248031616097, -47.61552810668945, -2.735760211944582]] [0.36583834886550903, 0.3361981213092804, 1.2557451725006104] -1.8469415903091428 0.1396714448928833
traffic_cone [[4.294338226318473, -20.735801696777344, -2.195729732513433]] [0.4625941514968872, 0.4724666476249695, 1.1925287246704102] 1.7859523932086387 0.12961584329605103
traffic_cone [[6.8122711181642615, 14.073295593261776, -0.971862852573393]] [0.42985349893569946, 0.5103018879890442, 0.7853918075561523] -0.4510834217071537 0.12470824271440506
traffic_cone [[-8.773387908935504, -10.51108551025385, -1.4822657108306938]] [0.37526175379753113, 0.3706444203853607, 1.012677550315857] -1.0123486518859863 0.12368494272232056
traffic_cone [[10.395256042480582, -27.12388038635254, -2.348504543304445]] [0.3839758038520813, 0.37448829412460327, 1.1515368223190308] -2.095564126968384 0.11948683857917786
traffic_cone [[-8.486808776855312, 7.511638641357422, -0.9773218631744385]] [0.3299640417098999, 0.33056989312171936, 0.7352200746536255] -0.6572932004928593 0.11831364035606384
pedestrian [[14.018905639648466, -21.99192428588873, -1.1120028495788628]] [0.6162656545639038, 0.6332153677940369, 1.6458513736724854] -2.7258677482604976 0.11505617201328278
traffic_cone [[6.07970428466804, 2.0312728881835938, -1.530787110328676]] [0.4115508198738098, 0.5188937783241272, 0.5430775880813599] 2.613958660756247 0.11092015355825424
traffic_cone [[17.884017944336023, 5.910442352294922, -0.3378345370292717]] [0.3685183525085449, 0.36528730392456055, 1.3133271932601929] -2.5370697975158687 0.10990629345178604
traffic_cone [[10.41778564453142, -30.273895263671875, -2.5468385219573992]] [0.45381462574005127, 0.4460815489292145, 1.0759626626968384] -2.619133472442626 0.10678989440202713
traffic_cone [[-15.718128204345675, -29.785669326782227, -2.2059907913208026]] [0.5280572772026062, 0.5171298384666443, 1.4061657190322876] 0.2527655363082878 0.10504376888275146
traffic_cone [[22.33924865722662, -18.708271026611328, -3.486209630966192]] [0.4145076870918274, 0.42400923371315, 1.1029635667800903] 2.9335032145129603 0.10478997230529785
pedestrian [[13.57119750976571, -21.924755096435604, -1.510571360588079]] [0.6253534555435181, 0.6431503295898438, 1.5920227766036987] 0.8513675928115837 0.10295801609754562
traffic_cone [[11.068267822265767, -26.567506790161076, -2.435807704925539]] [0.38478368520736694, 0.3774279057979584, 0.9361758828163147] 3.1009069124804904 0.10252966731786728
f4163d8adea94bcf892e005d5d2937a8