car [[-15.319087982177678, -41.501991271972656, -2.8953061103820765]] [1.9836828708648682, 4.598626136779785, 1.6256786584854126] 2.790815655385151 0.7565643191337585
car [[0.6455230712891762, -10.452613830566406, -1.5000076293945277]] [2.050633430480957, 4.879909515380859, 1.839173436164856] 1.670668903981344 0.7050132751464844
car [[-16.40519332885728, -21.97906875610346, -2.0620985031127894]] [1.8627581596374512, 4.439746379852295, 1.5688116550445557] 1.2382327318191528 0.6816627979278564
car [[6.250289916992344, 24.434844970703068, 0.21871665120124462]] [1.9549098014831543, 4.72405481338501, 1.820403814315796] -0.2331628799438475 0.6194552779197693
car [[-4.95431518554679, -35.710533142089844, -2.475405931472771]] [2.06687331199646, 4.8099470138549805, 1.9121997356414795] 1.727220837269918 0.515110969543457
car [[-23.15340423583976, -49.595809936523324, -3.2918598651885915]] [1.8580145835876465, 4.32554817199707, 1.578681468963623] 2.9175666014300727 0.28013089299201965
car [[-23.015577316284123, -40.478828430175724, -2.998191833496083]] [1.9284815788269043, 4.585033893585205, 1.7041025161743164] 1.3057252168655396 0.27869489789009094
car [[-22.471082687377816, -47.00116348266596, -3.24340105056762]] [1.8518052101135254, 4.340128421783447, 1.5734349489212036] 2.8153236548053173 0.21571409702301025
car [[-21.79539871215806, -44.088985443115234, -3.184499740600579]] [1.9104548692703247, 4.534113883972168, 1.638355016708374] 2.9613783995257763 0.20975366234779358
car [[-19.483749389648267, -30.35247421264637, -2.394690513610829]] [1.9131908416748047, 4.499165058135986, 1.6640957593917847] 1.2712832689285278 0.18687506020069122
car [[-22.442056655883704, -51.776191711425724, -3.513494729995717]] [1.976926326751709, 4.805743217468262, 1.7094656229019165] -1.864356994628908 0.18193495273590088
car [[17.10871887207044, 28.53251647949213, -0.05817746371031163]] [1.8835082054138184, 4.444238662719727, 1.6210020780563354] 2.879439894353047 0.1453525424003601
car [[-18.17895507812483, -36.8848991394043, -2.5137708187103165]] [1.9079694747924805, 4.447007656097412, 1.6488046646118164] 1.341251254081726 0.12058757990598679
car [[7.419834136962919, -41.082386016845646, -3.4424467086791957]] [1.9464224576950073, 4.664619445800781, 1.6786611080169678] 1.7522447744952596 0.11167933791875839
car [[-18.884643554687358, -48.316658020019474, -3.2041120529174734]] [1.954245686531067, 4.6096272468566895, 1.6696969270706177] 2.805524889622822 0.1041393056511879
car [[-18.274887084960852, -26.731323242187386, -2.220453739166249]] [1.9276628494262695, 4.596906661987305, 1.6651071310043335] 1.1575781106948853 0.1027059555053711
car [[-3.9186058044432457, -41.692947387695256, -3.057624816894524]] [1.9588773250579834, 4.665401458740234, 1.6776063442230225] 1.6220801512347618 0.10224151611328125
construction_vehicle [[4.373504638672003, -2.5842247009277344, -0.8841148614883387]] [2.7435789108276367, 4.503019332885742, 2.5632054805755615] 1.4402543306350706 0.6454349756240845
truck [[0.4563751220704546, -23.70631790161127, -1.477959394454949]] [2.8002777099609375, 9.63383960723877, 3.3876497745513916] 1.6156905333148401 0.3920004367828369
truck [[-4.933048248290902, -36.21884155273432, -2.4789547920226944]] [2.257606029510498, 5.841190338134766, 2.0317044258117676] 1.730169121419088 0.364454448223114
truck [[-23.09326362609849, -41.005912780761605, -2.9564831256866313]] [2.262744188308716, 5.961614608764648, 2.1819207668304443] 1.369097113609314 0.2819961607456207
construction_vehicle [[16.52230072021503, 9.269664764404297, 0.18411532044410706]] [2.964695453643799, 5.193299770355225, 3.0257694721221924] -2.2435920238494895 0.26390284299850464
truck [[6.204128265381058, 24.439559936523438, 0.22548371553421376]] [1.8984661102294922, 4.948895454406738, 1.877445101737976] -0.2496112585067745 0.24832512438297272
truck [[-12.911090850829808, 41.66091156005854, 1.7026702165603673]] [2.481375217437744, 5.929065704345703, 2.3293302059173584] 2.568893257771626 0.20466840267181396
construction_vehicle [[14.693550109863438, 39.342887878417855, 1.5611190795898402]] [1.6150134801864624, 2.910966396331787, 1.9447084665298462] -2.17956066131592 0.14530442655086517
construction_vehicle [[6.397075653076229, -12.236427307128906, -1.8788414001464844]] [0.8625832796096802, 1.6454633474349976, 1.2265114784240723] -1.6279561519622818 0.13200534880161285
truck [[-16.504360198974496, -22.448347091674805, -1.9646723270416189]] [2.009047269821167, 5.363406181335449, 1.8726015090942383] 1.2605794668197634 0.12366345524787903
truck [[-18.37118148803694, -48.838504791259766, -3.3923282623290945]] [2.0720574855804443, 5.565550327301025, 1.9213522672653198] -0.4453687667846679 0.12141357362270355
construction_vehicle [[11.196487426757926, -29.087211608886662, -1.9683188199996877]] [2.3165156841278076, 3.8025155067443848, 2.829937696456909] 1.8338931242572227 0.11947593092918396
truck [[-24.33787918090809, -39.274433135986214, -2.661932945251454]] [2.1287307739257812, 5.40316104888916, 2.2360386848449707] 0.40770494937896773 0.11283204704523087
truck [[-21.958438873290845, -44.06120681762684, -3.1315536499023366]] [1.9717812538146973, 5.142535209655762, 1.8022617101669312] 2.7031486670123486 0.11178849637508392
bus [[6.181957244873189, 28.636657714843693, 1.4434890747070312]] [3.2958016395568848, 12.994433403015137, 3.767348051071167] 2.802445713673725 0.8058896064758301
bus [[0.8415832519532103, -26.032724380493164, -1.5858095884323085]] [2.982616662979126, 12.467479705810547, 3.314464807510376] 1.6806357542621058 0.3176199495792389
trailer [[14.598022460937628, 38.801864624023324, 1.4966988563537598]] [1.9939948320388794, 2.4564433097839355, 2.660922050476074] -2.628058433532717 0.18376050889492035
bus [[12.23708343505865, -34.51049041748041, -1.9816647768020594]] [2.989995241165161, 13.540702819824219, 3.549251079559326] 1.7535441557513634 0.14899396896362305
trailer [[15.2889862060549, 40.44096374511713, 1.8147028684616089]] [2.437443733215332, 3.9280195236206055, 2.668966293334961] -2.9646325111389182 0.12343749403953552
barrier [[6.334735870361428, 12.879035949707088, -0.7529423236846924]] [2.1846108436584473, 0.5679302215576172, 1.047737956047058] -0.5882890820503237 0.25140994787216187
barrier [[6.8168487548828836, 12.890167236328068, -0.7754439115524328]] [2.136077642440796, 0.5721935629844666, 1.0123183727264404] -0.5284606218338014 0.2313607931137085
barrier [[17.094825744629077, 20.1482315063476, -0.9020636081695557]] [2.3575308322906494, 0.5227132439613342, 1.0316954851150513] 2.652595822011128 0.1564018726348877
barrier [[-22.626787185668746, -38.6574974060058, -3.2473657131194997]] [1.4195709228515625, 0.7267636656761169, 1.1456961631774902] -0.5895151495933532 0.13043825328350067
barrier [[5.1144676208497515, -22.672071456909123, -2.541640281677239]] [1.8130912780761719, 0.5099663138389587, 1.121372938156128] 1.750107113515035 0.12462480366230011
barrier [[16.58280181884787, 20.165382385253906, -0.9285401105880737]] [2.0771701335906982, 0.44050270318984985, 1.0371127128601074] 2.927567783986225 0.11362500488758087
barrier [[-10.614547729492003, -0.3056449890136719, -1.311379075050354]] [2.844064235687256, 0.4175412654876709, 0.9358729124069214] -0.305878162384033 0.11250920593738556
barrier [[17.54369354248064, 20.087097167968693, -0.9025347232818639]] [3.0751497745513916, 0.6113700866699219, 0.9562515616416931] 2.390191380177632 0.11061471700668335
barrier [[17.132995605468878, 18.904449462890625, -0.9229308366775548]] [2.0572657585144043, 0.4850205183029175, 1.0336995124816895] -2.275040626525881 0.11023600399494171
barrier [[-12.320896148681456, 40.454490661621065, 1.4344761371612584]] [3.0791029930114746, 0.5142353177070618, 1.0060279369354248] -1.8011785745620745 0.10059525817632675
bicycle [[16.506523132324347, 19.46225738525385, -0.9736499786376989]] [0.5176203846931458, 1.5438246726989746, 1.0919222831726074] -1.678525328636171 0.21782326698303223
bicycle [[-11.242858886718665, -18.881309509277287, -2.1922798156738246]] [0.5170027613639832, 1.6996853351593018, 1.0603808164596558] 1.4315475225448604 0.21650271117687225
motorcycle [[22.959678649902372, -21.930614471435547, -3.001312255859375]] [0.7637547254562378, 2.158071756362915, 1.4071683883666992] -0.8326855897903442 0.2149125635623932
bicycle [[11.266334533691534, 2.055351257324162, -1.3837929964065552]] [0.4285324811935425, 1.5099142789840698, 0.9989379048347473] -1.469327211380006 0.1943148374557495
bicycle [[6.857994079589957, -14.284961700439396, -1.9551157951354945]] [0.8837428092956543, 1.4942032098770142, 0.9420422315597534] 2.4809640089618115 0.19249999523162842
bicycle [[-8.798927307128764, -12.826774597167912, -1.638076782226559]] [0.6343672275543213, 1.7061495780944824, 1.2481602430343628] -1.798108100891115 0.19125330448150635
bicycle [[-7.035381317138459, -6.167991638183594, -1.25275528430938]] [0.6227993965148926, 1.747574806213379, 1.2024455070495605] 1.179179310798645 0.18261384963989258
motorcycle [[-23.02344894409171, -38.645935058593636, -3.197521686553948]] [0.6129559278488159, 1.8156261444091797, 1.2258862257003784] -3.1066336631774925 0.15489454567432404
bicycle [[-13.574531555175597, -9.372962951660156, -1.3365385532379115]] [0.5103210210800171, 1.5121400356292725, 1.1063380241394043] -0.22321259975433264 0.14555297791957855
bicycle [[16.030326843261875, 2.669353485107422, -0.9850337505340541]] [0.5186636447906494, 1.594237208366394, 1.115331768989563] -0.7084938883781434 0.1370985507965088
motorcycle [[10.474250793457117, -29.1754093170166, -2.3057417869567836]] [0.6615862250328064, 1.864092469215393, 1.2852493524551392] 1.7672031561480916 0.13695485889911652
bicycle [[8.168869018554801, -23.773002624511662, -2.61346507072448]] [0.5438693761825562, 1.5633518695831299, 1.143190622329712] 1.1223379373550417 0.1331578493118286
bicycle [[-11.790557861327912, 35.73101043701166, 0.5873488187789917]] [0.6749570965766907, 1.7035541534423828, 1.1304279565811157] -0.23768389225006065 0.12453224509954453
motorcycle [[16.999557495117386, 18.98728179931635, -0.8858639001846349]] [0.6557157039642334, 1.805411458015442, 1.1935433149337769] -3.0487999916076687 0.1150057315826416
bicycle [[8.13286972045907, -12.950077056884766, -2.281718015670773]] [0.5331498384475708, 1.6084730625152588, 1.04651939868927] 1.9371183554278768 0.11494393646717072
bicycle [[10.419616699218864, -20.727806091308594, -2.0761229991912806]] [0.5694600939750671, 1.7016968727111816, 1.0904266834259033] -1.4999309778213517 0.11278782784938812
motorcycle [[20.70944976806649, -5.21954345703125, -0.9114390015602112]] [0.7956507205963135, 2.268897294998169, 1.4957664012908936] 1.521725058555603 0.11252821981906891
bicycle [[10.2975692749024, -18.453296661376896, -1.9548587799072195]] [0.5590173006057739, 1.6223632097244263, 1.0887854099273682] 1.9331882635699666 0.10956583172082901
bicycle [[9.508968353271698, -0.7361030578613281, -1.7720613479614222]] [0.5121760368347168, 1.6113489866256714, 1.0186903476715088] -1.3909655809402477 0.10753841698169708
bicycle [[-10.530490875243999, 27.163558959960938, 0.13317146897316334]] [0.5427273511886597, 1.5368359088897705, 1.0128905773162842] -0.898869335651398 0.10318122804164886
bicycle [[6.39852142334, 13.534812927246037, -0.21577435731887817]] [0.6145058870315552, 1.7174077033996582, 1.247260570526123] 1.3622213602066038 0.10278229415416718
traffic_cone [[6.6548500061036435, 1.9355049133300213, -1.291983962059021]] [0.39620065689086914, 0.4045630693435669, 1.2950087785720825] 2.9399905840503124 0.8152100443840027
traffic_cone [[2.3379707336426634, -6.74420166015625, -1.6474223136901855]] [0.6413490772247314, 0.6313459277153015, 1.0827364921569824] 1.6668298880206505 0.7493817806243896
traffic_cone [[4.024066925048885, -22.45182418823248, -2.5607960224151576]] [0.4139661192893982, 0.41051632165908813, 1.0190123319625854] 1.4851571321487427 0.6026252508163452
traffic_cone [[6.4084053039551065, -22.864395141601562, -2.6482288837432826]] [0.3950602114200592, 0.39910417795181274, 1.0848159790039062] 1.6195390860186976 0.4944250285625458
traffic_cone [[5.257228851318402, 0.19206619262689628, -1.6717791557311976]] [0.40770143270492554, 0.7850067615509033, 0.44253140687942505] -1.7270942926406878 0.39075085520744324
traffic_cone [[16.438796997070526, 19.29429626464838, -0.8991204500198364]] [0.40462350845336914, 0.4060010313987732, 1.1404008865356445] 2.697890106831685 0.3688621520996094
traffic_cone [[5.503559112549013, -0.3434524536133381, -1.7391278743743896]] [0.42524123191833496, 0.7573555707931519, 0.4505923390388489] -2.101128339767458 0.35767969489097595
traffic_cone [[-7.653076171874915, 5.288188934326229, -1.2417744398117065]] [0.3393792510032654, 0.3410436511039734, 0.6944031119346619] 0.28468978404998807 0.3559742569923401
traffic_cone [[8.202133178711051, -23.705995559692326, -2.5795211791992116]] [0.42058032751083374, 0.43132147192955017, 0.9932924509048462] 2.9902353922473335 0.35053372383117676
traffic_cone [[-8.899467468261548, -13.413307189941463, -1.729535818099972]] [0.4022798538208008, 0.3938870131969452, 1.1520912647247314] 0.8014065027236938 0.34782674908638
traffic_cone [[4.028415679931783, -22.11470413208002, -2.5108327865600515]] [0.4131998121738434, 0.40910717844963074, 1.037984848022461] 1.4870897531509397 0.23054803907871246
traffic_cone [[6.419567108154467, 13.647308349609318, -0.3721241056919027]] [0.4847034811973572, 0.49994486570358276, 1.4503109455108643] 2.0011237303363236 0.20631088316440582
traffic_cone [[-20.557933807372905, -46.69617843627918, -3.3833475112914932]] [0.3836004137992859, 0.3601667284965515, 1.1527533531188965] -2.5821096897125266 0.1946050226688385
traffic_cone [[4.311649322509908, -22.0826473236084, -2.521587133407589]] [0.42532986402511597, 0.42929303646087646, 1.1418476104736328] 1.402114987373352 0.17424258589744568
traffic_cone [[3.502437591552791, -22.47473335266119, -2.6084482669830287]] [0.4007508456707001, 0.39146846532821655, 0.8984445333480835] 1.65503961244692 0.17238572239875793
traffic_cone [[-16.704956054687358, -35.48641204833973, -2.517102718353261]] [0.4255751967430115, 0.41325780749320984, 1.3218464851379395] 0.7364894151687624 0.1651458740234375
traffic_cone [[6.646209716797102, -22.717315673828068, -2.6548359394073415]] [0.3911410868167877, 0.39555293321609497, 1.041364312171936] 1.9019559065448204 0.16015909612178802
traffic_cone [[-19.625843048095675, -43.941448211669865, -3.378212928771962]] [0.3967888653278351, 0.35407698154449463, 1.2658600807189941] -2.4404397010803245 0.15934419631958008
traffic_cone [[-17.713752746581918, -38.16606140136713, -2.8798699378967214]] [0.39752912521362305, 0.39181822538375854, 1.09380042552948] 0.7547138929367073 0.15575669705867767
traffic_cone [[-8.802154541015469, -12.906463623046875, -1.6678884029388392]] [0.46943527460098267, 0.47972750663757324, 1.194440245628357] 0.022565603256226103 0.15540555119514465
traffic_cone [[16.053298950195412, 2.6394004821777344, -0.9796543121337891]] [0.3858025372028351, 0.38945308327674866, 1.0992411375045776] -2.375824213027956 0.15187908709049225
pedestrian [[6.798210144042997, -14.203754425048828, -1.9620023965835571]] [0.6941677927970886, 0.7509896755218506, 1.1742576360702515] -2.8152737617492702 0.14772307872772217
traffic_cone [[5.019798278808679, -22.591962814330998, -2.597659587860104]] [0.41542506217956543, 0.4204890727996826, 1.0922937393188477] 1.188277363777161 0.14734318852424622
pedestrian [[-14.817764282226406, -12.88438796997076, -1.2196167707443202]] [0.5241897702217102, 0.5044203996658325, 1.6153333187103271] -0.21012520790100078 0.14558620750904083
traffic_cone [[-22.596586227416907, -38.61650466918945, -3.255345582962029]] [0.6685280799865723, 0.8032115697860718, 1.1216267347335815] 1.6186354796039024 0.1451261043548584
traffic_cone [[-17.232360839843665, -36.78905868530268, -2.473735809326161]] [0.4857995808124542, 0.4642629027366638, 1.483221411705017] 0.8295494318008427 0.13214829564094543
traffic_cone [[-8.617630004882685, -12.3453750610351, -1.6956830024719203]] [0.45052453875541687, 0.45573365688323975, 1.0162180662155151] -0.6044677495956423 0.1297096312046051
traffic_cone [[4.441997528076257, -22.86456489562994, -2.563917636871338]] [0.4608377516269684, 0.47995832562446594, 1.0609663724899292] 1.3584228754043577 0.12753449380397797
traffic_cone [[13.340072631835994, -33.6944465637207, -3.5586140155792165]] [0.42782312631607056, 0.4410521388053894, 1.2534899711608887] 2.0763881842242635 0.11974877119064331
traffic_cone [[-9.759750366210739, -14.518562316894474, -1.8917911052703786]] [0.3361663222312927, 0.3306775987148285, 0.8545661568641663] 0.8722208738327029 0.11862200498580933
traffic_cone [[3.2765426635742756, -10.895027160644531, -1.8271150588989222]] [0.390428364276886, 0.3885105848312378, 1.1443556547164917] 3.1153286139117617 0.11796028912067413
traffic_cone [[-15.359527587890454, -31.916450500488168, -2.3878633975982524]] [0.4466925263404846, 0.41908758878707886, 1.2496821880340576] 0.31209540367126537 0.11734400689601898
traffic_cone [[6.69963455200201, 13.552734374999943, -0.4720765054225957]] [0.4708491563796997, 0.4884360730648041, 1.362441062927246] 0.684200406074524 0.11551567167043686
traffic_cone [[17.46075439453135, -0.6713256835938068, -0.7189356684684753]] [0.38457348942756653, 0.3891088664531708, 1.300033450126648] 2.836619679127827 0.11170077323913574
traffic_cone [[3.992549896240348, -22.859912872314453, -2.578947067260742]] [0.44773057103157043, 0.4579388201236725, 0.9851533770561218] 1.5553551912307737 0.11114273965358734
traffic_cone [[-9.75920867919902, -14.297588348388615, -1.8695144653320277]] [0.34485936164855957, 0.3421878218650818, 0.86163330078125] 0.6931236982345587 0.11056723445653915
traffic_cone [[-10.529258728027116, 27.103958129882756, 0.2836122214794159]] [0.436577707529068, 0.465999037027359, 0.8897429704666138] 1.2472718954086308 0.11032779514789581
traffic_cone [[8.182014465332117, -24.14739036560053, -2.6103315353393484]] [0.48232731223106384, 0.49510127305984497, 1.1353682279586792] -3.055229663848879 0.1079581156373024
traffic_cone [[-9.381282806396342, -14.106636047363281, -1.8444129228591883]] [0.3670615553855896, 0.3700703978538513, 0.9662900567054749] 0.9367674589157103 0.10468490421772003
traffic_cone [[-6.896644592284986, -5.813220977783146, -1.2971268892288101]] [0.44096019864082336, 0.45723047852516174, 1.1358444690704346] 1.1171561479568486 0.10452032834291458
traffic_cone [[10.452186584472827, -28.53212165832514, -2.8085103034973073]] [0.4241754114627838, 0.42540302872657776, 1.1775540113449097] 2.3326161543475536 0.10339273512363434
pedestrian [[-10.048564910888416, 46.05598449707023, 1.7479757070541346]] [0.6197478771209717, 0.619518518447876, 1.6741137504577637] -1.0428724288940436 0.1032327190041542
traffic_cone [[-21.453502655029183, -49.598579406738224, -3.586092472076409]] [0.38607263565063477, 0.37173885107040405, 1.0912104845046997] -0.8754522800445558 0.10295727849006653
pedestrian [[-14.701175689697152, -29.55968284606928, -2.3236966133117605]] [0.5979147553443909, 0.6013298034667969, 1.345099925994873] -1.1100206375122077 0.10198574513196945
traffic_cone [[-15.295410156249858, -31.592720031738224, -2.296558380126946]] [0.45397937297821045, 0.43348532915115356, 1.2929461002349854] 0.1112836599349982 0.10126878321170807
e122a34ec57c4edf8311b40c3f85f863