car [[-3.2303886413573935, 20.868751525878906, 0.1962088644504476]] [1.9655234813690186, 4.858601093292236, 1.7054439783096313] -0.30417680740356523 0.775134801864624
car [[0.33782196044933244, -8.8868026733399, -1.4254540205001867]] [1.9598124027252197, 4.54710054397583, 1.7787699699401855] 1.5560804605484007 0.7492168545722961
car [[15.23610687255858, 20.236419677734375, 0.11950726062058692]] [1.9970108270645142, 4.775404453277588, 1.7284266948699951] 2.8564575354205544 0.5779245495796204
car [[-16.386478424072237, -27.886766433715877, -2.8575129508972203]] [2.0004148483276367, 4.691849708557129, 1.7371820211410522] 1.2890173196792598 0.37618786096572876
car [[-14.739200592040987, -47.150505065918026, -3.7007298469543564]] [1.836140513420105, 4.239907264709473, 1.5817776918411255] 2.6776545683490207 0.2987467348575592
car [[21.274696350097628, 15.29050445556635, -0.11519356071949716]] [1.9552700519561768, 4.687862396240234, 1.7804718017578125] -0.21559691429138247 0.2890588939189911
car [[-4.508007049560547, -41.671947479248104, -3.5214524269104075]] [1.954822301864624, 4.5682196617126465, 1.704641580581665] 1.5938876310931602 0.2528730630874634
car [[26.65898895263676, 17.038887023925724, 0.42872717976569774]] [2.0062718391418457, 4.763914585113525, 1.8839502334594727] -0.2264457941055309 0.2380446195602417
car [[-17.057830810546903, -42.886337280273494, -3.4586458206176793]] [1.9589178562164307, 4.617870807647705, 1.724811315536499] 2.9027076403247287 0.18789461255073547
car [[20.15634918212902, 14.209503173828068, -0.18365254998207092]] [1.917672038078308, 4.597906112670898, 1.753218412399292] -0.3297799825668343 0.1594512164592743
car [[-0.27392959594729405, -18.935058593750057, -1.4002432823181188]] [2.490435838699341, 5.808547019958496, 2.5549941062927246] 1.6056249777423306 0.15856176614761353
car [[17.10566711425784, 16.443908691406193, -0.08353505283595197]] [1.9110510349273682, 4.488970756530762, 1.6686569452285767] 2.8566845099078586 0.13648539781570435
car [[-14.79896163940424, -24.305458068847713, -2.4894366264343333]] [1.8681588172912598, 4.384173393249512, 1.6171352863311768] 1.257530570030212 0.12545675039291382
car [[-17.117839813232393, -30.869438171386776, -3.0122745037078893]] [1.9844655990600586, 4.633716106414795, 1.7239784002304077] 1.2946490049362176 0.12439434975385666
car [[-15.896106719970675, -37.45697402954113, -3.1262459754943954]] [1.9504797458648682, 4.616933822631836, 1.6740474700927734] 1.421107411384582 0.12281596660614014
car [[20.705467224121094, 16.98104858398426, 0.09931749850511196]] [1.9459048509597778, 4.605663776397705, 1.7061567306518555] 0.04052746295928872 0.10547178238630295
car [[12.260490417480582, -42.89970779418951, -3.2422184944152868]] [1.9624555110931396, 4.67926549911499, 1.6915563344955444] -1.4550962448120115 0.10460227727890015
construction_vehicle [[4.47387313842782, -8.190040588378963, -1.0835920572280955]] [2.563511371612549, 4.583826065063477, 2.4302170276641846] 1.4874709844589231 0.6828479766845703
truck [[-0.22062301635727977, -20.091571807861385, -1.4804377555847203]] [2.6303958892822266, 7.8563432693481445, 3.183847427368164] 1.6017625967608848 0.5147033333778381
truck [[26.101013183593807, 17.088706970214787, 0.40481460094451194]] [1.93461275100708, 4.632510185241699, 1.9155595302581787] 2.913019959126609 0.2101154327392578
truck [[-12.962738037109318, -48.275100708007926, -3.597185611724864]] [2.1433639526367188, 5.392910003662109, 1.9941644668579102] -0.578598976135254 0.19460654258728027
truck [[15.379501342773423, 20.176933288574162, 0.17401370406150818]] [1.9779517650604248, 5.102598190307617, 1.8353469371795654] 2.8620212713824684 0.16303075850009918
truck [[20.07061767578132, 15.288665771484375, -0.19122761487960815]] [2.2184505462646484, 5.016143798828125, 1.9770666360855103] -0.24552452564239574 0.14402219653129578
truck [[-3.3533821105957315, 20.869812011718693, 0.1551113873720169]] [1.8705918788909912, 5.016716957092285, 1.8003578186035156] -0.30414533615112394 0.12135864794254303
construction_vehicle [[-9.944145202636733, 45.8954238891601, 2.2423877716064364]] [2.7491111755371094, 6.755437850952148, 3.4459388256073] 1.4441088438034055 0.11826250702142715
truck [[11.716926574707088, -36.88503646850597, -3.000304698944099]] [2.1023073196411133, 5.590157508850098, 2.0991878509521484] -2.254342555999755 0.10564498603343964
construction_vehicle [[-14.710636138916001, 43.504104614257784, 2.639393806457516]] [3.0358095169067383, 11.691469192504883, 3.6886162757873535] 0.3034669160842885 0.10548199713230133
bus [[-0.3380317687988281, 27.95451354980463, 1.776278257369988]] [3.1033833026885986, 12.569833755493164, 3.867835521697998] 2.3578580061541965 0.9041816592216492
bus [[-15.92231369018559, 36.832473754882756, 1.7715808153152413]] [3.1864280700683594, 11.93308162689209, 3.270780563354492] -0.12446606159210258 0.19176732003688812
trailer [[-10.487304687500043, 36.90753936767578, 2.429041862487786]] [2.9207804203033447, 13.115158081054688, 3.701749801635742] -1.5755140781402583 0.16740627586841583
bus [[18.936325073242188, -5.725940704345817, -0.23931455612183328]] [2.8941640853881836, 9.632232666015625, 3.6850156784057617] 3.1075361410724094 0.1282127946615219
barrier [[20.073783874511776, 13.374832153320199, -0.6512714624404943]] [2.4974374771118164, 0.4703603982925415, 0.9514217376708984] 1.4496999979019163 0.3087726831436157
barrier [[17.52590179443358, 13.631004333496037, -0.7575499415397715]] [2.9481704235076904, 0.5613017678260803, 0.9061963558197021] 1.502727627754211 0.2938065826892853
barrier [[3.723136901855497, -21.3638534545899, -2.6805393695831405]] [3.04394793510437, 0.5330134630203247, 0.8971632122993469] -3.052201032638549 0.1877678781747818
barrier [[3.3064804077149006, -17.741413116455192, -2.3207139968872106]] [2.8731985092163086, 0.49907079339027405, 0.8727833032608032] -3.0457155704498287 0.17505300045013428
barrier [[8.10199737548831, 10.329887390136719, -0.8516119718551671]] [2.3571343421936035, 0.4991941452026367, 0.9831930994987488] 2.499162499104636 0.1728944182395935
barrier [[21.851890563964815, 13.023185729980355, -0.7933671474456894]] [2.2590086460113525, 0.5028721690177917, 0.9953093528747559] 1.4697362184524532 0.1655401885509491
barrier [[-14.1155166625976, -46.91434478759771, -3.4174129962921214]] [2.227649211883545, 0.586639940738678, 1.0041325092315674] 1.2842432260513295 0.14003640413284302
barrier [[4.4127998352051065, -29.143814086914176, -3.1462306976318395]] [3.0653040409088135, 0.5189429521560669, 0.881871223449707] -3.07997965812683 0.12636122107505798
barrier [[4.084163665771513, -24.894224166870174, -2.7910895347595286]] [2.6943392753601074, 0.5091559886932373, 0.8717224597930908] -3.0459232330322257 0.12400408089160919
barrier [[9.410305023193402, 12.267395019531193, -0.8443711996078527]] [1.0232815742492676, 0.3133883774280548, 0.9366573095321655] 2.640313450490134 0.12293939292430878
barrier [[-9.131984710693331, -19.062664031982536, -2.3465006351470983]] [2.515962839126587, 0.4883703589439392, 1.020505666732788] -0.43740224838256886 0.11460224539041519
barrier [[-7.001953125, 12.824440002441406, 0.5575591325759852]] [0.7460830211639404, 0.5101056694984436, 0.9262887239456177] 0.44594442844390797 0.10760423541069031
barrier [[3.6511154174804403, -19.554946899414176, -2.4846954345703196]] [2.6948435306549072, 0.5340241193771362, 0.9013223648071289] -3.078779220581054 0.10076302289962769
bicycle [[16.3065185546875, -3.2973136901856037, -0.9652093052864146]] [0.47718632221221924, 1.6668496131896973, 1.1295263767242432] 2.238004032765524 0.49927884340286255
motorcycle [[14.15882110595706, -15.492546081543082, -1.3837698698043894]] [0.7091706991195679, 2.069005250930786, 1.2872843742370605] -3.1091735363006583 0.3761424422264099
bicycle [[24.97558593750007, 16.705879211425724, 0.37299305200576427]] [0.675484299659729, 1.8906418085098267, 1.4695011377334595] -0.27078247070312556 0.3616650104522705
bicycle [[-3.8482170104980185, -40.386486053466854, -3.693577289581306]] [0.5721496343612671, 1.6537957191467285, 1.2497353553771973] 1.5916126410113731 0.3542834520339966
bicycle [[-8.629623413085938, -18.40605545043951, -2.398452758789073]] [0.6068230271339417, 1.6846954822540283, 1.1896557807922363] 1.1617907285690303 0.22657129168510437
bicycle [[-6.922622680664119, -11.812103271484432, -1.8782614469528305]] [0.5914912223815918, 1.612564206123352, 1.1126604080200195] 0.7000488042831408 0.16896575689315796
motorcycle [[19.518051147460966, -5.610836029052848, -0.8097556829452586]] [0.9627571702003479, 2.829749345779419, 1.7486457824707031] -1.821633100509643 0.1453975886106491
bicycle [[7.527748107910128, -9.76052093505865, -1.9390381574630844]] [0.7169220447540283, 1.6725643873214722, 0.9620217680931091] 2.6464894453631813 0.14273610711097717
bicycle [[20.62824249267581, 3.2035598754882244, -0.4185548424720835]] [0.5397444367408752, 1.6103688478469849, 1.1708296537399292] 1.576336685811178 0.13572686910629272
bicycle [[-10.888492584228544, 40.45641326904291, 0.9030579924583328]] [0.6741957664489746, 1.7697962522506714, 1.397861123085022] -1.589949250221252 0.1321779191493988
bicycle [[10.436851501464872, -29.839328765869197, -1.6302163600921702]] [0.6160781383514404, 1.7546350955963135, 1.205385684967041] -0.9741979837417601 0.12933355569839478
bicycle [[-15.353660583496008, -22.629505157470817, -2.261524915695201]] [0.6536425352096558, 1.8148844242095947, 1.1954967975616455] -2.0342626571655265 0.1287132054567337
bicycle [[10.524078369140682, 3.7770576477050213, -0.9738506078720128]] [0.4024638831615448, 1.3964157104492188, 0.984500527381897] -0.9138461947441101 0.12010431289672852
bicycle [[10.957275390625057, -34.50371170043957, -3.067764997482314]] [0.6173999309539795, 1.6279895305633545, 1.2000144720077515] -3.0734343528747545 0.11921149492263794
bicycle [[8.088397979736456, 10.332771301269474, -0.6876775026321482]] [0.5575228333473206, 1.7353649139404297, 1.1427507400512695] 3.0546177069293434 0.117326520383358
bicycle [[11.515525817871122, -5.633270263671932, -1.3525818586349558]] [0.4757538139820099, 1.4611504077911377, 1.0500119924545288] -1.4110293388366697 0.11672784388065338
bicycle [[6.862171173095675, -19.630168914795036, -2.2038283348083567]] [0.5860833525657654, 1.6027207374572754, 1.1149787902832031] -1.7015323638916011 0.11641416698694229
bicycle [[-15.327220916748075, -26.652393341064567, -2.7123088836669993]] [0.5092312693595886, 1.4932767152786255, 1.1245722770690918] 1.4969881772994993 0.11190985143184662
bicycle [[7.994274139404411, 10.069313049316293, -0.7121297717094421]] [0.6293967366218567, 1.8456178903579712, 1.2220546007156372] 1.5010405778884885 0.10761161893606186
bicycle [[-9.226619720458956, -19.493110656738338, -2.132205963134769]] [0.621523916721344, 1.857216715812683, 1.2024353742599487] 0.9196308851242058 0.1064980998635292
bicycle [[5.804981231689553, 26.231521606445256, 0.1902745664119685]] [0.6046323776245117, 1.6954221725463867, 1.1748344898223877] -2.607320308685302 0.10275387763977051
motorcycle [[-4.879001617431612, -39.93927001953131, -3.451872110366832]] [1.1567015647888184, 2.8212060928344727, 1.6132432222366333] -0.09768998622894398 0.1022503599524498
bicycle [[22.41438293457034, -5.1734466552734375, -1.0258802175521922]] [0.5542588233947754, 1.6428600549697876, 1.0922234058380127] 0.027400135993956846 0.10147646069526672
traffic_cone [[6.56031417846674, -3.683639526367301, -1.4023423194885325]] [0.40267086029052734, 0.4150426387786865, 1.2599493265151978] 2.972549978886741 0.6909528374671936
traffic_cone [[2.3233947753907103, -12.37833404541027, -2.038761138916019]] [0.6796733736991882, 0.6570408940315247, 1.1075599193572998] 1.5204545259475706 0.6443225145339966
traffic_cone [[6.7490234375, -28.4490203857423, -2.792989492416389]] [0.3984953463077545, 0.400381475687027, 1.2281993627548218] 1.9168050924884243 0.4369279146194458
traffic_cone [[4.434268951415987, -27.863517761230526, -2.801632881164558]] [0.3968895375728607, 0.38658249378204346, 1.2584103345870972] 2.1358268896686003 0.4003365635871887
traffic_cone [[5.290679931640597, -5.529994964599723, -1.8453524112701487]] [0.41860875487327576, 0.6886691451072693, 0.4896233081817627] -1.3809221982955928 0.3533310294151306
traffic_cone [[15.687492370605483, 11.910346984863224, -0.7776872515678441]] [0.3636293113231659, 0.37297865748405457, 1.2351793050765991] -1.0655226707458496 0.2478504180908203
traffic_cone [[5.562500000000028, -5.270431518554744, -1.8218184709549057]] [0.44842758774757385, 0.8280858993530273, 0.46166789531707764] 1.1850060224533074 0.2204282283782959
traffic_cone [[-8.363945007324219, -18.13862228393566, -2.4587192535400497]] [0.3964881896972656, 0.39463818073272705, 0.900499701499939] -0.07787919044494712 0.21522776782512665
traffic_cone [[4.466461181640682, -27.520446777343807, -2.7806618213653636]] [0.4222908616065979, 0.4127821922302246, 1.2540770769119263] 2.7296875158893035 0.20800268650054932
traffic_cone [[5.533519744873075, -6.221237182617244, -1.898140668869022]] [0.38316360116004944, 0.4281937777996063, 0.6431618928909302] -2.6698682308197017 0.19208039343357086
pedestrian [[-15.239307403564467, 32.66938018798828, 1.630554437637329]] [0.6497503519058228, 0.665717363357544, 1.8121027946472168] -1.1747636795043945 0.1898302137851715
traffic_cone [[4.4370460510254475, -28.28269767761236, -2.8795378208160507]] [0.4303058683872223, 0.4283372461795807, 1.2049171924591064] 1.8597958723651333 0.17931927740573883
traffic_cone [[-8.755451202392607, -19.083850860595817, -2.3964624404907333]] [0.4139816462993622, 0.4095970094203949, 1.0833110809326172] 0.265357851982116 0.17394262552261353
pedestrian [[-14.634273529052678, -18.771911621093807, -1.868586778640747]] [0.551252007484436, 0.5323663949966431, 1.6436711549758911] -0.43661165237426813 0.16164299845695496
traffic_cone [[-14.604732513427649, -36.69027709960943, -3.261081218719486]] [0.46958404779434204, 0.42781689763069153, 1.359372615814209] 0.43281304836273077 0.15449151396751404
traffic_cone [[14.81492614746088, 23.128227233886662, 0.009277269244190478]] [0.37602365016937256, 0.3694639801979065, 0.9750798940658569] -2.5976665019989005 0.150950625538826
traffic_cone [[8.538272857666016, -29.18135070800787, -2.762900829315189]] [0.4087594747543335, 0.4150843322277069, 1.108436107635498] 3.0835073629962375 0.13656547665596008
pedestrian [[15.696151733398466, -15.45978164672863, -1.5086115598678695]] [0.5748225450515747, 0.5792487263679504, 1.5475730895996094] 3.054571930562156 0.13086390495300293
traffic_cone [[3.954147338867301, -16.343353271484432, -1.9778846502304113]] [0.4161008596420288, 0.4113633632659912, 1.2603504657745361] 2.035772625599997 0.12417841702699661
traffic_cone [[11.149902343750028, -33.99813079833996, -3.0586054325103795]] [0.4256078898906708, 0.4142056107521057, 1.2024890184402466] 2.753260437642234 0.12004610896110535
traffic_cone [[15.304641723632827, 16.52650451660145, -0.380599468946464]] [0.3501887917518616, 0.3438382148742676, 1.0875258445739746] 2.979557816182273 0.11901550740003586
traffic_cone [[2.243148803710966, -11.934684753418082, -2.013158559799205]] [0.6521652936935425, 0.6387593746185303, 1.1225688457489014] 1.523089289665222 0.11775343120098114
traffic_cone [[6.331474304199233, 8.065662384033203, -0.7632757425308299]] [0.36560162901878357, 0.37258806824684143, 1.2440742254257202] 2.2755520979510715 0.11753513664007187
traffic_cone [[5.229831695556641, -6.2816162109376705, -1.7904133796691966]] [0.4230358600616455, 0.4786645770072937, 0.7240380644798279] -0.9405248761177065 0.11695539951324463
traffic_cone [[-8.49465560913086, -17.905155181884822, -2.440320253372196]] [0.3825116753578186, 0.3743933439254761, 0.9196666479110718] -0.39570081233978316 0.11336801201105118
traffic_cone [[6.298515319824219, -4.471496582031364, -1.5217390060424911]] [0.4260937571525574, 0.45990321040153503, 0.9961944222450256] 2.6170271078692844 0.1090899258852005
pedestrian [[17.061264038085994, 0.21701049804681816, -0.5588075518608164]] [0.708565890789032, 0.7857595682144165, 1.5281063318252563] 1.1690677404403682 0.10148470103740692
3d9b4a27209e4624b491f48144be21d6