car [[-7.632667541503793, -4.510166168212663, -1.4081709384918177]] [1.879847526550293, 4.758421897888184, 1.5214673280715942] -1.5824744701385507 0.8909623622894287
car [[4.412281036376896, 10.589981079101562, -0.5488666296005285]] [1.8547054529190063, 4.6457672119140625, 1.4561946392059326] 1.5715597311602993 0.8795173764228821
car [[-14.293151855468807, 9.991039276123104, -0.9674700498581039]] [1.8529534339904785, 4.4580841064453125, 1.5854078531265259] 0.14837038516998288 0.7901610136032104
car [[-4.083896636963004, 21.73384094238287, 0.1421473920345271]] [1.8520793914794922, 4.597996234893799, 1.5868511199951172] -1.6335097551345832 0.7472564578056335
car [[-4.946266174316236, 12.904693603515625, -0.3960313796997106]] [2.010195255279541, 4.829671859741211, 1.7676254510879517] 0.3678379058837891 0.7356252670288086
car [[6.191631317138672, 42.79671478271496, 1.522321581840508]] [2.0096659660339355, 4.902430057525635, 1.863600492477417] 1.4744871854782104 0.6981610059738159
car [[-20.212936401367188, 10.099388122558707, -0.9641118049621547]] [1.906036615371704, 4.430291175842285, 1.6342464685440063] 0.16130268573761009 0.6611595153808594
car [[-0.15913009643566056, -34.58758544921869, -2.2958605289459264]] [1.911618947982788, 4.446179389953613, 1.6570111513137817] 1.5962904135333462 0.6582192778587341
car [[-8.669647216796875, 31.383995056152344, 0.8537565469741821]] [1.8795380592346191, 4.587088584899902, 1.6184852123260498] -1.622973322868348 0.6373641490936279
car [[-21.746955871581974, 15.317352294921875, -0.8429429531097448]] [1.9640867710113525, 4.613210201263428, 1.6984515190124512] -3.0033440589904794 0.5715100169181824
car [[-8.879024505615234, 25.408889770507812, 0.3367623090743912]] [1.8082517385482788, 4.430293083190918, 1.5927551984786987] -1.5757497549057013 0.4907868206501007
car [[-1.4699325561524006, -51.93710327148432, -2.600980520248413]] [1.877786636352539, 4.472203254699707, 1.6953802108764648] -1.5303101539611825 0.45840421319007874
car [[2.060546874999943, 54.059730529785156, 2.167484045028683]] [1.912827968597412, 4.478921413421631, 1.7127386331558228] 1.5092262029647827 0.28464990854263306
car [[12.75201416015608, 28.471572875976562, 0.940834999084462]] [1.9575293064117432, 4.629364967346191, 1.779892086982727] 1.5809133688556116 0.27936655282974243
car [[-26.84169578552246, 14.653053283691406, -0.7601952552795481]] [1.8199329376220703, 4.091275691986084, 1.5645620822906494] -3.0790076255798344 0.27442091703414917
car [[6.368251800537109, 48.27904510498047, 1.6802625656127859]] [1.9129557609558105, 4.555272579193115, 1.676872730255127] 1.5587128400802608 0.20908929407596588
car [[-32.703742980956974, -53.832405090331804, -3.993108272552494]] [1.9233837127685547, 4.497218132019043, 1.7123275995254517] -1.6026458740234384 0.20635110139846802
car [[-8.659904479980469, 51.94139862060547, 2.354687452316277]] [1.9560266733169556, 4.5828704833984375, 1.8122694492340088] 2.5799706617938436 0.1865575611591339
car [[-8.101646423339957, 36.873809814453125, 1.252285122871399]] [1.8617312908172607, 4.419246196746826, 1.6082627773284912] -1.672856092453004 0.16884735226631165
car [[-7.489471435546932, 39.243614196777344, 1.5627987384796036]] [1.8619436025619507, 4.425456523895264, 1.589726209640503] -1.3357524871826176 0.11385531723499298
car [[-7.5369300842285725, 53.647628784179574, 2.197383403778062]] [2.1064445972442627, 5.126038074493408, 1.8925819396972656] 1.5255156755447383 0.11324599385261536
car [[-33.9086151123048, -53.16553115844715, -4.109645843505863]] [1.8834956884384155, 4.345667362213135, 1.625051498413086] -1.929559111595155 0.11297503113746643
car [[-9.252319335937614, 49.47620391845703, 2.241658687591542]] [1.8581604957580566, 4.395823955535889, 1.6327621936798096] 2.997505966817037 0.11242972314357758
car [[9.857902526855298, 29.652770996093807, 0.8631247282028092]] [1.8804981708526611, 4.467333793640137, 1.6348363161087036] 1.2786751985549927 0.10709357261657715
car [[11.175537109375, 41.78497314453125, 1.919411420822133]] [1.8741379976272583, 4.346323013305664, 1.810529112815857] 1.4447396993637087 0.10703818500041962
car [[16.461715698242074, 47.75104522705078, 2.045961141586293]] [1.9139004945755005, 4.596706390380859, 1.6913495063781738] 3.054400746022359 0.10597109794616699
car [[-20.755290985107422, 12.828895568847884, -0.9186613559722865]] [1.861968755722046, 4.283379077911377, 1.5835590362548828] 0.03420472145080574 0.10538381338119507
car [[-27.338386535644474, -52.012947082519304, -2.7715167999267614]] [1.9075329303741455, 4.3505144119262695, 1.8114852905273438] -1.6967206001281743 0.10506519675254822
construction_vehicle [[20.69452667236328, 41.08618927001953, 2.281903505325314]] [1.6503270864486694, 2.680265426635742, 2.288830280303955] -1.6220844984054568 0.4997134506702423
construction_vehicle [[14.053588867187443, 27.809249877929574, 1.1970601081848038]] [3.1537868976593018, 5.356176376342773, 3.049588203430176] 1.9290135542498985 0.3043464124202728
construction_vehicle [[-29.157419204712028, -34.5303955078125, -3.69481372833253]] [1.8295866250991821, 3.040672779083252, 2.545900821685791] -0.4038317203521728 0.2495587170124054
construction_vehicle [[-39.9091720581053, 27.285545349121207, 0.30220219492913003]] [3.421189069747925, 9.1549654006958, 3.9773166179656982] -1.6954165697097785 0.1989753693342209
construction_vehicle [[41.104652404785156, 15.312156677246094, 1.8566622734069789]] [1.938181757926941, 3.4570956230163574, 2.1363744735717773] -0.6402555108070378 0.18923892080783844
construction_vehicle [[-18.876922607421875, 23.123184204101676, -0.5715090036392247]] [2.0803637504577637, 4.029123783111572, 2.218487501144409] -2.5714898109436044 0.16414788365364075
construction_vehicle [[16.46081542968733, 27.85801696777338, 1.4607745409011805]] [3.0726804733276367, 6.473094940185547, 3.2618346214294434] 2.0322168509112757 0.16041025519371033
construction_vehicle [[11.132446289062386, 41.730850219726676, 2.023907661437981]] [2.022156238555908, 4.428158760070801, 2.558892250061035] 1.4655469655990598 0.1555107831954956
truck [[-4.980751037597656, 12.891304016113338, -0.41077747941016796]] [1.9732049703598022, 4.990106582641602, 1.8300541639328003] 0.3704349994659423 0.15025757253170013
truck [[-8.045761108398551, 51.33445739746094, 2.249778270721425]] [2.210383176803589, 5.192054271697998, 2.606095552444458] 1.9132106939898887 0.14987871050834656
construction_vehicle [[-11.052829742431584, 35.687026977539176, 2.402458667755127]] [2.948815107345581, 6.135079383850098, 3.294710159301758] -1.5041177272796642 0.12147563695907593
construction_vehicle [[21.872177124023324, 40.586837768554744, 2.367944717407223]] [2.64083194732666, 5.227067947387695, 3.118107795715332] -2.6691491603851327 0.1157236397266388
truck [[-0.18538284301763497, -35.06526184082031, -2.2997241020202672]] [2.0370001792907715, 5.275609970092773, 1.8629982471466064] 1.599593464528219 0.11127075552940369
truck [[2.070346832275277, 53.93334197998058, 1.9487686157226527]] [2.113262891769409, 5.161805152893066, 2.335658550262451] 1.5132013559341426 0.10690907388925552
truck [[-1.4911689758302487, -52.439613342285156, -2.8863697052002024]] [2.0304012298583984, 5.477730751037598, 1.9185550212860107] -1.5397096872329723 0.10510286688804626
construction_vehicle [[8.73157501220686, 28.544143676757812, 0.3991108536720276]] [1.420487880706787, 2.777468681335449, 1.9371771812438965] 0.7957283258438111 0.10226142406463623
construction_vehicle [[-36.941726684570426, -53.849651336669865, -3.8850779533386195]] [2.1577348709106445, 5.245542526245117, 2.5722708702087402] -0.5370892286300661 0.10008752346038818
trailer [[11.037368774414006, 39.88935852050781, 1.7164967060089005]] [1.6565684080123901, 2.715914249420166, 2.6203532218933105] -1.4709646701812749 0.3341456651687622
trailer [[20.650169372558594, 40.530387878418026, 2.5602600574493266]] [2.013322591781616, 2.5438928604125977, 2.9997429847717285] -1.4483492374420173 0.20346717536449432
trailer [[-7.5234527587890625, 50.716857910156364, 2.314422607421875]] [2.0809555053710938, 3.7721827030181885, 2.7618091106414795] -0.042574286460876354 0.1543397754430771
trailer [[18.315727233886548, 17.699493408203068, 0.9148858785629166]] [2.8596267700195312, 12.811583518981934, 3.9512887001037598] -3.133676528930665 0.11828182637691498
bus [[12.24864196777321, 46.50235748291027, 2.6820392608642543]] [2.957624912261963, 13.73423957824707, 3.8965654373168945] 1.329037070274353 0.1154547929763794
barrier [[-17.230525970459098, -25.61601638793934, -2.4154834747314418]] [2.388350009918213, 0.517217218875885, 1.0717501640319824] 1.4596742391586304 0.1362522691488266
barrier [[-39.21495819091808, -51.25281906127924, -4.323298931121833]] [2.2050366401672363, 0.5842466354370117, 0.9117262363433838] -0.6328030824661258 0.11683587729930878
barrier [[-29.10711479187023, -34.472671508789006, -3.837571620941162]] [2.277216672897339, 0.5266498923301697, 0.9895457029342651] 0.9837616682052613 0.115119069814682
barrier [[-12.1164932250976, -39.873481750488224, -2.587189912796017]] [2.0065574645996094, 0.5046505928039551, 1.044252872467041] 0.23120975494384746 0.10794487595558167
barrier [[-36.24436569213867, -53.902400970458814, -4.205368041992191]] [2.102836847305298, 0.5244174599647522, 0.9743816256523132] 0.49202883243560813 0.10530009865760803
barrier [[-7.398010253906193, -45.92778778076155, -3.116521358489983]] [3.157240152359009, 0.4956821799278259, 0.8869884014129639] -2.86733102798462 0.10480807721614838
barrier [[14.681968688964787, 27.98271942138672, 0.8231354355811966]] [2.222661256790161, 0.4658334255218506, 0.9938905239105225] 2.9083634058581747 0.10309592634439468
motorcycle [[4.904842376708984, 15.442283630371094, -0.10318316519261117]] [0.6767570972442627, 1.8315445184707642, 1.2803806066513062] -2.2159738540649427 0.3689347207546234
bicycle [[8.780242919921932, 28.46759033203142, 0.47811305522918346]] [0.6499230861663818, 1.8475804328918457, 1.3271307945251465] 1.797230545674459 0.34431904554367065
bicycle [[-21.10744857788086, -5.623542785644418, -2.188307046890259]] [0.3314853310585022, 1.3435990810394287, 1.0176434516906738] 1.6690838972674769 0.29855161905288696
motorcycle [[-1.4964790344238281, -50.65455627441412, -2.3358154296875]] [0.9241276979446411, 2.264355421066284, 1.8041374683380127] -1.5153177976608287 0.25927406549453735
motorcycle [[-17.75188827514654, -14.562316894531193, -0.5593065023422241]] [0.7996013760566711, 2.4727582931518555, 1.5047882795333862] -2.051263093948365 0.2589864730834961
motorcycle [[40.96890258789057, 15.86521911621088, 2.242370605468736]] [0.7217142581939697, 1.8240067958831787, 1.1858229637145996] -1.3410906791687018 0.21851412951946259
bicycle [[-11.626678466796932, -16.99861907958973, -2.4469413757324254]] [0.480238676071167, 1.4730007648468018, 1.12947416305542] 0.8774904012680054 0.21417608857154846
bicycle [[-17.08379745483404, -24.836887359619254, -2.3366870880127095]] [0.5636382102966309, 1.6326688528060913, 1.2839226722717285] -0.38906645774841314 0.2037542760372162
bicycle [[-17.11309051513689, -25.519422531127873, -2.3762805461883616]] [0.6029103994369507, 1.790961742401123, 1.1941349506378174] -0.1263201236724853 0.20193201303482056
motorcycle [[40.574180603027344, 15.29496002197277, 1.9964634180068934]] [0.7478606104850769, 1.7358225584030151, 1.2839875221252441] -1.5731867551803598 0.19032970070838928
bicycle [[-18.333332061767805, 23.022560119628906, -0.5132275819778584]] [0.6329936981201172, 1.7614235877990723, 1.1454288959503174] 2.0430620352374476 0.15580415725708008
motorcycle [[-17.13805770874029, -12.933269500732479, -0.20532476902008057]] [0.8463761210441589, 2.5030436515808105, 1.426937460899353] 1.3053332567214964 0.15044257044792175
motorcycle [[-29.077993392944393, -34.49720001220686, -3.7521004676818883]] [0.8776546716690063, 2.0160973072052, 1.5012872219085693] -1.954169511795045 0.1485718935728073
motorcycle [[-12.102413177490291, -39.84357833862305, -2.6110422611236537]] [0.7021621465682983, 1.900415301322937, 1.2903974056243896] 0.19233202934265117 0.14759403467178345
bicycle [[-18.988815307617244, 24.137390136718864, -0.3173764646053314]] [0.6457915902137756, 1.6323153972625732, 1.1517455577850342] 3.0558407942401327 0.1443345546722412
motorcycle [[-27.28674888610857, -50.60717010498024, -2.6933329105377233]] [0.7698462605476379, 1.9366369247436523, 1.4525437355041504] 0.8239890336990359 0.1310674250125885
motorcycle [[4.9532165527342045, 14.862220764160156, -0.1958720088005066]] [0.7295703291893005, 1.9695342779159546, 1.2913328409194946] -2.4978694915771493 0.1308046281337738
motorcycle [[-25.021825790405387, 14.733238220214844, -0.6573248505592346]] [0.5697013735771179, 1.7840523719787598, 1.215259313583374] -1.5625786781311042 0.12989601492881775
bicycle [[-17.22926330566412, -24.41017532348627, -2.2754342555999756]] [0.5992526412010193, 1.6357300281524658, 1.5721999406814575] 0.13657593727111822 0.12933474779129028
bicycle [[5.309501647949048, -36.86099243164074, -2.3844592571258687]] [0.5903299450874329, 1.8794963359832764, 1.2487657070159912] -1.551992058753968 0.11246668547391891
motorcycle [[-12.16387176513689, -16.616970062255746, -2.3850111961364817]] [0.7190567255020142, 1.958600640296936, 1.2566415071487427] -0.2690829038619997 0.11241179704666138
motorcycle [[-39.151817321777344, -51.176521301269304, -4.12571907043457]] [0.9138228893280029, 2.110698699951172, 1.6594125032424927] -2.1880555152893075 0.11201125383377075
bicycle [[11.85953521728527, 29.78310394287115, 0.5569393038749659]] [0.5366529226303101, 1.5947932004928589, 1.0660609006881714] 1.4184726476669312 0.10901346802711487
bicycle [[-17.640769958496094, -25.88975334167486, -2.404575824737556]] [0.6094743609428406, 1.761657476425171, 1.1731038093566895] 0.2844052314758307 0.10703934729099274
motorcycle [[2.0971946716308025, 53.62571716308594, 1.8525094985961843]] [0.8325104713439941, 2.435922622680664, 1.8351258039474487] 1.5427063703536987 0.10685824602842331
motorcycle [[-36.35932922363287, -53.657413482665845, -4.017278194427494]] [0.7561955451965332, 1.915805697441101, 1.4692153930664062] 1.6459153334247036 0.1064271628856659
motorcycle [[-9.989078521728572, 41.63359832763672, 2.25306129455565]] [0.7319183349609375, 1.8788213729858398, 1.4893437623977661] -1.1944434642791755 0.10449432581663132
bicycle [[-15.95558166503912, -25.463706970214673, -2.2945284843444753]] [0.6264416575431824, 1.778104305267334, 1.2379716634750366] -0.4241820573806764 0.10427024960517883
pedestrian [[-7.626811981201286, -26.064670562744027, -2.1198170185089182]] [0.7063051462173462, 0.7922354340553284, 1.811254858970642] -0.07658421993255649 0.8408888578414917
pedestrian [[8.86403656005848, 9.81340408325201, -0.20041334629059904]] [0.6710395812988281, 0.8316133618354797, 1.7962901592254639] 1.6386345068561 0.8288184404373169
pedestrian [[6.230327606201172, -21.253875732421875, -1.7254816293716502]] [0.6397408246994019, 0.7171593308448792, 1.745198130607605] -1.5344989299774174 0.824958324432373
pedestrian [[-12.215229034423828, 5.478370666503906, -0.9728926420211792]] [0.6879460215568542, 0.8092579245567322, 1.7071813344955444] 1.565664410591125 0.7884911298751831
pedestrian [[-12.90290451049799, -29.12464332580538, -2.149764776229855]] [0.6588802337646484, 0.7232121229171753, 1.8036532402038574] -1.51649296283722 0.7717958688735962
pedestrian [[7.7227325439453125, -14.557964324951058, -1.401708841323856]] [0.6833339929580688, 0.8059102296829224, 1.796326994895935] 1.7732432524310513 0.7658413648605347
pedestrian [[-19.943897247314624, -22.377672195434457, -2.2502143383026088]] [0.5687102675437927, 0.5244886875152588, 1.7153801918029785] -2.8147611618042 0.7648913860321045
pedestrian [[-20.05709457397461, -23.107965469360295, -2.2557487487793004]] [0.599118173122406, 0.566989004611969, 1.746376395225525] 2.4031508604632776 0.760035514831543
pedestrian [[-11.610351562499886, 19.66869354248047, -0.12887036800384521]] [0.6228408813476562, 0.7041276693344116, 1.7425849437713623] -1.4692633152008063 0.759975254535675
pedestrian [[6.227424621581918, -25.6389217376709, -1.8933216333389318]] [0.6315665245056152, 0.6356414556503296, 1.7861953973770142] -2.500862121582032 0.7538108825683594
pedestrian [[-12.169174194336051, 18.85569000244152, -0.21199233829975128]] [0.629952609539032, 0.7355865836143494, 1.7464004755020142] -1.4036626815795903 0.7447866797447205
pedestrian [[-20.66486358642578, -22.49906539916975, -2.289306879043586]] [0.5671128630638123, 0.5493948459625244, 1.704608678817749] -0.30732381343841525 0.7380435466766357
pedestrian [[7.28052902221674, -21.411628723144474, -1.684661746025089]] [0.6536809802055359, 0.7159147262573242, 1.8029553890228271] -1.8000230789184581 0.7291130423545837
pedestrian [[-11.9100723266601, -29.08873558044405, -2.170827865600579]] [0.639916181564331, 0.7141489386558533, 1.7872540950775146] -1.5314620733261117 0.7227804660797119
pedestrian [[6.4462127685546875, -36.43106079101574, -1.9392900466919052]] [0.6845936179161072, 0.7956702709197998, 1.8791824579238892] -1.5997126102447519 0.7225310802459717
pedestrian [[8.342792510986328, 14.602828979492244, -0.19878695905208588]] [0.6358543634414673, 0.7362983822822571, 1.7177371978759766] -1.6145657300949103 0.7134511470794678
pedestrian [[7.3972167968748295, -22.51302146911621, -1.8027913570404053]] [0.6115989089012146, 0.643983006477356, 1.7491264343261719] -2.264903306961061 0.6959931254386902
pedestrian [[6.0825843811035725, -23.505533218383732, -1.8581233024597203]] [0.6498975157737732, 0.6925795078277588, 1.7754287719726562] -2.0522425174713144 0.6726627945899963
pedestrian [[7.675270080566406, -15.781829833984318, -1.4565771818161082]] [0.6347206830978394, 0.7369208335876465, 1.7806873321533203] 1.7632868925677696 0.6672458052635193
pedestrian [[-9.759696960449219, -47.536666870117074, -2.488521099090587]] [0.7135595083236694, 0.7738065719604492, 1.824507713317871] -1.2640783786773686 0.6113975644111633
pedestrian [[7.512672424316463, -45.265594482421704, -2.321222305297855]] [0.646464467048645, 0.718030571937561, 1.8422678709030151] 1.6955087820636194 0.6041308641433716
pedestrian [[-8.120086669922046, -53.03256607055653, -2.4834485054016113]] [0.6580562591552734, 0.7165853977203369, 1.8088477849960327] -1.333768010139466 0.6007972955703735
pedestrian [[6.8919029235839275, -45.47005462646479, -2.3596556186676096]] [0.6297938823699951, 0.7121975421905518, 1.8172813653945923] 1.683250729237692 0.5846662521362305
pedestrian [[-21.11320114135748, -24.917789459228402, -2.417608499526974]] [0.6476008892059326, 0.6742779612541199, 1.7510136365890503] 2.7942746321307577 0.5765403509140015
pedestrian [[6.709377288818416, -47.57282257080061, -2.3554279804229736]] [0.6809456944465637, 0.7653589248657227, 1.8594452142715454] -1.538093209266663 0.5685265064239502
pedestrian [[-17.471294403076342, -24.128900527953874, -2.149014234542854]] [0.6207231283187866, 0.6552984118461609, 1.6723710298538208] 0.42173159122467063 0.5395547747612
traffic_cone [[5.967254638671932, 7.75152587890625, -1.0070853233337473]] [0.339362233877182, 0.3450928330421448, 0.7370399832725525] 2.171187225972311 0.4882466197013855
traffic_cone [[-9.392791748047046, -23.89069557189947, -2.2455706596374583]] [0.39646896719932556, 0.3924848139286041, 1.3703114986419678] 1.9354355970965782 0.4734979569911957
pedestrian [[-17.09074783325218, -24.818363189697266, -2.2492246627807724]] [0.6041714549064636, 0.6510716080665588, 1.5510114431381226] 0.36101198196411133 0.4342620372772217
pedestrian [[-39.858093261718864, -43.593303680419865, -4.010222434997555]] [0.6782716512680054, 0.7268475294113159, 1.8185280561447144] -0.9614005684852607 0.3551185727119446
pedestrian [[-19.32982635498047, -29.83164978027355, -2.449669599533081]] [0.6250340938568115, 0.6464844346046448, 1.7373015880584717] -0.3092854022979741 0.3458150625228882
pedestrian [[-18.064270019531136, -30.17451095581049, -2.4044909477233887]] [0.6238542199134827, 0.6664538979530334, 1.716403603553772] 2.7427249590503133 0.3398744761943817
pedestrian [[-12.226806640625, 19.432319641113395, -0.16043232381343842]] [0.6416040062904358, 0.7581662535667419, 1.7627891302108765] -1.4330302476882943 0.30663278698921204
pedestrian [[-15.97142410278309, -25.524663925170785, -2.2341725826263357]] [0.597303569316864, 0.6185328960418701, 1.4902474880218506] 1.0748451948165896 0.3002181649208069
pedestrian [[-20.60416793823248, -22.97256660461403, -2.282364130020138]] [0.6070541143417358, 0.6177629232406616, 1.7528499364852905] 0.9570101499557498 0.29411575198173523
pedestrian [[7.934207916259709, -15.405319213867074, -1.4401156902313232]] [0.6623853445053101, 0.7868974208831787, 1.8073275089263916] 1.7791636625873013 0.28845036029815674
pedestrian [[-14.835849761962947, -24.87782287597645, -2.434529542922977]] [0.6485971808433533, 0.7072972059249878, 1.1951075792312622] 0.29604864120483376 0.2441621869802475
traffic_cone [[-32.88664627075201, -51.85366821289057, -4.102220535278331]] [0.48403725028038025, 0.47926604747772217, 1.4059782028198242] 0.9699527025222779 0.23707908391952515
pedestrian [[11.101837158203125, 39.92282104492199, 1.691985011100762]] [0.7443072199821472, 0.7465174198150635, 1.8699082136154175] 1.1127771139144895 0.22345329821109772
pedestrian [[-17.109725952148494, -25.488504409790153, -2.3238735198974716]] [0.5764265060424805, 0.6220593452453613, 1.4730498790740967] 0.9310170412063601 0.22198481857776642
pedestrian [[6.572696685790959, -45.73030853271496, -2.3757214546203684]] [0.6593542098999023, 0.7327823638916016, 1.812121868133545] 1.6360595862018033 0.21802301704883575
traffic_cone [[4.020210266113224, -29.00998878478987, -2.2327713966369735]] [0.4067556858062744, 0.40157949924468994, 1.3445110321044922] 2.762146298085348 0.21441739797592163
pedestrian [[-12.205337524414006, -28.736558914184627, -2.1955587863922084]] [0.6678272485733032, 0.7486182451248169, 1.760082483291626] -1.6033680438995368 0.20609605312347412
traffic_cone [[15.291229248046932, 29.087890625, 0.8874617815017629]] [0.45957306027412415, 0.4581257700920105, 1.2640635967254639] 2.1318262259112757 0.19588401913642883
pedestrian [[-27.086500167846793, -50.1633186340332, -2.7165920734405624]] [0.6432380676269531, 0.660053014755249, 1.7111976146697998] 0.857479214668274 0.1935710310935974
pedestrian [[-16.668865203857536, -24.8782119750976, -2.2776210308074987]] [0.6032106876373291, 0.6628443002700806, 1.4316860437393188] 0.7274085283279423 0.1901477724313736
pedestrian [[-9.988185882568473, 41.617065429687614, 2.413193225860592]] [0.6641728281974792, 0.6974025964736938, 1.7777824401855469] -1.1328128576278693 0.18589052557945251
pedestrian [[-16.372253417968864, -25.516317367553597, -2.249562740325942]] [0.6246718168258667, 0.6781981587409973, 1.5296276807785034] 1.2081795930862425 0.17877894639968872
traffic_cone [[9.962684631347429, -16.726673126220703, -1.8741595745086777]] [0.374578058719635, 0.3679758310317993, 1.299791693687439] -2.7586755752563485 0.1783733367919922
pedestrian [[10.079170227050668, -24.189371109008903, -1.9923954010009801]] [0.5192182064056396, 0.526426374912262, 1.4004946947097778] 2.026386086140768 0.17364320158958435
pedestrian [[8.771659851074276, 28.571304321289062, 0.5484693646430863]] [0.5961685180664062, 0.641728401184082, 1.5906792879104614] 1.8142917791949673 0.17232313752174377
pedestrian [[-12.667583465576058, 5.256027221679744, -0.9907029867172206]] [0.6704221367835999, 0.796090304851532, 1.7285377979278564] 1.6814516226397915 0.1667022556066513
pedestrian [[-12.288459777832202, -29.501390457153377, -2.1685876846313548]] [0.6929402351379395, 0.8067196011543274, 1.8179502487182617] -1.544303536415101 0.16648590564727783
pedestrian [[40.556121826171704, 15.222236633300724, 1.8938702344894303]] [0.6557930707931519, 0.6837542057037354, 1.756591796875] -2.1245174407958993 0.1664685755968094
pedestrian [[-17.51173782348627, -24.78210639953602, -2.2159922122955322]] [0.6395067572593689, 0.7174016237258911, 1.6722748279571533] 0.37013137340545654 0.16272322833538055
pedestrian [[-19.91563796997076, -33.43505477905279, -2.8360109329223633]] [0.6677498817443848, 0.6945487260818481, 1.6440050601959229] 1.6271718184100552 0.16141937673091888
pedestrian [[10.525764465331918, 52.456718444824105, 1.7150648832321096]] [0.60291588306427, 0.6286693811416626, 1.6466078758239746] 1.9374659697162075 0.1609600931406021
pedestrian [[-8.119518280029467, -53.56346130371088, -2.372507333755493]] [0.7166901230812073, 0.8055716156959534, 1.8397858142852783] -1.3725644350051887 0.16050779819488525
pedestrian [[-36.45759582519537, -53.08280563354481, -4.083366394042965]] [0.6470307111740112, 0.6714937686920166, 1.5728570222854614] 0.5860120058059691 0.15298065543174744
pedestrian [[6.680244445800838, -25.59370613098133, -1.9215674400329554]] [0.7011325359344482, 0.7577061653137207, 1.8162457942962646] -2.378717422485353 0.14502297341823578
pedestrian [[-39.16833496093756, -51.20048904418945, -4.1174230575561666]] [0.68101966381073, 0.7161548733711243, 1.6880501508712769] -1.619919657707215 0.13864034414291382
traffic_cone [[-11.831668853759822, -39.8600959777832, -2.6341702938079905]] [0.4846271276473999, 0.5095833539962769, 1.1233481168746948] 0.594054579734802 0.1366790533065796
pedestrian [[8.838733673095646, -15.290569305419922, -1.5383287668228185]] [0.548550009727478, 0.5839411020278931, 1.6715960502624512] 1.941611115132467 0.136203795671463
pedestrian [[5.766525268554574, -36.376251220703125, -2.1253488063812362]] [0.6228123903274536, 0.7207766771316528, 1.7298567295074463] -1.6358408927917492 0.1356000155210495
pedestrian [[8.659000396728288, -13.478790283203068, -1.4892954826355052]] [0.5680463910102844, 0.5764066576957703, 1.5403704643249512] 2.7435351053821004 0.13118726015090942
pedestrian [[8.114360809326001, -44.791843414306754, -2.218735933303847]] [0.7037643790245056, 0.76279616355896, 1.8898416757583618] 1.6812322775470179 0.12628993391990662
pedestrian [[-17.08335494995123, -25.902290344238224, -2.2800381183624374]] [0.572035014629364, 0.6076585054397583, 1.50199294090271] 1.4070996046066282 0.1250653862953186
pedestrian [[9.190879821777173, -15.244728088378906, -1.5311908721923828]] [0.505268931388855, 0.4977778196334839, 1.5977442264556885] 2.77734071413149 0.12464883178472519
traffic_cone [[-13.308181762695426, -33.14278030395502, -2.5937640666961634]] [0.4094699025154114, 0.40944647789001465, 1.2001793384552002] 0.2071620225906372 0.12354566156864166
pedestrian [[-12.187545776367358, 19.932563781738395, -0.16445714235306141]] [0.6570491790771484, 0.7548272609710693, 1.7615797519683838] -1.541674733161927 0.12266390025615692
pedestrian [[-7.036560058593693, 51.20298004150402, 1.9256095886230362]] [0.6627917885780334, 0.6448417901992798, 1.714816689491272] -0.14438164234161371 0.12033437192440033
pedestrian [[-25.616950988769645, -34.43916702270502, -2.8579237461090052]] [0.5949281454086304, 0.6074631214141846, 1.7053394317626953] 2.5598438421832483 0.1201186329126358
pedestrian [[11.5357666015625, 26.044204711914062, 0.7702574729919363]] [0.5291800498962402, 0.5063967704772949, 1.6107145547866821] -1.45205843448639 0.1189127266407013
pedestrian [[6.79172134399397, -48.11980819702137, -2.3471281528472936]] [0.7469097375869751, 0.8664572238922119, 1.8844164609909058] -1.52890694141388 0.1188206672668457
pedestrian [[8.695117950439226, -44.62152099609369, -2.099145412445072]] [0.6812306642532349, 0.6813570261001587, 1.883000373840332] 1.9290764967547813 0.11785350739955902
pedestrian [[6.99402999877924, -44.90894699096668, -2.3868355751037633]] [0.6664607524871826, 0.7842042446136475, 1.8548393249511719] 1.6752927939044397 0.11660240590572357
pedestrian [[8.705402374267692, -14.024326324462777, -1.477793931961056]] [0.5922905802726746, 0.6305882930755615, 1.6966943740844727] 2.302465263997213 0.11526922136545181
traffic_cone [[-12.221820831298942, -39.246696472167855, -2.675778150558479]] [0.43649527430534363, 0.4424065351486206, 1.0131467580795288] 0.28096044063568115 0.11514949053525925
pedestrian [[6.919704437255859, -23.02875900268549, -1.8171530961990427]] [0.6774455308914185, 0.7559568285942078, 1.780420184135437] -2.179225444793702 0.11506885290145874
pedestrian [[7.631076812744027, -16.261165618896484, -1.470479726791389]] [0.7040566205978394, 0.8433697819709778, 1.7985482215881348] 1.748056236897604 0.11417306959629059
pedestrian [[-19.63757705688488, -33.741989135742074, -2.8780438899993896]] [0.6546046733856201, 0.6702226400375366, 1.6384555101394653] 1.3142100572586062 0.1115734726190567
pedestrian [[-13.621246337890511, -6.2757835388183025, -1.466672301292423]] [0.46017226576805115, 0.4582083821296692, 1.2975947856903076] 0.001821756362915235 0.11149479448795319
pedestrian [[-20.83105087280279, -24.503217697143555, -2.372288465499878]] [0.6773573756217957, 0.7384856939315796, 1.775273084640503] 2.4604023138629354 0.11114364862442017
b22fa0b3c34f47b6a360b60f35d5d567