car [[12.140167236328182, 14.861801147460639, -0.4628124833106968]] [1.7883528470993042, 4.162940979003906, 1.5639824867248535] 1.1933952569961548 0.7838107347488403
car [[-4.969902038574105, 17.250938415527074, -0.1452148705720866]] [1.9096479415893555, 4.730160713195801, 1.880920648574829] 2.1515706221209925 0.7500445246696472
car [[41.14138793945318, 14.309280395507798, -1.505740523338309]] [1.9101766347885132, 4.522340297698975, 1.6758673191070557] 2.964416805897848 0.6861539483070374
car [[-11.760326385498047, 35.68317413330067, 1.3920700550079408]] [1.9154253005981445, 4.565864562988281, 1.6523292064666748] -0.15040385723114072 0.31397467851638794
car [[33.241241455078125, 23.054573059081875, -0.7179049253463665]] [1.8833215236663818, 4.417341232299805, 1.6341606378555298] -3.141043901443482 0.2876470983028412
car [[50.22431182861334, 19.56927490234372, -1.175035476684564]] [1.9235641956329346, 4.3309407234191895, 1.6733829975128174] 2.9050844351397913 0.26525506377220154
car [[42.91767120361334, 21.35591125488277, -0.9327721595764054]] [1.9143983125686646, 4.4683918952941895, 1.6716421842575073] 3.0418852011310022 0.2387620508670807
car [[-23.663858413696175, 41.225990295409915, 2.31953763961792]] [2.29345440864563, 5.849685192108154, 2.3820202350616455] -0.16974806785583535 0.22823521494865417
car [[-1.509239196777287, 33.84352111816396, 0.9253332614898699]] [2.007221221923828, 4.638545036315918, 2.016542434692383] -0.13209319114685114 0.2231372594833374
car [[47.59967803955084, 12.981689453124972, -1.4129619598388619]] [1.9796618223190308, 4.623776435852051, 1.739026427268982] 2.9429519812213343 0.2113153040409088
car [[23.622047424316463, 25.65026855468747, 0.13635095953941878]] [1.9122501611709595, 4.666426658630371, 1.9460045099258423] 0.5300813913345334 0.19036608934402466
car [[-18.93235015869135, 36.239685058593636, 1.3428153991699272]] [1.9939861297607422, 4.653601169586182, 1.7428083419799805] 2.9457758108722127 0.1884554922580719
car [[33.37868499755865, 15.931007385253722, -1.087879180908196]] [1.8460893630981445, 4.282364845275879, 1.586120843887329] 3.032635275517599 0.18648728728294373
car [[47.08052062988287, 14.612960815429545, -1.3953423500061026]] [1.969433069229126, 4.587275505065918, 1.746561050415039] 2.7908504644977015 0.1508348435163498
car [[15.921783447265682, 50.70458221435531, 0.9277753233909598]] [1.9276151657104492, 4.496879577636719, 1.705998420715332] -1.6565878391265874 0.15038418769836426
car [[50.07892608642584, 16.505058288574077, -1.3169088363647408]] [1.9151917695999146, 4.437993049621582, 1.6759108304977417] 2.7050707975970667 0.14798606932163239
car [[10.516410827636776, -50.1580162048343, -2.574436664581297]] [1.9011998176574707, 4.450810432434082, 1.720696210861206] -0.2990963459014896 0.1467822790145874
car [[-24.22651863098139, 36.89080047607419, 1.2462160587310862]] [1.9890815019607544, 4.679318428039551, 1.7427226305007935] -0.13013911247253515 0.13673166930675507
car [[48.46088409423828, 21.33199310302716, -1.0085344314575124]] [1.9539897441864014, 4.525928020477295, 1.7157069444656372] -1.6929211616516122 0.13427819311618805
car [[10.545127868652344, -48.3343849182132, -2.634826421737671]] [1.901182770729065, 4.41101598739624, 1.6535691022872925] 1.6046965757953089 0.12594906985759735
car [[32.75189208984381, 17.56527709960909, -0.9303894639015127]] [1.9099485874176025, 4.617700576782227, 1.626575231552124] -2.292981863021851 0.12200295925140381
car [[-36.83068084716797, 38.05696105957004, 1.505745172500614]] [2.014645576477051, 4.606125831604004, 1.744245171546936] 1.4805997610092165 0.12115447223186493
car [[42.893592834472656, 23.061950683593523, -0.739804923534388]] [1.9832370281219482, 4.608058929443359, 1.7519032955169678] 2.363014046345846 0.11652784794569016
car [[-10.511253356933594, -52.53078460693382, -1.6087691783904958]] [1.9180742502212524, 4.479614734649658, 1.6894207000732422] 1.4717324972152714 0.10740566998720169
car [[15.930061340332088, 53.83938598632817, 1.2620134353637793]] [1.9277069568634033, 4.49361515045166, 1.705209732055664] -1.7008736133575448 0.10587545484304428
car [[43.46549224853521, 17.085594177245937, -1.4934654235839826]] [1.8286752700805664, 4.223943710327148, 1.5650290250778198] -2.9210653305053715 0.10389921814203262
car [[50.073463439941406, 14.75667572021483, -1.341741085052485]] [1.9422768354415894, 4.461772441864014, 1.6921221017837524] -2.5351166725158696 0.10296700149774551
car [[14.750175476074276, 51.255226135253906, 0.9507402181625437]] [1.943669319152832, 4.586817264556885, 1.6929517984390259] -1.752299547195435 0.1026202067732811
car [[-4.434982299804631, 33.44640350341774, 0.9333508610725438]] [1.9788405895233154, 4.739321231842041, 1.776935338973999] 3.1134997049914754 0.10129374265670776
car [[-6.960777282714844, 32.67565155029271, 0.8741482496261606]] [1.9205470085144043, 4.376636028289795, 1.6088125705718994] -0.26593506336212247 0.10116969048976898
car [[-1.5172195434570312, 35.65850830078112, 1.126402497291573]] [1.9690613746643066, 4.562673091888428, 1.7727645635604858] 0.8012133836746215 0.10100733488798141
car [[42.316093444824276, 18.28645324707017, -1.3837486505508405]] [1.8664600849151611, 4.312136650085449, 1.6007487773895264] -2.972310066223145 0.10064837336540222
truck [[-6.817523956298771, -28.373928070068658, -0.9070466756820661]] [2.9210798740386963, 10.455352783203125, 3.5904126167297363] 1.461128115653992 0.878598153591156
construction_vehicle [[-7.004081726074105, 26.691024780273224, 1.0783780813217199]] [2.849909782409668, 3.541172742843628, 2.655444622039795] -0.42180979251861617 0.8349276185035706
truck [[-12.392181396484261, 39.356231689452926, 2.596804141998293]] [2.9916086196899414, 10.01077938079834, 3.704233407974243] -0.13661050796508886 0.7413095235824585
truck [[23.80812835693365, 49.36698150634754, 0.6963279843330428]] [2.0043365955352783, 5.031704425811768, 2.372519016265869] -1.8195391893386847 0.6958884000778198
truck [[23.60716247558605, 25.652229309081818, 0.0570682734251049]] [1.8761005401611328, 4.531885623931885, 1.967625617980957] 0.5627599954605098 0.5854677557945251
truck [[-23.760667800903263, 41.547538757324034, 2.3951275348663366]] [2.800708532333374, 6.531803607940674, 2.9366416931152344] -0.1944923400878912 0.34949320554733276
construction_vehicle [[50.66394805908203, -48.917785644531406, -3.5753703117370508]] [2.556652784347534, 5.419099807739258, 2.585470676422119] 2.8061679045306605 0.18928377330303192
truck [[-19.461658477783203, 36.28668212890615, 1.4946515560150226]] [2.1780495643615723, 5.840625762939453, 2.045450448989868] 3.021705214177267 0.1755119115114212
construction_vehicle [[27.888580322265682, 45.89691925048814, 0.4770602583885202]] [1.9488661289215088, 3.829500675201416, 2.4345405101776123] -1.5338934659957897 0.17394083738327026
truck [[-4.981239318847599, 17.25403594970693, -0.15626536309718642]] [1.8756227493286133, 4.725663185119629, 1.858485460281372] 2.177040878926413 0.13813862204551697
truck [[-11.118354797363224, 35.633239746093665, 1.5178819894790703]] [2.2096669673919678, 6.257035732269287, 2.05837345123291] -0.11443436145782522 0.13779404759407043
construction_vehicle [[-21.90443038940424, 47.014503479003636, 2.484788417816162]] [3.5869245529174805, 8.118287086486816, 3.791590929031372] -1.3470380306243903 0.11511039733886719
construction_vehicle [[-3.8874740600585938, 44.11215209960922, 2.9243333339691144]] [2.809044361114502, 9.680525779724121, 3.491469621658325] -3.063820838928223 0.10207699239253998
trailer [[-14.040462493896484, -53.88264465332064, 3.1327486038208026]] [2.832883834838867, 8.194456100463867, 3.4987409114837646] -1.7328249216079719 0.13880769908428192
bus [[0.8906173706055256, 51.24191284179675, 2.071388006210328]] [3.116213083267212, 11.141061782836914, 3.560619354248047] 0.3795835971832273 0.12503798305988312
trailer [[-26.7192707061767, 42.26441192626926, 2.9027075767517054]] [3.048520088195801, 12.955482482910156, 3.8119606971740723] -0.20547032356262274 0.10427705943584442
bus [[29.671020507812557, -23.051973342895764, -0.9320955872535723]] [2.8464784622192383, 8.709329605102539, 3.3315348625183105] -0.8311377763748178 0.10018177330493927
barrier [[8.175609588623047, -12.332916259765781, -1.679599761962888]] [2.1793248653411865, 0.6933764219284058, 1.1841216087341309] 2.9566281477557577 0.8778557777404785
barrier [[11.244308471679744, 4.641040802001598, -1.1217658519744873]] [2.133476972579956, 0.6458366513252258, 1.136847972869873] 2.988361183797018 0.8061039447784424
barrier [[-2.686321258544922, 24.33560180664054, -0.15647533535956182]] [2.0347366333007812, 0.48472777009010315, 1.0583069324493408] -1.7519136667251598 0.7925390601158142
barrier [[11.702812194824219, 6.719554901122947, -1.0693664550781135]] [2.0796451568603516, 0.6008947491645813, 1.0632989406585693] 2.956352535878317 0.7850883603096008
barrier [[11.027801513671989, -1.971744537353601, -1.3360518217086739]] [1.9207184314727783, 0.6255732774734497, 1.0688048601150513] 2.9977973143206995 0.760111927986145
barrier [[-0.48382568359369316, 24.248977661132784, -0.1934075355529732]] [2.0555057525634766, 0.5228890776634216, 1.059739589691162] -1.451130747795106 0.7324922680854797
barrier [[7.436672210693416, -16.459331512451172, -1.806437730789174]] [1.9280279874801636, 0.7205609679222107, 1.1402933597564697] 2.987937037144796 0.7312555313110352
barrier [[10.727539062500057, -3.8481254577638566, -1.4025824069976807]] [1.9293625354766846, 0.5969195365905762, 1.086292028427124] 3.0801718870746058 0.7300567626953125
barrier [[9.199783325195312, -12.222682952881172, -1.700465798377989]] [2.0542492866516113, 0.6806289553642273, 1.1299760341644287] 2.975444142018453 0.7153060436248779
barrier [[27.176826477050895, 39.2494201660154, -0.10332366824150085]] [2.076760768890381, 0.4883723855018616, 1.0473637580871582] -1.3706688880920417 0.708354115486145
barrier [[24.962203979492244, 39.30853271484358, 0.009514326229697723]] [2.229429244995117, 0.47704803943634033, 1.108383059501648] -1.8064657449722294 0.7054731845855713
barrier [[4.980922698974609, -28.392204284668125, -2.0378618240356348]] [1.9350974559783936, 0.7265074253082275, 1.1572613716125488] 2.9837282339679163 0.6801725625991821
barrier [[11.33376312255865, 0.22514343261701697, -1.2581627368926975]] [1.9628709554672241, 0.6610697507858276, 1.110202670097351] 2.999805752431051 0.6646029949188232
barrier [[6.802921295166016, -20.16014862060564, -1.8560135364532382]] [1.970626711845398, 0.7380975484848022, 1.1650470495224] 2.9747765699969695 0.6600275635719299
barrier [[23.64196014404297, 40.94242095947247, -0.012560182251025509]] [2.177004337310791, 0.5339623093605042, 1.1378424167633057] -3.038707733154297 0.6579619646072388
barrier [[4.600784301757869, -30.26432037353544, -2.120059728622431]] [1.928342580795288, 0.6852584481239319, 1.154958724975586] 2.956681553517477 0.6554642915725708
barrier [[6.32280349731451, -22.460672378540366, -1.8834788799285853]] [1.9334012269973755, 0.7566561698913574, 1.1649960279464722] 2.911856476460592 0.6508866548538208
barrier [[4.325656890869141, -32.07785034179703, -2.149444818496706]] [1.9087176322937012, 0.6733953952789307, 1.1165715456008911] 3.023966614400045 0.6214988827705383
barrier [[-4.633743286132756, 24.735984802245923, 0.004481134004896248]] [1.9379702806472778, 0.4924963712692261, 1.0213173627853394] -1.7440687417984015 0.6129187941551208
barrier [[7.01915359497076, -18.82418441772468, -1.8491593599319396]] [1.9599778652191162, 0.7078716158866882, 1.1516622304916382] 2.9429166952716272 0.611707866191864
barrier [[7.921047210693416, -14.219200134277486, -1.7334396839141792]] [1.965228796005249, 0.7477298974990845, 1.151949405670166] 2.9494550863849085 0.6011896729469299
barrier [[-10.516548156738224, 25.929512023925582, 0.05239487439394175]] [1.9667255878448486, 0.5361968278884888, 1.0054610967636108] -1.8169490098953254 0.589562177658081
barrier [[11.654388427734432, 2.1346359252927414, -1.1854498386383021]] [1.9615669250488281, 0.6547484993934631, 1.1217271089553833] 2.9862211386310022 0.5728365182876587
barrier [[8.017768859863338, -20.08455276489272, -1.8241643905639595]] [2.0708165168762207, 0.6875776052474976, 1.1686608791351318] 2.9389310518847864 0.5703550577163696
barrier [[5.887287139892635, -24.29228019714384, -1.9276453256607056]] [2.0391573905944824, 0.7312175035476685, 1.198171615600586] 2.9044793287860315 0.5682623386383057
barrier [[12.102493286132812, 4.502693176269474, -1.1007022857665945]] [2.1100728511810303, 0.6727266311645508, 1.1661300659179688] 2.9220154921161092 0.5639733076095581
barrier [[9.50943374633789, -10.47622680664071, -1.6599296331405577]] [2.058459758758545, 0.5479534864425659, 1.024237036705017] 2.927784268056051 0.5521668195724487
barrier [[-8.713333129882812, 25.484474182128807, 0.2581070661544853]] [1.9041523933410645, 0.4997571110725403, 1.0331361293792725] -1.9484242200851443 0.5487950444221497
barrier [[5.314262390136662, -26.62890815734866, -2.006977558135982]] [1.9430315494537354, 0.6943672895431519, 1.1799614429473877] 2.941299025212423 0.547821044921875
barrier [[-2.1703147888183025, 32.20315551757798, 0.42365643382072626]] [2.1073288917541504, 0.491303026676178, 1.1084741353988647] 1.4123712778091433 0.5410952568054199
barrier [[7.615234375000057, -21.964466094970973, -1.8566837310790971]] [2.06259822845459, 0.7110801935195923, 1.149751901626587] 2.946810547505514 0.535510241985321
barrier [[4.040752410888672, -33.90022277832057, -2.1805081367492614]] [1.8781039714813232, 0.6092432737350464, 1.0443203449249268] 2.969774548207418 0.5117481350898743
barrier [[39.88935852050787, 33.88836669921858, -0.7009100914001456]] [2.020279884338379, 0.48235300183296204, 1.07708740234375] -2.1576075553894047 0.47671496868133545
barrier [[24.48582458496105, 44.757591247558466, -0.10608021914959131]] [2.061868667602539, 0.48908931016921997, 1.0753672122955322] 2.950552288685934 0.4570799469947815
barrier [[38.13650512695318, 35.58253479003872, -0.6350395083427411]] [2.1073851585388184, 0.5232418179512024, 1.114997148513794] -2.4278850555419926 0.4411502480506897
barrier [[24.85601806640625, 46.530151367187344, -0.04920773953198765]] [1.9711500406265259, 0.47118574380874634, 1.0794198513031006] 2.9502254168139856 0.4401477575302124
barrier [[12.284866333007812, 6.370025634765298, -1.0621749162673924]] [2.1197457313537598, 0.6530659198760986, 1.1142218112945557] 2.9884889761554168 0.4319278597831726
barrier [[1.4081459045410156, 29.237892150878764, 0.10922080278397406]] [2.0799522399902344, 0.5195525884628296, 1.0379869937896729] 0.2938630580902095 0.42789986729621887
barrier [[0.3485488891602131, 31.00444793701149, 0.2462584674358439]] [2.063053607940674, 0.4888644516468048, 1.0732195377349854] 0.5836018323898313 0.4261572062969208
barrier [[25.381484985351676, 48.27104949951152, 0.08306395262480581]] [2.1912012100219727, 0.4638122618198395, 1.0991876125335693] 2.885899845753805 0.4119165241718292
barrier [[41.672164916992244, 32.83440399169905, -0.7436107993125853]] [1.9762742519378662, 0.4401295781135559, 1.060842514038086] -2.0751905441284184 0.38912367820739746
barrier [[16.289299011230526, -14.280021667480682, -2.0078756809234557]] [1.9729993343353271, 0.48521512746810913, 1.0015687942504883] 3.0216696898089808 0.37799519300460815
barrier [[7.351463317871151, -17.709259033203196, -1.8207688331603924]] [1.9200750589370728, 0.7439127564430237, 1.1616694927215576] 3.016254727040426 0.3403110206127167
barrier [[-0.9181289672851562, 32.056755065917926, 0.35248613357544833]] [2.1111223697662354, 0.5061032772064209, 1.0987157821655273] 1.7253726164447232 0.33676061034202576
barrier [[7.019077301025391, -24.285871505737276, -1.9138102531433026]] [2.0906729698181152, 0.7303835153579712, 1.1852962970733643] 2.9163468519793905 0.324161171913147
barrier [[6.855461120605526, -22.45090103149427, -1.8910728693008396]] [2.019594669342041, 0.7941098809242249, 1.1815202236175537] 2.810049358998434 0.31900835037231445
barrier [[1.5464096069335938, 27.233673095702954, 0.026475194841627747]] [2.124606132507324, 0.5095483064651489, 1.0548508167266846] -0.0528786182403569 0.3043021261692047
barrier [[0.8059463500977131, 24.83488464355446, -0.15157455205917092]] [1.9616498947143555, 0.5040228366851807, 1.006157636642456] -0.7105873823165899 0.3000745177268982
barrier [[24.259132385253906, 43.52432250976538, -0.079800844192504]] [2.0527820587158203, 0.49767813086509705, 1.065011978149414] 2.8191385904895228 0.2984233498573303
barrier [[18.230026245117188, -13.504104614258083, -1.9895861148834193]] [2.1029295921325684, 0.47771912813186646, 1.045266032218933] 1.2055364847183232 0.2977355122566223
barrier [[-5.114585876464844, 32.68626403808577, 0.6784070134162956]] [1.9258804321289062, 0.4694744646549225, 1.0729869604110718] 1.6233876387225554 0.29699262976646423
barrier [[-6.898857116699219, 25.08355712890595, 0.25962457060813904]] [1.9711154699325562, 0.5054397583007812, 1.0523511171340942] -1.8375869989395153 0.2901404798030853
barrier [[31.535102844238338, 32.71960449218746, -0.6826847791671726]] [1.994981050491333, 0.49061164259910583, 1.0197861194610596] -1.6523280143737802 0.2852121889591217
barrier [[29.0784530639649, 39.70410156249967, -0.17086547613143743]] [1.9863709211349487, 0.504095733165741, 1.0936875343322754] -1.4233384132385265 0.28430870175361633
barrier [[17.683570861816463, -13.002647399902571, -1.9915764331817627]] [2.0749311447143555, 0.508378803730011, 1.037126064300537] 1.4514271020889284 0.28140902519226074
barrier [[18.274978637695256, -14.05246734619135, -1.9331569671630726]] [2.1254689693450928, 0.4849516451358795, 1.0452193021774292] 0.6524447202682492 0.2744324803352356
barrier [[18.846534729003906, -14.750209808349894, -1.90388989448547]] [2.1654388904571533, 0.46278589963912964, 1.0768988132476807] -0.028812766075134846 0.2646438479423523
barrier [[-6.199115753173771, 32.18171691894524, 0.6139662265777677]] [2.0887913703918457, 0.47390806674957275, 1.0533199310302734] 1.8525846640216275 0.26189881563186646
barrier [[12.052703857421875, 3.379364013671861, -1.1477786302566448]] [2.0238068103790283, 0.6739376783370972, 1.1349992752075195] 2.9007490316974085 0.2593046724796295
barrier [[6.209869384765625, -24.850023269653363, -1.942843437194818]] [2.0238003730773926, 0.7712790369987488, 1.1976451873779297] 2.7948711554156698 0.25914767384529114
barrier [[-3.8841209411621094, 32.59686279296852, 0.6358956098556527]] [2.0315113067626953, 0.5226939916610718, 1.1048520803451538] 1.0215615034103391 0.2565251290798187
barrier [[20.527526855468693, -4.99090194702147, -1.5904537439346207]] [2.0621113777160645, 0.4936120808124542, 1.0571255683898926] 2.4532507101642054 0.2524435520172119
barrier [[17.81433868408203, -14.031509399414404, -1.9372014999389648]] [2.212059736251831, 0.5035264492034912, 1.071246862411499] 1.610532585774557 0.24248729646205902
barrier [[16.620552062988338, -12.192932128906492, -1.8574715852737365]] [1.3022459745407104, 0.7217049598693848, 1.1072328090667725] -1.2460244894027717 0.24133267998695374
barrier [[25.267951965332145, 47.194274902343665, -0.020427003502840435]] [2.0551745891571045, 0.48692065477371216, 1.0964938402175903] 2.839674774800436 0.23682239651679993
barrier [[8.67929840087885, -12.747077941894602, -1.7396991252899117]] [2.059321641921997, 0.7501552104949951, 1.184011697769165] 2.812019173298971 0.2351401448249817
barrier [[-8.635246276855412, 25.93406677246074, 0.28872728347778587]] [1.952332615852356, 0.5237274169921875, 1.0547758340835571] -1.98433804512024 0.22931334376335144
barrier [[7.514865875244141, -19.49248123168954, -1.8677719831466622]] [2.068506956100464, 0.7346442341804504, 1.1868526935577393] 2.8853176275836385 0.225703626871109
barrier [[1.9675407409667969, 27.25821685791, -0.006317024119195658]] [2.0627243518829346, 0.48977115750312805, 1.048893690109253] -0.17590415477752733 0.21988609433174133
barrier [[38.64889526367199, 37.50898742675761, -0.5841956734657252]] [2.1554651260375977, 0.5143803358078003, 1.1039707660675049] -1.9403051137924197 0.21521157026290894
barrier [[27.89083862304699, 43.38288116455075, 0.566282868385322]] [2.482203722000122, 0.4537059962749481, 1.1363461017608643] -3.061186313629151 0.20649230480194092
barrier [[1.5448875427246094, 26.16642761230453, -0.05238013714551126]] [1.763338327407837, 0.5090414881706238, 1.05167818069458] -0.3743946552276618 0.18692123889923096
barrier [[30.448364257812557, 19.6596221923827, -0.8863765597343347]] [2.1562891006469727, 0.5519728064537048, 1.0719703435897827] 2.9315183798419397 0.18625572323799133
barrier [[-12.239620208740234, 35.00077056884764, 0.9302039742469859]] [2.9785470962524414, 0.49380695819854736, 0.941550612449646] -1.7108101844787607 0.18589483201503754
barrier [[8.074272155761662, -18.415809631347884, -1.8173668384551922]] [2.0878496170043945, 0.7121703028678894, 1.1520836353302002] -3.1241998672485356 0.17876484990119934
barrier [[-11.688980102539006, 26.173446655273224, 0.06506271660328]] [1.891010046005249, 0.5331652164459229, 1.0204145908355713] -1.909342885017396 0.17833569645881653
barrier [[23.671264648437557, 42.300834655761506, -0.060060136020182675]] [1.9047088623046875, 0.4631083011627197, 1.0270590782165527] 2.9223004023181356 0.1686440259218216
barrier [[8.452930450439453, -18.938026428222628, -1.7968620061874327]] [2.1003336906433105, 0.6874611377716064, 1.1540145874023438] 2.916839901600973 0.1667051911354065
barrier [[32.23688507080084, 44.76719665527342, 0.016914142295726187]] [2.226006031036377, 0.4935075640678406, 1.1025657653808594] -2.6013860702514653 0.16537398099899292
barrier [[5.506385803222656, -27.87948226928725, -2.0025777816772345]] [1.9918630123138428, 0.7619616985321045, 1.1801202297210693] 2.98084527650942 0.1646043211221695
barrier [[-0.34145355224598006, 32.631286621093665, 0.5043627619743374]] [2.111931324005127, 0.5159699320793152, 1.0890860557556152] 2.9070494810687464 0.1608482301235199
barrier [[24.512695312500057, 46.46611022949206, 0.009473752230411137]] [2.030196189880371, 0.4779094159603119, 1.0746861696243286] 3.100826803837911 0.15459291636943817
barrier [[-0.34427642822265625, 24.667640686034943, -0.13040328025817427]] [2.130683183670044, 0.5644204020500183, 1.0585453510284424] -1.3799335956573497 0.15347391366958618
motorcycle [[-15.982082366943303, 17.524200439453125, -0.08899934589861935]] [0.669373631477356, 1.9518253803253174, 1.2986210584640503] -2.3952836990356454 0.4439496397972107
bicycle [[22.491226196289062, 13.334518432616889, -0.6428985595703116]] [0.6696262359619141, 1.8222447633743286, 1.5080565214157104] -3.0419383049011235 0.3996012806892395
bicycle [[-29.544853210449162, 29.494209289550668, 0.13527254760265794]] [0.6270539164543152, 1.7672109603881836, 1.1358020305633545] 0.05642831325530964 0.25231942534446716
bicycle [[-13.559719085693246, -26.638017654419087, -1.3405106067657444]] [0.4948781728744507, 1.5584114789962769, 1.0691473484039307] -1.701866269111634 0.24129092693328857
bicycle [[27.377426147460994, 45.771980285644204, -0.19816702604293468]] [0.6858855485916138, 1.8752610683441162, 1.3506674766540527] -2.3486564159393315 0.23676246404647827
motorcycle [[19.55793762207037, -35.638912200927905, -1.9020260572433418]] [0.6722087264060974, 1.987704873085022, 1.3101468086242676] 1.2872227430343628 0.20374974608421326
bicycle [[23.549896240234432, -23.63053321838389, -1.8051478862762425]] [0.6826349496841431, 1.7131644487380981, 1.8925397396087646] -1.7293032407760627 0.19328680634498596
bicycle [[20.275680541992244, -5.048885345459084, -1.5539262294769225]] [0.5567799806594849, 1.7321115732192993, 1.1079785823822021] 1.0436259508132935 0.1835600882768631
bicycle [[3.417438507080135, 40.53661346435534, 0.015857987105846405]] [0.659317672252655, 1.7546956539154053, 1.321631669998169] -2.6582951545715336 0.17965178191661835
bicycle [[-5.613388061523381, 32.603385925293054, 0.8652430176735031]] [0.5863420367240906, 1.7082690000534058, 1.1540017127990723] -0.6694025993347172 0.17944464087486267
bicycle [[21.994560241699276, 12.354057312011534, -0.6888356208801207]] [0.6524494886398315, 1.7347644567489624, 1.396912693977356] 1.9721229712115689 0.16492725908756256
motorcycle [[0.8335494995117756, -53.80444335937504, -2.274734735488888]] [0.7389082908630371, 1.908672571182251, 1.5916478633880615] 0.6805113554000854 0.16359275579452515
bicycle [[-12.93887710571289, 34.556945800780994, 0.6656096577644366]] [0.5602637529373169, 1.6473770141601562, 1.1214094161987305] -0.5989255309104927 0.14184269309043884
bicycle [[24.893043518066406, 14.571601867675767, -0.6522651314735324]] [0.6908175945281982, 1.7030069828033447, 1.6126363277435303] 0.5997284650802609 0.1399245709180832
bicycle [[-20.15435409545887, -0.8981475830080115, 0.24572944641113992]] [0.6059377789497375, 1.6150683164596558, 1.258453607559204] -1.861114978790284 0.13778159022331238
motorcycle [[31.31687927246105, 23.027664184570085, -0.8768761157989493]] [0.648771345615387, 1.797546625137329, 1.1835317611694336] -1.2089738845825202 0.1365296095609665
motorcycle [[-3.9179267883300213, 29.48935699462868, 0.7579345703124964]] [0.8829588294029236, 2.236586332321167, 1.408323049545288] -2.9101753234863286 0.13632072508335114
bicycle [[0.2675514221191406, 29.801414489745895, 0.33929899334907887]] [0.5794929265975952, 1.6763114929199219, 1.1451694965362549] 0.19439673423767065 0.12503916025161743
motorcycle [[32.26611328125006, 53.012176513671676, 1.8272205591201764]] [0.7381914854049683, 2.1920337677001953, 1.7721508741378784] 1.298693060874939 0.12221058458089828
motorcycle [[37.37953186035162, 21.35751342773429, -0.7857089042663512]] [0.7171162962913513, 1.808459997177124, 1.797953724861145] -3.009369850158692 0.12089069187641144
motorcycle [[19.0086669921875, -35.144714355468935, -1.8645403385162327]] [0.692999005317688, 1.9734848737716675, 1.2655543088912964] -0.09749257564544736 0.12045809626579285
bicycle [[23.705101013183594, 14.017936706542912, -0.6438212990760741]] [0.6638299226760864, 1.8296376466751099, 1.4252538681030273] -2.867712020874024 0.11901754140853882
motorcycle [[3.3136329650879475, 30.246940612792898, 0.8670839667320305]] [0.6972346305847168, 1.9577170610427856, 1.550244688987732] -1.4408825635910043 0.11117737740278244
bicycle [[4.985397338867301, 29.63494873046858, -0.0011654291301912423]] [0.5768676996231079, 1.7094087600708008, 1.179106593132019] 1.4475318193435671 0.11083513498306274
motorcycle [[16.999969482421875, -12.208480834961122, -1.9108778238296482]] [0.7027950286865234, 1.9738690853118896, 1.2886364459991455] -2.925137042999268 0.1048860251903534
bicycle [[17.60358428955078, -11.676872253417997, -2.0382423400878835]] [0.5414994955062866, 1.6446166038513184, 1.1176048517227173] -3.056785345077515 0.1026267483830452
traffic_cone [[8.62496566772461, -10.566135406494254, -1.7052863836288363]] [0.4537387788295746, 0.4346439242362976, 0.7329753041267395] 2.7441170851336882 0.8668695688247681
pedestrian [[5.102905273437557, 15.215263366699105, -0.4026958942413241]] [0.6208553314208984, 0.6002696752548218, 1.698164939880371] 0.6459702253341675 0.8614771962165833
pedestrian [[-4.608184814453068, -27.159887313842944, -1.5917078256607002]] [0.7139275074005127, 0.6764403581619263, 1.8476619720458984] -2.812008142471314 0.8181394934654236
pedestrian [[3.291290283203125, 15.770736694335852, -0.49351644515990856]] [0.6039503812789917, 0.6252578496932983, 1.5862743854522705] 0.7560020685195923 0.7962795495986938
pedestrian [[4.438468933105526, 25.300895690917642, 0.26609155535698115]] [0.6396132707595825, 0.7213244438171387, 1.7718409299850464] 1.4067677259445188 0.7941005825996399
pedestrian [[23.177787780761776, -3.2644348144531534, -1.4460402727127013]] [0.5684465169906616, 0.6345909237861633, 1.7318801879882812] 1.1695917844772343 0.7868435382843018
pedestrian [[22.610862731933594, -4.569610595703196, -1.411165237426749]] [0.5904739499092102, 0.6451888084411621, 1.7434089183807373] 1.2030194997787478 0.780582845211029
traffic_cone [[8.844757080078125, -9.694305419921918, -1.6944457292556727]] [0.40611615777015686, 0.39986491203308105, 0.7295753955841064] 2.7254775206195276 0.7792743444442749
pedestrian [[24.951354980468807, 0.7228584289547655, -1.3882499933242753]] [0.5894015431404114, 0.630252480506897, 1.7208797931671143] 1.1557029485702517 0.7701902985572815
pedestrian [[23.83184814453125, -3.1592483520507812, -1.43194079399108]] [0.6132521033287048, 0.6660875082015991, 1.7802621126174927] 1.2456411123275757 0.7641568183898926
pedestrian [[4.7373390197754475, 24.1337509155272, 0.21008765697479692]] [0.6408762335777283, 0.728743314743042, 1.7197270393371582] 1.3715504407882686 0.7612289786338806
traffic_cone [[11.081108093261719, 3.354549407958757, -1.2706166505813528]] [0.3842734098434448, 0.3829047381877899, 0.7419136762619019] 3.090846125279562 0.7495784163475037
pedestrian [[-0.6704139709472088, 19.679710388183366, -0.005015233531593388]] [0.682019054889679, 0.6379251480102539, 1.866507887840271] 1.8253448645221158 0.7382730841636658
pedestrian [[3.6632652282714844, 25.382354736328068, 0.2569275796413475]] [0.6472135186195374, 0.7324337959289551, 1.7629826068878174] 1.3918091058731084 0.7372269630432129
pedestrian [[24.274887084960938, 1.0226707458494957, -1.3971456289291284]] [0.5865929126739502, 0.6266981959342957, 1.70082426071167] 1.1468440294265752 0.7372133135795593
pedestrian [[22.084747314453182, -4.348651885986655, -1.4111011028289777]] [0.6058881282806396, 0.6685276031494141, 1.7426540851593018] 1.2346090078353886 0.736473798751831
pedestrian [[-0.17242813110345878, 26.795227050781165, 0.45019042491913286]] [0.6167270541191101, 0.600446879863739, 1.879701852798462] -1.1266170740127575 0.7329512238502502
pedestrian [[22.690971374511776, -2.515243530273736, -1.4002847671508745]] [0.6018455028533936, 0.6685675978660583, 1.7267849445343018] 1.0432997941970825 0.7223315834999084
pedestrian [[4.490928649902401, 28.693847656249773, 0.4301737546920803]] [0.63469398021698, 0.6918677687644958, 1.7641291618347168] 1.3977376222610474 0.6936352849006653
pedestrian [[5.187316894531307, 27.75486755371074, 0.4491738677024877]] [0.6343762874603271, 0.6837433576583862, 1.7818517684936523] 1.4018303155899052 0.686654269695282
pedestrian [[-8.468376159667912, 15.154762268066435, -0.13011309504508084]] [0.6407281756401062, 0.6015022993087769, 1.7467074394226074] 0.4628430604934689 0.6668071150779724
pedestrian [[3.2273406982421875, 28.063835144042955, 0.3846945166587883]] [0.6476333737373352, 0.7360843420028687, 1.809360384941101] -1.5580806732177739 0.6354780197143555
pedestrian [[3.7906875610351562, 28.42930603027318, 0.41680949926377053]] [0.6226447224617004, 0.6822177171707153, 1.7692742347717285] -1.4436430931091315 0.6345073580741882
pedestrian [[-5.7945823669433025, 30.85308074951145, 0.9675318002700788]] [0.6300327777862549, 0.6449928879737854, 1.8052411079406738] -1.0889438390731816 0.6180647611618042
pedestrian [[25.889030456543026, 6.4352493286130965, -1.3679857254028231]] [0.6672933101654053, 0.7151869535446167, 1.7171205282211304] 1.8106592337237761 0.5780572891235352
pedestrian [[23.565277099609432, -23.58990669250508, -1.7251372337341273]] [0.6907427906990051, 0.7884758114814758, 1.848564863204956] -1.6730334758758554 0.5739369988441467
pedestrian [[-13.95872497558588, 10.49513244628892, 0.10493317991495488]] [0.6785880923271179, 0.7359533309936523, 1.7396776676177979] 0.3502420186996459 0.5736767053604126
pedestrian [[23.226242065429744, 13.575233459472528, -0.6853788495063693]] [0.5953665971755981, 0.6231924295425415, 1.7327901124954224] 2.046381775532858 0.5736163854598999
traffic_cone [[9.727672576904354, -9.108718872070426, -1.6957297325134215]] [0.38699570298194885, 0.38627421855926514, 0.7454901337623596] 2.360452953969137 0.5657731294631958
pedestrian [[22.295875549316463, 13.292160034179432, -0.6832309961318934]] [0.6312867403030396, 0.6852248907089233, 1.6972863674163818] 2.131078068410055 0.5421690344810486
pedestrian [[-32.09842300415039, 16.09850311279284, 1.5156999826431345]] [0.6412769556045532, 0.6042882800102234, 1.835565209388733] -2.137660503387452 0.514753520488739
traffic_cone [[9.149662017822322, -9.78738784790059, -1.7109456062316815]] [0.3956356644630432, 0.3893547058105469, 0.7440491914749146] 2.6173022429095667 0.5106117725372314
pedestrian [[34.291709899902344, 4.352134704589574, -1.5589925050735447]] [0.7153098583221436, 0.739162802696228, 1.8053953647613525] 2.6518037954913543 0.4966402053833008
pedestrian [[24.83576965332037, 14.479339599609162, -0.6584615707397408]] [0.6248725652694702, 0.6508252024650574, 1.7277532815933228] 1.60425311723818 0.48720934987068176
traffic_cone [[9.243946075439453, -9.44060516357429, -1.7190744876861457]] [0.41445866227149963, 0.4111221730709076, 0.7378596663475037] 2.6421802679644983 0.4839765727519989
pedestrian [[37.35189819335943, 21.357505798339602, -0.7415083050727871]] [0.6896452903747559, 0.7266148924827576, 1.7840087413787842] -2.941653728485108 0.4237223267555237
pedestrian [[-32.88981628417963, 15.806434631347486, 1.543989062309267]] [0.6205447912216187, 0.5977334976196289, 1.7816119194030762] -0.22290992736816473 0.41639256477355957
pedestrian [[2.9129371643066975, 27.814109802245866, 0.32655259966850814]] [0.5837397575378418, 0.6328094601631165, 1.6300359964370728] -1.5106723308563241 0.4028584063053131
traffic_cone [[2.802509307861385, 27.426330566406165, 0.133470401167874]] [0.41287869215011597, 0.42856746912002563, 1.2073209285736084] -1.1992162466049203 0.3919917345046997
traffic_cone [[1.981391906738338, 26.157279968261506, -0.05271487310528755]] [0.33965256810188293, 0.3357934355735779, 0.8876542448997498] -0.5306510925292975 0.38329648971557617
pedestrian [[22.000823974609375, 12.243041992187258, -0.7081438302993694]] [0.618259608745575, 0.6325186491012573, 1.764930009841919] 2.5554249922381804 0.3660089671611786
traffic_cone [[1.3033599853516193, 25.553581237792798, -0.14606657624244512]] [0.34764134883880615, 0.3423742651939392, 0.7720546722412109] -0.7249628901481635 0.3607168197631836
traffic_cone [[41.67089843750006, 16.682212829589474, -1.7764499187469465]] [0.3501184582710266, 0.3543144166469574, 1.0981601476669312] -3.036608219146729 0.34232398867607117
traffic_cone [[-12.755977630615234, 34.313705444335724, 1.0271073579788261]] [0.3470451235771179, 0.3458132743835449, 1.0132449865341187] -0.9064806699752819 0.3231661021709442
pedestrian [[4.9039154052734375, 28.539123535156136, 0.43413329124451217]] [0.6701010465621948, 0.7397814393043518, 1.7671102285385132] 1.373793959617615 0.31957411766052246
pedestrian [[22.379486083984375, -4.0529594421388, -1.3974287509918168]] [0.6023980379104614, 0.694828987121582, 1.7839001417160034] 1.2188745737075806 0.317672461271286
traffic_cone [[11.228279113769588, 2.7866554260252343, -1.2583177089691135]] [0.3782792389392853, 0.3781087100505829, 0.708794891834259] 2.996228043233053 0.3116759657859802
traffic_cone [[9.155109405517578, -10.457092285156435, -1.6558396816253547]] [0.40381646156311035, 0.3940020203590393, 0.7787429094314575] 2.735130135213034 0.30273744463920593
pedestrian [[3.89384841918951, 28.950569152831903, 0.45628508925438194]] [0.6290944218635559, 0.6965764760971069, 1.765985131263733] -1.2854373455047612 0.29511556029319763
traffic_cone [[34.45999145507818, 31.993576049804602, -0.8357229232787988]] [0.3854105770587921, 0.3835793733596802, 0.9406152963638306] -2.965110778808594 0.2879069745540619
pedestrian [[24.309761047363338, 39.89051818847631, 0.31660470366478144]] [0.6393491625785828, 0.6019107699394226, 1.537878394126892] -2.063393115997315 0.27854734659194946
pedestrian [[23.063995361328182, -3.7241210937501847, -1.4167888164520264]] [0.5957924127578735, 0.6858852505683899, 1.792409896850586] 1.2324339151382446 0.27804088592529297
pedestrian [[0.2707061767578125, 29.752746582031023, 0.3342696130275815]] [0.6193671226501465, 0.6202281713485718, 1.6075488328933716] -1.2163710594177255 0.2670518755912781
pedestrian [[-18.488243103027344, -48.31368255615263, -1.0243535041809064]] [0.6252966523170471, 0.6533219814300537, 1.765550136566162] -0.9876554012298595 0.2540847957134247
pedestrian [[-4.020000457763672, 29.23803710937493, 0.569241404533396]] [0.6559046506881714, 0.6858779788017273, 1.6178563833236694] -2.0442924499511723 0.25139120221138
pedestrian [[22.696540832519588, -3.2442359924317543, -1.4233977794647164]] [0.6154715418815613, 0.7043431997299194, 1.7709308862686157] 1.15526020526886 0.24520528316497803
traffic_cone [[11.541542053222713, 3.282474517822209, -1.185511350631705]] [0.3818751871585846, 0.3829921782016754, 0.8315841555595398] 3.10213286081423 0.24373048543930054
traffic_cone [[11.101402282714844, 3.6181144714353906, -1.2036345005035338]] [0.3492295742034912, 0.3511013984680176, 0.7638554573059082] 3.017862145100729 0.24369068443775177
traffic_cone [[1.6909484863281818, 25.990524291992088, -0.028174865990870934]] [0.38679444789886475, 0.37523511052131653, 0.9097574949264526] -0.8086142539978034 0.24204447865486145
pedestrian [[3.3494071960449787, 29.791252136230213, 0.5591782331466701]] [0.658665120601654, 0.719611644744873, 1.7918208837509155] -1.5734226703643805 0.23361854255199432
pedestrian [[-4.503105163574219, 27.10527038574206, 0.4383125305175879]] [0.6188657283782959, 0.6216403245925903, 1.5351512432098389] 0.4144945144653316 0.2279512584209442
traffic_cone [[11.19651031494152, 2.1901588439940554, -1.2733997106552124]] [0.3663064241409302, 0.3692084550857544, 0.7029563188552856] 3.0076749960528772 0.22780892252922058
pedestrian [[4.580276489257869, 27.980178833007585, 0.4403523206710851]] [0.643454372882843, 0.7240440845489502, 1.771926760673523] 1.303709626197815 0.22174371778964996
traffic_cone [[30.456176757812557, 20.051986694335753, -0.9029085040092424]] [0.3263495862483978, 0.317950963973999, 0.7617179155349731] -3.0474419593811035 0.22114397585391998
traffic_cone [[29.2937469482423, 25.689002990722443, -0.625395655632019]] [0.4100716710090637, 0.4163919687271118, 1.0492169857025146] -2.918192863464356 0.21804456412792206
traffic_cone [[39.46180725097662, 30.994796752929616, -0.9077657461166329]] [0.4252837598323822, 0.4259703457355499, 0.884465754032135] 1.979771916066305 0.21253807842731476
traffic_cone [[11.525413513183594, 2.7395057678222656, -1.1632926464080677]] [0.3579154908657074, 0.3622312843799591, 0.8321101069450378] 3.0126224199878138 0.21050623059272766
pedestrian [[-4.8876495361328125, -26.825265884399556, -1.755810260772698]] [0.6172864437103271, 0.6327940225601196, 1.6316968202590942] -2.915796279907227 0.20839174091815948
pedestrian [[24.325080871582088, 40.35351562499993, 0.3995139896869748]] [0.7220497131347656, 0.7031739950180054, 1.7539012432098389] -1.437833070755006 0.19597439467906952
pedestrian [[-0.27410507202142753, 32.75119781494132, 0.8948224186897331]] [0.6228281855583191, 0.6295586228370667, 1.7251850366592407] -1.095123052597047 0.1939551830291748
traffic_cone [[8.350143432617244, -10.95706176757838, -1.728840470314024]] [0.38915666937828064, 0.3766701817512512, 0.763178825378418] 2.7348228136645716 0.19374695420265198
traffic_cone [[-17.204097747802678, 35.09559631347652, 0.9069000482559293]] [0.36162668466567993, 0.3718821704387665, 0.8265753984451294] -1.1045564413070685 0.19231203198432922
pedestrian [[0.7413101196289631, -53.7144088745119, -2.2005367279052654]] [0.684769868850708, 0.7315365076065063, 1.82403564453125] 0.7624124288558959 0.1870221495628357
traffic_cone [[2.6288871765137856, 26.798347473144446, 0.0031669116579085]] [0.377252995967865, 0.37876585125923157, 1.0596333742141724] -0.6041692495346078 0.18398696184158325
pedestrian [[23.744606018066406, -3.7564353942872373, -1.4387071132659832]] [0.6391511559486389, 0.7235246896743774, 1.7994188070297241] 1.279918313026428 0.18249763548374176
traffic_cone [[9.171127319335938, -11.04368972778326, -1.6826746463775608]] [0.37816277146339417, 0.3684457540512085, 0.7765952944755554] 2.9805954138385213 0.17988745868206024
traffic_cone [[31.12177276611328, 23.096649169921733, -0.935752928256985]] [0.3558347821235657, 0.3627782464027405, 0.798762857913971] -2.7628524303436284 0.1788734644651413
pedestrian [[39.74264526367193, 39.23139953613263, -0.015222152695056224]] [0.7423166036605835, 0.7812766432762146, 1.8945740461349487] -1.5108989477157602 0.17803087830543518
traffic_cone [[44.03199005126953, 18.30802154541003, -1.6958310604095352]] [0.3730853796005249, 0.3749082088470459, 1.0635628700256348] -3.0271062850952153 0.17704950273036957
traffic_cone [[30.307098388671875, -11.17611694335956, -2.3203811645507733]] [0.3423994481563568, 0.35171055793762207, 1.0057120323181152] 1.9203971068011685 0.17609712481498718
pedestrian [[24.730972290039062, 39.94255828857415, 0.5516571998596289]] [0.7257366180419922, 0.713970422744751, 1.8212788105010986] -1.8538058996200566 0.17525556683540344
traffic_cone [[16.113052368164062, -12.143867492675923, -1.9880229234695364]] [0.39519262313842773, 0.38107481598854065, 0.7801351547241211] -2.8183784484863286 0.17271053791046143
traffic_cone [[17.135566711425838, -11.918132781982749, -1.9741237163543648]] [0.3764924705028534, 0.3749491572380066, 0.8181096315383911] 2.1002939383136194 0.16932491958141327
