car [[-5.178028106689453, 15.874801635742173, 0.168763309717189]] [1.9670097827911377, 4.768365383148193, 1.9478315114974976] 2.1886847654925745 0.812095582485199
car [[14.522743225097656, 14.310493469238324, -0.4830246567726011]] [1.8791639804840088, 4.48152494430542, 1.5995235443115234] 1.0265048742294316 0.6978082656860352
car [[41.750312805175724, 9.483882904052756, -1.9685635566711355]] [1.9446368217468262, 4.654720783233643, 1.7096853256225586] 2.921834770833151 0.6014448404312134
car [[-26.68796157836914, 35.783477783203026, 2.0484180450439524]] [1.8619321584701538, 4.351171016693115, 1.623671293258667] -0.22961187362670796 0.2516736686229706
car [[33.978782653808594, 11.707023620605327, -1.4865018129348666]] [1.8976993560791016, 4.366903305053711, 1.6394813060760498] 2.9103098551379607 0.24390912055969238
car [[47.744232177734375, 8.144241333007749, -2.2352633476257324]] [1.90648353099823, 4.379317283630371, 1.6659319400787354] 2.989351097737448 0.2397245317697525
car [[-10.463459014892635, 33.3755187988279, 1.8487969636917114]] [1.9597773551940918, 4.6316986083984375, 1.7051057815551758] -0.1083252429962148 0.2376057356595993
car [[-21.9241104125976, 49.51264190673811, 2.788130044937139]] [1.9198639392852783, 4.497437953948975, 1.718042016029358] 2.826787773762839 0.22634357213974
car [[-0.26714324951171875, 30.822586059570312, 1.0047249794006454]] [2.0009188652038574, 4.680229187011719, 2.0397424697875977] -0.2128496170043932 0.22135783731937408
car [[-14.02421951293951, 33.81863403320311, 1.7170479297638028]] [1.9500387907028198, 4.576691150665283, 1.693496823310852] 3.0365360418902805 0.21718746423721313
car [[-17.187702178955078, 33.9110794067381, 1.491132497787481]] [1.8742070198059082, 4.385981559753418, 1.5906243324279785] 2.9906113783465793 0.19715335965156555
car [[-1.5271568298339275, 35.12390899658202, 1.4937686920166122]] [1.9453458786010742, 4.4928789138793945, 1.6818766593933105] 0.08501863479614352 0.1914488822221756
car [[-21.845672607421818, 39.46393585205064, 2.6699318885803276]] [2.3740575313568115, 6.249675273895264, 2.40556001663208] -0.22438514232635404 0.1914251446723938
car [[42.948326110839844, 17.156364440917855, -1.4182177782058698]] [1.91291081905365, 4.467789649963379, 1.6742939949035645] -3.0365352630615225 0.18288971483707428
car [[27.932067871093807, 22.886787414550803, -0.20465874671936035]] [1.985901117324829, 4.884310722351074, 1.990623116493225] 0.3995252847671515 0.15750867128372192
car [[-6.392353057861328, 36.97704315185548, 2.6677072048187362]] [1.8098698854446411, 4.213576316833496, 1.6493415832519531] 1.3309434652328496 0.15732023119926453
car [[39.32438659667969, 41.03393554687503, 0.5112355947494667]] [1.9611237049102783, 4.587745666503906, 1.7115285396575928] -2.9290199279785147 0.14353503286838531
car [[-35.116310119628906, 35.679672241210866, 2.233205318450935]] [1.9316205978393555, 4.440340042114258, 1.70063054561615] -1.6510776281356798 0.14065121114253998
car [[-34.516700744628906, 9.293029785156321, 1.3814107179641866]] [2.0048718452453613, 4.623445987701416, 1.7496733665466309] -3.0378122329711905 0.1404048502445221
car [[27.788681030273438, 53.15278625488281, 0.7663212418556338]] [1.936253547668457, 4.427746772766113, 1.7755340337753296] 1.220665574073792 0.12199492752552032
car [[-2.0497093200683594, 33.27673339843746, 1.35094344615937]] [1.9218019247055054, 4.471629619598389, 1.6907546520233154] -0.6855596899986252 0.12083639204502106
car [[-3.286418914794922, 36.244735717773395, 1.9552540779113823]] [1.8787508010864258, 4.3755035400390625, 1.6486058235168457] 1.5889971891986299 0.11395470798015594
car [[53.12377166748047, 52.63541412353526, 1.9535917043686002]] [2.0345304012298584, 4.939606189727783, 1.9345829486846924] 3.1369674841510227 0.11008084565401077
car [[-7.479358673095646, 41.64909362792979, 3.285511016845714]] [1.9417858123779297, 4.516876220703125, 1.6976701021194458] 2.8241432348834445 0.10696427524089813
car [[-22.506515502929744, 34.540939331054645, 1.6797220706939804]] [1.8360708951950073, 4.3865227699279785, 1.556771993637085] 0.2550195455551155 0.10550212115049362
car [[-35.66968536376959, 52.611564636230526, 3.0662326812744265]] [2.025759696960449, 4.771310806274414, 1.8461976051330566] -0.17339026927947915 0.10039475560188293
truck [[-8.111309051513558, -30.87199974060077, -1.2882933616638184]] [2.7722363471984863, 9.94915771484375, 3.380117177963257] 1.4255105257034302 0.8731806874275208
truck [[-10.996223449707088, 37.002029418945355, 2.7800679206848287]] [2.840372085571289, 9.756037712097168, 3.5190443992614746] -0.1779550313949572 0.7304970026016235
truck [[26.126243591308594, 45.395118713378785, 0.7892492413520866]] [2.195704936981201, 5.294989109039307, 2.6862895488739014] -1.8680419921874984 0.709978461265564
construction_vehicle [[-5.817142486572209, 24.06960296630858, 1.3832771778106814]] [2.7333974838256836, 4.070557594299316, 2.858003616333008] -0.46130871772766 0.7088053822517395
truck [[-21.881912231445312, 39.474639892577954, 2.8065412044525164]] [2.3584728240966797, 6.343373775482178, 2.5197346210479736] -0.25118982791900496 0.6269044280052185
truck [[27.927513122558594, 22.849632263183565, -0.2806054651737089]] [1.9320068359375, 4.940701484680176, 1.9668340682983398] 0.41806590557098433 0.6203278303146362
construction_vehicle [[30.151763916015568, 41.72692108154301, 0.47748994827271574]] [2.7452142238616943, 5.235096454620361, 2.9540586471557617] -1.5271897315978982 0.3732163906097412
construction_vehicle [[27.30809020996088, 52.49478912353518, 1.0201268196106028]] [1.7115219831466675, 3.317310094833374, 2.3676705360412598] 1.1493777036666875 0.21811804175376892
truck [[47.114433288574276, -33.367362976074105, -2.008349895477288]] [2.6437432765960693, 6.953426361083984, 3.171208381652832] -2.2910013198852526 0.2013304978609085
construction_vehicle [[-35.12429046630854, 36.25962829589852, 2.439049243927009]] [2.216165065765381, 4.238129615783691, 2.485081434249878] -1.4829263687133771 0.16132132709026337
construction_vehicle [[42.30341339111328, 34.57639312744136, 0.622519552707681]] [2.363851547241211, 3.7673611640930176, 2.950680732727051] -2.89420986175537 0.1286783218383789
construction_vehicle [[52.529930114746094, 53.04548645019528, 1.8678662776947093]] [2.780937433242798, 5.483982086181641, 2.9624087810516357] 3.080463472996848 0.11603119969367981
truck [[41.79228210449213, 9.488761901855504, -2.0217480659484774]] [1.9801218509674072, 4.966282844543457, 1.8006887435913086] 2.903160874043601 0.10633482784032822
truck [[-22.4944744110108, 49.65219116210932, 3.0125565528869753]] [2.0093140602111816, 4.849493980407715, 2.0029003620147705] 2.927462879811423 0.10133383423089981
bus [[6.949054718017578, 50.652931213378906, 2.1868164539337247]] [3.439676284790039, 12.126425743103027, 3.6679811477661133] 0.5318192243576056 0.1941935271024704
bus [[37.52708435058594, 47.60953521728512, 2.445444583892826]] [2.8269033432006836, 11.691383361816406, 3.676727294921875] 0.018110036849976675 0.182627335190773
trailer [[-38.11251068115246, 53.7806777954101, 3.417759895324716]] [3.0063180923461914, 12.83660888671875, 3.9237051010131836] -0.13219809532165397 0.13135802745819092
bus [[33.40301513671875, 50.70186614990238, 2.846598386764546]] [2.77799654006958, 9.365245819091797, 3.4064714908599854] -1.6507411003112775 0.11701912432909012
bus [[3.2536964416503906, 48.25230407714821, 2.0551049709320086]] [3.3710625171661377, 11.331446647644043, 3.553746223449707] -1.6320779323577863 0.11221841722726822
barrier [[-1.4824371337891193, 21.465797424316207, -0.047474056482309734]] [2.130796432495117, 0.4835255444049835, 1.0901505947113037] -1.8382720947265607 0.8426073789596558
barrier [[0.5129318237304688, 21.282058715820114, -0.06466670334338609]] [2.1013412475585938, 0.5010562539100647, 1.100311517715454] -1.4559552669525129 0.8264195919036865
barrier [[10.949630737304688, -5.159187316894403, -1.6123477220535172]] [2.0133705139160156, 0.657355010509491, 1.0992997884750366] 2.955027405415671 0.8230652213096619
barrier [[-3.7630157470702557, 21.950492858886776, 0.17052061855793532]] [2.1019606590270996, 0.44524523615837097, 1.0791287422180176] -1.739479184150694 0.7990051507949829
barrier [[7.5560646057129475, -15.711746215820241, -1.9475834369659388]] [2.2018375396728516, 0.7026894688606262, 1.1760518550872803] 2.905723873768942 0.7784326672554016
barrier [[10.569183349609432, -7.104412078857578, -1.6391265392303378]] [2.0358073711395264, 0.6108770370483398, 1.070768117904663] 2.988495175038474 0.7659414410591125
barrier [[11.904365539550838, 3.2510986328124574, -1.2626383304595983]] [2.0888831615448, 0.5925753116607666, 1.0818123817443848] 2.8862622419940402 0.7579249739646912
barrier [[11.306198120117244, -3.2610092163087074, -1.5334150791168195]] [1.9394898414611816, 0.6487994194030762, 1.1136021614074707] 2.965915981923239 0.7536646723747253
barrier [[7.08460617065424, -17.797393798828125, -1.9957497119903511]] [2.061892509460449, 0.6695930361747742, 1.1552938222885132] 2.9085810820208957 0.7498464584350586
barrier [[8.658363342285213, -15.329074859619169, -1.9564008712768484]] [1.9912183284759521, 0.6531029939651489, 1.0842618942260742] 2.912221256886618 0.6942170858383179
barrier [[11.520416259765682, 1.3586769104002343, -1.3500676155090332]] [2.077833890914917, 0.6862024664878845, 1.1497975587844849] 2.9311962763415744 0.6812082529067993
barrier [[25.48044586181635, 36.94074249267571, -0.13920004665850527]] [2.2096986770629883, 0.5580605864524841, 1.1770341396331787] -3.076192617416381 0.6768746376037598
barrier [[9.1480331420899, -13.454944610595717, -1.9138015508651716]] [2.0146701335906982, 0.5656567811965942, 1.0100367069244385] 2.9033449331866668 0.6563916206359863
barrier [[11.673133850097713, -1.418643951416172, -1.451274394989012]] [1.9488805532455444, 0.6477680802345276, 1.1143916845321655] 2.9595912138568328 0.6562821269035339
barrier [[26.655120849609318, 35.22663116455075, -0.3733163177966947]] [2.243305206298828, 0.530335545539856, 1.1341428756713867] -1.9070550203323349 0.6443050503730774
barrier [[6.717693328857479, -19.589561462402287, -2.0580110549926722]] [1.9033145904541016, 0.6970134973526001, 1.1055076122283936] 2.950066630040305 0.6332366466522217
barrier [[5.802299499511776, -23.5759410858155, -2.174575328826892]] [1.8817613124847412, 0.6908371448516846, 1.1115702390670776] 2.935721699391501 0.6242902874946594
barrier [[5.32487869262701, -25.367174148559542, -2.199149847030638]] [1.9301881790161133, 0.7014057636260986, 1.1444649696350098] 2.885396305714743 0.6170827150344849
barrier [[4.912986755371151, -27.19091224670413, -2.2751133441924978]] [2.064434289932251, 0.7547873854637146, 1.1958848237991333] 2.8612216154681613 0.6155834794044495
barrier [[6.1981544494629475, -21.77521896362296, -2.142298936843865]] [1.9268393516540527, 0.7134156227111816, 1.1550410985946655] 2.9418132940875457 0.6144005656242371
barrier [[-9.419071197509766, 23.479835510253807, 0.3863382637500763]] [2.077777624130249, 0.5519475340843201, 1.0809552669525146] -1.7803847789764389 0.607358455657959
barrier [[4.312732696533203, -29.108386993408246, -2.3585078716277987]] [2.0169644355773926, 0.7327477931976318, 1.1659947633743286] 2.908457104359763 0.604783833026886
barrier [[12.173576354980469, 0.8833084106445455, -1.3705393075942869]] [2.1202635765075684, 0.6709765195846558, 1.165252447128296] 2.9184539953814914 0.6013166904449463
barrier [[29.020751953125057, 34.99007415771486, -0.66656702756881]] [2.13763689994812, 0.5142767429351807, 1.0900940895080566] -1.3791208267211896 0.5983942151069641
barrier [[26.021743774414006, 39.30956268310554, -0.019968854263410662]] [2.0896291732788086, 0.5007048845291138, 1.1186023950576782] 2.7369669119464324 0.5754789710044861
barrier [[3.225605010986442, -33.29051589965823, -2.4712722301483137]] [1.9673701524734497, 0.6433286666870117, 1.1401557922363281] 2.920904223118918 0.5573890805244446
barrier [[3.7177162170410725, -31.41869735717779, -2.3842527866363454]] [1.952185869216919, 0.70916348695755, 1.1597074270248413] 2.916967217122214 0.5454777479171753
barrier [[2.8073768615723793, -35.12925720214858, -2.5217835903167725]] [1.9049079418182373, 0.5962035059928894, 1.068070650100708] 2.9501341024981906 0.5184841156005859
barrier [[5.603939056396598, -29.09616470336924, -2.336458444595335]] [2.194957971572876, 0.6928684711456299, 1.1634275913238525] 2.927923266087668 0.5111386775970459
barrier [[31.010093688964844, 35.28863525390602, -0.7427155971527046]] [2.0214684009552, 0.46995753049850464, 1.0501737594604492] -1.4411591291427592 0.4943089485168457
barrier [[26.76994323730463, 41.66825103759757, -0.014319455251085245]] [2.0502755641937256, 0.4952484667301178, 1.0948920249938965] 2.8918550650226047 0.4845666289329529
barrier [[-5.705303192138615, 22.435356140136605, 0.45188599824906106]] [1.9772605895996094, 0.4851331114768982, 1.0662391185760498] -1.8690260648727401 0.48002028465270996
barrier [[-0.8521385192871094, 29.300094604492116, 0.4722952544689285]] [2.0580482482910156, 0.4638630747795105, 1.0774437189102173] 1.347180962562561 0.47634100914001465
barrier [[2.0568389892578125, 22.542404174804744, -0.030439369380466985]] [2.022003650665283, 0.4829830825328827, 1.0481758117675781] -0.436833024024962 0.46680575609207153
barrier [[2.5344276428223225, 26.572570800781108, 0.18838270008564706]] [2.1133005619049072, 0.5137141942977905, 1.0537948608398438] 0.3014618158340463 0.4541434049606323
barrier [[8.058788299560547, -15.817371368408473, -1.9794511795043945]] [2.1139302253723145, 0.7396538853645325, 1.1886135339736938] 2.7956257502185275 0.4506412148475647
barrier [[1.4130592346191975, 28.35945892333973, 0.34155511856079634]] [2.1516995429992676, 0.48300397396087646, 1.1041984558105469] 0.6397651433944707 0.44664648175239563
barrier [[2.523250579834041, -36.81746673583983, -2.5808477401733345]] [2.1620426177978516, 0.6252458095550537, 1.002773404121399] 2.939682308827536 0.42786887288093567
barrier [[27.384674072265568, 43.5245590209959, 0.04331184178591663]] [2.0294806957244873, 0.49361491203308105, 1.0786216259002686] 2.793872181569235 0.425763338804245
barrier [[15.523902893066406, -18.115737915039176, -2.4828815460205025]] [2.4179532527923584, 0.56016606092453, 1.0739957094192505] 2.9402621428119113 0.4230402112007141
barrier [[-4.493160247802734, 29.71467590332044, 0.768475890159614]] [1.9994274377822876, 0.4856075942516327, 1.0543670654296875] 1.694532696400778 0.40651535987854004
barrier [[12.685844421386719, 2.7142524719237286, -1.2928204536437917]] [2.0973145961761475, 0.6215645670890808, 1.1129252910614014] 2.9365235010730197 0.4049340784549713
barrier [[43.36279296874994, 27.93900299072275, -1.1357626914977939]] [2.099687337875366, 0.49709123373031616, 1.0855857133865356] -2.1186234951019274 0.3809391260147095
barrier [[32.6742324829101, 35.638206481933544, -0.6879853606223936]] [2.037071466445923, 0.49465420842170715, 1.093784213066101] -1.3957351446151716 0.37244850397109985
barrier [[41.2534561157226, 29.28684234619142, -1.09134244918822]] [2.195446252822876, 0.5249917507171631, 1.117574691772461] -2.2221658229827868 0.3620598316192627
barrier [[5.820243835449276, -27.342233657836857, -2.272368431091307]] [2.064608573913574, 0.7450855374336243, 1.1709692478179932] 2.9071448485003875 0.3429478406906128
barrier [[6.34922027587902, -25.51027107238785, -2.196502208709715]] [2.0754234790802, 0.729883074760437, 1.1650885343551636] 2.9291880766498015 0.3293510973453522
barrier [[-2.6348953247070312, 29.753440856933494, 0.6403720378875786]] [2.0023908615112305, 0.5080493092536926, 1.0928512811660767] 1.3716298341751103 0.3285146653652191
barrier [[35.11940002441412, 39.193511962890454, -0.07535894960164669]] [2.127755880355835, 0.5021133422851562, 1.0993940830230713] -2.8772292137145983 0.32727277278900146
barrier [[1.6707305908203693, 22.501075744628807, -0.034076474606980156]] [2.100656032562256, 0.5004141926765442, 1.0476670265197754] -0.4025328159332261 0.3167133033275604
barrier [[35.281974792480526, 38.87847900390613, -0.12769369781016238]] [2.129544734954834, 0.5026772618293762, 1.0942153930664062] 1.9394782225238247 0.29281583428382874
barrier [[39.95436096191412, 30.436141967773253, -0.9916223883628845]] [1.9663498401641846, 0.4805598258972168, 1.0796184539794922] -2.4238131046295153 0.29228687286376953
barrier [[34.30342102050781, 40.42746734619144, 0.06982809305192106]] [2.534463882446289, 0.5931775569915771, 1.1471076011657715] -2.5779790878295885 0.2859961688518524
barrier [[5.67534255981451, -26.016691207885657, -2.2066218852996773]] [2.002732276916504, 0.7537746429443359, 1.17730712890625] 2.8491223494159152 0.2697431147098541
barrier [[-7.464412689208984, 23.10372924804676, 0.4982060790061986]] [1.9921751022338867, 0.5565211176872253, 1.093601107597351] -1.8736791610717753 0.26663875579833984
barrier [[35.14139556884771, -20.256042480468743, -1.8137568235397232]] [1.9329646825790405, 0.45651888847351074, 1.0143215656280518] 1.7051313559161587 0.26400309801101685
barrier [[2.5369186401367188, 22.621719360351648, -0.03251139819621329]] [1.9858593940734863, 0.42886513471603394, 1.046349048614502] -0.6488813757896404 0.25092437863349915
barrier [[5.114658355713004, -30.836635589599652, -2.35064029693603]] [2.1009726524353027, 0.6764277815818787, 1.135974645614624] 2.9071276823626926 0.24730683863162994
barrier [[-5.088600158691349, 29.302711486816165, 0.6691073179245048]] [2.042715549468994, 0.46224895119667053, 1.0730856657028198] 1.4084888696670532 0.23972958326339722
barrier [[27.881515502929688, 45.19875335693369, 0.09720127284527891]] [2.0948822498321533, 0.5020860433578491, 1.0603570938110352] 2.9081752935992644 0.23730114102363586
barrier [[6.810062408447379, -23.667661666870075, -2.178217887878409]] [2.0858495235443115, 0.6993660926818848, 1.1511259078979492] 2.9232538382159636 0.237001433968544
barrier [[15.909538269043082, -19.975017547607635, -2.6340789794921893]] [2.108898639678955, 0.48339730501174927, 1.0401771068572998] -2.556280374526976 0.23565170168876648
barrier [[-3.8946571350098225, 30.033164978027216, 0.8233036398887634]] [2.022611379623413, 0.5045146346092224, 1.0653976202011108] 1.587386910115377 0.23360683023929596
barrier [[2.1879653930664062, -38.044788360595604, -2.665496826171868]] [1.9779274463653564, 0.5580528974533081, 0.9690333008766174] 2.984277550374167 0.22170527279376984
barrier [[20.12885284423828, -8.763576507568324, -1.990453720092768]] [1.9779870510101318, 0.494165301322937, 1.0497009754180908] 2.4793160597430632 0.2215844988822937
barrier [[17.672080993652344, -18.336147308349666, -2.481843471527089]] [2.155794382095337, 0.5212405323982239, 1.0588421821594238] 0.3254570960998544 0.21985718607902527
barrier [[39.958038330078125, 34.97868347167973, -0.3520891368389023]] [2.191196918487549, 0.4858856201171875, 1.0669933557510376] -1.5710825920104963 0.2166488766670227
barrier [[4.363727569580135, -30.20547866821282, -2.385509014129628]] [2.0871963500976562, 0.7445321083068848, 1.1702919006347656] 2.8006013075457976 0.2137054204940796
barrier [[-10.949356079101562, 23.77242279052733, 0.46186509728432235]] [1.9856791496276855, 0.5210749506950378, 1.0470294952392578] -1.897910594940184 0.20888787508010864
barrier [[2.151729583740291, -39.836578369140696, -2.802895545959476]] [2.248832941055298, 0.6070017218589783, 0.838037371635437] 3.1176241079913547 0.1951611042022705
barrier [[6.904441833496151, -21.895488739013743, -2.130417108535763]] [2.0201056003570557, 0.7528436183929443, 1.1724932193756104] 2.968367640172141 0.19138334691524506
barrier [[2.7139091491699787, 24.26680755615216, 0.05081069841981645]] [2.0747029781341553, 0.43019333481788635, 1.0393794775009155] -0.1318026781082144 0.18304188549518585
barrier [[15.91566467285162, -15.768013000488324, -2.292070865631093]] [1.0378735065460205, 0.6908091306686401, 1.1346664428710938] -0.6454473137855516 0.1824112832546234
barrier [[43.380119323730526, 28.323638916015668, -1.1203978061675937]] [2.1708343029022217, 0.5720399618148804, 1.1133878231048584] -2.093748092651366 0.18197917938232422
barrier [[5.1366004943848225, -28.515773773193445, -2.3094091415405256]] [2.037365436553955, 0.7397382855415344, 1.1559011936187744] 2.774737421666281 0.18096208572387695
barrier [[-2.719329833984375, 30.122444152831903, 0.7744581103324943]] [2.0050010681152344, 0.5132278203964233, 1.0916950702667236] 1.407633900642395 0.178176611661911
barrier [[-1.990741729736385, 29.364234924316477, 0.518318414688121]] [2.074812889099121, 0.4830642640590668, 1.0856983661651611] 1.4196306467056274 0.17779123783111572
barrier [[-29.141529083251953, 31.932128906249787, 1.2263244390487706]] [3.0886788368225098, 0.5695995688438416, 0.9320628643035889] -1.7277207374572736 0.17628058791160583
barrier [[18.297958374023494, -17.785072326660213, -2.5079116821288974]] [2.1194424629211426, 0.4960702061653137, 1.0655367374420166] 0.6048983335495002 0.1700798124074936
barrier [[-21.86400985717779, 48.75762939453104, 2.6579389572143555]] [2.7369894981384277, 0.4995247721672058, 1.0073552131652832] -1.7911243438720688 0.1684107482433319
barrier [[18.172035217285156, -18.232933044433636, -2.5266473293304443]] [2.2204818725585938, 0.5142954587936401, 1.0790135860443115] 0.44400441646575994 0.16815738379955292
barrier [[25.894973754882812, 36.90287780761729, -0.13862204551695356]] [2.2417185306549072, 0.6171532273292542, 1.1603447198867798] -3.027845859527587 0.16610631346702576
barrier [[43.419013977050724, 29.120719909667955, -1.0793451070785416]] [2.213071346282959, 0.5227574110031128, 1.100075364112854] -2.909494400024413 0.1643788367509842
motorcycle [[-15.174209594726506, 15.287948608398196, 0.5756103992462158]] [0.7236690521240234, 2.0506997108459473, 1.3393059968948364] -0.7467378377914413 0.8200945258140564
bicycle [[22.647811889648438, 9.303386688232429, -1.1589218378066928]] [0.6794304847717285, 1.7855560779571533, 1.5495413541793823] 3.047146622334616 0.46496573090553284
bicycle [[-13.497875213623047, -2.6124916076661293, -0.8525593876838631]] [0.4641879200935364, 1.4583897590637207, 1.0879123210906982] -1.3049546480178815 0.2624284327030182
bicycle [[23.59270477294922, 9.379444122314538, -1.1919662952423025]] [0.6495838761329651, 1.7028709650039673, 1.4469094276428223] 1.6676095167743132 0.2615620791912079
bicycle [[25.600921630859375, 10.551948547363196, -1.1001886129379237]] [0.6793373227119446, 1.7101258039474487, 1.6685575246810913] 1.4906357526779175 0.25352269411087036
bicycle [[22.568473815917912, 8.792598724365305, -1.148690700530997]] [0.6572290658950806, 1.7343878746032715, 1.4902106523513794] -2.9996323585510245 0.24653485417366028
motorcycle [[38.62397003173828, 16.944694519042883, -1.152150750160212]] [0.7626410722732544, 1.9507572650909424, 1.799605369567871] 0.2659837007522591 0.21176128089427948
bicycle [[20.106666564941463, -8.714069366455085, -1.9137352705001742]] [0.582522451877594, 1.6943202018737793, 1.1415867805480957] -0.32728612422942976 0.1961592733860016
bicycle [[-19.493217468261662, -26.73163795471207, -0.8266990780830348]] [0.6534463167190552, 1.6690797805786133, 1.738541841506958] 1.0203028917312622 0.1863068789243698
bicycle [[-5.891838073730469, -29.813558578491268, -1.8653156757354665]] [0.7891225218772888, 1.387129545211792, 1.8620593547821045] -2.046498060226439 0.1815604418516159
motorcycle [[29.55976104736328, 41.24102020263658, 0.10646529495716806]] [0.7293217778205872, 1.9638769626617432, 1.3670471906661987] 2.1070187727557586 0.1804889738559723
bicycle [[22.52760314941412, 8.172763824462734, -1.1353744268417305]] [0.587169885635376, 1.6510939598083496, 1.4137969017028809] 1.964528862630026 0.1746601164340973
motorcycle [[33.19232940673828, 11.11267089843755, -1.7305721044540316]] [0.783025860786438, 2.255781650543213, 1.3469877243041992] -0.1936075687408436 0.1718554049730301
motorcycle [[17.54267120361328, -18.290557861328082, -2.3407049179077113]] [0.6649423837661743, 1.9582831859588623, 1.2665035724639893] 2.1651371161090296 0.17001822590827942
bicycle [[-9.107803344726562, -18.765903472900305, -1.569905996322623]] [0.6213379502296448, 1.6938365697860718, 1.1369136571884155] -0.8723000288009629 0.16908542811870575
bicycle [[30.93090057373047, 21.373672485351364, -0.6335869431495613]] [0.6224669218063354, 1.7046674489974976, 1.163964033126831] 3.10046106973757 0.16608686745166779
bicycle [[53.660369873046875, -3.325679779052628, -2.8784608840942276]] [0.7123768329620361, 1.9244598150253296, 1.785818099975586] -0.4949113130569444 0.16476698219776154
bicycle [[-7.973739624023381, -35.178298950195355, -0.892782568931576]] [0.7504624128341675, 1.9050333499908447, 1.4726406335830688] -1.7173395156860336 0.15879662334918976
bicycle [[2.6987152099609375, 23.649856567382656, 0.27314978837967274]] [0.560405969619751, 1.6490566730499268, 1.2425405979156494] -1.3502476215362529 0.15319283306598663
motorcycle [[4.965301513671875, 33.82122039794908, 0.14211378991604562]] [0.666284441947937, 1.9275034666061401, 1.2419037818908691] -2.204994916915892 0.15265971422195435
bicycle [[6.396564483642578, 27.386619567870895, 0.5481710433960032]] [0.6730231046676636, 1.2509377002716064, 1.7516402006149292] 1.394020915031433 0.1456415355205536
bicycle [[-13.895717620849553, -2.1511802673341833, -0.768635034561159]] [0.5680551528930664, 1.6821125745773315, 1.1383322477340698] 0.9864739179611207 0.14097344875335693
bicycle [[1.6475639343261719, 26.80558776855456, 0.4061852991580981]] [0.5661584138870239, 1.6212611198425293, 1.1727162599563599] -0.8064285516738876 0.1239243596792221
bicycle [[32.652313232421875, -18.445648193359332, -1.158795475959769]] [0.625202476978302, 1.7952483892440796, 1.2390791177749634] -0.05551755428314115 0.11791807413101196
bicycle [[25.058250427246094, 10.455474853515582, -1.0906770229339475]] [0.720846951007843, 1.8865717649459839, 1.5564370155334473] 1.575234715138571 0.11648841947317123
motorcycle [[-13.546745300292969, 24.830505371093565, 0.3485213816166013]] [0.5981228351593018, 1.7440649271011353, 1.1734248399734497] -0.7854427695274336 0.11365221440792084
bicycle [[20.5657577514649, -8.203613281250156, -1.8426945209503156]] [0.5124895572662354, 1.6118559837341309, 1.0938383340835571] 3.127803627644675 0.11240619421005249
bicycle [[25.965721130371094, 2.7912979125975, -1.615565538406365]] [0.6162861585617065, 1.6092870235443115, 1.655625343322754] 1.7668317000018519 0.11123611032962799
motorcycle [[-17.798702239990178, -42.22829437255848, -1.4080255031585622]] [0.6999235153198242, 1.9540519714355469, 1.3348209857940674] -2.0888376235961896 0.10919228196144104
bicycle [[-18.934776306152344, 14.697959899902358, 0.6807839870452987]] [0.5430036187171936, 1.6246768236160278, 1.092458963394165] 1.6939390341388147 0.10900095850229263
bicycle [[6.336006164550781, 25.052940368652386, 0.46902477741242343]] [0.6106649041175842, 1.669995665550232, 1.5321011543273926] -1.4294565916061384 0.10636064410209656
bicycle [[24.218353271484375, 9.86199569702137, -1.2344884872436452]] [0.6461473703384399, 1.7638733386993408, 1.3532483577728271] 2.2647360006915496 0.10546521842479706
bicycle [[-19.963062286376896, -26.756952285766545, -0.8160548210143936]] [0.7023268938064575, 1.711503505706787, 1.7363266944885254] 1.4882885217666622 0.1030566617846489
bicycle [[12.301544189453125, -43.51597595214854, -1.1052985191345215]] [0.6701397895812988, 1.744483470916748, 1.5850802659988403] 1.9174354712115687 0.10200104862451553
motorcycle [[-21.225143432617188, 24.215072631835923, 0.3006387352943527]] [0.7186602354049683, 2.059701919555664, 1.3655155897140503] -1.1158783435821515 0.10170011222362518
pedestrian [[5.7365684509276775, 22.596092224121108, 0.27804771065712863]] [0.6717885136604309, 0.7812133431434631, 1.815428376197815] 1.3041859865188596 0.8400068879127502
pedestrian [[5.727344512939453, 12.099205017089801, -0.46398398280142494]] [0.6507226824760437, 0.6347314715385437, 1.722777247428894] 0.8233906030654913 0.8202553987503052
pedestrian [[0.2342987060546875, 16.69562530517571, 0.08392518013716632]] [0.6891427040100098, 0.6398530006408691, 1.8658239841461182] 2.2795966307269495 0.8141593933105469
pedestrian [[4.375240325927734, 24.382041931152358, 0.44085681438446755]] [0.6898676156997681, 0.795923113822937, 1.8659465312957764] -1.684167861938475 0.776303768157959
traffic_cone [[8.027156829833984, -13.918884277343778, -1.971574664115904]] [0.4471174478530884, 0.43444111943244934, 0.7474927306175232] 2.676363293324606 0.7685413360595703
pedestrian [[6.175441741943359, 21.66119384765625, 0.25719344615936635]] [0.6780378818511963, 0.7990683317184448, 1.7912006378173828] 1.213648438453674 0.7671530246734619
pedestrian [[-12.851715087890568, 8.25479507446289, 0.37686577439309055]] [0.7193710207939148, 0.8335082530975342, 1.813378095626831] 0.14366304874420244 0.7543432712554932
pedestrian [[5.0415306091308025, 22.718315124511747, 0.25798359513283664]] [0.670987069606781, 0.7624847888946533, 1.8053077459335327] 1.2539960145950322 0.747372567653656
pedestrian [[22.067291259765682, -7.632053375243977, -1.7338794469833285]] [0.6126327514648438, 0.6781337857246399, 1.7551847696304321] 1.0561257600784302 0.7416322231292725
pedestrian [[-5.873489379882756, -29.81641006469731, -1.8384809494018501]] [0.7199732065200806, 0.704662561416626, 1.8549166917800903] -2.7074780464172354 0.7414116859436035
pedestrian [[4.1443023681640625, 12.795730590820085, -0.466333925724026]] [0.6414978504180908, 0.6593283414840698, 1.6599042415618896] 0.7459970712661746 0.7354198694229126
pedestrian [[25.03521728515625, -2.675685882568523, -1.7689456939697283]] [0.6019890904426575, 0.6418561935424805, 1.733304738998413] 1.1235762834548957 0.7293362617492676
pedestrian [[1.0310134887695312, 23.790466308593707, 0.503662824630748]] [0.5952836871147156, 0.5649797916412354, 1.8569505214691162] -1.2218749523162826 0.7284896969795227
pedestrian [[4.563358306884766, 26.15774536132804, 0.5962798595428485]] [0.6617888808250427, 0.7530630230903625, 1.8688714504241943] -1.5485740900039655 0.72651606798172
pedestrian [[22.69441223144537, -8.060379028320327, -1.7740077972412056]] [0.6006419658660889, 0.6590787172317505, 1.7488534450531006] 1.0639587640762334 0.7021082639694214
pedestrian [[-7.857582092285156, 12.482162475586023, 0.09178972989321821]] [0.6883974075317383, 0.7016804218292236, 1.7674468755722046] -2.420493602752684 0.691879391670227
traffic_cone [[11.222366333007812, -0.08360290527355119, -1.5225127935409564]] [0.37403762340545654, 0.37229838967323303, 0.7477544546127319] 2.980243746434348 0.6890026330947876
pedestrian [[6.450733184814453, 27.330451965331918, 0.5902592539787328]] [0.6556754112243652, 0.7225247621536255, 1.7723513841629028] 1.4582957029342654 0.6812912225723267
pedestrian [[22.878524780273438, -5.746543884277223, -1.7660800218582047]] [0.6146681904792786, 0.6940796971321106, 1.7807456254959106] 0.8876339197158819 0.6801879405975342
traffic_cone [[8.327404022216854, -12.955986022949205, -1.9504003524780291]] [0.4182300269603729, 0.41450124979019165, 0.7351069450378418] 2.7843473593341277 0.6696550846099854
pedestrian [[5.023895263671875, 24.74633789062483, 0.5378609895706195]] [0.6619518995285034, 0.770470380783081, 1.8507941961288452] -1.5790789127349831 0.6696391105651855
pedestrian [[23.23405456542963, -6.701972961425831, -1.7688343524932808]] [0.5793604850769043, 0.6488674879074097, 1.7742189168930054] 0.9468051195144658 0.666830837726593
pedestrian [[5.590934753417969, 26.211898803710753, 0.5619768500328082]] [0.624556303024292, 0.6995187997817993, 1.7712414264678955] 1.3075212240219114 0.6366845369338989
pedestrian [[33.800437927246094, 0.12929916381846596, -2.0564107894897354]] [0.693011999130249, 0.7073161602020264, 1.7923424243927002] 2.6902912298785617 0.629123330116272
pedestrian [[23.758552551269588, -6.688545227050859, -1.7615624666213883]] [0.5929135084152222, 0.6519597768783569, 1.7617977857589722] 0.9531627893447878 0.6106786131858826
pedestrian [[5.175350189208984, 26.1744003295899, 0.6036573648452883]] [0.6374187469482422, 0.7193519473075867, 1.805032730102539] -1.4991638660430888 0.5863420963287354
pedestrian [[24.478698730468807, -2.312404632568274, -1.7574152946472115]] [0.5902183055877686, 0.64690101146698, 1.7117418050765991] 1.1839200258255007 0.5856548547744751
traffic_cone [[9.310951232910156, -12.452026367187429, -1.9455322027206314]] [0.3913041353225708, 0.3863975405693054, 0.7761533260345459] 2.4809668699847625 0.5753870010375977
pedestrian [[24.122375488281307, -6.523391723632976, -1.7446932792663574]] [0.6346424221992493, 0.7050536870956421, 1.7942228317260742] 0.9117966890335086 0.5547003746032715
pedestrian [[25.942077636718807, 2.9010696411130965, -1.6158423423767054]] [0.643919825553894, 0.7063819766044617, 1.7398616075515747] 1.7656939665423792 0.5506913065910339
pedestrian [[-4.941390991210881, 27.248588562011648, 0.8339013457298279]] [0.6055070161819458, 0.6056535243988037, 1.8993240594863892] 0.8425017595291144 0.5382834672927856
pedestrian [[22.885406494140625, 9.287479400634858, -1.1155291795730466]] [0.6085796356201172, 0.6387486457824707, 1.7036741971969604] 2.1835978666888636 0.5348008871078491
traffic_cone [[3.361621856689453, 23.34864807128905, 0.002852681092921472]] [0.35108691453933716, 0.35093259811401367, 0.9492471218109131] -0.6537761092185955 0.532035231590271
pedestrian [[6.1525535583495525, 25.337699890136847, 0.4643623530864822]] [0.6335535049438477, 0.6892610192298889, 1.7532093524932861] 1.7161410490619107 0.5189700126647949
pedestrian [[25.571357727050838, 10.459922790527429, -1.071242332458489]] [0.6682844161987305, 0.7336857318878174, 1.7105324268341064] 1.569597363471985 0.5033921599388123
pedestrian [[22.553634643554688, 8.294113159179496, -1.0863080024719203]] [0.5933844447135925, 0.6003594398498535, 1.7178529500961304] 2.4568737188922327 0.5030186176300049
pedestrian [[-4.279766082763615, 28.34774780273412, 0.9261232614517194]] [0.5834370255470276, 0.600014865398407, 1.796485424041748] -1.7947074174880961 0.4960295557975769
traffic_cone [[-13.125267028808594, 24.377456665038963, 0.44213145971298395]] [0.37484002113342285, 0.38240355253219604, 0.7608559131622314] 2.6443951765643523 0.485235333442688
pedestrian [[22.374435424804744, -28.11802291870125, -2.364610433578484]] [0.6625806093215942, 0.7214943766593933, 1.7780320644378662] -1.3954380750656108 0.4793740212917328
pedestrian [[-19.584976196289006, -26.89216804504386, -0.9071419239044101]] [0.6256428956985474, 0.6930003762245178, 1.791082739830017] 1.0714691877365115 0.4337756931781769
pedestrian [[23.801872253418026, 9.740123748779162, -1.170345187187193]] [0.5684934854507446, 0.5836491584777832, 1.6060608625411987] 2.081182305012838 0.4026358723640442
traffic_cone [[2.5057907104492188, 22.552856445312273, -0.08291530609130504]] [0.346164345741272, 0.3414824604988098, 0.8088109493255615] -0.8112065196037274 0.37879419326782227
traffic_cone [[2.0041236877441975, 21.94042205810534, -0.18727159500122248]] [0.3623902499675751, 0.3537200689315796, 0.7629510164260864] -0.7487552762031536 0.37516042590141296
traffic_cone [[9.132022857666072, -12.656471252441506, -1.9386088848113925]] [0.4115617275238037, 0.4040234386920929, 0.7901697158813477] 2.3835361639605916 0.3743806481361389
pedestrian [[38.521484375, 16.940132141113153, -1.2713444232940674]] [0.6969664692878723, 0.740167498588562, 1.823919653892517] 0.4759775400161746 0.36588457226753235
traffic_cone [[-24.87077522277832, 35.02507781982423, 1.5704562664032053]] [0.3900443911552429, 0.3915020525455475, 1.1201462745666504] -0.26493990421295005 0.3645724654197693
traffic_cone [[-18.539840698242188, 25.693801879882642, 0.748775899410246]] [0.3829161822795868, 0.3851486146450043, 0.846669614315033] 2.207790676747457 0.3596748411655426
pedestrian [[2.764850616455135, 23.76162719726578, 0.27363288402558616]] [0.5453619360923767, 0.5443861484527588, 1.5039055347442627] -0.87199032306671 0.35080209374427795
pedestrian [[-2.79351806640625, 23.013000488281122, 0.24571843445301056]] [0.55829918384552, 0.5457803010940552, 1.5376312732696533] -2.0947594642639142 0.34995609521865845
traffic_cone [[11.612449645996094, 0.22352218627911213, -1.4049422740936297]] [0.38731828331947327, 0.38098442554473877, 0.8699623942375183] 3.0343077818499973 0.34271201491355896
traffic_cone [[30.989151000976562, 15.892906188964766, -1.471510291099543]] [0.3476890027523041, 0.33797553181648254, 0.7906021475791931] 2.976718250905173 0.3319878578186035
traffic_cone [[11.53480529785162, -0.23529434204101562, -1.445499897003165]] [0.37879928946495056, 0.3768894672393799, 0.81400465965271] 3.055176560078757 0.3263070583343506
pedestrian [[-2.817188262939453, 26.572380065917855, 0.5800377130508476]] [0.6781907081604004, 0.6935446262359619, 1.7806895971298218] 2.2489164511310027 0.3251105546951294
pedestrian [[5.758979797363281, 27.46222686767568, 0.5853910446167063]] [0.6330941915512085, 0.6841187477111816, 1.7214758396148682] 1.5138713121414187 0.31964558362960815
pedestrian [[5.713962554931641, 25.000968933105327, 0.4897358119487798]] [0.6435233950614929, 0.7265232801437378, 1.7955410480499268] -1.620449662208555 0.3175346553325653
pedestrian [[25.649986267089844, 11.000411987304737, -1.1507657766342092]] [0.6053852438926697, 0.6488887667655945, 1.554567813873291] 1.669245545064108 0.30226248502731323
traffic_cone [[33.519241333007756, 16.527618408202983, -1.5035047531127859]] [0.34546637535095215, 0.3480984568595886, 0.7830576300621033] 2.34345800081362 0.2940668761730194
traffic_cone [[8.574596405029354, -13.449466705322166, -1.9736254215240372]] [0.4133238196372986, 0.4023161828517914, 0.7625472545623779] 2.6443875471698206 0.29039427638053894
pedestrian [[5.090713500976619, 25.477088928222557, 0.5930392742157053]] [0.655563235282898, 0.7634031772613525, 1.8317022323608398] -1.5329997539520246 0.27573028206825256
pedestrian [[25.292388916015682, -3.047134399414098, -1.7884416580200178]] [0.6594465970993042, 0.7296240329742432, 1.778262734413147] 1.0336722135543828 0.2727779150009155
pedestrian [[1.6428871154784588, 26.74342346191399, 0.3545119464397537]] [0.6121171712875366, 0.6251510977745056, 1.6980080604553223] -2.7583990097045885 0.27105987071990967
traffic_cone [[-20.504817962646484, 33.971740722656165, 1.482940077781679]] [0.3908085227012634, 0.3912543058395386, 1.2064666748046875] 1.5237218141555788 0.26711827516555786
pedestrian [[21.980842590331974, 9.33172988891603, -1.232005596160878]] [0.5291532874107361, 0.5495970249176025, 1.2987196445465088] 2.104583565388815 0.2607608735561371
traffic_cone [[-15.732925415039062, 32.874755859374886, 1.1488703489303624]] [0.3509381413459778, 0.352704793214798, 0.8067876100540161] -2.9531750679016104 0.2541254460811615
traffic_cone [[7.797298431396541, -14.07647705078135, -1.9724855422973633]] [0.403818279504776, 0.39369457960128784, 0.7742243409156799] 2.6285799185382293 0.25032007694244385
traffic_cone [[2.805316925048828, 23.076072692870994, 0.09915991127491885]] [0.402682363986969, 0.3961986303329468, 1.0686986446380615] -0.7203235626220689 0.2502050995826721
pedestrian [[2.222240447998047, 23.619003295898395, 0.3528338372707456]] [0.5527918338775635, 0.5619852542877197, 1.6892338991165161] -1.0649285316467263 0.2434539496898651
traffic_cone [[3.6366729736328125, 23.303680419921804, 0.05010459199549189]] [0.40053147077560425, 0.41055670380592346, 1.1103628873825073] 0.3656262159347541 0.243141308426857
traffic_cone [[8.035453796386832, -14.514842987060774, -1.9653847217559814]] [0.40892285108566284, 0.39497166872024536, 0.7505226135253906] 2.556812588368552 0.2418413609266281
traffic_cone [[41.257659912109375, 16.39221954345694, -1.8419861793517995]] [0.39021170139312744, 0.3939231336116791, 0.9451521635055542] -3.0364484786987296 0.24101799726486206
traffic_cone [[30.892906188964844, 15.385513305664084, -1.4937218427657992]] [0.3327428102493286, 0.31873223185539246, 0.7672722339630127] 3.0434663931476047 0.24019640684127808
traffic_cone [[8.556041717529354, -14.023773193359474, -1.9334087371826136]] [0.39482322335243225, 0.38308119773864746, 0.7975673675537109] 2.70642072359194 0.2387765645980835
traffic_cone [[31.393585205078125, 16.625030517577976, -1.4122883081436104]] [0.38349011540412903, 0.37780606746673584, 0.8138478398323059] 2.3972972075091765 0.23861129581928253
pedestrian [[22.912857055664062, 8.765300750732322, -1.1268446445465035]] [0.6101186871528625, 0.6467301845550537, 1.7338621616363525] 2.3406007925616668 0.23822957277297974
traffic_cone [[35.88096618652338, 27.46678161621105, -1.0093934535980118]] [0.3721359968185425, 0.38179582357406616, 0.946150004863739] -3.121518850326537 0.2367873191833496
pedestrian [[20.465599060058594, -8.267684936523423, -1.899368643760674]] [0.4901130199432373, 0.49803626537323, 1.4575092792510986] 1.3158000707626347 0.23213335871696472
pedestrian [[53.19348144531256, -3.1819343566895597, -3.035171985626219]] [0.6674107313156128, 0.7216653823852539, 1.8864322900772095] -0.6888849735259992 0.23211520910263062
pedestrian [[-20.793918609619027, -50.75691223144551, -1.2874041795730609]] [0.6786502003669739, 0.7258783578872681, 1.8230302333831787] -1.6437666416168195 0.2218831181526184
traffic_cone [[3.7448577880859943, 23.58281707763652, 0.16105015575886128]] [0.4455257058143616, 0.47287699580192566, 1.311711311340332] -1.4302003383636455 0.2217324823141098
pedestrian [[6.117427825927734, 26.01795959472645, 0.5129252076149111]] [0.6615445613861084, 0.7306150794029236, 1.7717288732528687] 1.498879075050354 0.22044509649276733
traffic_cone [[1.9945487976075356, -38.81953811645515, -2.6529679298400843]] [0.45099514722824097, 0.45386236906051636, 1.0096838474273682] 2.583922211323874 0.2186204195022583
traffic_cone [[15.26906585693365, -19.38953018188478, -2.6771864891052246]] [0.3621523976325989, 0.3599310517311096, 0.7926391363143921] -2.9217491149902335 0.21756544709205627
traffic_cone [[1.7281074523925781, 21.764938354492088, -0.056961391121143734]] [0.4052204489707947, 0.3990465998649597, 0.918677806854248] -0.9439839124679545 0.21111319959163666
1e3d79dae62742a0ad64c91679863358