car [[4.349182128906193, 7.960388183593466, -0.7696198225021433]] [1.8904341459274292, 4.640446662902832, 1.5178775787353516] 1.599048439656393 0.8625506162643433
car [[-7.623893737792969, -7.274921417236499, -1.5403959751129186]] [1.8721649646759033, 4.797334671020508, 1.5299817323684692] -1.5778396129608163 0.7402398586273193
car [[-8.943016052246207, 21.993888854980128, -0.32298752665520425]] [1.7336137294769287, 4.318775177001953, 1.4466533660888672] -1.620628714561463 0.717035710811615
car [[-1.2712402343751705, 14.023582458495866, -0.36047911643981934]] [1.9730169773101807, 4.646266937255859, 1.73004150390625] 0.9208956956863401 0.7022989392280579
car [[-21.770271301269474, 12.740516662597429, -0.9084024429321289]] [1.9410170316696167, 4.51810359954834, 1.6909085512161255] -3.058906078338624 0.7010629773139954
car [[-14.31182861328142, 7.323696136474325, -1.1033227443695104]] [1.8795595169067383, 4.367611885070801, 1.657714605331421] 0.17018926143646262 0.7007156610488892
car [[-0.1296958923338707, -36.328296661377124, -2.0372815132141113]] [1.9253779649734497, 4.5956645011901855, 1.6751703023910522] 1.6015299002276824 0.6922643184661865
car [[12.681159973144474, 25.97545623779274, 0.4487152397632599]] [1.8372957706451416, 4.377305507659912, 1.5648388862609863] 1.5822976271258755 0.6678904294967651
car [[-4.415805816650561, 17.85591888427723, -0.3176681995391917]] [1.7648707628250122, 4.14324426651001, 1.5161356925964355] -1.7925577163696296 0.6343134641647339
car [[-20.14298629760765, 7.481746673583643, -1.13583958148957]] [1.9948246479034424, 4.706257343292236, 1.7922652959823608] 0.12553322315216123 0.6217297911643982
car [[-8.673171997070312, 28.970710754394418, 0.3274789750575948]] [1.8615305423736572, 4.564228057861328, 1.6254773139953613] 1.4385887384414675 0.5972147583961487
car [[5.8951835632321945, 40.037094116210596, 1.2364125251769984]] [1.8362168073654175, 4.231966972351074, 1.612169861793518] 1.591278378163473 0.567205548286438
car [[-26.771551132202262, 11.791847229003679, -1.1803592443466222]] [1.8423995971679688, 4.260158061981201, 1.6345646381378174] 0.03189992904663106 0.4139910936355591
car [[16.521400451660043, 45.21714782714821, 1.7531946897506678]] [1.9082081317901611, 4.550192356109619, 1.7093619108200073] -1.7758663892745978 0.32720232009887695
car [[5.800708770751953, 44.602256774902116, 1.293851613998413]] [1.853869915008545, 4.468709468841553, 1.6189134120941162] -1.512581110000611 0.29777854681015015
car [[20.795257568359318, 39.866638183593466, 2.19626593589782]] [1.9260585308074951, 4.520567893981934, 1.8182138204574585] -1.5491085052490245 0.27761760354042053
car [[6.285037994384652, 50.131690979003565, 1.7193366289138687]] [1.8573379516601562, 4.3262529373168945, 1.6855535507202148] -0.6122613549232482 0.27467966079711914
car [[21.904769897460938, 51.290412902831804, 2.0361742973327637]] [1.9483041763305664, 4.519399642944336, 1.7481482028961182] -1.9918540716171276 0.2303214967250824
car [[-32.095703124999886, 9.261070251464616, -1.2072606086730993]] [2.0000879764556885, 4.65550422668457, 1.744474172592163] -3.068990230560303 0.18296542763710022
car [[7.450592041015568, 48.393142700195085, 1.5231602191925013]] [1.9249188899993896, 4.508385181427002, 1.6736631393432617] -0.08026373386383041 0.16434109210968018
car [[-11.727069854736555, -44.62614059448276, -2.208468198776245]] [1.9265868663787842, 4.524590015411377, 1.713931679725647] 1.3148730993270876 0.14584676921367645
car [[-28.56956672668457, 9.31786727905228, -1.2581360340118444]] [1.9449694156646729, 4.589153289794922, 1.6887166500091553] 0.017070531845092874 0.14438238739967346
car [[-18.322498321533146, -53.9040718078615, -3.6513895988464355]] [1.9752565622329712, 4.561003684997559, 1.7049628496170044] 0.8156064748764045 0.14056441187858582
car [[-2.0632629394532387, -41.72587203979515, -2.2309215068817103]] [1.8831984996795654, 4.4077677726745605, 1.5994572639465332] 1.594533268605368 0.11441348493099213
car [[-33.87874984741211, 10.44367218017544, -1.2079005241394043]] [1.9083583354949951, 4.40206241607666, 1.6473605632781982] -3.1388125419616704 0.11305791884660721
car [[22.486701965332088, 49.59040069580044, 1.9826877117156947]] [1.9903833866119385, 4.636713027954102, 1.7480077743530273] -2.9468502998352055 0.11236254870891571
car [[8.66108703613287, 41.09566497802723, 1.0641818046569789]] [1.9217982292175293, 4.513969898223877, 1.6578986644744873] -1.501831769943238 0.11133432388305664
car [[-29.033643722534066, 8.03881454467762, -1.3633470535278356]] [1.9321916103363037, 4.479212760925293, 1.66441810131073] -0.006124377250670905 0.10856054723262787
car [[6.844615936279354, 42.33046722412098, 1.1937015056610107]] [1.926208734512329, 4.449524402618408, 1.659766674041748] -1.8208922147750861 0.10776741802692413
car [[-7.469585418701286, -53.72665405273466, -2.3228335380554235]] [1.9741872549057007, 4.665019989013672, 1.7271090745925903] 1.6477173010455533 0.10214897990226746
construction_vehicle [[14.820335388183594, 25.448158264159872, 0.5789149999618424]] [1.5510939359664917, 3.17447566986084, 2.2354140281677246] -1.5978773832321174 0.23097053170204163
construction_vehicle [[7.541584014892521, 26.761825561523267, 0.5485079288482595]] [1.199773907661438, 2.383167028427124, 1.890841007232666] 1.6585381666766568 0.22563436627388
construction_vehicle [[5.839752197265511, 40.47521972656227, 1.3913414478302037]] [2.0600216388702393, 5.041871547698975, 1.9281384944915771] -1.473808646202088 0.19393914937973022
construction_vehicle [[20.749916076660213, 39.329627990722486, 2.362667083740238]] [1.999121069908142, 4.014123916625977, 2.251119613647461] -1.6298788785934457 0.19226223230361938
truck [[-27.245002746582088, 11.791534423827898, -1.1030348539352417]] [1.9793338775634766, 4.848104953765869, 1.8452959060668945] 0.27060794830322255 0.14788539707660675
construction_vehicle [[-7.484771728515682, -53.827327728271655, -2.379142284393321]] [2.2784526348114014, 5.234239101409912, 2.6196186542510986] 1.5050157308578493 0.1476314663887024
construction_vehicle [[-7.486686706542969, 53.84258270263649, 2.4947001934051407]] [2.082536458969116, 3.565333366394043, 2.3719642162323] -1.854366898536683 0.14160077273845673
truck [[16.543273925781193, 45.34178924560513, 1.6553661823272705]] [1.9967811107635498, 4.891212463378906, 1.9503177404403687] -1.7821042537689218 0.1411425769329071
truck [[-20.668231964111328, 7.454055786132528, -1.2385894060134888]] [2.041353464126587, 5.416799545288086, 1.8836575746536255] 0.057816624641418235 0.12652359902858734
construction_vehicle [[21.762657165527344, 41.022331237792685, 2.4348988533019984]] [3.692437171936035, 7.494023323059082, 3.5441701412200928] 2.606807533894674 0.12634822726249695
construction_vehicle [[-52.57091522216791, -25.50385856628435, 2.6379723548889196]] [2.7612738609313965, 4.8284735679626465, 3.1488358974456787] -0.23269736766815163 0.12054519355297089
construction_vehicle [[-10.491523742675781, 33.8682403564452, 1.9186749458312953]] [1.9708318710327148, 3.6590309143066406, 2.546706199645996] -1.513718724250794 0.11679062247276306
truck [[-4.380859375, 18.29398345947243, -0.28035554289818165]] [1.877155065536499, 4.893638610839844, 1.769594669342041] -1.7632240056991586 0.1083463579416275
trailer [[20.747116088867188, 39.3827667236327, 2.641845226287842]] [1.9237523078918457, 3.610747814178467, 2.3994662761688232] -1.7413886785507209 0.24176308512687683
trailer [[-27.901788711547965, -9.262714385986442, -0.8557643890380895]] [2.833339214324951, 13.72299575805664, 3.904137134552002] -1.6332904100418097 0.1457054316997528
trailer [[-7.4559478759765625, 53.7671661376952, 2.936818599700924]] [2.1458187103271484, 3.1747279167175293, 2.9871737957000732] -1.6401607990264901 0.14038558304309845
trailer [[-44.092575073242244, -3.8984489440919106, -0.6514539718628036]] [2.9687204360961914, 13.320225715637207, 3.6367812156677246] 0.14890182018280063 0.10480464994907379
barrier [[-41.23472976684582, 11.804962158202898, -0.3879601955413783]] [2.765627861022949, 0.6515588164329529, 0.9005324244499207] -1.3875713348388676 0.24432526528835297
barrier [[12.317550659179801, -26.777179718017805, -2.159823894500729]] [3.0712804794311523, 0.5668203830718994, 0.913256049156189] 1.58843976656069 0.19111360609531403
barrier [[10.572113037109318, 48.8990783691404, 1.2906122207641566]] [2.088653087615967, 0.36954203248023987, 1.0513384342193604] -2.948454380035401 0.15038754045963287
barrier [[-19.450344085693416, 21.87062072753895, -0.6488814949989283]] [1.9823845624923706, 0.4596214294433594, 0.9842479825019836] -0.6761581897735595 0.11767485737800598
barrier [[-6.93255615234375, -53.00105667114269, -2.342684268951409]] [2.9115424156188965, 0.5933482050895691, 1.0558043718338013] 0.2352663278579715 0.10192155092954636
motorcycle [[-18.912517547607365, 20.593269348144418, -0.8875626921653677]] [0.6515559554100037, 1.9119296073913574, 1.1727142333984375] 2.2039468924151824 0.3333183526992798
bicycle [[-11.88652038574213, -42.94396591186546, -1.9663658142089844]] [0.552726149559021, 1.6315313577651978, 1.161098599433899] 1.5871055761920374 0.23195677995681763
motorcycle [[-8.68144226074213, 26.838157653808253, -0.1365728229284393]] [0.6477586030960083, 1.8462202548980713, 1.2426141500473022] -0.4373670816421505 0.17655645310878754
motorcycle [[-23.268108367919865, -34.47033691406256, -2.632039308547963]] [0.9157300591468811, 2.154660224914551, 1.5094966888427734] 1.436796307563782 0.16515225172042847
motorcycle [[5.109622955322379, 48.27541351318348, 0.862849652767185]] [0.8576309084892273, 1.993480920791626, 1.4499000310897827] -3.0046288967132573 0.16455887258052826
bicycle [[-38.07395935058594, -3.341869354248388, -0.6189109086990321]] [0.7693305611610413, 1.688817024230957, 1.8525357246398926] -1.6408212184906017 0.16205555200576782
motorcycle [[6.327800750732365, -36.799240112304915, -1.248482465744022]] [0.6743508577346802, 2.0347189903259277, 1.3023666143417358] 1.6464842001544402 0.1550123393535614
bicycle [[12.8272705078125, 23.818786621093466, 0.08784964680672402]] [0.5569267272949219, 1.6479238271713257, 1.0996417999267578] -0.4641582965850826 0.15307217836380005
motorcycle [[-48.79076385498047, -5.16971588134777, -0.826919198036201]] [0.6947634220123291, 1.8300706148147583, 1.338580846786499] -0.5784654617309567 0.1423926055431366
bicycle [[15.872711181640568, 43.439102172851335, 1.3684468269348073]] [0.6372742056846619, 1.6986331939697266, 1.1038521528244019] 3.000430170689718 0.1403055340051651
bicycle [[-19.49020004272461, 21.31684112548794, -0.8157325387001144]] [0.66702800989151, 1.8748879432678223, 1.1869680881500244] 3.029060904179708 0.13946284353733063
bicycle [[-27.769668579101506, -12.849639892578352, -2.660672664642327]] [0.5704567432403564, 1.6770648956298828, 1.2277116775512695] 1.4352723360061648 0.12747006118297577
motorcycle [[-15.271224975585938, -27.885639190674, -2.169712543487556]] [0.7390720844268799, 1.792292833328247, 1.3419653177261353] 2.719382111226217 0.1250142604112625
motorcycle [[20.700912475585824, 50.03391265869118, 1.706352114677422]] [0.7651897072792053, 2.077390432357788, 1.3498802185058594] 2.606495205556051 0.11708584427833557
bicycle [[-0.9705810546875568, 39.290466308593636, 0.19603767991065624]] [0.6647493839263916, 1.7973793745040894, 1.4815242290496826] 1.5497952699661255 0.1147586852312088
motorcycle [[-26.138738632202262, 11.630470275878793, -0.819452702999115]] [0.7937262654304504, 2.1987297534942627, 1.3462319374084473] -2.622354745864869 0.11409682035446167
bicycle [[-18.883808135986214, -32.599754333496264, -2.1617603302001953]] [0.5713015794754028, 1.5662870407104492, 1.2967928647994995] 1.4306086301803589 0.10429401695728302
bicycle [[26.29974365234358, -3.908039093017919, -1.1669907569885325]] [0.5854315161705017, 1.604432225227356, 1.1439812183380127] -1.9880698919296274 0.10357645899057388
bicycle [[15.160171508788892, 24.913970947265398, 0.298109233379364]] [0.6392416954040527, 1.8223371505737305, 1.2800204753875732] 1.2965315580368046 0.1007896214723587
pedestrian [[-5.764053344726506, -28.625194549560604, -1.8920459747314524]] [0.7842748165130615, 0.9201014041900635, 1.911785364151001] -0.011626958847045935 0.8197592496871948
pedestrian [[8.883029937744084, 9.169544219970419, -0.41545346379281156]] [0.6504470109939575, 0.8011323809623718, 1.7997639179229736] 1.5675894021987915 0.8156218528747559
pedestrian [[-11.7702255249024, 4.323276519775277, -1.1888246536254883]] [0.62089604139328, 0.7003072500228882, 1.5788898468017578] 1.2016130685806279 0.807640552520752
pedestrian [[-11.848716735839957, 15.487831115722372, -0.6213952302932775]] [0.6542942523956299, 0.8105100393295288, 1.7554527521133423] -1.480538725852967 0.8070750832557678
pedestrian [[8.202770233154297, 9.725616455077898, -0.5254280567169154]] [0.6190937757492065, 0.76297527551651, 1.7509894371032715] -1.6219372749328618 0.796016275882721
pedestrian [[7.530975341796875, -16.105674743652628, -1.267559409141537]] [0.6135959625244141, 0.7220146656036377, 1.7138179540634155] 1.4584716558456423 0.7837560176849365
pedestrian [[8.147220611572209, -15.139274597168253, -1.2866114377975535]] [0.6085379719734192, 0.7078644037246704, 1.6681009531021118] 1.4411650896072388 0.7773151993751526
pedestrian [[6.257221221923714, -25.13117027282732, -1.5581556558609009]] [0.6317482590675354, 0.6928542852401733, 1.7507600784301758] -1.5946688652038579 0.7648382186889648
pedestrian [[-11.638893127441463, -33.496261596679915, -1.9675734043121373]] [0.62968909740448, 0.6833659410476685, 1.769694209098816] -1.5624427795410158 0.7623060941696167
pedestrian [[5.154476165771598, -28.60070991516119, -1.6556973457336426]] [0.692730188369751, 0.800372302532196, 1.8359671831130981] -2.9348647594451904 0.7547599673271179
traffic_cone [[5.945537567138786, 5.160465240478402, -1.2156672477722132]] [0.3467925786972046, 0.3486267626285553, 0.763640284538269] 1.887808148060934 0.7491751909255981
pedestrian [[5.7506675720214275, -27.41689109802269, -1.6878511905670237]] [0.6636816263198853, 0.7367063760757446, 1.8004302978515625] -2.0209317207336435 0.7486199736595154
pedestrian [[-12.060295104980582, 14.150314331054574, -0.7228091955185008]] [0.652199923992157, 0.7777432799339294, 1.7027376890182495] -1.3358647823333742 0.7410373091697693
pedestrian [[-12.474395751953182, -33.720924377441634, -1.9578143358230555]] [0.6401146054267883, 0.7130471467971802, 1.7931207418441772] -1.5186766386032111 0.7293698787689209
pedestrian [[7.265590667724496, -26.196798324585075, -1.6555577516555857]] [0.6242077350616455, 0.683796226978302, 1.7531099319458008] -1.7522983551025397 0.720251202583313
pedestrian [[7.280990600585881, -25.13016319274925, -1.5199344158172714]] [0.6495432257652283, 0.7202857732772827, 1.812180519104004] -1.6886713504791266 0.6756597757339478
pedestrian [[6.8385009765626705, -46.49343872070318, -1.5791475772857595]] [0.6284634470939636, 0.688700795173645, 1.8103761672973633] 1.7765701452838345 0.6671927571296692
pedestrian [[-11.111309051513672, 24.469055175781136, 0.14066028594969993]] [0.6018269062042236, 0.6487199664115906, 1.665367841720581] -1.254911065101624 0.6536802053451538
pedestrian [[-11.336635589599723, 4.0495910644529545, -1.2293345928192174]] [0.5854885578155518, 0.6595245599746704, 1.5429959297180176] 1.1217929124832156 0.646480143070221
pedestrian [[6.448223114013672, -41.50227737426769, -1.5703999996185267]] [0.7264713048934937, 0.8612256646156311, 1.9374096393585205] -1.6063462495803837 0.6375335454940796
pedestrian [[8.908645629882756, 28.412780761718523, 0.4974806606769526]] [0.6501055359840393, 0.762890636920929, 1.7481601238250732] 1.453809380531311 0.631039559841156
pedestrian [[-19.953357696533203, -25.49313545227085, -1.9493565559387207]] [0.6405186057090759, 0.6144415140151978, 1.7959610223770142] 2.416982952748434 0.6213064193725586
pedestrian [[7.53181076049799, -46.06301879882818, -1.6548403501510691]] [0.6259143352508545, 0.6953592896461487, 1.8099486827850342] 1.7469981352435513 0.6169413924217224
pedestrian [[-17.481945037841967, -26.799592971801985, -1.9983144998550486]] [0.6021638512611389, 0.6094194650650024, 1.722869634628296] 1.2653292417526247 0.56813645362854
pedestrian [[7.3208045959473225, -52.37015533447277, -1.4975647926330637]] [0.7590340375900269, 0.849422037601471, 1.9549388885498047] -1.5518132448196413 0.5456457138061523
pedestrian [[-19.913928985595703, -25.099321365356673, -1.9915127754211426]] [0.6241694092750549, 0.6046950817108154, 1.7640693187713623] -2.8751697540283208 0.5455179214477539
pedestrian [[8.717140197753736, -15.960033416748445, -1.2929714918136668]] [0.5417799353599548, 0.574823260307312, 1.6669949293136597] 1.676989857350485 0.5316078066825867
pedestrian [[-20.00777435302723, -25.894027709961108, -1.9528894424438512]] [0.6433047652244568, 0.6461004614830017, 1.8169238567352295] 2.041473690663473 0.5042291879653931
pedestrian [[5.186763763427734, -30.389255523681868, -1.6527253389358556]] [0.5828562378883362, 0.5809575319290161, 1.7558513879776] 2.9239829222308553 0.4649057984352112
pedestrian [[-17.12073135375988, -27.298234939575366, -2.024697303771976]] [0.6274043321609497, 0.6602088212966919, 1.6735554933547974] 1.514336705207825 0.4519641399383545
pedestrian [[-9.395854949951229, -51.44306182861351, -2.277605772018436]] [0.66025310754776, 0.7031577229499817, 1.7591500282287598] -1.4750444889068608 0.43920934200286865
pedestrian [[-17.007751464843807, -28.52118873596197, -2.056475400924686]] [0.6468572616577148, 0.6828894019126892, 1.7184560298919678] 1.4502383470535278 0.4101807773113251
pedestrian [[8.081600189208984, -15.880268096924055, -1.285304784774791]] [0.5973353981971741, 0.6917521953582764, 1.710263967514038] 1.4615944623947141 0.3856555223464966
pedestrian [[-17.010143280029297, -27.80293464660656, -2.0642375946044957]] [0.6428531408309937, 0.6889515519142151, 1.6866987943649292] 1.5871480146991177 0.35347074270248413
pedestrian [[-15.346382141113281, -32.740390777588175, -2.2297646999359237]] [0.7243381142616272, 0.8188053369522095, 1.455538034439087] -2.680108547210694 0.3263314366340637
pedestrian [[-14.826656341552734, -27.719646453857763, -2.103821277618408]] [0.6499231457710266, 0.7125096321105957, 1.5188820362091064] 2.5173094908343714 0.3211255669593811
pedestrian [[-15.982852935791186, -28.408136367797965, -2.0791668891906774]] [0.6154269576072693, 0.658065140247345, 1.588456630706787] 1.587177578602926 0.3138424754142761
pedestrian [[-16.511302947998104, -28.50341415405296, -2.062242031097405]] [0.6381572484970093, 0.6879662275314331, 1.6668431758880615] 1.6049512068377896 0.30963069200515747
pedestrian [[5.168888092040845, -27.945802688598917, -1.6700878143310582]] [0.6877444386482239, 0.8097800016403198, 1.8118700981140137] -2.715087890625001 0.30800363421440125
pedestrian [[6.979873657226619, -46.099010467529524, -1.6065735816955566]] [0.6572548747062683, 0.7466027140617371, 1.8345820903778076] 1.743910614644186 0.29030153155326843
pedestrian [[14.14693450927723, 24.99822998046841, 0.3934023380279399]] [0.5563887357711792, 0.5211517214775085, 1.6316536664962769] 2.719092671071188 0.2877245843410492
traffic_cone [[-11.526088714599496, -19.473716735840014, -2.078671455383301]] [0.3971720337867737, 0.39365559816360474, 1.2761907577514648] 1.4219046831130984 0.27140146493911743
pedestrian [[7.69232177734375, -15.35525512695341, -1.3177382946014404]] [0.6052599549293518, 0.7394766807556152, 1.6291697025299072] 1.4832564592361452 0.2678879201412201
pedestrian [[-38.08057403564453, -3.4113807678223793, -0.4735023081302714]] [0.7415580153465271, 0.7385448217391968, 1.9325950145721436] -1.6463652849197394 0.2533663213253021
traffic_cone [[14.55726623535162, 23.521697998046648, 0.1983329057693375]] [0.4386751353740692, 0.4278753101825714, 1.1989575624465942] 1.740264240895407 0.25306329131126404
pedestrian [[5.2691993713379475, -27.44535064697277, -1.727766513824463]] [0.6754921674728394, 0.7582738995552063, 1.7896747589111328] -2.359185457229615 0.2511169910430908
pedestrian [[7.982349395751839, -16.388442993164347, -1.3488367795944214]] [0.6011229753494263, 0.6803800463676453, 1.713386058807373] 1.476875901222229 0.2319001853466034
pedestrian [[-16.616992950439396, -30.17865371704113, -1.5764216184616018]] [0.69073086977005, 0.6803283095359802, 1.8407871723175049] 1.3903833627700808 0.22774472832679749
pedestrian [[-18.816608428954964, -32.222030639648665, -2.2787945270538295]] [0.6816846132278442, 0.7272898554801941, 1.575825810432434] 0.20204436779022283 0.210936039686203
pedestrian [[6.242343902588004, -36.16750335693382, -1.5159139633178675]] [0.6519166231155396, 0.6713576316833496, 1.7463963031768799] -2.216780424118043 0.1847148835659027
pedestrian [[9.331249237060604, -17.15126419067417, -0.9784704446792638]] [0.5943164229393005, 0.6109354496002197, 1.7515335083007812] 2.415043656026022 0.176537424325943
pedestrian [[14.879112243652287, 26.72741699218733, 0.5761618018150401]] [0.5552271008491516, 0.5557020902633667, 1.582243800163269] -2.482240915298463 0.1762913465499878
traffic_cone [[10.452575683593864, 49.567001342773324, 1.3602392673492432]] [0.5603241324424744, 0.568026602268219, 1.3504849672317505] -2.638926029205323 0.17032676935195923
pedestrian [[-21.978427886963004, -27.277437210083235, -2.3374681472778356]] [0.5826258063316345, 0.5985565781593323, 1.654045581817627] 0.8687504529953004 0.16753244400024414
pedestrian [[-23.125902175903207, -33.79028320312517, -2.6295485496520925]] [0.7015464901924133, 0.774089515209198, 1.4697890281677246] -2.0066554546356206 0.1674438863992691
pedestrian [[-13.404960632324105, -8.913887023925952, -1.7077320814132761]] [0.5584660172462463, 0.5799089074134827, 1.2767072916030884] 0.46295011043548623 0.1661311835050583
pedestrian [[-16.732223510742244, -27.37289810180681, -2.058204650878917]] [0.6231968998908997, 0.6693764925003052, 1.6750352382659912] 1.8423946539508267 0.1650015115737915
pedestrian [[8.472045898437557, -14.895336151123274, -1.3160705566406214]] [0.6136978268623352, 0.7200548648834229, 1.6610627174377441] 1.456441283226013 0.16363410651683807
traffic_cone [[5.838245391845817, 5.473705291747933, -1.1928890943527222]] [0.3644322156906128, 0.3751027584075928, 0.769933819770813] 1.67834455171694 0.15592898428440094
pedestrian [[7.161663055419751, -16.33391189575235, -1.3042860031128]] [0.6724965572357178, 0.8017869591712952, 1.714013695716858] 1.5626732110977173 0.15371893346309662
traffic_cone [[-9.211555480957202, -30.72117805480991, -1.910195946693424]] [0.5129733681678772, 0.5083224177360535, 1.545477271080017] -0.18764007091522197 0.14595741033554077
pedestrian [[5.309925079345703, 48.40013885498024, 1.459411859512322]] [0.6283807754516602, 0.6217553615570068, 1.5867527723312378] -2.8317425251007085 0.14511549472808838
traffic_cone [[13.02658843994152, 23.53009796142561, 0.12698297202587483]] [0.38736480474472046, 0.3939168155193329, 0.9704923629760742] 1.5755031744586394 0.1428632140159607
pedestrian [[4.9637908935546875, 12.864028930663835, -0.17801348865032196]] [0.6410623788833618, 0.6466560363769531, 1.7578320503234863] 2.89923602739443 0.14221802353858948
pedestrian [[-11.821273803710994, -42.760730743408374, -2.192722558975227]] [0.6259341239929199, 0.6641111373901367, 1.621799349784851] 1.8541167418109339 0.1396043449640274
traffic_cone [[4.025856018066349, -31.65062713623064, -1.9373118877410924]] [0.47065994143486023, 0.4716816544532776, 1.4934818744659424] 2.74573260942568 0.13859885931015015
pedestrian [[6.082691192626783, -27.736116409302042, -1.6905498504638707]] [0.6799932718276978, 0.7718335390090942, 1.8059828281402588] -2.03276014328003 0.1345127820968628
traffic_cone [[-9.348464965820312, -26.604955673217944, -2.080245494842533]] [0.4030734896659851, 0.39744067192077637, 1.3237754106521606] 0.46235668659210216 0.13285499811172485
pedestrian [[8.853485107421932, -33.296798706054915, -2.1608211994171143]] [0.6286563873291016, 0.6830146312713623, 1.281421422958374] -3.0517630577087407 0.1312592774629593
pedestrian [[14.619262695312443, 24.872894287109204, 0.4274544715881312]] [0.6446034908294678, 0.6482203602790833, 1.6586558818817139] -3.052395105361939 0.13110975921154022
pedestrian [[-16.62125778198248, -33.32969284057634, -2.318423509597782]] [0.6757900714874268, 0.737562358379364, 1.5399339199066162] -0.14310824871063182 0.12675687670707703
pedestrian [[5.760326385498161, -26.89882850646984, -1.680082321166985]] [0.6734322309494019, 0.7673632502555847, 1.7738478183746338] -1.9248160123825078 0.12481830269098282
pedestrian [[14.696525573730412, 24.28630065917946, 0.39969986677169445]] [0.5500639081001282, 0.5406551361083984, 1.5586259365081787] 2.288066689168112 0.1221158355474472
pedestrian [[15.217781066894531, 24.920722961425668, 0.35494229197502136]] [0.5653235912322998, 0.572525143623352, 1.4601106643676758] -2.2457294464111333 0.12037070840597153
pedestrian [[-23.2716960906983, -35.01920318603533, -2.6900558471679723]] [0.6290807723999023, 0.670169472694397, 1.4412016868591309] 1.1910563707351685 0.11956083029508591
traffic_cone [[-16.542984008789233, -8.778282165527571, -1.9472402334213221]] [0.365386962890625, 0.36442291736602783, 1.0024433135986328] 0.22521924972534219 0.11787839978933334
pedestrian [[14.624671936035043, 25.45753479003878, 0.4780464768409587]] [0.6024680733680725, 0.6074750423431396, 1.586961269378662] -2.2875816822052015 0.1175607442855835
pedestrian [[-5.293964385986385, -28.91175651550327, -1.9817311763763534]] [0.7322471141815186, 0.8536583781242371, 1.8090962171554565] -0.11091959476470888 0.1160002127289772
pedestrian [[-19.675022125244254, -36.971771240234546, -2.0115337371826207]] [0.6359487175941467, 0.5961079597473145, 1.801835536956787] 2.7519791761981405 0.11191867291927338
pedestrian [[4.553359985351619, 12.368843078612997, -0.5269575715065109]] [0.5366135835647583, 0.5416644215583801, 1.4926577806472778] 2.7614367643939417 0.11063390225172043
pedestrian [[-20.557281494140625, -25.51803779602068, -1.9712452888488805]] [0.7108100056648254, 0.7441399693489075, 1.8433829545974731] 1.5453189611434939 0.10972689092159271
pedestrian [[-9.360126495361328, -53.78984451293974, -2.328822612762451]] [0.6680187582969666, 0.7062829732894897, 1.7869555950164795] 1.1273835897445676 0.10473184287548065
pedestrian [[6.964351654052734, -53.906692504882926, -1.7872347831726039]] [0.6665902733802795, 0.7347003817558289, 1.8268046379089355] -1.4781764745712285 0.10446059703826904
fdc39b23ab4242eda6ec5e1e6574fe33