car [[11.578300476074247, -4.536224365234375, -1.229224443435669]] [1.834004521369934, 4.538882255554199, 1.5384315252304077] -1.5045164823532098 0.8847218155860901
car [[15.442230224609403, -12.084098815917912, -1.5739061832427979]] [1.8132275342941284, 4.398721218109131, 1.601855993270874] -1.504504442214965 0.7872742414474487
car [[-0.6866188049316406, 9.205070495605469, -0.6213514804840052]] [1.9866774082183838, 4.865687370300293, 1.8588300943374634] 1.6402390638934536 0.7272276878356934
car [[12.212043762207088, -14.655807495117188, -1.3119912147521973]] [2.130512237548828, 5.133125305175781, 2.2334280014038086] -1.481724023818969 0.6628026366233826
car [[35.12546539306635, -35.77271652221691, -2.918125152587887]] [1.9308825731277466, 4.529850006103516, 1.6985375881195068] 0.8001197576522823 0.2729822099208832
car [[5.717350006103658, -50.166183471679744, -2.7587018013000524]] [1.9267311096191406, 4.558574676513672, 1.7998857498168945] -3.0041775703430162 0.27028191089630127
car [[42.24915313720709, -35.00733947753906, -2.9273793697357213]] [2.1000444889068604, 4.877230167388916, 1.959106683731079] -0.03882336616516145 0.2386455088853836
car [[29.671005249023438, -43.00990676879894, -2.4077761173248255]] [1.9208124876022339, 4.46334981918335, 1.7229993343353271] -1.2857062816619869 0.15645094215869904
car [[0.33599472045895595, 41.09942626953125, 0.151370108127594]] [1.9426072835922241, 4.581699371337891, 1.6899559497833252] -0.33915317058563244 0.1386812925338745
car [[14.532417297363281, 8.31011581420887, -0.1719972938299179]] [2.5399513244628906, 6.432445526123047, 2.9309639930725098] -1.5190616846084588 0.11600613594055176
car [[37.44719696044922, 46.46537017822271, 0.5354887247085607]] [1.9514808654785156, 4.569515705108643, 1.7465567588806152] 1.7307537237750457 0.1095472201704979
truck [[15.200889587402372, -3.1612319946289062, -0.1760135293006826]] [2.968440055847168, 10.534547805786133, 3.7888927459716797] -1.506325721740722 0.773831844329834
truck [[14.508972167968722, 8.290824890136662, -0.17819577455520275]] [2.499227285385132, 6.380662441253662, 3.127473831176758] -1.526139855384826 0.6775030493736267
construction_vehicle [[4.294292449951172, -11.483623504638729, -0.5243769884109462]] [2.935965061187744, 4.058856010437012, 3.077411651611328] -1.595091462135314 0.6487036943435669
construction_vehicle [[6.37155914306652, -49.62836456298834, -2.9564595222473145]] [1.8818538188934326, 3.2707462310791016, 2.4425487518310547] -2.9807281494140616 0.3911106586456299
truck [[42.30515289306655, -34.977218627929744, -2.824086666107185]] [2.154996395111084, 5.047735214233398, 2.0952184200286865] -0.046625852584838826 0.299152672290802
truck [[12.21205902099615, -14.67246246337885, -1.2635046243667603]] [2.0141541957855225, 5.1863884925842285, 2.0885438919067383] -1.5015777349472037 0.2732873558998108
truck [[34.532409667968835, -36.178100585937386, -2.9529941082000732]] [2.159846782684326, 5.51981258392334, 2.0033376216888428] -2.998658180236815 0.20663650333881378
construction_vehicle [[27.277244567871065, -14.105381011962947, -0.8402035832405055]] [2.436708927154541, 4.178714752197266, 2.86985445022583] 2.599841896687644 0.14147540926933289
construction_vehicle [[30.874534606933594, -48.97282028198248, -3.182500123977661]] [3.167240619659424, 7.082121849060059, 3.093090534210205] 1.517844796180725 0.12909284234046936
truck [[26.802841186523494, 9.229255676269588, -1.2230479717254639]] [2.1990456581115723, 6.133597373962402, 2.017866849899292] 1.5042270421981814 0.11795391142368317
construction_vehicle [[40.53723144531253, 17.010215759277287, 2.342780113220215]] [2.496495246887207, 3.5690407752990723, 2.9358227252960205] 2.6428650061236794 0.116245798766613
construction_vehicle [[-11.665794372558537, 23.135604858398494, 2.020116567611698]] [3.166745901107788, 7.405241966247559, 3.5230894088745117] 1.5797532240497039 0.10623661428689957
construction_vehicle [[-10.455467224121065, 42.946578979492244, 1.2118536233901978]] [2.023953914642334, 3.4253833293914795, 2.1538643836975098] 2.650895897542136 0.1058482974767685
truck [[-29.73320960998535, -44.644863128662166, -0.447612464427948]] [2.2585020065307617, 5.518891334533691, 2.3020129203796387] 0.34351778030395463 0.10312634706497192
construction_vehicle [[-45.9169845581055, -24.884004592895508, 2.1768975257873606]] [2.7085764408111572, 4.634815216064453, 2.8301401138305664] 0.13546061515808056 0.1029951348900795
bus [[45.2436904907228, -35.07734680175781, -3.013469696044929]] [3.0104284286499023, 11.588635444641113, 3.0974175930023193] 3.096541229878562 0.26383277773857117
trailer [[-18.294105529785128, 20.732208251953125, 2.082618713378917]] [2.9804768562316895, 16.272518157958984, 4.214915752410889] -3.0988717079162584 0.10359248518943787
barrier [[2.4971389770507244, -8.101493835449219, -1.460257887840271]] [2.001981496810913, 0.5168262720108032, 0.9850406050682068] -3.121760129928588 0.818132758140564
barrier [[2.6514282226563353, -14.136592864990178, -1.5667939186096191]] [2.1032111644744873, 0.5335502624511719, 1.068192720413208] -3.0844736099243155 0.800788402557373
barrier [[2.7673454284667685, -16.315410614013672, -1.6237981319427455]] [2.0884718894958496, 0.5067960023880005, 1.0284879207611084] -3.1116292476654044 0.7120071053504944
barrier [[2.5151100158691975, -10.07920837402338, -1.5200810432434082]] [2.0003855228424072, 0.5593027472496033, 1.0422457456588745] 3.1184371153460915 0.7060389518737793
barrier [[-10.985214233398438, -34.424327850341854, -1.2647922039031982]] [1.9571949243545532, 0.5927571058273315, 1.1087024211883545] 1.615956608449118 0.6980031728744507
barrier [[2.5514640808105753, -12.216430664062443, -1.4864977598190308]] [2.006485939025879, 0.5476533770561218, 1.0853208303451538] -3.102379798889159 0.6867433786392212
barrier [[-17.72370910644537, -35.76235198974615, -0.809884369373318]] [1.9708952903747559, 0.7009479403495789, 0.9813289642333984] 1.6462853590594693 0.6723836660385132
barrier [[-12.865016937255888, -34.42408370971691, -1.1448394060134852]] [1.9585769176483154, 0.6218311786651611, 1.089124083518982] 1.6291626135455533 0.669854462146759
barrier [[-15.884651184082003, -35.603897094726506, -0.8881323933601379]] [1.9251340627670288, 0.6987141966819763, 1.022505760192871] 1.6901162306415007 0.6241753697395325
barrier [[10.537025451660242, -13.530731201171932, -1.843039870262146]] [2.2903800010681152, 0.48122525215148926, 1.0314732789993286] 0.028050065040588004 0.6022497415542603
barrier [[-19.540557861328153, -35.88449096679693, -0.708232700824734]] [1.9488071203231812, 0.7201277017593384, 0.9409613609313965] 1.6281350294696257 0.5609034299850464
barrier [[9.766448974609489, -11.128311157226506, -1.7798650264740026]] [2.149613618850708, 0.5037744045257568, 0.9941859245300293] 0.4311896562576287 0.5435348153114319
barrier [[3.8855590820314205, -19.035415649414062, -1.6219056844711375]] [2.075348138809204, 0.4742231070995331, 1.0589109659194946] -2.3549466133117662 0.5382061004638672
barrier [[-32.11124420166007, -35.74630737304693, -0.056227769702669406]] [1.986417293548584, 0.6965996623039246, 0.9840497374534607] 1.6022079626666472 0.5216792821884155
barrier [[-29.780448913574105, -35.62905120849604, -0.2221934050321579]] [1.927438497543335, 0.6231998801231384, 0.9903464317321777] 1.6139519850360318 0.5169738531112671
barrier [[-11.015396118164148, -35.0899276733399, -1.2448070049285818]] [2.0262880325317383, 0.6081638336181641, 1.1322071552276611] 1.6816580931292937 0.5074576735496521
barrier [[-11.055274963378878, -35.58345031738287, -1.2274036407470703]] [2.0946567058563232, 0.5715629458427429, 1.1148769855499268] 2.2294362227069304 0.5040373802185059
barrier [[-33.89954376220712, -35.783092498779354, 0.06853387504816766]] [1.981874704360962, 0.7152094841003418, 0.9731836318969727] 1.6275609175311494 0.47190946340560913
barrier [[-14.115261077880774, -35.53996658325195, -1.0130032300949097]] [1.976912021636963, 0.671512246131897, 1.088341474533081] 1.6042535940753384 0.4652540385723114
barrier [[10.591133117675724, -15.27067565917963, -1.8508553504943812]] [2.050605535507202, 0.4287789463996887, 1.0164967775344849] 0.03579676151275613 0.44948601722717285
barrier [[-41.085136413574105, -36.26080322265625, 0.25333505868911743]] [1.922520399093628, 0.6197511553764343, 0.9864768981933594] 1.6050913969623015 0.4406958818435669
barrier [[4.442462921142663, -19.063079833984375, -1.605866551399231]] [1.959834098815918, 0.4575044810771942, 1.0488829612731934] -2.228131771087645 0.4292919337749481
barrier [[-27.36295318603507, -36.367187500000114, -0.34555268287658336]] [1.88795804977417, 0.624929666519165, 1.009425163269043] 1.3574591875076294 0.39267125725746155
barrier [[2.9085693359375284, -18.147617340087834, -1.6256991624832153]] [1.9483782052993774, 0.468109667301178, 1.005968451499939] -2.9120192527770987 0.38759779930114746
barrier [[-42.85565948486325, -36.24956512451166, 0.3310737013816869]] [1.8610097169876099, 0.5866317749023438, 1.0230371952056885] 1.559576392173767 0.38331419229507446
barrier [[-9.992507934570199, -35.647453308105526, -1.305275082588203]] [2.110844850540161, 0.5664102435112, 1.0565565824508667] 0.1928510665893547 0.38322725892066956
barrier [[5.032627105712976, -19.044765472412053, -1.660990834236145]] [2.0598278045654297, 0.4595736265182495, 1.0693161487579346] -2.296637296676635 0.34998854994773865
barrier [[3.1836051940918537, -17.80137634277355, -1.6303845643997192]] [1.9535306692123413, 0.47865957021713257, 1.025117039680481] -2.821305036544799 0.34322068095207214
barrier [[-21.313774108886747, -36.135665893554744, -0.6149557828903163]] [1.9699596166610718, 0.6972240209579468, 0.9462885856628418] 1.6459105650531218 0.33958756923675537
barrier [[-44.630111694335824, -36.21487426757807, 0.3736779689788783]] [2.0301666259765625, 0.6049228310585022, 1.0428355932235718] 1.5814474264727996 0.32240238785743713
barrier [[-29.09761619567871, -36.30422210693365, -0.2688780426979065]] [1.8643081188201904, 0.648291826248169, 1.0198842287063599] 1.1927028894424436 0.3223915696144104
barrier [[-27.863189697265568, -36.725772857666016, -0.3193406462669337]] [2.116889715194702, 0.6443026661872864, 1.0494426488876343] 0.7892011404037472 0.3150807321071625
barrier [[-12.2407417297363, -35.625640869140625, -1.1383216381072963]] [1.9821739196777344, 0.6082539558410645, 1.128188967704773] 1.9400056044207978 0.3022669553756714
barrier [[-35.098526000976506, -36.09011077880865, 0.09982828795909882]] [2.052121877670288, 0.7342061400413513, 0.9751423597335815] 1.631926361714499 0.295184463262558
barrier [[6.963699340820369, 34.465301513671875, -0.45785343647003174]] [1.4234768152236938, 0.6259103417396545, 0.9703981280326843] 2.352623764668601 0.2882876992225647
barrier [[-24.891542434692326, -35.634380340576115, -0.5540676712989807]] [1.8300701379776, 0.6182368397712708, 0.8741243481636047] 1.6209214369403286 0.27540045976638794
barrier [[10.624137878418082, -17.019817352294922, -1.8037582635879552]] [2.0007715225219727, 0.4559304714202881, 1.0460209846496582] 0.11233973503112749 0.27024397253990173
barrier [[-12.885581970214787, -34.98325347900402, -1.1220146417617727]] [2.0468368530273438, 0.6768064498901367, 1.120757818222046] 1.5867274443255828 0.26539739966392517
barrier [[-26.147029876708956, -36.198234558105526, -0.4582120478153193]] [2.083509922027588, 0.6400555968284607, 0.9494943022727966] 1.5956290403949187 0.26532530784606934
barrier [[11.007713317871122, -17.06193923950201, -1.7567117214202845]] [2.0251691341400146, 0.43653929233551025, 1.0493379831314087] 0.2570093870162959 0.25141072273254395
barrier [[-46.480491638183736, -36.23719024658209, 0.38643065094948525]] [1.9776957035064697, 0.6002805233001709, 1.0773881673812866] 1.5829475561725064 0.25016292929649353
barrier [[-28.535318374633704, -35.72106933593744, -0.3272495269775355]] [1.9421379566192627, 0.6287699341773987, 0.9913362860679626] 1.5346847772598264 0.24666906893253326
barrier [[-28.462963104248047, -36.7404403686524, -0.27860563993453624]] [2.152280807495117, 0.6623201966285706, 1.0349286794662476] -0.06534850597381603 0.23561760783195496
barrier [[-39.30034637451152, -36.19731903076172, 0.15715970098971965]] [2.1293768882751465, 0.6342881321907043, 1.0027555227279663] 1.620518032704489 0.23164880275726318
barrier [[7.359848022461051, 34.998855590820426, -0.49695301055908203]] [1.7820345163345337, 0.5528034567832947, 0.9412301778793335] 0.3868774175643916 0.2284858226776123
barrier [[3.9106216430664062, -17.727897644043026, -1.5861084461212158]] [2.0862162113189697, 0.4864253103733063, 1.0755623579025269] -2.439375162124633 0.22209662199020386
barrier [[6.819789886474524, 37.55413818359375, -0.6181753873825002]] [1.9181678295135498, 0.580672025680542, 0.9606825113296509] -2.4105131626129137 0.2219177484512329
barrier [[7.3567543029785725, 33.966094970703125, -0.46206158399582264]] [1.5260494947433472, 0.5528244972229004, 0.9601932168006897] 0.5026212930679315 0.2007516622543335
barrier [[-30.217792510986385, -36.829128265380916, -0.18861846625804546]] [1.9910506010055542, 0.6908831596374512, 1.0204238891601562] -0.8002595305442808 0.19680547714233398
barrier [[-36.265869140625085, -35.901901245117244, 0.11651228368282318]] [2.2109646797180176, 0.7094296216964722, 0.9887034893035889] 1.5860956350909636 0.1897408813238144
barrier [[-9.468429565429602, -35.67386627197271, -1.3476845026016235]] [2.1497116088867188, 0.5737008452415466, 1.048055648803711] 0.48988926410675004 0.18952560424804688
barrier [[4.360042572021399, -17.745025634765682, -1.5593688488006592]] [2.178628921508789, 0.4866762161254883, 1.0795193910598755] -2.6049823760986324 0.1847045123577118
barrier [[10.893249511718722, -15.883708953857479, -1.7686303853988647]] [1.8592227697372437, 0.39611637592315674, 0.988388180732727] 0.07225608825683515 0.18045595288276672
barrier [[-10.497440338134709, -36.04891586303711, -1.2847923040390015]] [2.126016855239868, 0.5730741024017334, 1.0855529308319092] 0.8043051958084102 0.16383875906467438
barrier [[-30.84559822082531, -36.12809371948242, -0.16801412403583527]] [1.9923620223999023, 0.7672770619392395, 0.9767905473709106] 1.590054337178366 0.1595463752746582
barrier [[-37.514526367187585, -36.17625045776367, 0.04894168674946542]] [2.166109800338745, 0.6478681564331055, 0.9956425428390503] 1.5950816313373015 0.15913355350494385
barrier [[-8.864440917968693, 6.259223937988281, -0.7594575881958043]] [1.9136066436767578, 0.40031304955482483, 0.9502201080322266] 0.022880077362060616 0.15911655128002167
barrier [[-30.389072418212777, -43.88665771484375, -0.9205366373062134]] [2.325806140899658, 0.5839821696281433, 1.068946123123169] 1.5883215109454556 0.1590333878993988
barrier [[-11.084484100341683, -36.04830551147455, -1.2421197891235352]] [2.0784785747528076, 0.5699028372764587, 1.1025044918060303] 1.9907124678241181 0.15737998485565186
barrier [[5.501590728759936, -19.02338409423828, -1.7578575611114537]] [2.177359104156494, 0.46961909532546997, 1.0903550386428833] -2.3015644550323477 0.1549881100654602
barrier [[-48.276393890380945, -36.28863906860357, 0.4834836125373876]] [2.1990342140197754, 0.5756235718727112, 1.071601152420044] 1.6102350393878386 0.15121421217918396
barrier [[3.0945243835449503, -14.146144866943416, -1.5342564582824672]] [2.2449588775634766, 0.6043257117271423, 1.1058374643325806] 3.116945091878074 0.1463261991739273
barrier [[-24.377250671386548, -36.140487670898494, -0.5648378729820287]] [2.0611765384674072, 0.6520968079566956, 0.8805363178253174] 1.4057620763778687 0.14463458955287933
barrier [[-6.853549957275362, 26.13925933837885, -0.12182431668042781]] [2.3391833305358887, 0.5011299848556519, 0.998625636100769] -1.8645514249801627 0.1429969221353531
barrier [[8.678527832031165, -9.880241394043026, -1.5458428859710658]] [1.6875065565109253, 0.5285283327102661, 1.052415132522583] -0.9185422658920288 0.1391637623310089
barrier [[17.152359008789148, -1.4929351806640057, -1.932777523994453]] [2.033064842224121, 0.362362802028656, 0.9966338872909546] -3.117094755172728 0.135521799325943
barrier [[4.985515594482507, -20.001838684081974, -1.747908473014835]] [2.189764976501465, 0.5209934115409851, 1.065288782119751] -2.4725437164306627 0.13143914937973022
barrier [[10.076576232910128, -16.47403335571289, -1.8337397575378382]] [2.0576629638671875, 0.4736019968986511, 1.0344094038009644] -0.018502712249756033 0.1301824450492859
barrier [[10.29691314697277, -11.857532501220703, -1.8109713792800939]] [2.201148748397827, 0.47559186816215515, 0.9972614049911499] 0.32522666454315147 0.12915396690368652
barrier [[6.3633155822754475, -49.358787536621094, -2.6711273193359446]] [2.4812979698181152, 0.5589764714241028, 1.0729153156280518] 1.6587341467486785 0.12602272629737854
barrier [[7.465675354003963, 36.91618347167963, -0.5619975328445364]] [1.941692590713501, 0.5161811113357544, 0.9972342252731323] -0.24776101112365728 0.1256011724472046
barrier [[-42.28705596923828, -36.65902328491205, 0.22843563556671498]] [2.267414093017578, 0.7355538010597229, 0.9722251892089844] 1.6986330191241668 0.12430641055107117
barrier [[8.18346023559576, 26.645851135253963, -0.63082659244537]] [1.8799288272857666, 0.5668467879295349, 0.9553528428077698] -3.0739488601684557 0.11534228920936584
barrier [[10.843162536621065, -14.103961944580078, -1.7746682167053187]] [2.1475558280944824, 0.4687768518924713, 0.9867877960205078] 0.044053792953491024 0.11295460164546967
barrier [[7.495098114013587, 38.05717468261713, -0.5520348548889089]] [2.0686306953430176, 0.568144679069519, 0.9774354696273804] -0.1288868188858037 0.11107102781534195
barrier [[-30.82217979431141, -35.393287658691406, -0.154623344540596]] [2.1064512729644775, 0.7110949754714966, 0.9751399755477905] 1.5878561178790493 0.11031649261713028
barrier [[10.176498413085994, -12.86591720581049, -1.8616366386413574]] [2.0872719287872314, 0.5242547392845154, 0.9934856295585632] 0.03265905380248972 0.10619186609983444
barrier [[-19.514980316162195, -18.100582122802848, -0.35762786865234375]] [2.5491504669189453, 0.5561376214027405, 0.9729236364364624] 1.6956070105182097 0.10612764954566956
barrier [[6.53572845458973, 34.4440536499024, -0.46007934212684276]] [1.5383880138397217, 0.5161476731300354, 0.9342263340950012] 2.8709982077228005 0.10582104325294495
barrier [[-8.000728607177763, 34.514389038085994, 0.01529240328818915]] [2.1394176483154297, 0.4951530992984772, 0.9697237610816956] 0.025025844573974117 0.10398504137992859
barrier [[-23.029510498046733, -36.21005630493164, -0.6108037233352661]] [2.0761303901672363, 0.6564093232154846, 0.9291050434112549] 1.47145140171051 0.10245511680841446
barrier [[35.708450317382926, -34.95737457275385, -3.2588386535644567]] [2.391150951385498, 0.5561498403549194, 0.970431923866272] 1.5417364835739136 0.1022694855928421
barrier [[39.95114135742193, -35.082733154296875, -3.0293653011322057]] [2.317685127258301, 0.512088418006897, 1.0605846643447876] 2.9851253668414524 0.10226523876190186
motorcycle [[-6.7882957458495525, -4.866024017333984, -0.6149469017982483]] [0.7126260995864868, 2.1658132076263428, 1.2968028783798218] -2.106832027435302 0.7957899570465088
bicycle [[-5.86067199707017, 24.945899963378963, -0.09565108269453049]] [0.6022467017173767, 1.6743872165679932, 1.1789121627807617] 0.38080036640167175 0.7154104709625244
bicycle [[-1.9457283020019247, -42.845645904541016, -1.739563226699829]] [0.6615647077560425, 1.7494208812713623, 1.4525682926177979] 1.5613304376602175 0.3635993003845215
bicycle [[-6.1264610290526775, 25.32659912109375, -0.11244757473468425]] [0.5947991013526917, 1.6231439113616943, 1.1746745109558105] 0.1444519758224486 0.30240046977996826
bicycle [[3.7665405273438353, -17.75627899169922, -1.1765884160995483]] [0.585935652256012, 1.6258926391601562, 1.3159141540527344] 2.932236496602195 0.2952589988708496
bicycle [[24.998947143554602, 23.709320068359318, -0.7743426561355555]] [0.6100113391876221, 1.724674105644226, 1.2156480550765991] -0.02801740169525174 0.2386871576309204
bicycle [[-5.316139221191349, 25.436904907226562, -0.12505859136581776]] [0.6026244163513184, 1.6744039058685303, 1.246680498123169] -0.8475509881973262 0.2191840410232544
motorcycle [[16.429710388183622, 29.062713623046818, -0.11010208725928905]] [0.6478254795074463, 1.8429173231124878, 1.224198579788208] -1.4419337511062615 0.19568485021591187
bicycle [[-8.045726776123018, 34.55084991455084, -0.049569737166166306]] [0.5809614658355713, 1.739295482635498, 1.1420161724090576] -0.5962812900543213 0.19144245982170105
bicycle [[20.014259338378793, -20.120258331298942, -1.7290295362472499]] [0.6482291221618652, 1.7708712816238403, 1.6273815631866455] -1.1933329105377193 0.18533039093017578
motorcycle [[18.37015533447274, 2.654518127441463, 1.3914783000946045]] [0.8300706148147583, 2.0713043212890625, 1.2850086688995361] -2.8527812957763663 0.18385475873947144
bicycle [[-6.715286254882926, 24.869766235351562, -0.06700683385133033]] [0.584274172782898, 1.642590045928955, 1.1148416996002197] 0.2929891347885128 0.1542709767818451
bicycle [[-8.858760833740178, 6.150592803955078, -0.670814812183373]] [0.548168957233429, 1.6624937057495117, 1.0792486667633057] 1.5947297255145474 0.15414214134216309
bicycle [[-21.765201568603572, 30.417373657226562, 2.0264272689819407]] [0.718693196773529, 1.8205409049987793, 1.6594245433807373] -1.1419728994369502 0.1428993195295334
bicycle [[-1.002353668212976, -44.149192810058594, -1.9621186256408656]] [0.6935093402862549, 1.7863678932189941, 1.578410267829895] -0.735170006752014 0.14066550135612488
motorcycle [[26.627044677734432, -14.042678833007812, -0.3691916763782537]] [0.7487839460372925, 2.054422616958618, 1.437276840209961] 3.0477479139911106 0.13948971033096313
bicycle [[0.24087142944335938, -45.26358413696289, -2.1362364292144775]] [0.6907144784927368, 1.6675176620483398, 1.63548743724823] -0.5284620523452763 0.13571640849113464
motorcycle [[-0.25188064575198155, -47.680633544921875, -2.1884660720825195]] [0.7087150812149048, 1.9548414945602417, 1.3765895366668701] -0.9449123144149776 0.13268831372261047
bicycle [[-9.818813323974666, 22.527267456054688, 0.9087887406349218]] [0.5769639015197754, 1.54128098487854, 1.2538981437683105] -0.8201652169227597 0.13084691762924194
bicycle [[21.901130676269588, 35.058197021484375, -0.2644228339195216]] [0.6308742165565491, 1.768263339996338, 1.2366195917129517] -1.5221309661865225 0.11547571420669556
bicycle [[25.467620849609403, -18.784671783447266, -1.29909348487854]] [0.6588044166564941, 1.7337615489959717, 1.1942167282104492] 3.0897854010211403 0.112906813621521
bicycle [[-11.224777221679659, 27.287734985351506, 1.4682360887527537]] [0.657819390296936, 1.8090345859527588, 1.3262863159179688] -1.4693057537078849 0.10800565034151077
bicycle [[-2.5717010498046022, -42.873863220214844, -1.5096627473831177]] [0.6748547554016113, 1.757607340812683, 1.3703818321228027] 0.9994584321975707 0.1076083779335022
bicycle [[25.59885406494152, -39.32980346679693, -1.333230733871467]] [0.7234358787536621, 1.787489652633667, 1.3912208080291748] 2.6019089857684548 0.10619042813777924
motorcycle [[-29.651994705200167, -36.790649414062614, -0.0408492200076509]] [0.5943520069122314, 1.8355838060379028, 1.3770592212677002] 0.026158452033996287 0.10417487472295761
bicycle [[29.656906127929773, -23.207160949707088, -1.815477609634403]] [0.6330302953720093, 1.7654253244400024, 1.1999473571777344] -1.560032129287719 0.10281278192996979
motorcycle [[-6.969478607177791, 35.100173950195256, 0.7617272138595652]] [0.774500846862793, 2.099792242050171, 1.3905681371688843] -2.757874727249144 0.10089503228664398
pedestrian [[7.494808197021513, -11.294136047363281, -1.1611425876617432]] [0.7243282794952393, 0.68306964635849, 1.673863410949707] -1.0650469064712522 0.8801753520965576
traffic_cone [[10.075485229492159, -3.956447601318416, -1.5672308206558228]] [0.3584252893924713, 0.35886749625205994, 0.7238640189170837] -1.9108607769012442 0.8315176963806152
pedestrian [[-3.9446754455566975, -24.786560058593864, -1.302331805229187]] [0.6683851480484009, 0.639252781867981, 1.7712867259979248] -1.1219191551208492 0.8304664492607117
pedestrian [[-12.419757843017635, 9.860603332519531, 0.8112537860870432]] [0.7020671963691711, 0.6581336259841919, 1.8437693119049072] 1.9445498625384736 0.8159397840499878
pedestrian [[-0.3014335632323082, -20.870750427246094, -1.1910429000854528]] [0.7434051036834717, 0.8634230494499207, 1.893798828125] 3.1176748911487038 0.7973591089248657
traffic_cone [[2.281581878662138, -4.267829895019474, -1.4673006534576416]] [0.3879348933696747, 0.3913428783416748, 0.7251070141792297] 2.2204964796649382 0.7956106662750244
traffic_cone [[9.223758697509851, 10.045974731445312, -1.2230862379074061]] [0.3947226405143738, 0.3917241096496582, 0.7909061312675476] 1.8077510038958953 0.7885491251945496
traffic_cone [[1.963825225830135, 1.3137245178222656, -1.4336490631103551]] [0.34407731890678406, 0.35070788860321045, 0.7268555760383606] 1.591277901326315 0.7864356637001038
traffic_cone [[9.776542663574276, 0.54926681518549, -1.4675670862197947]] [0.3860548138618469, 0.38653892278671265, 0.7410935163497925] -2.0010030269622794 0.7755682468414307
pedestrian [[-7.107246398925838, -17.824256896972713, -1.0932624340057302]] [0.680317759513855, 0.8167826533317566, 1.7116453647613525] -0.8204483389854429 0.7633453607559204
pedestrian [[-7.465072631836023, -12.735977172851676, -0.7388070821762085]] [0.6657586693763733, 0.6314380168914795, 1.818113088607788] -0.6275391578674319 0.7494975328445435
pedestrian [[-12.68285369873044, 11.160537719726676, 0.8620625734329259]] [0.6977993249893188, 0.650111198425293, 1.8533973693847656] -1.047374606132507 0.7474091053009033
traffic_cone [[1.836887359619169, 6.3015594482421875, -1.335963606834408]] [0.38654643297195435, 0.39011937379837036, 0.7210065126419067] 1.6990717093097136 0.7202922105789185
traffic_cone [[8.788291931152372, 17.287696838378906, -1.0478391647338832]] [0.4302859902381897, 0.419552206993103, 0.7546416521072388] 1.9748609701739714 0.6994873285293579
traffic_cone [[9.460208892822266, 5.486217498779297, -1.3386836051940882]] [0.38099539279937744, 0.3804051876068115, 0.7362744808197021] 2.4863203207599094 0.6993131637573242
traffic_cone [[9.069057464599666, 13.965263366699276, -1.0914194583892787]] [0.4141853451728821, 0.4122806489467621, 0.754395067691803] 1.9835575262652803 0.6903504729270935
traffic_cone [[10.299324035644474, -8.792739868164062, -1.7117185592651367]] [0.3605179488658905, 0.3597281277179718, 0.7301876544952393] -1.5451890230178826 0.6889289617538452
pedestrian [[14.644195556640739, -21.329109191894474, -1.5174331665039098]] [0.6184055209159851, 0.6871905326843262, 1.7630126476287842] 0.1344224214553831 0.6825114488601685
pedestrian [[8.133644104003878, -11.854320526123104, -1.2958253622055054]] [0.7431445717811584, 0.7292883992195129, 1.6869351863861084] 2.84929353395571 0.6793581247329712
traffic_cone [[1.5109672546387571, 10.752487182617074, -1.1557579040527344]] [0.3741154968738556, 0.36731553077697754, 0.7255114316940308] 1.5548986196517944 0.6599111557006836
pedestrian [[-1.2643737792968466, -19.264949798583984, -1.105532288551327]] [0.6763538718223572, 0.6516520977020264, 1.8818825483322144] 0.12608301639556851 0.6490428447723389
pedestrian [[-1.427394866943473, -20.160869598388786, -1.200514912605282]] [0.6398749351501465, 0.6588219404220581, 1.8169434070587158] 0.9449306726455687 0.6315115690231323
pedestrian [[-17.786979675293054, 16.544937133789062, 1.2007787227630686]] [0.6440388560295105, 0.7114427089691162, 1.8050380945205688] -1.1131439208984368 0.6275961399078369
pedestrian [[14.907104492187528, -23.236440658569336, -1.5064526796340907]] [0.6375647783279419, 0.6894394755363464, 1.783577561378479] 0.09829688072204565 0.5958983302116394
pedestrian [[14.694664001464844, -22.00162315368658, -1.480063915252682]] [0.6137588620185852, 0.6767461895942688, 1.8011271953582764] 0.09998500347137422 0.5847008228302002
traffic_cone [[1.106269836425895, 15.697128295898494, -0.9161877632141113]] [0.3861609399318695, 0.38530051708221436, 0.7434293031692505] 1.8999441305743623 0.5649176239967346
traffic_cone [[8.178230285644531, 26.01771545410162, -0.7189765572547913]] [0.4360409080982208, 0.4366174638271332, 0.7764571905136108] 1.8990271727191377 0.5511535406112671
pedestrian [[-5.08488845825201, -46.99716186523449, -1.9210635423660278]] [0.6687713265419006, 0.6997100710868835, 1.7647404670715332] 0.35392022132873535 0.530246376991272
pedestrian [[-22.982749938964957, 33.2203369140625, 2.6367826461792063]] [0.7043910026550293, 0.7224341034889221, 1.854374885559082] -1.117424607276916 0.4878767728805542
pedestrian [[-9.945880889892436, -48.49081802368164, -1.601234912872318]] [0.6446259021759033, 0.6860885620117188, 1.8038272857666016] 0.06873226165771469 0.47957220673561096
pedestrian [[3.466495513916044, -17.72734832763672, -1.342081069946289]] [0.6056959629058838, 0.6056602597236633, 1.5929763317108154] 1.3847242593765259 0.4722130298614502
pedestrian [[-1.0060348510741903, -44.1633033752442, -1.9235073328018224]] [0.6590355038642883, 0.6926559805870056, 1.6221163272857666] 0.5159608125686643 0.46982306241989136
pedestrian [[-21.95897293090823, 30.882446289062557, 2.2419190406799316]] [0.636542797088623, 0.6791996359825134, 1.7564876079559326] -1.05700945854187 0.4494209885597229
traffic_cone [[8.369625091552734, 22.710548400878906, -0.8722468018531799]] [0.43018171191215515, 0.44005075097084045, 0.7858669757843018] 1.7466719786273408 0.44804370403289795
pedestrian [[-4.030826568603629, -25.95126533508312, -1.2254953384399379]] [0.661178469657898, 0.6590111255645752, 1.798539638519287] -0.5309008359909062 0.4475398361682892
traffic_cone [[8.501045227050781, 21.4429550170899, -0.8993380665779114]] [0.3955855071544647, 0.40175727009773254, 0.7710415720939636] 1.7978585402118132 0.44601768255233765
pedestrian [[-8.574466705322266, -48.908737182617244, -1.8142448663711548]] [0.63432776927948, 0.6686113476753235, 1.7764307260513306] 0.2150034904479972 0.41476133465766907
traffic_cone [[8.640777587890653, 19.47782897949213, -0.9740848541259766]] [0.3936269283294678, 0.40406784415245056, 0.759023904800415] 1.813834492360251 0.408647358417511
pedestrian [[-19.877941131591854, 18.934928894042912, 1.3477531671524083]] [0.6746399998664856, 0.7293040156364441, 1.8158150911331177] -0.16585123538970997 0.4066237807273865
pedestrian [[0.2863655090331463, -44.89645385742193, -2.05875635147094]] [0.6336318254470825, 0.6547560095787048, 1.7054436206817627] 0.31415927410125705 0.4002854824066162
pedestrian [[-4.980678558349524, -47.53741836547846, -1.9587676525116002]] [0.6557416915893555, 0.7015976905822754, 1.7596750259399414] 0.26108467578887834 0.39204320311546326
pedestrian [[-1.3676185607909588, -43.57417678833008, -1.8787791728973353]] [0.6224096417427063, 0.6626957654953003, 1.612854242324829] 0.4992390871047972 0.3676631450653076
traffic_cone [[7.500141143798828, 33.83679199218756, -0.4628372490406001]] [0.4259242117404938, 0.41895049810409546, 0.8123968839645386] 1.5587161779403689 0.3550254702568054
traffic_cone [[7.4021949768066975, 34.425086975097656, -0.4759544730186498]] [0.41686683893203735, 0.41111424565315247, 0.8131730556488037] 1.0404714345932005 0.3428797423839569
pedestrian [[-1.954319000244169, -42.78546905517578, -1.825956225395199]] [0.6267552971839905, 0.6492248177528381, 1.7040425539016724] 0.6030372381210325 0.3426631689071655
traffic_cone [[7.932304382324304, 29.028244018554744, -0.6083886623382604]] [0.4414299726486206, 0.43426263332366943, 0.7838714122772217] -1.6862088441848748 0.3378119170665741
traffic_cone [[8.015560150146541, 27.471954345703182, -0.6252980828285182]] [0.4129025936126709, 0.41173413395881653, 0.816278874874115] 1.7592418829547332 0.3306155204772949
traffic_cone [[7.610431671142521, 33.527313232421875, -0.45442226529121044]] [0.4192553758621216, 0.41545605659484863, 0.7819225788116455] 1.942053143178122 0.32434436678886414
traffic_cone [[9.240539550781193, -10.117805480957031, -1.6775463819503713]] [0.35184934735298157, 0.34784358739852905, 0.7507556676864624] -1.433695435523986 0.3133944272994995
pedestrian [[8.031093597412166, -11.17454528808588, -1.2751172780990636]] [0.725155234336853, 0.7410433292388916, 1.649521827697754] -2.15427541732788 0.30282062292099
traffic_cone [[7.048675537109233, 35.72678375244135, -0.5669441819190908]] [0.4241398870944977, 0.4255453050136566, 0.787382185459137] -2.998029232025145 0.30141088366508484
pedestrian [[-8.29706192016593, -49.43673324584961, -1.7585148811340332]] [0.6688458323478699, 0.7183164358139038, 1.828351616859436] 0.23922693729400568 0.29574054479599
pedestrian [[20.04767608642578, -20.092964172363224, -1.7312924861907923]] [0.6926939487457275, 0.7859472036361694, 1.8209896087646484] -0.6509621739387512 0.2947826087474823
traffic_cone [[8.629146575927734, 19.060340881347713, -0.9631671905517543]] [0.39796462655067444, 0.4022524356842041, 0.7631438970565796] 1.8860667387591765 0.29029637575149536
traffic_cone [[8.18539047241211, 25.750076293945256, -0.7033783793449402]] [0.43058809638023376, 0.4293070435523987, 0.8067382574081421] 1.9483664671527314 0.2853294909000397
pedestrian [[20.097450256347543, -19.527320861816406, -1.6678025722503627]] [0.6583842635154724, 0.7291336059570312, 1.7909033298492432] -0.4275752305984497 0.2757943868637085
traffic_cone [[-9.903564453124886, -34.643569946289006, -1.4129004478454554]] [0.37850239872932434, 0.3601999282836914, 0.818130373954773] 0.8558639287948605 0.2753836214542389
pedestrian [[-2.0402221679687216, -42.38299560546875, -1.871104478836056]] [0.5984289646148682, 0.6214849948883057, 1.6172572374343872] 0.6240071058273311 0.26221370697021484
pedestrian [[20.032333374023494, -20.653591156005916, -1.747353553771969]] [0.67836594581604, 0.7574043273925781, 1.7654916048049927] -0.8691556453704832 0.25550955533981323
traffic_cone [[7.890533447265625, 30.263961791992188, -0.5682696104049576]] [0.4338825047016144, 0.4279932379722595, 0.7706854343414307] -1.5943914651870719 0.25493061542510986
pedestrian [[-21.762729644775476, 30.304992675781136, 2.071255207061771]] [0.6545777320861816, 0.7023546695709229, 1.7477176189422607] -1.1408202648162835 0.2518932819366455
traffic_cone [[-9.875736236572294, -34.92950057983404, -1.409765720367428]] [0.3898582458496094, 0.3654892146587372, 0.8106789588928223] 0.7872387170791623 0.25108855962753296
traffic_cone [[-7.899364471435632, 34.54686737060547, -0.011285653337832713]] [0.375946581363678, 0.36937546730041504, 1.0757076740264893] -0.2783799171447757 0.23222307860851288
traffic_cone [[6.85405731201169, 34.0208740234375, -0.4278781116008723]] [0.46063947677612305, 0.46933484077453613, 0.8746227025985718] 2.61963159242739 0.22888001799583435
pedestrian [[3.76447677612299, -18.13198471069336, -1.4294178485870361]] [0.5941188335418701, 0.6339344382286072, 1.663710117340088] 1.4289785623550415 0.22789931297302246
traffic_cone [[8.651790618896541, 19.885475158691406, -0.97153943777084]] [0.38500094413757324, 0.39212143421173096, 0.7716063261032104] 1.8187001387225556 0.22535592317581177
pedestrian [[25.595100402832117, -39.28762817382824, -1.2649114131927526]] [0.6224828958511353, 0.5886473059654236, 1.746045470237732] 3.0266702810870583 0.22344955801963806
traffic_cone [[6.487411499023352, 34.03819274902344, -0.37754026055335643]] [0.4013310670852661, 0.3961503505706787, 0.925356388092041] 2.5436065832721164 0.22061723470687866
traffic_cone [[25.125976562499943, 23.702957153320256, -0.8508449792861903]] [0.3800320625305176, 0.37513887882232666, 1.2682342529296875] 3.0449886957751686 0.21809107065200806
pedestrian [[-4.31787109375, -25.55110168457037, -1.2867373228073085]] [0.6555484533309937, 0.6675689220428467, 1.7546449899673462] -0.6595507860183714 0.21551430225372314
traffic_cone [[6.495605468750028, 36.93579864501953, -0.5575002431869507]] [0.41459921002388, 0.42105865478515625, 0.8158241510391235] -1.979782819747924 0.214394211769104
pedestrian [[4.48812866210929, -19.081264495849666, -1.6023647785186732]] [0.5232620239257812, 0.5347867608070374, 1.4797042608261108] 1.7931898275958464 0.20881664752960205
pedestrian [[0.13447952270499286, -47.89421844482433, -2.364695072174076]] [0.6291959881782532, 0.6501061320304871, 1.6790623664855957] 0.11003017425537054 0.20583121478557587
traffic_cone [[6.963562011718722, 34.35543823242193, -0.45780557394027355]] [0.44515037536621094, 0.4450041949748993, 0.8299480676651001] 2.8010376135455544 0.20521879196166992
pedestrian [[-10.351573944091768, -48.898071289062614, -1.6193434000015294]] [0.6906762719154358, 0.7450200319290161, 1.8370144367218018] 0.02505826950073179 0.1994168907403946
pedestrian [[-22.486444473266573, 32.686508178710994, 2.455797195434574]] [0.6272972822189331, 0.64593106508255, 1.6564180850982666] -0.8574848771095271 0.19749900698661804
traffic_cone [[29.56784820556632, -23.285438537597713, -1.695229172706597]] [0.38663312792778015, 0.37874606251716614, 0.9819483160972595] 2.935016457234519 0.19505545496940613
traffic_cone [[-29.58249855041484, -36.71894836425781, -0.17481428384780884]] [0.4964677095413208, 0.5168379545211792, 1.124036431312561] 1.498529314994812 0.19437582790851593
pedestrian [[-22.564208984374915, 33.63745117187506, 2.5828351974487305]] [0.683098316192627, 0.7179583311080933, 1.7659629583358765] -0.7962402701377868 0.19351986050605774
pedestrian [[-9.363513946533175, -48.82030487060547, -1.7141989469528127]] [0.6560221910476685, 0.7164507508277893, 1.7951759099960327] 0.07949209213256823 0.1873902827501297
pedestrian [[8.755592346191378, -10.563426971435604, -1.5880681276321411]] [0.5031316876411438, 0.5163730978965759, 1.06148099899292] -2.3286504745483385 0.18605327606201172
traffic_cone [[-27.17500114440898, -36.38203430175787, -0.3553488850593567]] [0.445636123418808, 0.45160722732543945, 0.8829589486122131] 1.052445530891418 0.18536227941513062
pedestrian [[-0.2472686767576988, -44.73363113403326, -1.9756463766097987]] [0.6751776337623596, 0.7342859506607056, 1.7098263502120972] 0.5113357305526726 0.18261680006980896
0cd661df01aa40c3bb3a773ba86f753a