car [[-1.446983337402628, 9.341030120849496, -0.4965685606002843]] [1.9386268854141235, 4.654141426086426, 1.910099744796753] 1.8593753019915982 0.8487854599952698
car [[15.10452270507784, -17.16656875610363, -1.6083562374115026]] [1.8742964267730713, 4.482217788696289, 1.5870188474655151] -1.5209957361221316 0.8066819906234741
car [[11.847061157226136, -19.585891723632983, -1.4285720586776733]] [2.1742472648620605, 5.119450092315674, 2.2096762657165527] -1.5365054607391357 0.7539774179458618
car [[11.438339233398096, -9.451118469238338, -1.352402687072754]] [1.7985966205596924, 4.408743858337402, 1.4944519996643066] -1.5444196462631223 0.7475296258926392
car [[31.99903106689416, -41.59725189208996, -2.8215777873992955]] [2.2444276809692383, 5.4217729568481445, 2.1826283931732178] 3.037638489400045 0.2414504736661911
car [[39.91710662841771, -40.50635528564459, -2.585861921310425]] [1.9358922243118286, 4.465869903564453, 1.686872959136963] 3.1102858225451873 0.19428212940692902
car [[43.47270202636696, -4.499305725097713, -0.9737964868545497]] [1.9480313062667847, 4.433438301086426, 1.7220957279205322] 0.01566827297210665 0.16205255687236786
car [[5.606834411620781, 53.80965423583967, 1.1445633172988892]] [2.332533597946167, 5.777096271514893, 2.368061065673828] 1.6139748732196257 0.16120433807373047
car [[-30.207458496094063, 33.946220397949105, 2.5020656585693395]] [1.9829049110412598, 4.642655372619629, 1.786161184310913] -3.0402140617370605 0.148494154214859
car [[-20.759956359863708, -51.93835830688488, -1.2942184209823608]] [1.9099960327148438, 4.408172607421875, 1.7202837467193604] 1.3135966062545776 0.1161913126707077
car [[14.664314270019332, 3.3100128173828125, -0.272302925586704]] [2.463036060333252, 6.303378582000732, 2.8607161045074463] -1.5589357614517212 0.11154454946517944
car [[39.95809936523406, -0.3093414306640625, -1.0320681333541906]] [1.917955994606018, 4.345263481140137, 1.7034391164779663] 0.7063494920730592 0.10758687555789948
car [[0.8969345092769743, 29.83143615722645, -0.12177601456642151]] [1.6895743608474731, 3.978177785873413, 1.4295153617858887] -1.4608635902404785 0.10650301724672318
car [[42.332984924316094, -2.8179740905762856, -0.93886893987656]] [2.056581497192383, 4.791716575622559, 1.827269196510315] 1.3883231878280637 0.1036607027053833
car [[-5.68667984008809, 22.425300598144474, 0.004817606881260872]] [1.8382452726364136, 4.272510051727295, 1.5865929126739502] -0.04923892021179211 0.10311059653759003
car [[-12.869972229004276, 31.533119201660043, 2.086870193481449]] [1.9268399477005005, 4.474869251251221, 1.656553030014038] -3.0882179737091064 0.10000912845134735
truck [[14.632156372069971, 3.253383636474439, -0.31442517042160034]] [2.438445568084717, 6.3020219802856445, 3.119279146194458] -1.5581398010253906 0.8381103873252869
construction_vehicle [[3.9432716369626917, -16.070655822753963, -0.7310527563095128]] [2.938227891921997, 3.9171082973480225, 3.222081422805786] -1.678682088851929 0.8172226548194885
truck [[14.909385681152116, -8.109588623046932, -0.30469369888306375]] [2.749875068664551, 10.465303421020508, 3.6460437774658203] -1.5541174411773682 0.7674500942230225
truck [[32.05867767333956, -41.5860328674317, -2.7817893028259313]] [2.164680004119873, 5.588743209838867, 2.154548168182373] 2.92539102235903 0.5398244261741638
construction_vehicle [[40.471015930175554, -3.2322502136231037, -1.358700037002567]] [2.4675357341766357, 5.566901683807373, 2.444340944290161] -0.4481313228607176 0.38068297505378723
construction_vehicle [[-28.525638580322635, 33.98345947265619, 2.189210891723633]] [2.2171263694763184, 2.939216375350952, 2.4024181365966797] 0.06732475757598844 0.22751405835151672
truck [[5.609741210937159, 53.90509796142567, 1.0467125177383423]] [2.628262519836426, 6.420998573303223, 3.030452251434326] 1.6026499907123013 0.18011224269866943
construction_vehicle [[24.930419921874716, -44.745719909668026, -1.7797210216522252]] [1.5409460067749023, 2.536285161972046, 1.9800894260406494] 0.12162280082702658 0.1567118763923645
construction_vehicle [[-2.033740997314652, -49.52244186401373, -2.4438910484313965]] [1.84695303440094, 4.124006748199463, 2.158008337020874] 0.5285507440567019 0.1416674107313156
construction_vehicle [[-11.735622406006115, 24.32942962646473, 1.9752621650695765]] [2.633180618286133, 5.847795486450195, 3.0959858894348145] -1.4486955404281614 0.1393943578004837
construction_vehicle [[-9.281883239746378, -53.862228393554744, -2.823256969451908]] [1.8241641521453857, 3.68729829788208, 2.375316619873047] 2.0819042364703577 0.12481852620840073
truck [[11.8187179565426, -19.59290695190441, -1.4136865139007568]] [2.0285003185272217, 5.17478084564209, 2.0382256507873535] -1.5301958322525024 0.11732286214828491
construction_vehicle [[14.6738662719724, -51.77297592163086, 2.490379810333252]] [2.6640470027923584, 5.829719066619873, 3.0811991691589355] -1.2849336862564087 0.11499275267124176
construction_vehicle [[-11.72757339477559, 50.13518524169916, 2.973373413085934]] [3.0966734886169434, 6.285128593444824, 3.4358811378479004] -0.5548937320709231 0.11292296648025513
bus [[5.610103607177422, 53.974655151367074, 1.1070194244384766]] [2.605358123779297, 6.379892349243164, 2.8644399642944336] 1.59144908586611 0.16890685260295868
trailer [[-15.851249694824503, -2.1312904357911293, 0.9257807731628382]] [2.1280179023742676, 2.5624687671661377, 3.2937846183776855] -1.764294147491455 0.10507787764072418
barrier [[2.199245452880433, -12.840652465820426, -1.605303406715393]] [2.0661697387695312, 0.525018036365509, 1.024155855178833] 3.115616623555319 0.8587436676025391
barrier [[2.1850929260251064, -14.844329833984375, -1.6844844818115234]] [1.965192198753357, 0.5599579811096191, 1.0497925281524658] 3.1404126326190394 0.7686452865600586
barrier [[2.259162902831804, -18.912944793701286, -1.7500100135803258]] [2.0707919597625732, 0.5421581268310547, 1.066476821899414] -3.0744037628173824 0.7333728671073914
barrier [[9.530506134032777, -15.901508331298942, -1.7594251632690394]] [2.0791921615600586, 0.5170096755027771, 1.052311658859253] 0.5833319425582884 0.7254331111907959
barrier [[2.1888809204097868, -17.012996673584155, -1.7170280218124425]] [2.0473594665527344, 0.5359967947006226, 1.1063387393951416] -3.1250047683715816 0.6925395727157593
barrier [[10.085815429687159, -17.8263397216798, -1.8741455078125]] [2.098964214324951, 0.5254058241844177, 1.0438244342803955] 0.007210135459899415 0.6565876007080078
barrier [[-11.89055633544956, -38.74412536621111, -1.6948314905166626]] [1.9819073677062988, 0.545870840549469, 1.0479090213775635] 1.5662754774093628 0.6278572082519531
barrier [[2.303455352782805, -21.143169403076342, -1.7733608484268153]] [2.0407114028930664, 0.508460283279419, 1.0543978214263916] 3.1395774523364466 0.6243711113929749
barrier [[-30.220684051513757, -40.49775314331066, -1.0235060453414917]] [1.9211981296539307, 0.5740766525268555, 1.0343191623687744] 1.5266071557998657 0.595128059387207
barrier [[-14.020568847656591, -38.75878143310558, -1.6141948699951136]] [1.9778497219085693, 0.5734864473342896, 1.0687497854232788] 1.653201882039206 0.5722739696502686
barrier [[-28.52500152587922, -40.46000671386719, -1.069278240203861]] [1.83890700340271, 0.5587747097015381, 1.001994013786316] 1.6302650610553187 0.507523238658905
barrier [[-6.242893218994283, 21.681678771972656, -0.11482701450586674]] [2.179898738861084, 0.5203891396522522, 1.036412000656128] -1.5408848524093628 0.504138708114624
barrier [[10.259544372558366, -20.069850921630916, -1.8453502655029297]] [2.1468565464019775, 0.43614068627357483, 1.0353156328201294] 0.022904515266418398 0.4988771080970764
barrier [[-20.655323028564823, -40.020385742187614, -1.3895328044891357]] [1.89568030834198, 0.7184078693389893, 0.9644737243652344] 1.6174677054034634 0.49822166562080383
barrier [[-31.033521652221964, -39.41853332519537, -0.9298959374427831]] [1.9864237308502197, 0.6357603073120117, 1.0183873176574707] 1.6400464216815396 0.48528462648391724
barrier [[8.049343109130518, -23.709442138672046, -1.9635777473449707]] [2.1256766319274902, 0.4774142801761627, 1.0737438201904297] -1.1810081005096436 0.4744715094566345
barrier [[-21.956588745117642, -40.09226226806658, -1.2904458045959473]] [1.9807510375976562, 0.7170376181602478, 0.9503881931304932] 1.6618602911578582 0.46950745582580566
barrier [[-45.16890716552777, -39.849693298340014, 0.03848201036453247]] [2.0432684421539307, 0.624958872795105, 1.1262298822402954] 1.6476905981646939 0.46077486872673035
barrier [[10.138908386230156, -21.291831970214957, -1.9280631542205846]] [1.9461103677749634, 0.4586591124534607, 1.026235818862915] -0.02594661712646477 0.44022101163864136
barrier [[-30.299381256103885, -40.004890441894645, -1.005297183990482]] [1.9068511724472046, 0.6103240847587585, 1.0254944562911987] 1.4918185472488403 0.41903650760650635
barrier [[7.997379302978175, -14.679225921630916, -1.637568473815918]] [1.8958165645599365, 0.48618143796920776, 1.0185736417770386] -2.1202821731567383 0.40338605642318726
barrier [[-36.31662750244158, -39.711025238037166, -0.6357147097587585]] [2.0038387775421143, 0.7207174301147461, 0.9346160888671875] 1.5913475195514126 0.3836856186389923
barrier [[0.7402420043941902, 34.98147583007801, -0.37116062641143444]] [2.1839237213134766, 0.5944900512695312, 0.9494150280952454] -2.0360374450683594 0.3775922656059265
barrier [[-32.787895202637145, -39.73429870605486, -0.8333368897438085]] [1.8904752731323242, 0.7475804090499878, 0.9510161876678467] 1.5825727621661587 0.3685916066169739
barrier [[-14.057777404785526, -39.163745880127124, -1.6049562692642212]] [1.991175889968872, 0.6184698939323425, 1.099427580833435] 1.6304863134967251 0.3676997423171997
barrier [[2.619487762450916, -22.53583717346197, -1.7868902683258057]] [1.8606141805648804, 0.4727339744567871, 1.036113977432251] -2.887996673583985 0.36537882685661316
barrier [[-15.932743072509993, -39.72238159179699, -1.475046157836914]] [1.9791007041931152, 0.6278711557388306, 1.065880298614502] 1.6785343329059048 0.3587360978126526
barrier [[-11.820831298828352, -39.119941711425895, -1.6945369243621826]] [1.9882049560546875, 0.5766353011131287, 1.0658001899719238] 1.6012581030475064 0.35047680139541626
barrier [[-31.48274803161638, -47.77633666992193, -1.1293621063232422]] [2.2981181144714355, 0.5308713912963867, 1.095630168914795] 1.5706092119216921 0.34543848037719727
barrier [[8.000366210937159, 29.114334106445256, -0.21469923853874207]] [1.2193541526794434, 0.670421302318573, 1.0961703062057495] 1.2543207406997678 0.3350755274295807
barrier [[-29.635375976562784, -39.405509948730526, -0.9534287452697754]] [1.8740065097808838, 0.5834915041923523, 1.0113755464553833] 1.4389697313308716 0.32620200514793396
barrier [[-29.13617515563982, -39.96213531494152, -1.0386670827865636]] [1.8986420631408691, 0.5830984115600586, 1.036484956741333] 1.5327626466751099 0.31559833884239197
barrier [[-43.50832748413117, -39.84847640991222, -0.11555581539869308]] [2.1749534606933594, 0.7150677442550659, 1.0604641437530518] 1.5538195371627805 0.3123149275779724
barrier [[2.2668952941891973, -22.490653991699332, -1.7602882385253942]] [1.8935481309890747, 0.4662388861179352, 1.0379184484481812] 3.064014736806051 0.304408460855484
barrier [[-35.11379241943382, -39.51125335693371, -0.6871676445007324]] [2.1264960765838623, 0.7631747126579285, 0.9625018835067749] 1.5849555174456997 0.2981516122817993
barrier [[8.02354812622039, -24.09336853027355, -1.9418643712997437]] [2.1797080039978027, 0.5141230225563049, 1.0646971464157104] -1.04526686668396 0.28185126185417175
barrier [[-11.65019989013706, -39.83309173583996, -1.6752902269363403]] [2.0571916103363037, 0.5757548809051514, 1.072663426399231] 1.8045681158648892 0.26642781496047974
barrier [[3.2281761169431036, -22.563508987426815, -1.8044786453247106]] [1.937109351158142, 0.48330074548721313, 1.0523600578308105] -2.5123796463012695 0.25956663489341736
barrier [[-37.46852493286161, -39.50888824462896, -0.5765251517295873]] [2.124072551727295, 0.6849448680877686, 0.9447749853134155] 1.6197479406939908 0.25796180963516235
barrier [[-11.115009307861698, -39.873291015625114, -1.7065320014953649]] [1.9890668392181396, 0.5510178208351135, 1.0374161005020142] 0.5950495004653932 0.2517775595188141
barrier [[-14.720584869385107, -39.77765274047857, -1.5359425544738805]] [1.9911363124847412, 0.5968124270439148, 1.0949690341949463] 1.7048676649676722 0.24512270092964172
barrier [[-17.702915191650703, -39.904708862304744, -1.4587967395782435]] [1.9354736804962158, 0.6692714691162109, 1.0370585918426514] 1.6651952902423306 0.24267102777957916
barrier [[8.161548614501754, -23.290365219116268, -1.9373514652252197]] [2.017421245574951, 0.4855295717716217, 1.0849008560180664] -1.223264455795288 0.2421819567680359
barrier [[9.1047935485837, -23.581279754638786, -1.9502086639404297]] [2.198394298553467, 0.5278769135475159, 1.0799965858459473] -0.8658837676048278 0.23841983079910278
barrier [[0.7804145812986292, 35.562988281249886, -0.2926052808761632]] [2.6483476161956787, 0.6028384566307068, 0.9800006747245789] -2.299020290374756 0.2062685489654541
barrier [[-38.66118240356491, -39.78340530395519, -0.4841756224632263]] [2.0930325984954834, 0.637255072593689, 0.9816204905509949] 1.6070006529437466 0.18682551383972168
barrier [[9.230930328368885, -22.664907455444393, -1.9394321441650426]] [2.1707587242126465, 0.5035629868507385, 1.099225401878357] -0.7879259586334231 0.1864621639251709
barrier [[4.97570419311495, -23.142099380493278, -1.94901704788208]] [2.0116326808929443, 0.4440786838531494, 1.0549979209899902] -2.6765174865722656 0.18503668904304504
barrier [[7.727745056152088, -14.7057723999024, -1.6453003883361852]] [2.1746630668640137, 0.5092554688453674, 1.0817598104476929] -2.9705677032470703 0.1845492124557495
barrier [[-41.693862915039375, -39.85187149047863, -0.19099937379360554]] [2.2297863960266113, 0.6361754536628723, 1.0606850385665894] 1.558569550514221 0.17517243325710297
barrier [[3.8465728759762783, -22.56754112243658, -1.8310546875]] [2.0514943599700928, 0.48977792263031006, 1.0913501977920532] -2.3505692481994633 0.17337746918201447
barrier [[4.5859603881833095, -23.064556121826286, -1.8981393575668335]] [2.0263071060180664, 0.4732705056667328, 1.0763190984725952] -2.6608624458312984 0.16334563493728638
barrier [[8.75369262695284, -22.665592193603572, -1.9302145242691076]] [2.0996274948120117, 0.4935486912727356, 1.0877147912979126] -0.8715887665748595 0.16252842545509338
barrier [[1.5906944274899786, 36.20034790039057, -0.029515232890847898]] [1.1359436511993408, 0.6856205463409424, 0.9974151849746704] 0.03031122684478791 0.15954264998435974
barrier [[-23.64162254333519, -40.42069244384771, -1.351608991622932]] [2.0934805870056152, 0.7386463284492493, 0.9197530746459961] 1.6208327452289029 0.1575189232826233
barrier [[-30.78626632690478, -40.865242004394645, -1.008894920349121]] [2.0464906692504883, 0.6540310382843018, 1.0321776866912842] 1.4999972581863403 0.1558130383491516
barrier [[-28.49882507324253, -40.88095092773449, -1.0839234590530396]] [1.952763557434082, 0.6140579581260681, 1.012264370918274] 1.5432997941970823 0.15373894572257996
barrier [[-10.662944793701428, -39.85512161254883, -1.7157886028289795]] [2.0374042987823486, 0.5521332025527954, 1.0438352823257446] 0.6878291368484496 0.1489744484424591
barrier [[8.558277130126555, -14.728988647460994, -1.6666710376739502]] [1.9330490827560425, 0.44816556572914124, 1.0032787322998047] -0.24682164192199696 0.14234602451324463
barrier [[-12.898300170898779, -39.856098175049, -1.6122133731842077]] [1.9397876262664795, 0.5901755094528198, 1.09267258644104] 1.4973198175430298 0.13488341867923737
barrier [[-30.813505172729805, -48.93215942382824, -1.1507071256637573]] [2.3364477157592773, 0.5509530305862427, 1.1009827852249146] -0.41278827190399214 0.13425658643245697
barrier [[-30.372106552124222, -48.906536102295036, -1.147752285003662]] [2.1933846473693848, 0.532684326171875, 1.114166259765625] -0.40832257270813005 0.12858805060386658
barrier [[24.86293029785125, -45.259014129638786, -1.28681218624115]] [1.954793930053711, 0.5341078042984009, 1.075036883354187] -2.7854342460632324 0.12305504828691483
barrier [[1.343288421630632, 35.08762359619129, -0.29702860116958973]] [2.155580520629883, 0.6397689580917358, 0.9785124659538269] -0.6806781888008115 0.12189795076847076
barrier [[10.322563171386378, -17.270488739013786, -1.847352385520935]] [1.9792728424072266, 0.4771472215652466, 0.9975951910018921] 0.23092734813690172 0.11981084942817688
barrier [[0.8490066528317755, 34.084899902343636, -0.4496214985847473]] [1.2367925643920898, 0.5390608310699463, 0.8867099285125732] 3.042839352284567 0.11905183643102646
barrier [[-26.806116104126346, -40.44077301025396, -1.2339718341827393]] [2.0984725952148438, 0.6757656931877136, 0.9650128483772278] 1.5084184408187866 0.11469949036836624
barrier [[3.243259429931385, -23.567592620849666, -1.830214142799381]] [2.1430671215057373, 0.5241459012031555, 1.0812081098556519] -2.987723350524902 0.11294357478618622
barrier [[9.166873931884481, -24.227537155151538, -1.9500577449798584]] [2.2356016635894775, 0.532833456993103, 1.0442900657653809] -0.4068059921264646 0.11264799535274506
barrier [[3.2251014709470383, -18.88103866577154, -1.732853770256046]] [2.2467222213745117, 0.5740568041801453, 1.0870741605758667] 3.0175450483905237 0.11238525062799454
barrier [[-45.85107803344749, -40.26696777343756, -0.07269945740699768]] [2.469656229019165, 0.7084319591522217, 1.1050012111663818] 1.6845853964435025 0.11198662221431732
barrier [[17.11960601806615, -9.121433258056697, -2.2997288703918493]] [2.0909082889556885, 0.38770532608032227, 0.9869074821472168] 3.112720553074972 0.109508216381073
barrier [[-11.634452819824446, -40.29446792602545, -1.6854165792465174]] [2.1805222034454346, 0.5937357544898987, 1.101313591003418] 1.6248915831195279 0.10169677436351776
barrier [[-20.647315979004077, -39.51739501953125, -1.37415969371796]] [2.005486488342285, 0.7221271991729736, 0.9829739928245544] 1.7417386213885708 0.10034708678722382
motorcycle [[-6.976947784424112, -9.414173126220817, -0.8667733669281006]] [0.7556211948394775, 2.191786766052246, 1.3152003288269043] -2.0272367000579834 0.9083643555641174
bicycle [[-5.501548767090128, 20.292572021484204, -0.07637621462345479]] [0.6166831254959106, 1.7318185567855835, 1.1377601623535156] 0.42453324794769265 0.6893521547317505
motorcycle [[24.750175476073878, -44.761066436767635, -1.2671120166778564]] [0.7176166772842407, 1.8925480842590332, 1.334627628326416] 2.626165692006247 0.4379720687866211
bicycle [[-2.847900390625199, -47.69185638427746, -2.2849302291870117]] [0.6433485746383667, 1.7368422746658325, 1.350529432296753] 0.47135412693023643 0.37053704261779785
bicycle [[-3.124706268310888, -47.21438598632824, -2.2710468769073486]] [0.6235467791557312, 1.6322851181030273, 1.287644624710083] 0.31469643115997314 0.32251793146133423
bicycle [[21.27301788330044, -26.049509048462028, -1.676246166229248]] [0.5635668039321899, 1.6641082763671875, 1.2209479808807373] -1.6103497743606567 0.2862609922885895
bicycle [[-17.28488540649434, -31.57341384887701, -1.6567047834396398]] [0.5960209369659424, 1.5879480838775635, 1.1151286363601685] -1.7957770824432373 0.18484051525592804
bicycle [[-5.084438323974922, 21.177970886230355, -0.13845783472061157]] [0.5821612477302551, 1.682854413986206, 1.153565526008606] -0.039138436317443875 0.18284834921360016
bicycle [[18.780693054198935, 4.937091827392408, -1.4817625284194982]] [0.6335530281066895, 1.7287507057189941, 0.9972167015075684] 0.5862141847610477 0.17712682485580444
bicycle [[-1.5792427062991123, -49.01858520507824, -2.355174064636234]] [0.7095990777015686, 1.8380181789398193, 1.5399614572525024] 0.7800353765487671 0.17123647034168243
motorcycle [[20.65393066406213, -23.603395462036246, -0.40435010194778087]] [0.7903391718864441, 2.417820453643799, 1.475494146347046] -1.267053484916687 0.16992440819740295
motorcycle [[-23.675184249878328, -29.103178024292106, -1.5308201313018799]] [0.901758074760437, 2.1970303058624268, 1.6673258543014526] 0.5015484094619755 0.14596706628799438
bicycle [[-2.2129402160646237, -48.421382904052734, -2.3076019287109375]] [0.7094088792800903, 1.7688274383544922, 1.5015678405761719] -0.8165974020957948 0.14026229083538055
motorcycle [[20.200286865234148, -22.061561584472713, -0.23555859923363087]] [0.7444107532501221, 2.2964396476745605, 1.3773140907287598] 1.7702601591693328 0.1393759697675705
bicycle [[-1.0479698181156039, -49.49645614624029, -2.400994062423706]] [0.7077246904373169, 1.7590948343276978, 1.488159418106079] -0.47678136825561507 0.13680236041545868
motorcycle [[25.28310394287081, -44.224952697753906, -1.2455753087997437]] [0.8513731360435486, 2.335705041885376, 1.4772040843963623] -2.8705334663391113 0.13144224882125854
motorcycle [[39.22352600097622, -40.4800376892091, -2.4570548534393346]] [0.6736743450164795, 1.8504046201705933, 1.3413485288619995] -2.927889108657837 0.12439265102148056
motorcycle [[-27.999177932739514, 33.97189331054682, 2.152526617050171]] [0.8225871920585632, 1.970988154411316, 1.6096378564834595] -0.6516353487968444 0.12391786277294159
bicycle [[8.668022155761406, -18.211933135986385, -1.7491497993469238]] [0.5826848745346069, 1.611295461654663, 1.1206552982330322] 1.7473791281329556 0.12019672989845276
motorcycle [[-9.371902465820511, -53.62915802001959, -2.5765748023986887]] [0.853325605392456, 1.9866927862167358, 1.6597989797592163] -1.4956207275390625 0.11298444867134094
bicycle [[-24.859476089477653, -23.225639343261776, -0.7437324523925817]] [0.6220097541809082, 1.6437299251556396, 1.1510249376296997] -2.730274200439453 0.11146597564220428
bicycle [[-4.917839050293281, -29.770017623901424, -1.7086486816406286]] [0.645187497138977, 1.8074572086334229, 1.219365119934082] -1.5254499912261963 0.11016655713319778
bicycle [[7.976734161376669, 29.006973266601506, -0.09296357631683705]] [0.6164002418518066, 1.5889434814453125, 1.1335783004760742] 0.46525585651397705 0.1101638674736023
bicycle [[0.7370986938474005, 34.49090576171869, -0.5139306783676183]] [0.6185094118118286, 1.6591763496398926, 1.151726484298706] -1.3908920288085938 0.10770280659198761
bicycle [[18.364509582519275, 13.509178161621037, -0.41756376624107716]] [0.6165021657943726, 1.6804218292236328, 1.1386864185333252] -0.22945845127105746 0.10442322492599487
bicycle [[17.16381072998024, 23.746025085449105, 0.03443207591771724]] [0.617835283279419, 1.7369449138641357, 1.1705607175827026] -1.3379908800125122 0.10262560844421387
bicycle [[20.05909729003875, -26.87183570861822, -2.061635971069336]] [0.7158534526824951, 1.8074603080749512, 1.7944999933242798] 0.4036252498626708 0.1002236157655716
pedestrian [[-3.8697700500491408, -23.62915992736822, -1.3607448339462316]] [0.6580380201339722, 0.7501240968704224, 1.7950562238693237] 2.3765729109393523 0.8493611812591553
traffic_cone [[1.9763336181637214, -3.335964202880973, -1.4698382616043126]] [0.37361660599708557, 0.377405047416687, 0.728206217288971] 1.5001188516616824 0.8372815847396851
pedestrian [[-12.159488677978743, 5.657718658447209, 0.5551519393920827]] [0.6855595111846924, 0.6152610182762146, 1.8432773351669312] 1.322947859764099 0.8317797183990479
traffic_cone [[9.761402130126697, -4.334548950195369, -1.5789211988449132]] [0.38437575101852417, 0.38379403948783875, 0.7141302824020386] -2.3679225444793697 0.8212854266166687
pedestrian [[-4.321689605713203, -24.38374519348156, -1.3717577457427979]] [0.6506931185722351, 0.7390364408493042, 1.7940006256103516] 2.4169405142413543 0.8032121658325195
traffic_cone [[2.127853393554318, -8.919746398925895, -1.6590363979339635]] [0.3779948055744171, 0.37444162368774414, 0.7072632312774658] -1.891083240509033 0.7906489968299866
traffic_cone [[1.6942481994625496, 6.08686447143549, -1.2670495510101354]] [0.387109637260437, 0.38868507742881775, 0.7549816370010376] 1.7284606138812468 0.7902372479438782
traffic_cone [[1.451053619384453, 11.028427124023324, -1.1058831214904785]] [0.40288519859313965, 0.4016748368740082, 0.7257625460624695] 1.857102696095602 0.7821314930915833
traffic_cone [[9.173667907714616, 12.42485046386713, -1.0919018983840978]] [0.4126397371292114, 0.40590161085128784, 0.7631354928016663] 2.1946485678302214 0.779323935508728
pedestrian [[-5.875209808349922, -24.45003700256359, -1.3229300975799596]] [0.6880815029144287, 0.7753968834877014, 1.7920563220977783] -0.8655789494514465 0.7778075337409973
traffic_cone [[9.517330169677479, 0.6581878662108238, -1.4391636848449707]] [0.3782188892364502, 0.3750728368759155, 0.7376346588134766] 3.0316455999957483 0.776909351348877
pedestrian [[-2.81788635253929, -24.72759819030773, -1.4613627195358276]] [0.683346152305603, 0.747745931148529, 1.8299158811569214] 2.202122036610739 0.7550842761993408
traffic_cone [[1.8846664428708664, 1.6235618591307457, -1.4311785697937012]] [0.3461143672466278, 0.34912824630737305, 0.7284860610961914] 1.5509725809097288 0.749752402305603
pedestrian [[-12.406356811523835, 6.876625061035043, 0.5634319782257116]] [0.7149097919464111, 0.6652413606643677, 1.8510947227478027] -1.191387891769409 0.7445755004882812
traffic_cone [[9.371078491210653, 9.14400482177723, -1.1800638437271154]] [0.39558300375938416, 0.3862590193748474, 0.7464925050735474] 1.9274409453021448 0.7346259355545044
traffic_cone [[9.435523986816065, 5.195835113525277, -1.2850829362869263]] [0.38478976488113403, 0.3825691044330597, 0.7147786617279053] 2.4366205374347136 0.732460618019104
pedestrian [[-22.422863006591967, 26.755088806152287, 2.133974313735955]] [0.6342397332191467, 0.6575828790664673, 1.7954643964767456] -1.320350646972656 0.7089042663574219
pedestrian [[-23.18667793273957, 26.683181762695256, 2.135732650756836]] [0.6321020126342773, 0.6532281041145325, 1.7980046272277832] -1.4291757345199585 0.6984931826591492
pedestrian [[-21.931629180908516, 26.68966674804676, 2.111550807952881]] [0.6301282048225403, 0.6654506325721741, 1.7928071022033691] -1.301557779312134 0.6876784563064575
pedestrian [[7.469280242919581, -16.515666961670092, -1.4095665216445958]] [0.7959240078926086, 0.7914407253265381, 1.6383585929870605] -2.6369433403015137 0.6791518330574036
pedestrian [[7.1173400878902555, -16.12690353393566, -1.3412914276123082]] [0.7452564835548401, 0.7267062664031982, 1.6402254104614258] -0.8633299469947813 0.6784214377403259
pedestrian [[-21.39967346191446, 26.820259094238168, 2.1006720066070557]] [0.6271102428436279, 0.6685304641723633, 1.790432095527649] -1.27186918258667 0.6660197377204895
traffic_cone [[1.2853584289548223, 17.004356384277287, -0.9424792528152501]] [0.38920873403549194, 0.39361506700515747, 0.7280088663101196] 2.1209433714496058 0.6539243459701538
pedestrian [[3.11193466186495, -22.53666305541998, -1.4575552940368652]] [0.6048943996429443, 0.6268662214279175, 1.811980128288269] 0.6909619569778441 0.6345469355583191
pedestrian [[-1.6838340759279902, -23.86695480346691, -1.3857934474945104]] [0.6270162463188171, 0.6174544095993042, 1.8268640041351318] 0.6129707098007203 0.6267547011375427
traffic_cone [[1.229110717773068, 21.778648376464673, -0.6590777635574376]] [0.40453609824180603, 0.4053594768047333, 0.7740265130996704] 2.3006013075457976 0.6068283319473267
pedestrian [[19.921112060546676, -26.91966056823736, -2.0572948455810547]] [0.7166567444801331, 0.7889505624771118, 1.857255220413208] 0.38769876956939725 0.5927129983901978
pedestrian [[-21.14626312255885, 22.332008361816406, 1.7912907600402797]] [0.6314489841461182, 0.6549018025398254, 1.7320361137390137] -1.2832560539245605 0.5902121067047119
traffic_cone [[9.915863037109006, -8.8354110717774, -1.643602013587948]] [0.3440968990325928, 0.3481943905353546, 0.7338529825210571] -2.0372171401977535 0.5867993831634521
traffic_cone [[9.035369873046477, 16.60657501220686, -0.9144612550735438]] [0.4108247458934784, 0.4236353635787964, 0.7698861360549927] 1.7455528418170376 0.5497125387191772
traffic_cone [[9.105808258056385, 14.808120727538949, -1.022706389427185]] [0.39223772287368774, 0.4010159969329834, 0.7435139417648315] 1.8733518759356902 0.5408339500427246
pedestrian [[-20.30575942993201, 22.051368713378793, 1.7148902416229248]] [0.6444848775863647, 0.6826385855674744, 1.7611877918243408] -1.510068655014038 0.534286379814148
traffic_cone [[8.676265716552365, 22.655364990234204, -0.7089995741844142]] [0.41934168338775635, 0.41895216703414917, 0.7830547094345093] 1.8635857740985318 0.5291083455085754
traffic_cone [[8.53620147705044, 25.475715637206918, -0.5987899303436315]] [0.4382616877555847, 0.44583219289779663, 0.828895092010498] 1.7771752516375943 0.5042731165885925
traffic_cone [[8.758441925048459, 21.153800964355355, -0.7711691856384313]] [0.4118349850177765, 0.4143597483634949, 0.759367048740387] 1.7509310881244107 0.5040156245231628
pedestrian [[7.850116729735987, -16.831912994384936, -1.4552392959594727]] [0.716307520866394, 0.7158714532852173, 1.6333003044128418] 2.7750676313983367 0.5007824301719666
pedestrian [[-0.8812675476077629, -49.61336898803722, -2.2842779159545863]] [0.6063439846038818, 0.6135565638542175, 1.6206477880477905] 0.9167305231094361 0.4795246720314026
pedestrian [[-1.6423835754397373, -48.87326812744152, -2.277531385421753]] [0.6261692047119141, 0.6464633941650391, 1.541292667388916] 0.6667829751968385 0.47576704621315
traffic_cone [[7.95470428466777, 30.917152404785156, -0.44609335064888356]] [0.4014884829521179, 0.40724432468414307, 0.7546007037162781] 1.7836540381061001 0.47249510884284973
traffic_cone [[7.433883666991761, 32.062065124511605, -0.4470419883727992]] [0.3944475054740906, 0.3936919569969177, 0.7640073299407959] 2.217893902455465 0.46756711602211
traffic_cone [[8.643749237060263, 24.1559600830077, -0.6077612638473511]] [0.4193098843097687, 0.4136601686477661, 0.8143482208251953] -2.818775653839111 0.455108106136322
pedestrian [[-20.739513397217053, 22.277290344238224, 1.7919322252273524]] [0.6364662647247314, 0.6688504219055176, 1.7350208759307861] -1.3568562269210815 0.44405433535575867
traffic_cone [[0.8295440673824714, 33.99281311035145, -0.45533400774002075]] [0.4098065495491028, 0.4083528518676758, 0.8005253672599792] 1.4184900522232053 0.4228857457637787
pedestrian [[-2.229038238525675, -48.43689346313488, -2.271136283874508]] [0.6007643342018127, 0.6360493302345276, 1.5230004787445068] 0.4450417757034302 0.4155856668949127
traffic_cone [[10.022537231444943, -13.684715270996207, -1.8136507272720301]] [0.3445103168487549, 0.33471837639808655, 0.7131161689758301] -1.6244982481002805 0.38526368141174316
traffic_cone [[-28.417474746704556, -39.55482482910162, -1.0795365571975672]] [0.44263970851898193, 0.4377250671386719, 0.7592809796333313] 1.1468862295150752 0.37449949979782104
pedestrian [[-16.610382080078324, 10.281875610351506, 0.7970933914184535]] [0.6168766021728516, 0.6473492383956909, 1.7436082363128662] -1.309095859527588 0.37011265754699707
pedestrian [[8.18813705444299, -22.645217895507926, -1.6793948411941493]] [0.6222488284111023, 0.6423174738883972, 1.7628604173660278] 2.9423578421222136 0.3681271970272064
traffic_cone [[8.481388092040731, 28.620880126953068, -0.38501337170601246]] [0.3889463543891907, 0.3761051297187805, 0.8487269878387451] 2.374464337025778 0.3580465614795685
traffic_cone [[-10.872947692871435, -39.20660400390631, -1.8141733407974279]] [0.37862488627433777, 0.36035096645355225, 0.7905967831611633] 0.7508360147476195 0.35800325870513916
traffic_cone [[-29.12801361084024, -39.471008300781364, -1.0672047138214111]] [0.4506129026412964, 0.44587960839271545, 0.7401302456855774] 1.4557675123214722 0.35181766748428345
traffic_cone [[-10.901718139648722, -38.79713821411144, -1.8305780887603795]] [0.3768538236618042, 0.36362552642822266, 0.7746878266334534] 0.980512499809265 0.34090396761894226
pedestrian [[-7.924674987793281, -17.17435836791998, -1.0090425014495885]] [0.6186383366584778, 0.6102123856544495, 1.758131742477417] -0.6235243082046507 0.3364937901496887
pedestrian [[-4.292896270752209, -23.78762626647955, -1.3475934267044103]] [0.6886063814163208, 0.8096062541007996, 1.8173640966415405] 2.36908990541567 0.3248275816440582
pedestrian [[-7.317703247070483, -51.10231781005871, -2.324710130691532]] [0.688861072063446, 0.7237920761108398, 1.7973451614379883] 0.3458101749420167 0.3129773736000061
traffic_cone [[9.090461730956662, 14.218215942382699, -1.0092620849609375]] [0.393217533826828, 0.39927393198013306, 0.7652127146720886] 1.8782432715045376 0.30372199416160583
traffic_cone [[-29.63544464111348, -39.4173316955567, -1.0744011402130127]] [0.4446035921573639, 0.43918532133102417, 0.724061131477356] 1.2146943807601929 0.29276326298713684
traffic_cone [[1.00864028930647, 28.10153961181635, -0.4011836349964142]] [0.3869030177593231, 0.3871498703956604, 0.8175460696220398] 1.5017043352127075 0.2882419526576996
traffic_cone [[8.155044555663807, 29.012084960937386, -0.30037468671798706]] [0.416266530752182, 0.4218118190765381, 0.9323132038116455] -2.47164797782898 0.28754499554634094
pedestrian [[-1.9528160095218823, -24.171230316162166, -1.4055426120758057]] [0.6731306910514832, 0.7176812887191772, 1.8373911380767822] 1.898416344319479 0.2826315760612488
traffic_cone [[7.498531341552507, 29.12419128417963, -0.2575585842132604]] [0.40363073348999023, 0.4065171480178833, 0.9810208082199097] -1.2433589696884155 0.26779550313949585
pedestrian [[-4.4528923034671095, -29.19196891784668, -1.6059396266937256]] [0.5865243077278137, 0.6072530150413513, 1.622769832611084] -0.20140278339385975 0.26552578806877136
pedestrian [[-2.866916656494311, -47.58397674560547, -2.2554650306701696]] [0.589066743850708, 0.6194652915000916, 1.4980851411819458] 0.2694219350814819 0.2651160955429077
traffic_cone [[-30.267671585083292, -39.29806137084961, -1.0350947380065918]] [0.4410684108734131, 0.4332953989505768, 0.7889782190322876] 0.8899375200271604 0.2631288468837738
pedestrian [[-1.3953132629397942, -49.36449813842785, -2.287065505981449]] [0.6290423274040222, 0.6674226522445679, 1.595008134841919] 0.7784115076065062 0.26297295093536377
traffic_cone [[-28.14353179931669, -39.83835220336914, -1.133343935012821]] [0.4086003601551056, 0.3938716948032379, 0.8021902441978455] 1.192429184913635 0.25295722484588623
traffic_cone [[0.7880287170407598, 34.35703277587885, -0.45252460241318104]] [0.4407263696193695, 0.4562142491340637, 0.8251856565475464] -1.516798734664917 0.2503020167350769
pedestrian [[24.484924316405824, -44.58830261230486, -1.3124867677688563]] [0.6859529614448547, 0.7203903794288635, 1.6715539693832397] -3.065929889678955 0.24879835546016693
traffic_cone [[6.753463745116903, 14.18776702880848, -0.8523913621902466]] [0.44291478395462036, 0.4590412676334381, 0.8599210381507874] 1.3855406045913694 0.23362737894058228
traffic_cone [[8.479675292968352, 28.8872451782226, -0.3297770023345947]] [0.3837558329105377, 0.3689635694026947, 0.8932621479034424] 2.4945848623858855 0.23303978145122528
traffic_cone [[1.5400276184078905, 36.14817810058577, -0.041797865182164884]] [0.5657156109809875, 0.5806164145469666, 1.0959315299987793] -1.1210800409317017 0.2305154800415039
traffic_cone [[2.1861724853513067, -11.788722991943416, -1.63787841796875]] [0.3441767990589142, 0.3489312529563904, 0.7544295191764832] -1.6169849634170534 0.2265024483203888
pedestrian [[-22.43638610839858, 26.311332702636662, 2.0702378749847377]] [0.6550709009170532, 0.6928421854972839, 1.8066842555999756] -1.3151742219924927 0.22441469132900238
pedestrian [[-3.0889511108402417, -47.2372665405274, -2.231664896011356]] [0.5896020531654358, 0.6172629594802856, 1.5109236240386963] 0.37317538261413497 0.22109849750995636
pedestrian [[-12.291191101074503, 6.357089996337834, 0.5700237154960632]] [0.7323480844497681, 0.680543065071106, 1.8402540683746338] -0.4942131042480466 0.21676616370677948
pedestrian [[-12.696521759033573, 16.485275268554517, 1.0953503847122192]] [0.6592764258384705, 0.660560667514801, 1.7771856784820557] -2.6423914432525635 0.2137642204761505
traffic_cone [[9.093723297118771, 16.87588500976551, -0.8984075784683228]] [0.4344710111618042, 0.4483823776245117, 0.7890806794166565] 1.748687569295065 0.21295031905174255
traffic_cone [[-28.399816513061808, -40.28486633300787, -1.2360774278640747]] [0.41660869121551514, 0.412677526473999, 0.7791413068771362] 1.301712393760681 0.2123260796070099
traffic_cone [[8.744995117187244, 19.454589843749943, -0.8139688372612071]] [0.3854621648788452, 0.39313361048698425, 0.7695789933204651] 1.7398994604693812 0.21230684220790863
traffic_cone [[-15.066055297851932, -38.845054626465014, -1.6465380191802979]] [0.4399023652076721, 0.4216625988483429, 0.7780663371086121] 1.393541932106018 0.21118709444999695
pedestrian [[-23.50558280944864, 26.328292846679517, 2.0991814136505162]] [0.6650387644767761, 0.7075079679489136, 1.8181183338165283] -1.4797031879425049 0.20468661189079285
traffic_cone [[2.026477813720561, 35.90080261230463, -0.09677460789681191]] [0.5137887001037598, 0.5177512168884277, 1.084308385848999] -1.34755003452301 0.20014286041259766
traffic_cone [[9.636352539062244, 9.26128768920887, -1.1850767135620153]] [0.42608892917633057, 0.43465298414230347, 0.7592037320137024] 1.9891007582293911 0.19527748227119446
