car [[-7.652286529540731, -9.21987152099615, -1.5785065889358663]] [1.8764307498931885, 4.742940902709961, 1.5479273796081543] -1.5780073404312145 0.8701798319816589
car [[4.324817657470874, 5.942966461181527, -0.8128181695938252]] [1.8727896213531494, 4.682180404663086, 1.4984958171844482] 1.5801656881915493 0.7512314319610596
car [[-4.957462310790902, 15.107559204101278, -0.5894206762313985]] [1.9965468645095825, 4.872217178344727, 1.6250920295715332] -1.9099388122558607 0.7491335868835449
car [[-14.48031234741211, 5.278537750243913, -1.2519637346267878]] [1.8813412189483643, 4.618783950805664, 1.594885230064392] 0.14139795303344732 0.7094295024871826
car [[0.6725502014161293, 17.145126342773153, -0.2793291807174825]] [1.8502657413482666, 4.403471946716309, 1.709932804107666] 1.2615026235580444 0.7070059776306152
car [[-9.069103240966797, 20.07884216308571, -0.5493295192718719]] [1.9633105993270874, 4.74755859375, 1.6047966480255127] -1.603010416030885 0.7025902271270752
car [[-21.69623947143549, 10.646713256835824, -1.346754312515273]] [1.8892216682434082, 4.477550506591797, 1.655717372894287] -3.0058932304382333 0.6808201670646667
car [[12.69117736816429, 23.761398315429517, 0.4115848541259659]] [1.8924391269683838, 4.530538558959961, 1.6501778364181519] 1.50176727771759 0.6800534725189209
car [[6.141056060791129, 38.06173706054676, 0.7821995019912578]] [1.944156289100647, 4.671511650085449, 1.8103399276733398] 1.4429684877395628 0.6772639155387878
car [[-0.11380386352527694, -38.562065124511946, -2.0281734466552894]] [2.0508475303649902, 5.031219005584717, 1.8064578771591187] 1.6545532385455533 0.601425051689148
car [[-20.137233734130803, 5.537158966064226, -1.309281826019303]] [1.969926357269287, 4.46359920501709, 1.7649251222610474] 0.20666742324829063 0.5606815218925476
car [[16.06978607177757, 43.342369079589616, 1.692488908767686]] [1.8810431957244873, 4.486216068267822, 1.680177092552185] 1.5596450567245481 0.4658454656600952
car [[-28.3795490264892, 3.3750991821287926, -1.563735008239762]] [1.9121962785720825, 4.450026988983154, 1.6420948505401611] -2.829407930374147 0.461017906665802
car [[-7.570472717284872, -42.95578765869158, -2.371345996856702]] [1.8739135265350342, 4.350301742553711, 1.6117663383483887] 1.6009114424334925 0.30895164608955383
car [[-2.061428070068132, -41.67152404785162, -2.3990373611450373]] [1.9098966121673584, 4.515846252441406, 1.647998571395874] 1.6327145735370083 0.2979688048362732
car [[-7.644252777099325, 48.40107727050781, 1.2332655191421438]] [1.890703797340393, 4.42144775390625, 1.766289234161377] 1.5173717737197876 0.29470691084861755
car [[-33.37673187255854, 9.18122482299782, -1.0235726833343648]] [1.906977653503418, 4.325620174407959, 1.6492149829864502] -2.967814445495606 0.26141083240509033
car [[6.28224182128929, 53.97398376464821, 1.8927187919616575]] [1.8989572525024414, 4.3598856925964355, 1.6929227113723755] -1.405800700187684 0.23232950270175934
car [[-7.550777435302507, 53.82126617431618, 1.7971951961517192]] [2.1301627159118652, 5.096487045288086, 2.0175156593322754] -1.6860327720642099 0.22911156713962555
car [[15.838188171387003, 23.720458984374943, 0.427509367465964]] [1.9140820503234863, 4.439782619476318, 1.7514293193817139] 1.4701777696609497 0.2284952849149704
car [[-8.655303955077898, 32.11923217773415, 0.3708325028419299]] [1.8332349061965942, 4.367178916931152, 1.5586719512939453] -1.4934737682342536 0.21188929677009583
car [[-9.288242340087834, 44.75616455078102, 0.9990867376327319]] [1.8225245475769043, 4.290189743041992, 1.590309739112854] 3.1254459063159383 0.21050816774368286
car [[-8.620750427245866, 29.08267974853493, -0.02542656287551992]] [1.8248668909072876, 4.36965799331665, 1.589345932006836] -1.7536941766738898 0.2064625322818756
car [[-26.774749755859204, 9.83044052124012, -1.2560615539550888]] [1.9224157333374023, 4.482287406921387, 1.7408993244171143] 2.9181435743915003 0.1972350925207138
car [[-37.53202056884754, 7.60484313964821, -1.4013085365295606]] [1.8761497735977173, 4.367481708526611, 1.6033467054367065] -2.8432912826538095 0.18719829618930817
car [[21.326156616211108, 49.424552917480355, 1.7938085794448728]] [1.9316662549972534, 4.509093284606934, 1.7271153926849365] 1.4137388467788696 0.18204961717128754
car [[-8.743221282958814, 26.136795043945085, -0.11208414286376289]] [1.8491781949996948, 4.389493465423584, 1.6006262302398682] -1.6309978961944587 0.17212188243865967
car [[-28.388996124267408, 4.978828430175554, -1.5151451826095723]] [2.030672788619995, 4.745242595672607, 1.7281086444854736] 2.657471958790914 0.1582539975643158
car [[18.182182312011946, 22.474540710449105, 0.4539803862571574]] [2.07344126701355, 4.883657455444336, 1.8519121408462524] -0.06312310695648157 0.14419767260551453
car [[15.954460144043026, 48.27381134033169, 1.656828761100753]] [1.8212292194366455, 4.304598808288574, 1.5984690189361572] -1.4183244705200202 0.14362893998622894
car [[19.60945892334007, 48.839607238769304, 1.7414199113845736]] [1.9727965593338013, 4.643354892730713, 1.724870204925537] -2.578290939331056 0.137954443693161
car [[23.147132873535156, 47.731407165527116, 1.8703054189681794]] [1.9130429029464722, 4.478761672973633, 1.6759247779846191] -0.2655779123306279 0.1350768357515335
car [[12.376167297363338, 47.734458923339616, 1.7196232080459417]] [1.8873988389968872, 4.352753639221191, 1.6652905941009521] -0.02258586883544917 0.12967263162136078
car [[21.18755340576172, 38.729064941405966, 2.2172987461089875]] [2.449479579925537, 6.247838497161865, 2.5682291984558105] -1.7871017456054696 0.12833759188652039
car [[11.70529937744152, 53.97351074218727, 1.706264495849597]] [1.8890575170516968, 4.311911106109619, 1.666183352470398] 0.246154904365539 0.12352129817008972
car [[-31.54726791381819, 8.778884887695085, -1.297484040260322]] [1.8929505348205566, 4.450048923492432, 1.6496753692626953] -2.6415238380432133 0.11263231933116913
car [[-1.4704895019530113, 22.534004211425554, -0.2612606287002688]] [1.8316824436187744, 4.371773719787598, 1.5414502620697021] 1.3020902872085571 0.112489715218544
car [[-14.622562408447038, -46.57016754150396, -3.1183476448059224]] [1.8780219554901123, 4.331053733825684, 1.6185784339904785] 0.20173513889312758 0.10213984549045563
construction_vehicle [[-17.807624816894304, 21.853340148925668, -1.1817841529846316]] [1.564229130744934, 2.558117628097534, 2.1096813678741455] -2.553247928619386 0.422294557094574
truck [[21.26042938232439, 38.738967895507585, 2.245923995971662]] [2.5677499771118164, 7.01166296005249, 3.130737066268921] -1.7033985853195195 0.29798340797424316
construction_vehicle [[-8.028289794921704, 53.811790466308366, 2.0472240447997905]] [2.71243953704834, 6.450016021728516, 3.2531328201293945] -1.5186929702758798 0.2377946972846985
construction_vehicle [[15.884490966796875, -15.948066711425895, -0.16184906661512422]] [2.464820384979248, 5.346556663513184, 3.0989232063293457] -1.002998590469361 0.1747153252363205
construction_vehicle [[-19.45233154296875, -4.518157958984602, -0.06375906616450422]] [2.4802708625793457, 4.650145530700684, 3.1605207920074463] -0.22962367534637446 0.16260436177253723
construction_vehicle [[15.205604553222884, 23.14199066162098, 0.3268100619315959]] [2.0367674827575684, 3.523982286453247, 2.31471848487854] -1.296226620674134 0.15638451278209686
construction_vehicle [[-18.3323516845702, 19.57338714599598, -0.8980255126953232]] [2.4382214546203613, 5.789694786071777, 2.4966444969177246] 2.552691284810201 0.14717373251914978
truck [[-33.921630859375, 8.812953948974382, -1.089252233505265]] [1.9470970630645752, 5.242680549621582, 1.818915605545044] -0.3170868158340456 0.1332639455795288
construction_vehicle [[11.034317016601733, 36.28353881835926, 1.2958958148956174]] [1.4996287822723389, 3.1242659091949463, 2.1662731170654297] 1.463767886161804 0.12896735966205597
construction_vehicle [[-12.279590606689226, -45.38084030151373, -2.3299765586853134]] [1.4603369235992432, 2.735320806503296, 2.2654597759246826] 1.668286148701803 0.12197363376617432
construction_vehicle [[11.128021240234489, 47.11128997802723, 1.782192111015311]] [1.8637512922286987, 3.4315550327301025, 2.333197593688965] 0.42960798740386974 0.11673044413328171
truck [[-27.27752113342285, 9.798439025878793, -1.1367435455322372]] [2.0442347526550293, 5.205196380615234, 1.8786914348602295] -3.128268480300904 0.11036396026611328
construction_vehicle [[-18.328113555908033, 23.590705871581804, -0.3483126759529327]] [2.4220643043518066, 5.942847728729248, 2.592104911804199] 0.22932040691375735 0.10887397825717926
bus [[21.334312438965014, 39.38565063476551, 2.447576999664296]] [2.6298341751098633, 7.60746955871582, 2.9172778129577637] -1.6982675790786752 0.23370231688022614
trailer [[-17.762359619140398, 21.83397674560524, -0.8334472775459396]] [1.6842423677444458, 3.009920597076416, 1.3681745529174805] -0.8649634718894963 0.1132974699139595
barrier [[11.28521728515642, -28.880403518676758, -1.8743646144867103]] [2.2895047664642334, 0.5435215830802917, 1.0153447389602661] 1.5242816209793089 0.42882516980171204
barrier [[10.684310913085994, 46.539695739745866, 1.3138711452483953]] [2.2587366104125977, 0.4234895706176758, 1.0418585538864136] -2.8727717399597177 0.14638349413871765
barrier [[-17.192047119140398, 20.77166748046875, -1.2096952199936037]] [1.81659734249115, 0.41436588764190674, 0.9903262257575989] -0.7974871397018438 0.12654289603233337
bicycle [[-11.529449462890511, -21.449306488037223, -2.2499661445617836]] [0.3314209282398224, 1.2038408517837524, 1.0098013877868652] 2.666353050862447 0.2975900173187256
motorcycle [[28.374710083008097, -3.8420906066896237, -0.29367971420289507]] [0.6754271388053894, 1.9158679246902466, 1.3545074462890625] 1.3507086038589475 0.29459264874458313
motorcycle [[-31.975017547607365, 8.79023361206032, -0.7621021270752113]] [0.6261807084083557, 1.8956079483032227, 1.2755954265594482] -2.68089532852173 0.2645818293094635
bicycle [[16.017837524414176, 22.456741333007585, 0.24632757902143254]] [0.583994448184967, 1.851087212562561, 1.1984646320343018] -1.6215713024139413 0.25274163484573364
motorcycle [[-18.20326232910145, 22.375679016113168, -0.4678555130958699]] [0.7274272441864014, 2.0324883460998535, 1.351353406906128] 2.3626349608050745 0.2132267951965332
bicycle [[5.69242095947277, 51.951499938964616, 1.2248530387878276]] [0.8649453520774841, 2.0082075595855713, 1.6749544143676758] -1.5526672601699836 0.18710075318813324
bicycle [[-11.512054443359318, -21.69692993164074, -2.2461304664611994]] [0.3951041102409363, 1.3394901752471924, 1.0507230758666992] -1.6048002243042 0.1854536086320877
motorcycle [[-23.218641281127873, -36.312370300293196, -2.8265058994293337]] [0.8859649896621704, 2.002276659011841, 1.5191726684570312] -2.787755489349366 0.16930337250232697
motorcycle [[-2.1478385925290127, -39.758850097656364, -2.5656619071960574]] [0.6658555865287781, 1.8937313556671143, 1.2289223670959473] 2.9431837240802206 0.16282527148723602
bicycle [[-17.110652923583928, 20.86515808105446, -0.9600546360015993]] [0.5428298711776733, 1.6395576000213623, 1.137805700302124] 0.7701162099838259 0.1512656956911087
bicycle [[-11.851211547851449, -44.790531158447436, -2.0797719955444425]] [0.6596188545227051, 1.67399263381958, 1.4391179084777832] 1.4636629819869993 0.14542970061302185
bicycle [[25.981857299804688, -6.294952392578409, -1.0441174507141238]] [0.6050922870635986, 1.6094287633895874, 1.118283748626709] -2.2321958541870126 0.14466574788093567
bicycle [[-17.24646759033186, -29.10934638977045, -1.8275030851364207]] [0.7304601669311523, 1.7523961067199707, 1.6324619054794312] 2.0616396109210413 0.14462906122207642
bicycle [[10.540374755859602, 47.03997039794888, 1.2406886816024603]] [0.7102996110916138, 1.9059953689575195, 1.3332388401031494] -2.2293813228607187 0.14301960170269012
motorcycle [[15.887298583984432, -17.02528381347662, 0.48058700561522016]] [0.8529671430587769, 2.378835439682007, 1.6564350128173828] -0.9935405850410466 0.13201390206813812
motorcycle [[-7.43375015258772, -41.12698745727556, -2.8233151435852264]] [0.6646506786346436, 2.017693281173706, 1.3245278596878052] 2.6956647078143514 0.12716378271579742
bicycle [[-45.97635269165022, -29.764703750610522, 0.11665470153091917]] [0.7690485119819641, 1.9340192079544067, 1.609330415725708] 0.35358977317810075 0.12466062605381012
bicycle [[-11.179313659667912, 22.516845703124773, -0.14488559961320036]] [0.6399553418159485, 1.5964131355285645, 1.3940761089324951] -1.3323770761489877 0.1209428459405899
bicycle [[-9.340888977050668, -28.568635940552156, -2.1381065845489697]] [0.5084362626075745, 1.5692534446716309, 1.0659817457199097] -1.4261972904205327 0.11755603551864624
bicycle [[0.8245887756348225, 25.420654296874773, -0.04331341385843146]] [0.5876793265342712, 1.6977972984313965, 1.1711010932922363] -2.195586442947388 0.11255306750535965
motorcycle [[-18.791061401367017, -33.45485687255888, -2.497753620147721]] [0.5861770510673523, 1.7477467060089111, 1.198204517364502] -1.6555094718933114 0.10784260928630829
bicycle [[28.03454589843767, -3.398086547851733, -0.5142902135849088]] [0.6961525678634644, 1.9521815776824951, 1.280991792678833] 0.6190391778945925 0.10483220219612122
bicycle [[-19.418804168700945, 18.982398986816065, -0.8797227144241475]] [0.6579580307006836, 1.7608236074447632, 1.2103791236877441] 2.172887150441305 0.104786217212677
motorcycle [[16.0133056640625, 41.32269287109352, 1.4403638839721502]] [0.7172602415084839, 2.116365432739258, 1.3639717102050781] 3.1373294035540975 0.10464004427194595
pedestrian [[-11.178867340087834, 3.285263061523267, -1.362511754035964]] [0.654705822467804, 0.742354154586792, 1.6135460138320923] 1.122172474861145 0.8791056871414185
pedestrian [[-11.888702392578011, 10.60186767578108, -0.9399755001068222]] [0.6964878439903259, 0.8604099750518799, 1.7300654649734497] -1.3461697101593026 0.8517152667045593
pedestrian [[-11.793804168701001, 12.401229858398096, -0.8927958011627322]] [0.6716657876968384, 0.8312841653823853, 1.7405517101287842] -1.4490500688552863 0.8508365750312805
pedestrian [[8.250980377197436, 6.19151306152321, -0.6254481673240786]] [0.6363703012466431, 0.781035840511322, 1.700942039489746] -1.5656918287277228 0.8388738632202148
pedestrian [[8.235103607177905, -15.819557189941634, -1.2036989927292066]] [0.6494842171669006, 0.7619063854217529, 1.7561004161834717] 1.4911848306655884 0.8383306264877319
pedestrian [[-4.484718322753736, -30.44328689575218, -1.7817816734314107]] [0.7314297556877136, 0.8401671051979065, 1.8093078136444092] 0.21998977661132793 0.8369609117507935
pedestrian [[7.438026428222713, -16.62377929687517, -1.2602872848510938]] [0.6415879726409912, 0.7585475444793701, 1.7579731941223145] 1.4758859872817989 0.8339732885360718
pedestrian [[3.9539947509766193, -30.845952987671012, -1.7109007835388343]] [0.7052265405654907, 0.8288263082504272, 1.8393338918685913] -3.015869140625001 0.8112279176712036
pedestrian [[6.765727996826399, -29.160583496093864, -1.572227358818063]] [0.6640336513519287, 0.7486571073532104, 1.8484818935394287] -2.054951667785645 0.7912659645080566
pedestrian [[7.115894317627067, -27.934461593628043, -1.5300447940826647]] [0.6344666481018066, 0.6931018233299255, 1.7731131315231323] -1.8189126253128058 0.7719727158546448
pedestrian [[4.947078704834155, -29.82439804077171, -1.6638284921646225]] [0.7114486694335938, 0.8047657608985901, 1.8895552158355713] -3.0586385726928724 0.7503601908683777
pedestrian [[8.76861572265642, 8.470935821533146, -0.36357295513153787]] [0.6692644953727722, 0.8376986384391785, 1.8262494802474976] 1.6261523405658167 0.7445639967918396
traffic_cone [[5.943588256836108, 3.094451904296818, -1.158777832984935]] [0.34849101305007935, 0.35006827116012573, 0.8156105875968933] 1.5578047037124632 0.7126455903053284
pedestrian [[-12.453453063964844, -36.986091613769645, -1.9704649448394864]] [0.6543537378311157, 0.7116239666938782, 1.7932313680648804] -1.4485609531402592 0.711962878704071
pedestrian [[-11.64241027832037, -36.717700958252124, -1.9512310028076314]] [0.6516848802566528, 0.7239036560058594, 1.794213891029358] -1.4560792446136481 0.7002103924751282
pedestrian [[8.897010803222713, 27.904327392577954, 0.5238136649131633]] [0.6849467754364014, 0.7564980387687683, 1.7880665063858032] 1.598234001790182 0.6915854215621948
pedestrian [[5.928218841552734, -28.274286270141715, -1.6069920063018976]] [0.661481499671936, 0.7492862343788147, 1.7945066690444946] -2.0239305496215834 0.6614195108413696
pedestrian [[7.036365509033146, -47.018177032470874, -1.417014360427876]] [0.6491508483886719, 0.7168969511985779, 1.838289737701416] 1.7337454001056114 0.6288318634033203
pedestrian [[6.253227233886832, -45.092414855957145, -1.3691096305847346]] [0.714103102684021, 0.8041090369224548, 1.925624132156372] -1.5349162817001352 0.6069239377975464
pedestrian [[8.075153350830135, -46.56599044799833, -1.3596124649048011]] [0.6745272874832153, 0.7169675230979919, 1.8435988426208496] 1.707777802144186 0.5989468097686768
pedestrian [[-10.747329711914006, 3.0802307128904545, -1.4220980405807602]] [0.6059234738349915, 0.6907495856285095, 1.5554670095443726] 1.0919290781021123 0.5429113507270813
pedestrian [[-17.51855850219721, -28.869573593139762, -1.8873301744461184]] [0.6785537004470825, 0.6873534917831421, 1.8697879314422607] 1.034990906715393 0.5102587342262268
pedestrian [[-20.02928924560547, -27.786714553833065, -2.1903262138366824]] [0.5738775730133057, 0.5717705488204956, 1.6499543190002441] 1.7746093908893033 0.48141178488731384
pedestrian [[-11.131584167480128, 22.475051879882585, -0.11202301084996691]] [0.6664454936981201, 0.6850723624229431, 1.709733009338379] -0.7341372966766361 0.47682732343673706
pedestrian [[8.636493682861499, -18.11406326293968, -1.2583618164062607]] [0.6327551603317261, 0.6020104885101318, 1.7916779518127441] -1.79628610610962 0.41287437081336975
traffic_cone [[-9.366146087646541, -28.587827682495288, -2.052804708480849]] [0.38405078649520874, 0.3811609745025635, 1.0619953870773315] 0.39258587360382097 0.3648751974105835
pedestrian [[7.547325134277628, -46.641677856445426, -1.371310353279128]] [0.664610743522644, 0.7304337024688721, 1.8315699100494385] 1.6956217924701138 0.35008591413497925
pedestrian [[8.009544372558821, -16.413299560547046, -1.2426908016205012]] [0.6637841463088989, 0.7989133596420288, 1.7882741689682007] 1.4750374555587769 0.34559643268585205
pedestrian [[-9.270568847656023, -32.65397262573259, -1.5669896602630775]] [0.5521237254142761, 0.5384871363639832, 1.6706068515777588] 0.6187225580215453 0.3436030447483063
pedestrian [[6.906864166259936, -28.480543136596737, -1.5500741004943954]] [0.661758542060852, 0.7677381038665771, 1.828281283378601] -1.9515981674194347 0.33886465430259705
pedestrian [[5.631378173828182, 52.36631774902321, 1.666779637336715]] [0.6163702011108398, 0.6259317994117737, 1.653078317642212] -1.978623867034913 0.25201934576034546
pedestrian [[14.199943542480469, 22.945465087890398, 0.34810328483579944]] [0.541606605052948, 0.5108455419540405, 1.645715355873108] -0.6320357322692872 0.2416839897632599
pedestrian [[-11.839408874511548, -44.68748474121105, -2.2202599048614537]] [0.6306130886077881, 0.5999751687049866, 1.7223056554794312] -0.18675482273101812 0.2401377260684967
traffic_cone [[10.532928466796875, -28.35289001464872, -1.950567007064837]] [0.3927457332611084, 0.39883729815483093, 0.9096553325653076] 2.069486443196432 0.22935235500335693
pedestrian [[-23.065477371215763, -35.71067810058622, -2.8449325561523615]] [0.6547795534133911, 0.6741079092025757, 1.5221189260482788] -2.7238783836364755 0.22523297369480133
pedestrian [[-17.066703796386548, -29.67399406433134, -2.0461540222168146]] [0.6376633048057556, 0.6642026305198669, 1.713487148284912] 1.48801839351654 0.22440814971923828
pedestrian [[7.628074645996207, -16.023197174072493, -1.2305469512939666]] [0.6419186592102051, 0.7878185510635376, 1.7497363090515137] 1.5260084867477417 0.21876844763755798
pedestrian [[-16.997165679931527, -30.369363784790266, -2.1238093376159917]] [0.6467963457107544, 0.6792154312133789, 1.6975836753845215] 1.6261041800128382 0.21566760540008545
traffic_cone [[0.7091598510743893, 24.927177429199105, -0.12423112243414991]] [0.4072554111480713, 0.41112953424453735, 1.2213541269302368] 1.1499701738357546 0.21241189539432526
pedestrian [[-13.35662841796858, -10.982967376709212, -1.8505892753601234]] [0.6125367879867554, 0.6290238499641418, 1.33443284034729] -0.14381527900695806 0.21208874881267548
traffic_cone [[14.585372924804801, 21.442649841308366, 0.008926161564877688]] [0.36245283484458923, 0.35206282138824463, 0.9576252698898315] -3.093926668167115 0.20990583300590515
traffic_cone [[-7.905651092529183, 33.878341674804346, 0.15813645720480807]] [0.3761143982410431, 0.3729465901851654, 1.1015205383300781] -0.24440562725067172 0.20778372883796692
pedestrian [[8.632137298584098, -45.72795486450201, -1.3667860031128054]] [0.6750231385231018, 0.6974430680274963, 1.8199996948242188] 1.9154756704913538 0.20578458905220032
traffic_cone [[8.850139617919979, -21.425941467285327, -1.7356189489364748]] [0.3630766272544861, 0.36033499240875244, 1.1868056058883667] -2.4366397857666025 0.20524200797080994
pedestrian [[-12.279586791992017, -36.49176025390631, -1.966320991516124]] [0.6796509027481079, 0.775504469871521, 1.7906297445297241] -1.4606732130050666 0.2007761299610138
pedestrian [[-15.954860687255746, -30.289491653442553, -2.173072099685676]] [0.6013908386230469, 0.6245585680007935, 1.5723772048950195] 1.3644815683364868 0.19862103462219238
pedestrian [[8.205726623535327, -45.96247100830095, -1.3562253713607983]] [0.685319721698761, 0.7319778203964233, 1.8477116823196411] 1.734249416981832 0.19067257642745972
traffic_cone [[-7.619007110595476, 30.807800292968636, 0.1064193248748726]] [0.3755674660205841, 0.3619370460510254, 1.2092602252960205] -0.7886323928833009 0.18167822062969208
traffic_cone [[-7.928730010986214, 33.289505004882585, 0.1650521159171845]] [0.37250325083732605, 0.370353102684021, 1.130950689315796] -0.16083455085754447 0.1785830855369568
pedestrian [[-11.443523406982365, 3.6193923950195312, -1.3452806472778356]] [0.6543132662773132, 0.7745345830917358, 1.6400232315063477] 1.1369293928146362 0.17857450246810913
pedestrian [[10.54455566406267, 47.14245605468727, 1.4154245853423948]] [0.5828297138214111, 0.590235710144043, 1.4805842638015747] -2.990476369857789 0.1763525754213333
pedestrian [[-23.596403121948015, -35.85558319091797, -2.9111409187316983]] [0.6232273578643799, 0.6331366300582886, 1.4792453050613403] -1.3682103157043464 0.17382606863975525
pedestrian [[14.684715270996321, 22.525146484374886, 0.41805395483968866]] [0.6317834854125977, 0.6129872798919678, 1.704805612564087] 1.9765685240374964 0.17374087870121002
pedestrian [[-12.744392395019474, -37.341609954834155, -2.0788998603820996]] [0.6796137094497681, 0.7544605731964111, 1.792578101158142] -1.5330007076263439 0.17373688519001007
pedestrian [[-15.130912780761605, -29.70212554931669, -2.209050655365001]] [0.6426283717155457, 0.7007982730865479, 1.458139419555664] 2.3965409437762655 0.17233745753765106
pedestrian [[-16.439685821532976, -30.38332176208519, -2.129431009292606]] [0.6599808931350708, 0.7064414024353027, 1.6898090839385986] 1.7061527411090298 0.16489437222480774
pedestrian [[-23.23206901550276, -36.936653137207145, -2.825254201889061]] [0.643462598323822, 0.6631884574890137, 1.569298505783081] 2.2982319037066854 0.15759631991386414
pedestrian [[14.612045288086051, 23.065223693847486, 0.3613679409026904]] [0.6104826927185059, 0.6039501428604126, 1.6549718379974365] -1.8080652952194223 0.15468651056289673
pedestrian [[5.069694519043082, -29.31548500061041, -1.6807627677917623]] [0.6946915984153748, 0.8042631149291992, 1.859001874923706] -2.9647743701934823 0.15422174334526062
traffic_cone [[-7.506210327148324, 39.80848693847645, 0.33462789654730507]] [0.47863131761550903, 0.47171932458877563, 1.2598731517791748] -0.8580541610717779 0.1488555669784546
pedestrian [[-15.41850280761713, -34.93357086181669, -2.353520870208756]] [0.5976736545562744, 0.6408629417419434, 1.2175366878509521] 1.1076561212539673 0.143085777759552
pedestrian [[-31.56052207946766, 9.083568572997933, -1.071957230567934]] [0.6516039371490479, 0.703936755657196, 1.6904157400131226] -2.910980224609376 0.13481807708740234
pedestrian [[10.689025878906364, 52.580459594726335, 1.4416224956512291]] [0.6512956023216248, 0.6528013348579407, 1.5257269144058228] -1.7532719373703014 0.13428226113319397
pedestrian [[28.48213195800804, -3.4326591491701492, -0.24864655733109586]] [0.5224435329437256, 0.5317662954330444, 1.5348221063613892] -2.7004578113555917 0.13125695288181305
pedestrian [[-20.85502624511713, -37.346466064453296, -2.141313791275037]] [0.6024814248085022, 0.6107169985771179, 1.6028302907943726] 2.505172554646627 0.12950550019741058
traffic_cone [[-7.371074676513558, 41.268562316894304, 0.3238565921783234]] [0.4380107820034027, 0.4238290786743164, 1.2159067392349243] 0.2997440099716183 0.1274539679288864
traffic_cone [[-7.592483520507756, 36.21824645996071, 0.23384545743463292]] [0.39946767687797546, 0.3819815516471863, 1.1758252382278442] -0.15358424186706549 0.1272124946117401
pedestrian [[-11.809917449950945, 11.806343078612997, -0.9225163459778027]] [0.6792375445365906, 0.8647435903549194, 1.7478642463684082] -1.4320005178451545 0.12701383233070374
pedestrian [[-12.100730895996037, -45.12285614013683, -2.2320668697357267]] [0.6511321067810059, 0.6506685018539429, 1.7541923522949219] 0.5285049676895139 0.12573754787445068
pedestrian [[-4.507900238036882, -29.9350070953372, -1.8242723941803156]] [0.7175689935684204, 0.828216552734375, 1.7789463996887207] 0.36031842231750527 0.12454192340373993
pedestrian [[-19.47010040283186, -38.203712463379134, -2.0479543209076123]] [0.6187640428543091, 0.6050295829772949, 1.763906717300415] 2.7929685751544393 0.12334103137254715
pedestrian [[7.2696876525879475, -29.097814559936694, -1.585749626159691]] [0.730751633644104, 0.8509224653244019, 1.8574280738830566] -1.9026683568954477 0.12193815410137177
traffic_cone [[-7.944923400878793, 32.85862731933571, 0.1943828463554258]] [0.392214834690094, 0.38840460777282715, 1.1972448825836182] -0.6345897316932683 0.12056049704551697
traffic_cone [[25.548179626464957, -6.354988098144588, -0.902144849300397]] [0.3926534056663513, 0.39612993597984314, 0.9961553812026978] -1.8220058679580697 0.11990821361541748
pedestrian [[8.276580810547046, -45.413360595703296, -1.436820030212413]] [0.6427004933357239, 0.6689474582672119, 1.7992768287658691] 1.9998353163348597 0.1194293275475502
traffic_cone [[15.350471496582145, 24.389465332031023, 0.2505776286125041]] [0.4444950819015503, 0.43186813592910767, 1.274775743484497] -1.9250086545944223 0.11825951933860779
pedestrian [[-31.944414138793547, 8.790714263915788, -1.1767475605011022]] [0.6656023263931274, 0.7237603664398193, 1.749618411064148] -3.1314425468444833 0.11798912286758423
pedestrian [[-8.826007843017464, -11.090427398681754, -1.721782684326179]] [0.5534822344779968, 0.5461304783821106, 1.6253772974014282] -1.0195102691650397 0.11791276931762695
pedestrian [[-46.02153015136713, -29.844976425171126, 0.05430484563110127]] [0.6078433990478516, 0.630068838596344, 1.7660892009735107] 0.9220567941665653 0.11744639277458191
pedestrian [[-10.633476257324162, 20.10105895996071, -0.342162787914285]] [0.5630227327346802, 0.5600613951683044, 1.6810822486877441] -0.44053137302398676 0.11678095161914825
pedestrian [[-16.56993865966797, -29.75865745544445, -2.1148040294647377]] [0.6287500858306885, 0.6619829535484314, 1.706818699836731] 1.7958577314959925 0.11388646066188812
pedestrian [[5.482219696044979, -29.69761085510271, -1.6730802059173673]] [0.7122042179107666, 0.8349376916885376, 1.8877556324005127] -2.768228054046632 0.11315865814685822
pedestrian [[-42.32408523559553, 8.214721679687273, -0.8169943094253558]] [0.6116833686828613, 0.6430400013923645, 1.717948079109192] -0.6284528970718387 0.11119668185710907
5b03af7a953245b5a3b23191ed4da62a