car [[8.056751251220703, -18.781051635742244, -1.3092467784881734]] [1.8537664413452148, 4.52140474319458, 1.5786817073822021] -1.7719087600708003 0.8537739515304565
car [[-4.409053802489922, 6.8685302734375, -0.15499395132066596]] [2.0323245525360107, 5.009739398956299, 1.946144461631775] 2.6795895735370086 0.8164178133010864
car [[9.857383728027543, -27.21105575561529, -1.5492221117019795]] [1.8911830186843872, 4.501328945159912, 1.6309245824813843] -1.7688331604003904 0.4349406361579895
car [[6.171188354492315, -28.638662338256893, -1.292299866676343]] [2.0523314476013184, 4.955726146697998, 2.111475944519043] -1.7713247537612913 0.3351241648197174
car [[12.926856994629105, 53.802719116210994, 0.4611122608184708]] [1.9116722345352173, 4.48974609375, 1.6941988468170166] -1.6765068769454954 0.23054122924804688
car [[16.46143341064453, 44.02376556396479, 0.6610900163650371]] [2.376983404159546, 5.890690326690674, 2.543668746948242] 1.3523708581924438 0.1623643934726715
car [[14.062431335449261, -7.037303924560547, -0.38939961791039934]] [2.4852445125579834, 6.456842422485352, 2.911184072494507] -1.770141839981079 0.1403023600578308
car [[14.114593505859446, 52.554763793945256, 0.5274770259857036]] [1.9199514389038086, 4.440064907073975, 1.693113088607788] -2.588265419006347 0.10894843935966492
car [[-5.177406311034929, 44.14202117919922, 1.805170416831956]] [1.9238847494125366, 4.521041393280029, 1.6777377128601074] 0.5024503469467161 0.10368584096431732
truck [[11.80316162109375, -18.241382598876953, -0.43325960636140337]] [2.8301286697387695, 10.330524444580078, 3.688908338546753] -1.7619338035583494 0.8253030776977539
truck [[14.015235900879134, -7.065868377685547, -0.4166261851787709]] [2.5093934535980225, 6.566185474395752, 3.1713292598724365] -1.788401961326599 0.8028305172920227
construction_vehicle [[-0.9101295471191406, -23.578826904296932, -0.7360262870788734]] [2.926996946334839, 4.131358623504639, 2.982475519180298] -1.9715715646743774 0.801813542842865
truck [[6.171394348144503, -28.66297149658203, -1.252841711044324]] [1.9549003839492798, 5.0309906005859375, 2.0068767070770264] -1.7749886512756345 0.5623845458030701
truck [[-42.255584716796704, -47.19353866577154, -1.319523692131062]] [2.1441898345947266, 5.1054816246032715, 2.163032054901123] -3.064732074737549 0.24849335849285126
truck [[16.47500610351564, 44.08889770507807, 0.6874443888664103]] [2.5926952362060547, 6.098733901977539, 2.9517409801483154] 1.3731426000595093 0.1885787546634674
construction_vehicle [[-3.452518463134581, 12.189697265625, -0.18562360107900489]] [1.3139128684997559, 2.244495153427124, 2.0044312477111816] -2.1446125507354736 0.17716851830482483
construction_vehicle [[25.5331649780276, -20.146053314208928, -1.437500238418595]] [1.7887251377105713, 3.499575614929199, 2.2631356716156006] -0.9173718690872191 0.15101704001426697
construction_vehicle [[28.61457061767605, 49.385894775390625, 0.2314768731593908]] [2.2690861225128174, 4.243921279907227, 2.4130706787109375] 2.847034994755881 0.1317145973443985
truck [[9.97208786010762, -26.734621047973633, -1.5715128183365046]] [2.0220606327056885, 5.186558723449707, 1.8649522066116333] -1.7769410610198975 0.10231757909059525
bus [[-33.29918289184543, -23.696622848510685, 1.689094424247724]] [2.9407882690429688, 12.41052532196045, 3.613487720489502] -1.7656123638153078 0.184738427400589
bus [[16.478027343750085, 44.09230804443354, 0.6699293851852239]] [2.5459189414978027, 6.091805458068848, 2.7969465255737305] 1.3416799306869507 0.1348971128463745
trailer [[-47.13499069213853, -47.1056861877442, -0.9961194396019124]] [2.9931211471557617, 15.266022682189941, 3.669273614883423] 3.0880277792560022 0.11732282489538193
trailer [[2.1653289794924433, -26.771900177001953, -1.700324058532729]] [1.0344499349594116, 2.2344608306884766, 1.4082260131835938] -1.2817316055297852 0.1143488809466362
barrier [[-1.6848258972167685, -19.974720001220703, -1.561094403266921]] [2.1092777252197266, 0.5125572681427002, 1.0404000282287598] 2.932823483143942 0.8129395246505737
barrier [[-2.2128791809080894, -22.02627563476574, -1.6114388704300033]] [2.005563497543335, 0.5262042284011841, 1.0614356994628906] 2.834436480198996 0.8056585788726807
barrier [[4.742443084717053, -24.49554252624506, -1.7150152921676813]] [2.1805028915405273, 0.5524635314941406, 1.0964648723602295] 0.29095864295959484 0.6583429574966431
barrier [[-2.6779289245603195, -23.88417053222662, -1.6665809154510658]] [2.007603168487549, 0.5092439651489258, 1.073838710784912] 2.9486282507525847 0.6297101974487305
barrier [[-2.1817550659178266, 15.494003295898438, -0.45992213487626543]] [2.127474308013916, 0.44330278038978577, 1.04585599899292] -1.8089214563369753 0.6065360903739929
barrier [[1.6121253967287146, 18.236030578613224, -0.7130722999572932]] [1.9460194110870361, 0.45876580476760864, 1.004871129989624] -0.2521913051605222 0.5995866656303406
barrier [[-3.453037261962848, -27.936784744262752, -1.7817023992538594]] [2.10457181930542, 0.49997478723526, 1.0547091960906982] 2.976867977772848 0.5991634130477905
barrier [[0.27741622924801845, 23.845260620117188, -0.4219892621040451]] [1.993471622467041, 0.4030749201774597, 1.0018932819366455] 1.462923884391785 0.5684335231781006
barrier [[-32.03948211669913, -41.0893440246582, -0.8150362372398536]] [1.9811490774154663, 0.7127983570098877, 0.9612038135528564] 1.449135184288025 0.5557586550712585
barrier [[1.544338226318402, 23.60833740234375, -0.516619920730605]] [2.1164145469665527, 0.42366570234298706, 1.0294084548950195] 1.542997717857361 0.5509709715843201
barrier [[2.053775787353672, 20.141914367675724, -0.690706253051772]] [2.0744149684906006, 0.4391682744026184, 1.0073163509368896] -0.2140768766403197 0.5451791286468506
barrier [[-0.21210861206047582, 14.852622985839787, -0.6472599506378316]] [2.0443458557128906, 0.4652036130428314, 1.0350770950317383] -1.8258352279663086 0.526745617389679
barrier [[-30.246520996093665, -41.27149200439453, -0.8066717386245887]] [1.9435608386993408, 0.7412717938423157, 0.9115233421325684] 1.3962856531143188 0.5123347640037537
barrier [[1.524677276611527, -31.931945800781307, -1.9988906383514564]] [2.1002655029296875, 0.46651196479797363, 1.0606834888458252] -1.4958339929580686 0.4982963800430298
barrier [[-27.929250717162844, -41.752361297607365, -0.8243074417114435]] [2.0259034633636475, 0.6946772933006287, 1.0187264680862427] 1.4479824304580688 0.4798681139945984
barrier [[-1.4447059631346661, 23.81925964355463, -0.30824357271195524]] [2.017892360687256, 0.42604386806488037, 1.0427188873291016] 2.234465424214499 0.46673494577407837
barrier [[-21.926471710204922, -42.894332885742244, -1.1766103506088434]] [2.2253663539886475, 0.549813449382782, 1.1222800016403198] 0.24714922904968276 0.4660128057003021
barrier [[-3.085632324218693, -26.06587028503418, -1.77363014221193]] [2.063070774078369, 0.4863109588623047, 1.0450572967529297] 2.9602959791766565 0.46490901708602905
barrier [[-21.972881317138658, -42.22021102905279, -1.231188774108901]] [2.2259302139282227, 0.5688574314117432, 1.1252068281173706] 1.464810252189636 0.45684701204299927
barrier [[-22.3917102813721, -41.830871582031364, -1.1985645294189577]] [2.096724510192871, 0.564963161945343, 1.104247808456421] 1.460975527763367 0.4530329406261444
barrier [[27.724037170410327, 49.604331970214844, -0.09437944740058413]] [2.127021312713623, 0.5087695717811584, 1.0922346115112305] 2.948461834584372 0.4471789598464966
barrier [[1.1226310729982316, 16.34515380859375, -0.6756038665771662]] [2.0755863189697266, 0.49506908655166626, 1.0133663415908813] -0.15483593940734883 0.43094027042388916
barrier [[-22.411623001098462, -42.86543273925787, -1.117060422897353]] [2.306199073791504, 0.5618126392364502, 1.1132529973983765] 0.3129692077636717 0.414127379655838
barrier [[4.937419891357578, -26.61010932922369, -1.757545351982131]] [2.0724968910217285, 0.4872710108757019, 1.0469787120819092] -0.162473201751709 0.41323980689048767
barrier [[2.3353652954102557, 21.873519897460938, -0.6650290489196884]] [2.0847721099853516, 0.42359447479248047, 0.9997096061706543] -0.22333455085754406 0.40352901816368103
barrier [[28.4174804687501, 47.80023956298828, -0.1549261659383916]] [2.0298752784729004, 0.4615975022315979, 1.057044267654419] -1.8427925109863281 0.39370861649513245
barrier [[-24.338211059570312, -42.222579956054744, -1.052755713462842]] [2.047720193862915, 0.6476701498031616, 1.0591005086898804] 1.4922157526016235 0.3893393278121948
barrier [[-26.042596817016488, -42.11485671997076, -0.931023359298722]] [2.0989418029785156, 0.6823425889015198, 1.0333917140960693] 1.513503670692444 0.372819185256958
barrier [[-3.7612991333008097, -29.69011116027832, -1.6772471666336202]] [1.9228482246398926, 0.4647829532623291, 1.0588622093200684] 2.95680553117861 0.3680576682090759
barrier [[3.9042396545413283, -30.832448959350586, -1.8887085914611994]] [2.087059497833252, 0.47913748025894165, 1.0706807374954224] -0.24738836288452112 0.34681275486946106
barrier [[3.434387207031449, -23.05960655212408, -1.6445343494415479]] [2.052103281021118, 0.4887623190879822, 1.059769868850708] 1.6247847715960904 0.33596670627593994
barrier [[-21.37050628662108, -42.897636413574276, -1.2686829566955709]] [2.1782453060150146, 0.5715263485908508, 1.106593132019043] 0.1958850622177128 0.33042651414871216
barrier [[20.62957000732439, -20.119003295898438, -1.6944689750671547]] [2.9234602451324463, 0.5299344658851624, 0.9622330665588379] -0.15603494644165017 0.3021683692932129
barrier [[-3.4000434875486576, -29.682939529418945, -1.677957534790055]] [1.9011502265930176, 0.4771046042442322, 1.0604579448699951] 3.110236946736471 0.29630976915359497
barrier [[2.063602447509936, 23.237045288085994, -0.597957611083995]] [2.0246713161468506, 0.4174685478210449, 1.0088932514190674] 0.3831777572631837 0.2958873212337494
barrier [[4.361217498779411, -29.627721786499023, -1.8139462471008478]] [1.9626580476760864, 0.4357316792011261, 1.0300439596176147] -0.21997773647308358 0.29184842109680176
barrier [[-2.562805175781051, 18.766204833984318, -0.31851112842561236]] [2.0863351821899414, 0.4464971423149109, 1.034883737564087] 2.8809579054461882 0.29110848903656006
barrier [[-23.007383346557518, -42.85329437255865, -1.0749828815460365]] [2.2387888431549072, 0.5595099329948425, 1.0949749946594238] -0.04889440536499041 0.2899147868156433
barrier [[-21.880718231201058, -43.30118179321295, -1.1885353326797592]] [2.2223637104034424, 0.5781329870223999, 1.0975656509399414] -0.7874386906623837 0.28809699416160583
barrier [[-9.329372406005831, -17.05309295654297, -1.1439568996429585]] [2.0340163707733154, 0.42744332551956177, 1.0261905193328857] 2.3963010946856897 0.283321350812912
barrier [[3.751037597656534, -23.14320182800293, -1.6527577638626259]] [1.867822289466858, 0.46972617506980896, 0.9979597330093384] 0.6163264513015748 0.2630716562271118
barrier [[-22.40986061096187, -43.293014526367244, -1.143375873565688]] [2.3163461685180664, 0.5937893986701965, 1.0972096920013428] -0.7532069087028501 0.23116758465766907
barrier [[8.836585998535412, 27.8127822875976, -0.4428555369377314]] [0.786977231502533, 0.7784793376922607, 1.0701830387115479] 1.9897564093219204 0.2120208442211151
barrier [[3.4713249206542827, -30.877445220947266, -1.9333606958389424]] [2.137655019760132, 0.5006815195083618, 1.0835193395614624] -0.6059587597846985 0.20078124105930328
barrier [[-23.656249999999673, -42.79916381835932, -1.0742194652557568]] [2.2330687046051025, 0.6182068586349487, 1.1035754680633545] 0.2926419973373414 0.19941741228103638
barrier [[2.8111534118653907, 24.335014343261662, -0.5812245607376241]] [2.051985263824463, 0.4445813298225403, 1.0274218320846558] -0.06062877178192148 0.19799593091011047
barrier [[4.104804992675767, -29.190921783447322, -1.866670131683362]] [2.0809364318847656, 0.48097628355026245, 1.0415468215942383] -0.13197660446166995 0.19684773683547974
barrier [[4.348567962646499, -30.8486270904541, -1.8476665019989138]] [2.0770416259765625, 0.45395010709762573, 1.0626680850982666] -0.11902809143066378 0.1966986507177353
barrier [[-20.80724716186519, -42.83451461791998, -1.3525323867797994]] [2.168056011199951, 0.565131664276123, 1.103990077972412] 0.34560048580169683 0.19099794328212738
barrier [[-8.12773513793924, -15.743751525878906, -1.0948436260223566]] [2.133668899536133, 0.4374106526374817, 1.0309264659881592] 2.4895871321307586 0.18567126989364624
barrier [[-2.8099670410155824, -29.684082031250057, -1.6935089826584004]] [2.0771803855895996, 0.4841751456260681, 1.115358591079712] -2.9165210723876953 0.1840982437133789
barrier [[-4.438022613525334, 19.462120056152287, -0.3522114753723251]] [2.3820033073425293, 0.4151019752025604, 0.9874169826507568] -0.13111793994903584 0.17824679613113403
barrier [[21.18975830078132, -17.126136779785156, -1.742060184478774]] [3.018193244934082, 0.5094698667526245, 0.9674125909805298] -0.15477406978607175 0.17679756879806519
barrier [[-2.3472824096678977, 18.88086700439453, -0.3185809552669632]] [2.180006504058838, 0.4711228609085083, 1.0618153810501099] 1.562355875968933 0.1752210259437561
barrier [[-2.6920013427732528, 17.778366088867188, -0.31526920199396]] [2.4344639778137207, 0.4406307339668274, 1.025942087173462] 2.6422246138202117 0.1721234917640686
barrier [[4.558967590332145, -27.869609832763615, -1.7593455314636355]] [2.0991647243499756, 0.48791372776031494, 1.025199294090271] -0.19447481632232672 0.16512343287467957
barrier [[-3.8768539428709943, 23.16538238525385, 0.1407649517059184]] [2.221306800842285, 0.42419135570526123, 1.0344754457473755] -0.23184573650360113 0.15659169852733612
barrier [[-37.548484802245895, -39.91349411010748, -0.8648764491081398]] [2.1256232261657715, 0.5934418439865112, 1.0142759084701538] 1.0365077257156374 0.15439626574516296
barrier [[0.7845268249511577, 24.0199356079101, -0.43935132026673784]] [2.0332064628601074, 0.43752193450927734, 1.0344979763031006] 1.3969937562942507 0.15196095407009125
barrier [[-2.7569122314452557, 17.13742828369135, -0.3450464010238825]] [2.136934757232666, 0.42866647243499756, 1.0118926763534546] 1.7888663450824187 0.14300253987312317
barrier [[-1.6945381164551208, -21.942066192627067, -1.6211686134338503]] [2.0856773853302, 0.5299299359321594, 1.0637332201004028] 2.807904068623679 0.14108186960220337
barrier [[-10.482009887695241, -18.258094787597656, -1.163542985916152]] [1.980907678604126, 0.39967021346092224, 1.0191681385040283] 2.41347057024111 0.1403312236070633
barrier [[28.39931488037115, 50.70356750488281, -0.008607931435122396]] [2.095709800720215, 0.5260511040687561, 1.063932180404663] 2.8211305777179168 0.13815781474113464
barrier [[-6.444709777831974, -13.931587219238281, -1.1242434978485232]] [2.2029335498809814, 0.5056804418563843, 1.051262378692627] 2.4357264677630828 0.13485385477542877
barrier [[9.300483703613324, 35.639678955078125, -0.7211472392082356]] [2.075198173522949, 0.5836432576179504, 0.9453586339950562] -1.3621892929077148 0.13353805243968964
barrier [[-33.27911758422846, -40.67468643188482, -0.8871464133262759]] [2.1945743560791016, 0.758274257183075, 0.9320019483566284] 1.2180477380752563 0.1333349645137787
barrier [[1.0635948181153765, 18.21826934814453, -0.6546313166618489]] [2.053060531616211, 0.5066503286361694, 1.033850908279419] -0.28524231910705566 0.13258755207061768
barrier [[-2.5407752990722514, 19.31696319580078, -0.3113569915294754]] [2.4278512001037598, 0.4694797992706299, 1.0435402393341064] -1.7150558233261108 0.1318216174840927
barrier [[9.280868530273423, 35.16758728027344, -0.7291088700294637]] [1.5302331447601318, 0.5647401809692383, 0.9150990843772888] 2.213439289723532 0.13029272854328156
barrier [[9.922351837158232, 38.65800476074219, -0.6790114641189717]] [1.8775495290756226, 0.5376445055007935, 0.9708686470985413] -2.0368940830230713 0.12167178094387054
barrier [[-0.8932495117185937, -31.48146629333496, -1.9944696426391761]] [2.0558314323425293, 0.4527457058429718, 1.087101936340332] -1.9072825908660889 0.12055771052837372
barrier [[0.8799934387208168, -32.43878936767584, -2.0198924541473513]] [2.0847394466400146, 0.49653711915016174, 1.0560579299926758] -1.549627661705017 0.11875686794519424
barrier [[29.01876831054703, 48.16185760498041, -0.18057617545129645]] [2.129513740539551, 0.512627363204956, 1.0880658626556396] -1.8007653951644895 0.11592516303062439
barrier [[-1.937015533447223, 24.1188125610351, -0.20181185007096403]] [2.1208865642547607, 0.4590253233909607, 1.0454034805297852] 1.6532395521747039 0.11509734392166138
barrier [[9.761978149414247, 38.17559814453119, -0.7252225875854634]] [1.9958686828613281, 0.5285593271255493, 0.9729188084602356] 3.070577446614401 0.11467044800519943
barrier [[1.7145271301271663, -26.68468666076666, -1.6220982074737709]] [2.1671247482299805, 0.5244941711425781, 1.0869015455245972] 2.7892718950854705 0.1117929145693779
barrier [[10.014015197754233, 39.210479736328125, -0.6241708397865473]] [1.6414852142333984, 0.534511387348175, 0.902086079120636] -1.424426555633545 0.11133402585983276
barrier [[1.5058059692384802, 22.527023315429744, -0.6185103654861592]] [2.090019464492798, 0.4259929060935974, 1.0097016096115112] 2.0680568853961394 0.11064803600311279
barrier [[-1.5768280029296307, 23.26585388183588, -0.344476640224471]] [2.0516011714935303, 0.44927987456321716, 1.0530740022659302] 2.2750895659076136 0.11025657504796982
barrier [[1.4926109313964275, 21.970207214355412, -0.6449021697044515]] [2.124023199081421, 0.434457391500473, 1.0117433071136475] -0.2546707391738891 0.10810336470603943
barrier [[0.9924240112305398, 21.972000122070312, -0.6300455927848958]] [2.1459264755249023, 0.4313853681087494, 1.0217598676681519] -1.7149723768234253 0.10790242999792099
barrier [[9.984619140625128, 39.84613037109381, -0.5876747369766377]] [1.9430060386657715, 0.5522435307502747, 0.9327654242515564] 0.5787769556045534 0.10441424697637558
barrier [[29.663764953613367, 48.90840911865229, -0.10260502994061937]] [2.22469425201416, 0.5322424173355103, 1.0952926874160767] 2.450469319020407 0.10400713980197906
bicycle [[-1.6023483276365766, 14.099006652832031, -0.5619825720787155]] [0.544126570224762, 1.6047011613845825, 1.0681225061416626] 0.3715994358062742 0.8288446664810181
motorcycle [[-9.975521087646555, -14.553024291992244, -0.8340957164764529]] [0.6817482113838196, 2.1040115356445312, 1.3108750581741333] -2.339500904083252 0.6464632749557495
bicycle [[-1.5079231262207315, 14.511146545410156, -0.5970385074615621]] [0.499237984418869, 1.5816051959991455, 1.0573070049285889] 0.16321444511413546 0.5023530721664429
bicycle [[1.959053039550838, 30.757537841796875, 0.4601947963237656]] [0.5688902139663696, 1.7018768787384033, 1.4895460605621338] 0.22107899188995367 0.4774699807167053
bicycle [[-13.44689941406233, 9.292961120605412, 0.44965541362761385]] [0.6373048424720764, 1.8292702436447144, 1.7704832553863525] -1.0391633510589602 0.3720262944698334
bicycle [[38.80508422851574, -6.258327484130859, -1.7879300117492853]] [0.5884915590286255, 1.5830788612365723, 1.123073697090149] 0.7663880586624146 0.3003714084625244
bicycle [[-20.846427917480156, 15.266304016113338, 0.7209262251853765]] [0.584746241569519, 1.652296781539917, 1.140842318534851] 1.3616689443588257 0.2312021106481552
motorcycle [[-3.4211273193356675, 12.2440567016601, 0.17578637599943292]] [0.6649676561355591, 1.8308111429214478, 1.2544465065002441] 1.9963882605182097 0.22525472939014435
bicycle [[29.750549316406364, 9.893608093261776, -0.7040085792541682]] [0.5586472749710083, 1.6583387851715088, 1.2192518711090088] -1.5521047115325928 0.16592560708522797
motorcycle [[-38.76113128662085, -3.2857322692870525, 0.12389100342987192]] [0.7153887152671814, 1.9774781465530396, 1.4016553163528442] 1.0890849828720093 0.14092014729976654
bicycle [[-9.47291564941392, 11.659294128417969, 0.20380088686941278]] [0.5486391186714172, 1.6363966464996338, 1.1761889457702637] 1.9935382048236294 0.1394829899072647
motorcycle [[26.033416748046932, -20.18810272216797, -1.0087023973465143]] [0.8305245637893677, 2.059715747833252, 1.4033758640289307] -0.36586725711822476 0.136551171541214
bicycle [[-23.164903640746886, -53.94193649291992, -2.497337102890027]] [0.6776612997055054, 1.7436482906341553, 1.4783978462219238] 1.3473564386367798 0.1348995566368103
bicycle [[11.91329956054706, -37.435333251953125, -1.6254806518554865]] [0.6764733195304871, 1.814777135848999, 1.6693885326385498] -1.1606022119522093 0.1320365071296692
bicycle [[-3.1939849853513778, -29.732892990112305, -1.12516832351686]] [0.6293083429336548, 1.7304887771606445, 1.3746623992919922] 1.4953852891921997 0.13084185123443604
bicycle [[2.2605323791505327, 32.659759521484375, 0.5626912117004288]] [0.6423460245132446, 1.7621394395828247, 1.1840713024139404] 0.6608806848526 0.12620149552822113
bicycle [[-7.990116119384595, -18.32261276245123, -1.0799108743667745]] [0.5639081597328186, 1.6606954336166382, 1.1070270538330078] 1.6363809744464324 0.12514275312423706
motorcycle [[39.731620788574176, -6.242286682128906, -1.757315874099742]] [0.8711037039756775, 2.1269164085388184, 1.4463903903961182] -3.0685739517211914 0.12486505508422852
bicycle [[27.44077301025395, -1.0921173095703693, -0.9206749796867513]] [0.6267412900924683, 1.715145468711853, 1.22764253616333] 1.600902859364645 0.11925175786018372
bicycle [[4.072742462158203, -30.271940231323242, -1.8791897296905624]] [0.4813675880432129, 1.4918951988220215, 1.1478548049926758] -1.6090277433395388 0.11923579126596451
bicycle [[-0.3697776794432599, 14.666770935058537, -0.5408008098602473]] [0.5564081072807312, 1.631485104560852, 1.1128878593444824] -0.06164658069610612 0.11160356551408768
bicycle [[38.266937255859546, -5.772609710693416, -1.7568624019622945]] [0.7043296098709106, 1.8080363273620605, 1.1914228200912476] -0.20063912868499764 0.10976342856884003
bicycle [[28.37946319580091, 5.204101562499943, -0.6615529060363876]] [0.5779941082000732, 1.7062636613845825, 1.1692278385162354] -0.9195960164070132 0.10953192412853241
bicycle [[38.79287719726575, -5.310436248779354, -1.7711240053177058]] [0.6442285180091858, 1.7996826171875, 1.2006949186325073] -0.4300450086593626 0.10843660682439804
bicycle [[-1.0565834045408593, 13.698501586914062, -0.6256780028343378]] [0.5664478540420532, 1.6176936626434326, 1.054229736328125] 0.598317265510559 0.10548257827758789
bicycle [[-8.031196594238025, -29.830894470214844, -1.2468532323837422]] [0.752752423286438, 1.618232011795044, 1.8192516565322876] -0.21957862377166742 0.10275780409574509
bicycle [[-12.34062194824223, -22.39992523193365, -0.6116871833801412]] [0.5835587382316589, 1.7231414318084717, 1.226690649986267] -1.6907933950424194 0.10162986814975739
bicycle [[9.873821258545135, 38.592056274414006, -0.9410845637321614]] [0.6069201827049255, 1.6555113792419434, 1.1064783334732056] 1.229596734046936 0.10117840766906738
traffic_cone [[9.383087158203068, -4.007099151611385, -1.5349270105362027]] [0.3893613815307617, 0.38884788751602173, 0.7254794836044312] 2.7943268457995813 0.8593530058860779
traffic_cone [[1.2974433898926776, -5.787960052490234, -1.5168633460998695]] [0.3904607594013214, 0.3956069350242615, 0.7317406535148621] 1.4017966985702515 0.8462907075881958
pedestrian [[3.2761764526368182, -25.356918334960994, -1.2682858705520772]] [0.7515913248062134, 0.6904206275939941, 1.8618440628051758] 2.7564109007464808 0.8407449722290039
traffic_cone [[2.0719795227052487, -1.4024620056152912, -1.4206526279449587]] [0.3633228838443756, 0.3668096959590912, 0.720721960067749] 1.3799465894699097 0.8318734169006348
traffic_cone [[8.483341217041115, -8.50709533691412, -1.5761940479278689]] [0.3950710892677307, 0.3982769846916199, 0.7339717149734497] 3.0084961096393035 0.8257746696472168
traffic_cone [[2.915988922119226, 3.455730438232422, -1.3642973899841433]] [0.37720924615859985, 0.37753942608833313, 0.7108050584793091] 1.8106811682330533 0.8196361064910889
pedestrian [[-10.384498596191364, 6.947334289550838, 0.2383858561515666]] [0.651966392993927, 0.738347053527832, 1.685448408126831] -0.7750180959701537 0.8082531690597534
traffic_cone [[0.23487472534189635, -10.661056518554688, -1.6258119344711446]] [0.39774203300476074, 0.39893168210983276, 0.7164227962493896] 1.140520453453064 0.7816756367683411
traffic_cone [[10.140693664551037, -0.18802261352539062, -1.4316444396972798]] [0.3958775997161865, 0.39356333017349243, 0.7237421274185181] 2.2376740614520476 0.7757670879364014
pedestrian [[2.5908317565918395, -23.93330192565918, -1.294990062713639]] [0.7037591934204102, 0.6984220743179321, 1.7364730834960938] -1.2736830711364744 0.7745568752288818
pedestrian [[-11.572776794433494, 1.27625656127924, 0.3672386407851995]] [0.6956835389137268, 0.5996369123458862, 1.831946849822998] 0.7791117429733273 0.7727261781692505
traffic_cone [[11.739982604980739, 8.506996154785156, -1.2024592161178767]] [0.41318801045417786, 0.40589356422424316, 0.7628464698791504] 2.364360157643454 0.7666041254997253
traffic_cone [[12.30866241455088, 11.662673950195256, -1.2053071260452377]] [0.42640411853790283, 0.4134637117385864, 0.7650412321090698] 2.4420917669879363 0.7398608326911926
traffic_cone [[12.822700500488395, 14.619171142578125, -1.0760471820831476]] [0.4209209084510803, 0.40659675002098083, 0.7672492265701294] 2.698514286671774 0.7258558869361877
pedestrian [[-11.791770935058295, -32.296165466308594, -1.3735525608062922]] [0.6448233127593994, 0.707893431186676, 1.7256144285202026] -1.9415154457092283 0.7233628630638123
pedestrian [[-7.975742340087876, -29.851888656616268, -1.2281759977340823]] [0.6597423553466797, 0.6531699895858765, 1.8417377471923828] -0.14981424808502225 0.7222474217414856
traffic_cone [[4.111461639404354, 9.341739654541016, -1.2831760644912844]] [0.38847386837005615, 0.3883356750011444, 0.7044312357902527] 1.4356142282485962 0.7059807777404785
pedestrian [[-13.008049011230241, -26.297163009643555, -1.123751044273396]] [0.6153686046600342, 0.692433774471283, 1.7728304862976074] 2.2864969412433074 0.7040374875068665
traffic_cone [[6.724441528320625, -17.85735321044922, -1.627394080162066]] [0.3754177689552307, 0.3776903450489044, 0.7598309516906738] -2.027456760406494 0.7023816108703613
pedestrian [[-11.293701171874773, -27.09203720092779, -1.1902215480804639]] [0.7080798149108887, 0.8068456649780273, 1.8495875597000122] 2.210422341023581 0.6975237131118774
traffic_cone [[5.170558929443516, 13.982109069824162, -1.1180834770202779]] [0.40116676688194275, 0.3971150517463684, 0.710926353931427] 1.630446259175436 0.6964313983917236
pedestrian [[-11.353538513183466, 2.188079833984375, 0.4251079261302806]] [0.6877214908599854, 0.609939455986023, 1.8084886074066162] -1.5107433795928955 0.6963514685630798
traffic_cone [[10.762924194336023, 3.0771369934081463, -1.3272218704223793]] [0.4041280150413513, 0.4014838933944702, 0.7359973192214966] 2.2881239096270964 0.6922416090965271
pedestrian [[-13.577327728271271, -26.83492088317871, -1.1046364307403742]] [0.6342812776565552, 0.7171136736869812, 1.775761604309082] 2.36931831041445 0.6891809701919556
traffic_cone [[-0.9421043395995525, -16.130516052246094, -1.68457937240602]] [0.39498528838157654, 0.39237669110298157, 0.7334735989570618] -1.7468494176864622 0.6593151092529297
pedestrian [[2.3187065124513424, -24.983467102050838, -1.3192299604416071]] [0.6484333276748657, 0.6227823495864868, 1.7240087985992432] -0.006743907928466485 0.6488769054412842
traffic_cone [[12.040740966797031, 9.955326080322266, -1.2288273572921895]] [0.4313192367553711, 0.42858368158340454, 0.7565041780471802] 1.9899438063250943 0.6438413858413696
traffic_cone [[7.591686248779368, -13.375167846679744, -1.6951460838318013]] [0.38003942370414734, 0.37370356917381287, 0.695289134979248] -2.50745677947998 0.6299874782562256
pedestrian [[-12.063884735107266, -34.45163726806646, -1.4717687368393086]] [0.6086611747741699, 0.6182000637054443, 1.7271007299423218] -1.2004276514053343 0.6199572682380676
traffic_cone [[5.72140884399434, -22.558746337890625, -1.7580815553665339]] [0.37703853845596313, 0.3757232427597046, 0.7582582235336304] -1.7088992595672605 0.6027914881706238
traffic_cone [[13.334724426269773, 17.104171752929688, -1.0588392019271993]] [0.40732279419898987, 0.39016640186309814, 0.7546542882919312] 2.6151292959796355 0.5860980749130249
pedestrian [[-13.606899261474354, 2.913349151611328, 0.43174809217451227]] [0.6974747180938721, 0.7583441734313965, 1.81087064743042] -0.9843783974647522 0.5840964913368225
traffic_cone [[11.249603271484489, 5.551044464111328, -1.3051178455352908]] [0.3924487829208374, 0.3965119421482086, 0.7223469018936157] 1.7164648214923306 0.5497117638587952
traffic_cone [[7.5568885803223935, 26.032737731933537, -0.7556111812591695]] [0.4073856472969055, 0.4121928811073303, 0.7748850584030151] 1.2510091066360471 0.5239832997322083
traffic_cone [[12.618728637695298, 13.137580871581974, -1.1355324983596944]] [0.42977410554885864, 0.4185490012168884, 0.7790694832801819] 2.417960945759909 0.5220407247543335
traffic_cone [[13.065597534179744, 15.928115844726562, -1.0574430227279805]] [0.40763843059539795, 0.3889772295951843, 0.7687444686889648] 2.697327438985006 0.5158093571662903
traffic_cone [[13.477821350097784, 22.595054626464787, -0.9281632900238179]] [0.4274178743362427, 0.4341520667076111, 0.8117742538452148] 2.876409355794088 0.5095458626747131
pedestrian [[-15.456142425536868, 16.554298400878963, 1.0848019123077215]] [0.603877604007721, 0.6476175785064697, 1.7712738513946533] -1.3445088863372803 0.50242680311203
traffic_cone [[13.703353881835938, 19.050437927246037, -1.0210071802139389]] [0.3853328824043274, 0.3665789067745209, 0.7477463483810425] 2.6687472502337855 0.49057167768478394
pedestrian [[-3.084049224853402, -29.60647964477539, -1.4468017816543721]] [0.6106138229370117, 0.6342095136642456, 1.7737681865692139] 1.4414597749710083 0.48726150393486023
traffic_cone [[9.199558258056712, 34.65734863281256, -0.7629265785217427]] [0.4127005338668823, 0.40896138548851013, 0.8376923203468323] 2.8029549757586882 0.48160678148269653
pedestrian [[-17.071304321289105, 20.308784484863224, 1.2953073978423966]] [0.6762796640396118, 0.714183509349823, 1.890223503112793] -1.3774518966674802 0.439535915851593
pedestrian [[-13.404811859130817, 9.243675231933594, 0.4636527895927287]] [0.655404806137085, 0.7453361749649048, 1.7758057117462158] -0.8425266742706298 0.410715252161026
traffic_cone [[8.23109054565434, 29.69333648681635, -0.7034412622451924]] [0.40163683891296387, 0.40800052881240845, 0.7811084389686584] 1.3933523893356323 0.39192289113998413
pedestrian [[-12.517147064208743, -35.56707763671875, -1.4529113769531392]] [0.634290874004364, 0.6494170427322388, 1.7941365242004395] -0.9202722311019896 0.39099496603012085
pedestrian [[-15.40905761718733, 17.138717651367188, 1.136154890060407]] [0.5819934010505676, 0.62580406665802, 1.7423439025878906] -1.1446003913879395 0.3909011781215668
pedestrian [[-15.47845840454086, 17.566490173339787, 1.1564717292785467]] [0.590076208114624, 0.6274598836898804, 1.7386741638183594] -0.9766101241111753 0.3793555498123169
traffic_cone [[8.692516326904538, 27.853927612304688, -0.5848470926284968]] [0.5449243783950806, 0.5606213212013245, 1.0084525346755981] 1.0185946226119993 0.37153422832489014
traffic_cone [[11.11003112792963, 5.2307891845703125, -1.295433640480054]] [0.40266674757003784, 0.4259311854839325, 0.7303382158279419] 1.7105005423175261 0.3593384027481079
traffic_cone [[12.650611877441477, 19.62270355224598, -0.9743094444275044]] [0.3942933678627014, 0.40564626455307007, 0.739791750907898] 3.1257241407977503 0.3559311032295227
pedestrian [[2.7679634094239702, -25.316564559936523, -1.2266725301742731]] [0.7960307598114014, 0.7907084822654724, 1.8566125631332397] 1.7761662642108365 0.35209858417510986
traffic_cone [[13.706092834472699, 21.29515838623047, -0.9601743817329513]] [0.39805659651756287, 0.39130693674087524, 0.8103906512260437] 2.952804152165548 0.3484998345375061
pedestrian [[12.098144531250128, -37.58115386962896, -1.5162014961242818]] [0.6379658579826355, 0.6802548170089722, 1.7824429273605347] -0.8210118412971497 0.3479582965373993
pedestrian [[17.638870239257827, -15.97125244140625, -1.2077025175094747]] [0.6365092396736145, 0.6194532513618469, 1.731764554977417] 3.0933354536639617 0.3422579765319824
traffic_cone [[9.988201141357592, 38.82135772705078, -0.6762362122535848]] [0.4172230362892151, 0.4140227735042572, 0.7698283791542053] -1.6566315889358518 0.3386390805244446
traffic_cone [[13.68373107910179, 19.383056640625057, -1.0209116935730123]] [0.408917635679245, 0.40897810459136963, 0.7625538110733032] 2.759967867528097 0.337310791015625
traffic_cone [[0.8484458923341407, 15.414916992187557, -0.749314486980456]] [0.35855159163475037, 0.35325586795806885, 0.7525006532669067] -1.978068590164185 0.33232980966567993
pedestrian [[-16.58978271484375, -53.82421875, -1.8855978250503664]] [0.6604583263397217, 0.6962305307388306, 1.7762774229049683] 0.6281160116195681 0.32879409193992615
traffic_cone [[12.776824951171989, 19.89926910400385, -0.9524264931678914]] [0.3892395496368408, 0.3977985382080078, 0.7596167922019958] 3.0262211004840296 0.3130527138710022
traffic_cone [[13.835876464844006, 20.01891326904297, -0.9784406423568868]] [0.39510560035705566, 0.3871651589870453, 0.7915651202201843] 2.525136295949118 0.3092469871044159
traffic_cone [[6.268268585205192, 20.21672058105463, -0.9330372810363912]] [0.35886961221694946, 0.35371842980384827, 0.734073281288147] 1.3227211236953735 0.300690621137619
pedestrian [[-15.742858886718622, -52.55733108520508, -1.9041646718979024]] [0.5937615633010864, 0.587634265422821, 1.7753586769104004] 0.31139922142028786 0.2937397062778473
pedestrian [[2.0343399047852415, -30.86173629760748, -1.6263691186905067]] [0.6723756194114685, 0.6975336074829102, 1.8430472612380981] 2.9074500242816375 0.27499139308929443
pedestrian [[-18.118354797362983, 21.769340515136662, 1.2584486007690288]] [0.6661369204521179, 0.723209798336029, 1.8342971801757812] 1.921466652547018 0.2688201367855072
traffic_cone [[38.88026428222673, -6.097507476806584, -1.7465864419937311]] [0.3919307589530945, 0.3963429033756256, 1.0078129768371582] 3.1300030390368865 0.2657383680343628
traffic_cone [[0.9057121276856321, 17.654899597167912, -0.7109546065330647]] [0.3454704284667969, 0.3500410318374634, 0.7543889880180359] 0.06111347675323491 0.25902852416038513
traffic_cone [[-1.44444656372076, -18.948261260986442, -1.554993510246291]] [0.3561961054801941, 0.3529694676399231, 0.7992116212844849] -1.658754587173462 0.25198307633399963
traffic_cone [[-0.8624305725095809, 14.58604431152338, -0.6010323762893854]] [0.34491074085235596, 0.3400355875492096, 0.8457944989204407] 0.7485431432723999 0.24986222386360168
traffic_cone [[9.099971771240448, 27.76586151123047, -0.5822961926460444]] [0.5804983377456665, 0.5928086638450623, 1.0992599725723267] 1.1373454332351685 0.24294550716876984
pedestrian [[-14.024475097656136, -53.68188095092779, -2.206427574157731]] [0.6565420627593994, 0.6771658062934875, 1.7090998888015747] 1.3128653764724731 0.24291324615478516
pedestrian [[1.9615516662597088, 30.731689453124943, 0.2753502726554764]] [0.6830900311470032, 0.7803789377212524, 1.8085843324661255] 0.1771093606948854 0.2335752546787262
traffic_cone [[1.663951873779368, 18.365974426269474, -0.7659052610397481]] [0.36741816997528076, 0.620114803314209, 0.8305063843727112] -0.31063365936279314 0.22991713881492615
pedestrian [[30.11455535888679, 37.331741333007756, -0.461725294590007]] [0.6552467346191406, 0.6942013502120972, 1.6436715126037598] 1.9682810942279265 0.22970643639564514
pedestrian [[3.105091094970973, -24.280649185180664, -1.3522164821624933]] [0.6754559278488159, 0.6891852021217346, 1.6967731714248657] -2.569873809814453 0.2285340428352356
traffic_cone [[1.900596618652628, 18.723205566406193, -0.8097134232521199]] [0.37777358293533325, 0.46756160259246826, 0.8247503042221069] -2.794159889221191 0.22823022305965424
traffic_cone [[7.515407562256087, 25.74839782714838, -0.772237300872817]] [0.4142410159111023, 0.4177057445049286, 0.7771795988082886] 1.2687808275222778 0.22330987453460693
traffic_cone [[12.831680297851662, 14.353248596191463, -1.0818625688553034]] [0.4141644239425659, 0.40409642457962036, 0.7953663468360901] 2.634466950093405 0.2202794998884201
traffic_cone [[1.3912315368652628, 17.680694580078068, -0.7722072005272054]] [0.3530690670013428, 0.5092938542366028, 0.8272336721420288] -0.07469165325164807 0.20157089829444885
traffic_cone [[8.763008117675952, 27.515647888183537, -0.6085392832756185]] [0.5244375467300415, 0.5197006464004517, 0.9482027888298035] 1.059893250465393 0.20077848434448242
traffic_cone [[12.266990661621264, 11.340667724609318, -1.2252370119095044]] [0.4155152440071106, 0.40921396017074585, 0.7694653868675232] 2.2204201857196257 0.19960719347000122
traffic_cone [[8.809059143066463, 5.241905212402287, -1.2414984703064125]] [0.3867228031158447, 0.3331872522830963, 0.6235795021057129] 0.5771111249923706 0.19024167954921722
traffic_cone [[2.157611846923899, 20.740303039550724, -0.7369691133499288]] [0.37102794647216797, 1.258301019668579, 0.9846801161766052] -2.8371498584747314 0.18684162199497223
traffic_cone [[8.361480712890753, 27.872924804687443, -0.6093937754631185]] [0.4660677909851074, 0.4599683880805969, 0.9268776178359985] 1.2702587842941286 0.18682071566581726
