car [[13.468391418456122, -20.645961761473473, -1.610735774040215]] [1.9068670272827148, 4.579348087310791, 1.626882553100586] -1.4265940189361597 0.827994704246521
car [[11.918174743651434, -8.003864288328941, -1.3224132061004426]] [1.7674158811569214, 4.282686233520508, 1.5493110418319702] -1.5423762798309348 0.7436534762382507
car [[19.354629516600653, -8.713558197020575, -1.4553328752517487]] [1.839345097541809, 4.471344947814941, 1.602933645248413] -1.2745909690856951 0.7068229913711548
car [[4.017856597899481, -43.50461578369027, -2.1135213375091197]] [2.0915451049804688, 4.7820658683776855, 1.8174107074737549] 1.6314895788775843 0.5008646249771118
car [[14.180473327636037, 18.347663879395668, -0.18334622681138768]] [1.909719467163086, 5.034156322479248, 2.1062979698181152] -1.5834347009658833 0.42917171120643616
car [[3.262439727782521, 48.3047103881845, 1.0413205623626993]] [1.946181058883667, 4.642721176147461, 1.747994065284729] 1.5604737997055054 0.35453033447265625
car [[0.83289718627816, -39.95867919921761, -1.9682254791259624]] [1.9242591857910156, 4.476912498474121, 1.6280491352081299] 1.6158817450152794 0.22083738446235657
car [[-2.7940635681159165, 47.22744750976676, 1.1442947387695668]] [1.9111719131469727, 4.457437515258789, 1.7929171323776245] 1.5492955446243284 0.20567262172698975
car [[-11.03997802734466, -50.65553665161042, -2.2350463867187287]] [1.922820806503296, 4.495543479919434, 1.6568715572357178] 0.059388399124145536 0.17250289022922516
car [[3.448257446288153, -40.56435775756677, -1.95342075824734]] [1.9150917530059814, 4.546550750732422, 1.6464040279388428] 1.6880796591388147 0.1510668396949768
car [[36.36741638183503, -39.847286224364325, -2.058465003967264]] [1.9397640228271484, 4.442642688751221, 1.6994876861572266] -2.960034370422365 0.13455379009246826
car [[4.3443031311028335, 47.14038848877044, 1.1001172065735076]] [1.8936690092086792, 4.478208541870117, 1.6791236400604248] 1.4207609891891484 0.10905134677886963
car [[-0.7719154357916977, -40.4418716430655, -2.008538722991922]] [1.9549930095672607, 4.6303911209106445, 1.6761592626571655] 1.5222073793411257 0.10463151335716248
car [[0.8812332153311218, -45.2747650146473, -2.0907819271087504]] [1.912705898284912, 4.505129814147949, 1.6511766910552979] 1.7005060354815884 0.1043621152639389
car [[2.1176071166983093, -44.06882095336823, -2.0544617176055695]] [2.022829294204712, 4.792545795440674, 1.7118017673492432] 1.6159971396075652 0.10393298417329788
car [[2.2127494812004898, 50.08438873291129, 0.7812666296959279]] [1.9731669425964355, 4.7200212478637695, 1.7376315593719482] 1.6348369757281702 0.10338824987411499
truck [[14.15164184570267, 18.355728149415427, -0.19437623023983264]] [1.9425222873687744, 5.155695915222168, 2.111954689025879] -1.6013501882553125 0.5444403886795044
construction_vehicle [[-2.805873870850519, 46.569549560547784, 1.190443038940444]] [2.0813894271850586, 4.1392927169799805, 2.6421213150024414] 1.4477897882461548 0.42946121096611023
construction_vehicle [[33.35895538329987, -51.24391555786042, -2.0128262042999054]] [2.966370105743408, 5.075214385986328, 3.145267963409424] -0.7774847149848952 0.18119673430919647
construction_vehicle [[-3.9460220336920884, 36.29744720459098, 1.1857514381408976]] [1.754015564918518, 3.578120231628418, 2.459843397140503] 1.2475234270095832 0.13295330107212067
truck [[4.019954681395802, -44.08579254150254, -2.161833524703944]] [2.2590606212615967, 6.003365516662598, 2.0315279960632324] 1.6291378180133265 0.12949328124523163
construction_vehicle [[30.317016601561818, -15.25735473632676, -0.7315441370010163]] [2.2155580520629883, 4.237337589263916, 2.7546684741973877] -2.0583760738372825 0.10931086540222168
bus [[18.34460449218659, -16.964462280272528, -0.30474016070363774]] [3.098450183868408, 12.610307693481445, 4.191649913787842] -1.3423027992248555 0.8954500555992126
trailer [[30.27899169921784, -6.243885040282066, -1.0785454511642243]] [3.377027988433838, 16.295578002929688, 3.999614953994751] 1.7115147749530235 0.19769594073295593
barrier [[-3.7646980285651352, -0.8101348876946304, -1.0589356422424245]] [0.9544007778167725, 0.5969420075416565, 1.0977648496627808] 1.8194249312030237 0.14968711137771606
barrier [[-4.042617797852017, 44.001457214356606, 0.36477172374727473]] [0.9141138792037964, 0.7783335447311401, 1.1518326997756958] 0.7289856672286995 0.14736607670783997
barrier [[-3.950817108154979, 34.96321105957145, 0.05148782581093769]] [1.4060351848602295, 0.49763041734695435, 1.1186491250991821] 0.07345163822174058 0.11992795765399933
barrier [[-6.970817565918878, -53.87945556640511, -2.4491133689880016]] [2.2304625511169434, 0.5603880882263184, 1.0501681566238403] 2.9863722960101513 0.102617047727108
bicycle [[22.936637878417514, -4.446880340575035, -2.0472221374511435]] [0.4394110441207886, 1.3328946828842163, 1.0164555311203003] -1.917732477188113 0.17327192425727844
motorcycle [[32.819671630858466, 2.1121406555184876, -1.1358457803725983]] [0.7807132601737976, 2.184215784072876, 1.4514967203140259] -0.9728900194168106 0.16867384314537048
bicycle [[23.155899047850653, 20.206413269044106, -0.17508429288861294]] [0.659620463848114, 1.7382261753082275, 1.396181344985962] 1.9769395033465782 0.16715583205223083
motorcycle [[-7.067058563233104, -53.65797042846566, -2.3795609474181845]] [0.7238531112670898, 1.8761041164398193, 1.417487382888794] 1.7034972349749966 0.1580498367547989
motorcycle [[-3.312957763672557, 45.803199768067316, 0.43275302648547154]] [0.9247580766677856, 2.157054901123047, 1.6275910139083862] 2.1217797438250936 0.15417741239070892
bicycle [[6.911930084227606, -38.7412681579583, -2.1278309822082306]] [0.6351135969161987, 1.674140453338623, 1.193097472190857] 0.18968570232391382 0.14946383237838745
bicycle [[32.18495178222588, 10.54315948486419, -1.936114668846109]] [0.667819082736969, 1.828037977218628, 1.3391649723052979] -1.2090014219284075 0.14942342042922974
bicycle [[-10.563758850098338, -21.787830352782066, -1.2272586822509481]] [0.5685124397277832, 1.637516736984253, 1.1832815408706665] 0.9036704301834113 0.14516690373420715
bicycle [[7.429691314696356, -15.23266220092637, -1.9378074407577301]] [0.4689277112483978, 1.5144023895263672, 1.0094010829925537] -1.487574815750124 0.13726145029067993
motorcycle [[29.701423645019077, -17.182701110838707, 2.040289640426664]] [0.8440870046615601, 2.182164430618286, 1.6941485404968262] 1.2380617856979372 0.11997834593057632
bicycle [[32.60272216796807, 3.2912864685065415, -1.6674871444702077]] [0.6091877818107605, 1.8121167421340942, 1.2417088747024536] 0.4987231492996222 0.11616365611553192
bicycle [[22.65156555175713, -4.038974761961754, -1.9565972089767172]] [0.553147554397583, 1.6817508935928345, 1.10789954662323] -2.2687315940856956 0.11411987990140915
motorcycle [[2.8115310668940765, -41.77262115478402, -2.0764367580413534]] [0.774314820766449, 1.9773674011230469, 1.6421608924865723] 1.7074440161334439 0.11154808104038239
bicycle [[-6.9308166503915345, 11.104087829590753, -0.7199026346206452]] [0.5009862184524536, 1.5049099922180176, 1.0615148544311523] -1.4519333839416526 0.11119207739830017
bicycle [[20.835899353026434, -3.823337554930731, -1.2633712291717245]] [0.5438950061798096, 1.6105343103408813, 1.1290545463562012] -0.6422287225723277 0.108897365629673
motorcycle [[3.7902870178215835, 47.01716613769645, 1.1997673511505198]] [0.7576907873153687, 1.9910719394683838, 1.669391393661499] 1.4202286005020146 0.10882441699504852
motorcycle [[4.947460174559637, -41.71388626098519, -2.0524919033050253]] [0.7404279708862305, 1.918654441833496, 1.6598014831542969] 1.5993292967425747 0.10852637141942978
bicycle [[-7.539428710938182, -49.459270477293785, -2.2414927482604767]] [0.6887133717536926, 1.8036645650863647, 1.3359034061431885] 1.1582039594650273 0.10680992901325226
bicycle [[30.306060791014716, -15.948413848876044, -0.9257147312164165]] [0.7132530212402344, 1.961352825164795, 1.3137550354003906] -0.16065311431884793 0.10520252585411072
bicycle [[24.25679779052666, -41.091117858885355, -2.2582037448882772]] [0.7742048501968384, 1.76287043094635, 1.704203724861145] 1.6774357000934046 0.10398349165916443
pedestrian [[-6.332546234131769, -8.88186264037995, -1.2831909656524587]] [0.6639404296875, 0.7991849184036255, 1.7088170051574707] 1.6104529539691372 0.8639811873435974
pedestrian [[-5.4315795898446595, -8.662368774412926, -1.2832295894622732]] [0.6983370184898376, 0.8553490042686462, 1.7541316747665405] 1.6368778387652798 0.7497804164886475
pedestrian [[-5.942073822021939, -2.536914825438089, -1.1247746944427206]] [0.7276074290275574, 0.9063254594802856, 1.7502609491348267] 1.465679526329041 0.7234365940093994
pedestrian [[-5.6283569335946595, -18.502613067625816, -1.6632891893386699]] [0.629270076751709, 0.716991662979126, 1.607735276222229] 1.424818873405456 0.7042793035507202
pedestrian [[21.67507171630791, 2.2251701354989564, -1.1629849672317434]] [0.6580403447151184, 0.7667269110679626, 1.7953088283538818] 1.588686291371481 0.6134426593780518
traffic_cone [[-4.086486816406705, 44.02707672119209, 0.37310516834259744]] [0.6383165717124939, 0.6384764313697815, 1.148047924041748] 1.6440728346454065 0.414754182100296
pedestrian [[-6.294082641602472, -24.818483352660223, -1.6562588214873983]] [0.6433485150337219, 0.7321042418479919, 1.7076282501220703] 1.2062078714370732 0.34982556104660034
pedestrian [[24.148170471190497, -40.931495666503, -2.119436740875223]] [0.6604901552200317, 0.6709779500961304, 1.7127888202667236] 2.6570151487933544 0.3263736963272095
pedestrian [[23.578147888182684, 4.115222930908885, -0.8404805064201213]] [0.6441688537597656, 0.6292662620544434, 1.91359281539917] 2.4433816115008744 0.28719621896743774
pedestrian [[24.501869201659247, -50.86893463134675, -2.0819454193115163]] [0.6232600212097168, 0.614005982875824, 1.825258731842041] -3.08378314971924 0.28143882751464844
pedestrian [[32.21289825439385, 10.426811218262628, -1.767217159271226]] [0.6221882104873657, 0.6242764592170715, 1.399493932723999] 3.0189927260028275 0.20953528583049774
pedestrian [[23.182464599608466, 20.191970825196222, -0.2007531076669622]] [0.6293419599533081, 0.6458857655525208, 1.7689998149871826] 2.9531739393817333 0.20136409997940063
pedestrian [[-7.64558410644554, 46.39803314209098, 0.8751245737076019]] [0.6712884902954102, 0.6567864418029785, 1.8573088645935059] -1.5027135610580469 0.1639660894870758
pedestrian [[-7.509864807129816, -49.33648681640511, -2.1488995552062633]] [0.6877450942993164, 0.7397733926773071, 1.574324131011963] -0.016634225845336883 0.16273456811904907
pedestrian [[-7.531303405762401, -42.715183258055276, -1.8243879079818441]] [0.6769178509712219, 0.7446033954620361, 1.287956714630127] -0.4565182924270639 0.1497306227684021
pedestrian [[-9.381690979004816, -49.684803009032066, -2.325717210769632]] [0.6681336760520935, 0.6703352928161621, 1.7006878852844238] -0.16982579231262207 0.14726445078849792
pedestrian [[26.624374389647528, -35.883819580077216, -1.8526084423065114]] [0.6061216592788696, 0.5851454734802246, 1.7508156299591064] 2.879988972340718 0.14324870705604553
pedestrian [[22.00941467285088, 3.2657356262216126, -1.2927775382995463]] [0.5238152742385864, 0.549206554889679, 1.5800474882125854] 1.911952797566549 0.13807600736618042
traffic_cone [[-4.1256446838388, 33.71698760986442, 0.31403771042825923]] [0.4877225458621979, 0.48447251319885254, 1.3483564853668213] -0.015112638473510416 0.13525116443634033
traffic_cone [[-3.8214073181159165, 34.99285125732558, 0.04343276470902424]] [0.5450834035873413, 0.5634039044380188, 1.0999305248260498] -0.026684522628784263 0.13468259572982788
pedestrian [[-7.319877624512628, -53.06795120239167, -2.273634672164903]] [0.6683855056762695, 0.6847429275512695, 1.4943276643753052] -2.5686531066894553 0.133244588971138
pedestrian [[25.39544677734284, -40.461753845213934, -1.9256819486617829]] [0.6125677227973938, 0.5929332971572876, 1.7766780853271484] -3.1116790771484393 0.13005661964416504
pedestrian [[26.029418945311818, -42.984416961668785, -1.9852703809738088]] [0.6700364351272583, 0.6650292873382568, 1.8381623029708862] 2.7325795332538036 0.12781085073947906
pedestrian [[20.296424865721747, 35.274833679200356, 0.13571372628214817]] [0.6735109090805054, 0.7150802612304688, 1.8406500816345215] -2.7639484405517596 0.12754946947097778
traffic_cone [[28.573562622069403, 8.18588638305755, -1.4055118560790945]] [0.3780018389225006, 0.36883288621902466, 1.2372287511825562] 2.4746125380145463 0.1268349438905716
traffic_cone [[7.588226318358693, -38.18265533447152, -2.2789518833160187]] [0.37266743183135986, 0.3673572838306427, 1.1937233209609985] 3.109118525181904 0.12532107532024384
pedestrian [[18.34009552001885, 32.26731872558685, 0.5259317159652923]] [0.6090608239173889, 0.5963419675827026, 1.77065110206604] -2.9121980667114276 0.12180234491825104
pedestrian [[24.101562499999545, -42.147186279295966, -2.2981190681457306]] [0.6054651737213135, 0.6253842711448669, 1.4816179275512695] 2.647340122853413 0.11593669652938843
pedestrian [[46.05452728271416, 14.065620422363963, -1.3530211448669434]] [0.6820723414421082, 0.6537094712257385, 1.88163423538208] -3.0468490123748797 0.10944047570228577
pedestrian [[-6.76866531372184, -24.88865089416413, -1.7079886198043681]] [0.7087434530258179, 0.7946047782897949, 1.7373077869415283] 1.4446917772293093 0.10764260590076447
pedestrian [[37.00994110107331, 28.39978790283294, -0.43161022663113613]] [0.7033884525299072, 0.7471153140068054, 1.8460683822631836] -1.4702547788620017 0.10659198462963104
pedestrian [[21.112396240233693, -3.8751640319817398, -1.2978223562240458]] [0.4787038564682007, 0.4947558045387268, 1.4049807786941528] -1.95322120189667 0.10272163152694702
pedestrian [[-6.32289505004951, -25.308305740355536, -1.6507244110107209]] [0.679110586643219, 0.7789134383201599, 1.7391983270645142] 1.0621930360794076 0.10208319127559662
pedestrian [[25.630950927733693, -43.389968872069176, -1.7017333507537629]] [0.6881630420684814, 0.6901566386222839, 1.8591012954711914] 2.812385861073628 0.10202857106924057
pedestrian [[21.779960632323537, 1.7099952697763001, -1.1913099288940359]] [0.6878225803375244, 0.8174715042114258, 1.8009467124938965] 1.5696552991867065 0.1009335145354271
