car [[12.9173583984375, 2.0484580993652344, -0.8670533299446035]] [1.8672823905944824, 4.595317840576172, 1.5484540462493896] -1.602138876914978 0.8461055755615234
car [[11.724533081054233, 28.445770263671648, -0.9503151774406433]] [1.9060624837875366, 4.4670515060424805, 1.628308653831482] -1.665059328079224 0.7644966840744019
car [[10.412727355956577, 5.226337432861101, -0.8205626010894811]] [1.8120745420455933, 4.416906833648682, 1.4921692609786987] -1.593480706214905 0.7489907741546631
car [[7.918087005614552, 27.932357788085483, -0.903595507144928]] [1.8887027502059937, 4.51785135269165, 1.6751644611358643] -2.2004060745239262 0.737992525100708
car [[2.3214187622065765, -30.436145782470703, -0.4203859567642141]] [1.8765310049057007, 4.386664390563965, 1.641638159751892] 1.5502966642379759 0.711426854133606
car [[-0.3732681274416336, -39.41652297973633, -0.2804550826549459]] [1.7550278902053833, 4.037328720092773, 1.515486478805542] 1.6768181959735322 0.6049688458442688
car [[-40.019996643066634, 5.617095947265625, 0.9849253892898631]] [2.0091660022735596, 4.602778434753418, 1.8075419664382935] 0.053728699684143136 0.5741507411003113
car [[3.3030700683589203, 51.36791229248047, -1.2455844879150355]] [1.904422640800476, 4.535684585571289, 1.6257970333099365] 1.6134932676898404 0.4197971224784851
car [[37.31617736816361, 2.0248603820798508, -0.8180391192436183]] [1.9445676803588867, 4.413738250732422, 1.6811187267303467] 1.9524043242083953 0.28843194246292114
car [[-20.043781280518033, 51.93018341064453, 3.058445453643806]] [2.040607213973999, 4.851257801055908, 1.901170253753662] 0.7144757509231567 0.17361031472682953
car [[11.788284301757585, 45.318496704101335, -0.5868721008300728]] [1.953192949295044, 4.6309733390808105, 1.738761305809021] -1.5909671783447266 0.1730007529258728
car [[3.819705963134311, 44.12298583984352, -1.0745570659637451]] [1.9075701236724854, 4.43907356262207, 1.6207635402679443] -1.5907549858093264 0.16989479959011078
car [[-33.82055664062523, 6.2740020751953125, 0.5664991736412084]] [1.9680793285369873, 4.660529136657715, 1.6834460496902466] -0.052704453468322914 0.1236773431301117
car [[-0.8323898315434235, -44.718151092529524, -0.07866795361041667]] [1.8924131393432617, 4.456349849700928, 1.615727424621582] 1.6414974371539517 0.11674041301012039
car [[4.579761505126498, -48.224510192870866, 0.03765141591430421]] [1.9138545989990234, 4.538889408111572, 1.6806933879852295] 1.6152895132647918 0.11212383210659027
car [[12.36264038085892, -42.95345306396507, -0.16870486736297252]] [1.8594903945922852, 4.219610691070557, 1.5660350322723389] 1.7551410833941863 0.10300710052251816
construction_vehicle [[-17.168769836426236, 41.01426696777344, -1.117327570915215]] [2.47232985496521, 3.2001829147338867, 2.9497711658477783] -0.8525493741035464 0.40692317485809326
construction_vehicle [[47.11864471435479, 13.571800231933366, 2.7122926712036133]] [2.9630722999572754, 6.217769622802734, 3.1621015071868896] -2.3324141502380376 0.28387588262557983
construction_vehicle [[38.07769775390602, -21.88744354248047, -0.48520082235335416]] [2.5738368034362793, 5.897414684295654, 3.1025097370147705] 2.0893924872027796 0.21713507175445557
truck [[-40.46801376342796, 5.630508422851335, 1.0057423114776682]] [2.1084647178649902, 5.386429309844971, 1.9451944828033447] 0.03211593627929698 0.21563822031021118
truck [[-20.1189689636235, 51.937919616699446, 3.1315388679504466]] [2.3340721130371094, 5.132419586181641, 2.6306724548339844] 0.6830881834030156 0.13717718422412872
construction_vehicle [[7.434257507323537, 3.986099243163835, -1.079729080200197]] [0.7959405183792114, 1.748863935470581, 1.2567012310028076] 1.6873152891742156 0.11734481155872345
truck [[3.292228698730014, 51.87091064453125, -1.4857976436614972]] [1.9208076000213623, 5.422024726867676, 1.8002212047576904] 1.5737374464618132 0.10803867131471634
construction_vehicle [[-3.9316940307621735, -3.3051414489746094, -0.8211506605148262]] [2.1638972759246826, 3.046660900115967, 2.4118285179138184] 1.3969966173172 0.10020873695611954
trailer [[-13.507877349853743, -1.608955383301236, -0.22962135076522294]] [2.6626501083374023, 7.833606719970703, 2.7986555099487305] 2.9746463934527796 0.1614970862865448
trailer [[-3.889461517334439, -3.2687644958498367, -0.6856882572174055]] [2.2260141372680664, 2.9729230403900146, 2.678985834121704] 1.2008382081985476 0.15040282905101776
bus [[-24.896327972412564, 14.030776977538835, 0.8119234442710859]] [2.9920544624328613, 9.646585464477539, 3.3234543800354004] 3.029741112385885 0.11194899678230286
barrier [[11.198753356933139, 47.086677551269304, -0.8732937574386561]] [2.60290265083313, 0.47325968742370605, 1.022583246231079] 3.14143687883486 0.12043680995702744
barrier [[8.702491760253452, 23.283363342285156, -1.046557545661921]] [2.0114879608154297, 0.48627686500549316, 1.0134965181350708] -1.6884669065475466 0.11826566606760025
barrier [[-7.702796936035384, 32.165924072265625, -1.7260290384292531]] [2.0111069679260254, 0.4470568895339966, 1.0181260108947754] -0.0737379789352416 0.11684879660606384
barrier [[5.093566894530795, -39.28389739990257, -0.9031238555908168]] [2.095388174057007, 0.5986261367797852, 0.9295985102653503] 2.768799606953756 0.11630876362323761
motorcycle [[-6.988048553467252, 13.57402038574196, -0.8632773756980932]] [0.725352942943573, 2.0916025638580322, 1.69266939163208] 1.7324393431292935 0.5134059190750122
bicycle [[7.3678016662590835, 4.048568725585483, -1.0350157022476179]] [0.6186560392379761, 1.5926532745361328, 0.773403525352478] -1.4573978185653684 0.3842121660709381
bicycle [[7.647140502929233, -40.71291351318405, -0.6276455521583557]] [0.6744104623794556, 1.7350307703018188, 1.1493477821350098] -3.1048965454101567 0.21080204844474792
bicycle [[22.993736267089616, 30.794235229492188, 1.7610278129577654]] [0.7742488980293274, 1.8372828960418701, 1.739271879196167] -0.9406772851943973 0.19282366335391998
bicycle [[6.902568817138217, -32.63484954834007, -0.7666949033737147]] [0.6501301527023315, 1.6444871425628662, 1.0539603233337402] 1.6771491209613245 0.15184371173381805
bicycle [[-27.40923690795944, 11.045661926269304, 0.960585951805113]] [0.6128509640693665, 1.7209382057189941, 1.2191495895385742] -0.9666108489036561 0.14761047065258026
bicycle [[4.592815399169467, -38.762199401855696, -0.9833920598030055]] [0.7637345790863037, 1.9536346197128296, 1.307644009590149] 1.973902527485983 0.13296231627464294
motorcycle [[11.186096191405795, 47.09198760986283, -0.9256935715675336]] [0.6932627558708191, 2.1244421005249023, 1.4366340637207031] 1.568283200263977 0.1328708529472351
bicycle [[-10.04403686523483, -2.048301696777571, -1.1377351284027046]] [0.48530715703964233, 1.4968156814575195, 1.032408356666565] -1.3994861841201782 0.12541675567626953
motorcycle [[-31.89791870117233, 5.8175773620603195, -0.019824147224422717]] [0.7169189453125, 2.0906982421875, 1.283179521560669] -1.786225199699402 0.12495215237140656
motorcycle [[3.3170738220210296, 50.06954193115189, -1.3510450124740618]] [0.8631520867347717, 2.1607630252838135, 1.7275978326797485] 1.571356598530905 0.11897334456443787
bicycle [[-7.404453277588345, -36.9003715515139, -0.8960180878639186]] [0.6167364120483398, 1.6812249422073364, 1.1816846132278442] 1.1506112813949583 0.11655354499816895
bicycle [[28.521209716796648, -28.449026107788086, -0.947110831737513]] [0.6412361860275269, 1.751939058303833, 1.184910535812378] -0.00471317768096951 0.11560889333486557
bicycle [[-26.103425979614485, 36.43664550781227, -0.049542732536792755]] [0.7181612253189087, 1.8165662288665771, 1.5384329557418823] 2.9206519762622283 0.11289277672767639
bicycle [[20.138595581054233, -48.94662094116234, -0.03885688632726492]] [0.6890015602111816, 1.8122996091842651, 1.4439951181411743] -2.233609914779663 0.11156419664621353
motorcycle [[-6.359233856201627, -51.91789245605469, -0.011648279614744794]] [0.6711937189102173, 1.8680236339569092, 1.6245651245117188] 1.3314949274063113 0.10394348949193954
bicycle [[24.20272064208939, -5.637752532958984, -0.5745164155960012]] [0.5333975553512573, 1.6901006698608398, 1.1580520868301392] 1.566717505455017 0.10217784345149994
pedestrian [[20.08933258056595, -41.48074722290039, -0.05686443671583241]] [0.7160945534706116, 0.8036011457443237, 1.8714731931686401] 1.7187040487872525 0.6331417560577393
pedestrian [[21.905731201171648, -22.88887786865257, -0.35719496011733654]] [0.6473661065101624, 0.7291024327278137, 1.7599228620529175] 1.6762159506427212 0.5938236713409424
pedestrian [[20.62900543212845, 23.753250122070312, -0.6702005863189662]] [0.634261429309845, 0.669243574142456, 1.7477214336395264] -1.6510268449783327 0.5815340876579285
pedestrian [[-5.637523651123502, 44.297386169433594, -1.3933960199356044]] [0.6554811596870422, 0.6982132792472839, 1.8029093742370605] -1.635207533836365 0.540570855140686
pedestrian [[-6.472236633301236, -45.89578247070335, -0.1525096744298864]] [0.6308428645133972, 0.6904908418655396, 1.7603974342346191] 1.652987305318014 0.4446292221546173
pedestrian [[-6.144302368164517, -51.142196655273665, 0.037280455231666565]] [0.6201014518737793, 0.6809355616569519, 1.7867172956466675] 1.4862567186355593 0.43920496106147766
pedestrian [[-6.227394104004361, 44.52547454833939, -1.4480829238891602]] [0.6271731853485107, 0.6880035996437073, 1.7705204486846924] -1.6579478979110716 0.351193904876709
pedestrian [[-6.50576782226608, -52.395408630371094, 0.08237507939338684]] [0.6312723159790039, 0.6797206401824951, 1.7842161655426025] 1.2950209379196167 0.3332340121269226
pedestrian [[17.74092864990189, 22.62668609619118, -0.6220926046371424]] [0.6238324642181396, 0.6129212975502014, 1.7896677255630493] 3.0305724779712127 0.2840270400047302
pedestrian [[-6.928161621093977, -47.241600036621094, -0.051798939704887914]] [0.6367506980895996, 0.6835988759994507, 1.778669834136963] 1.2739747762680054 0.2234775424003601
pedestrian [[20.268867492675327, 24.24471282958939, -0.7469098567962646]] [0.6354188919067383, 0.6794564127922058, 1.7225576639175415] -1.7923177480697632 0.21552664041519165
pedestrian [[-32.225036621094205, 9.692417144775163, 0.828739702701565]] [0.592863917350769, 0.599030077457428, 1.6750502586364746] -1.2754757404327395 0.191486656665802
pedestrian [[20.12648773193291, -48.92088699340843, -0.017962738871572625]] [0.6669599413871765, 0.6976626515388489, 1.7651023864746094] 2.9192069212542933 0.18458087742328644
traffic_cone [[-9.697963714599837, 8.851448059082031, -0.966596245765686]] [0.3561020791530609, 0.3570603132247925, 0.773216724395752] -0.8039426803588867 0.17327192425727844
traffic_cone [[-4.84388732910179, -1.7153816223144531, -1.6585617065429616]] [0.36037927865982056, 0.3643372058868408, 0.5679107904434204] 1.8246653715716765 0.16524186730384827
pedestrian [[-4.322795867920149, -49.990970611572266, 0.11915542185307437]] [0.6440165638923645, 0.6662550568580627, 1.7500066757202148] 1.273461222648621 0.15451493859291077
pedestrian [[-15.873497009277571, 7.702049255371094, 0.06383106857538579]] [0.6021391749382019, 0.606373131275177, 1.7326380014419556] -1.4940394163131714 0.14561815559864044
traffic_cone [[-15.931781768799283, -0.44202804565452425, -0.7827363014221191]] [0.3660764992237091, 0.36975857615470886, 0.8097795248031616] 2.44541579881777 0.1275758445262909
pedestrian [[-6.741039276123502, -46.38391876220703, -0.0871904119849134]] [0.6630010008811951, 0.7398483753204346, 1.7868084907531738] 1.6811135450946255 0.1266152411699295
pedestrian [[-28.477159500122525, 10.090827941894531, 0.46379780769348855]] [0.5831201076507568, 0.6151387691497803, 1.3411762714385986] -0.5203684568405151 0.12355966866016388
pedestrian [[4.528347015380405, -38.63852310180687, -0.6929450035095162]] [0.6268335580825806, 0.6711444854736328, 1.2015461921691895] 0.020175576210022052 0.11670054495334625
traffic_cone [[20.462341308593523, 30.339927673339844, -1.0002290010452235]] [0.44792887568473816, 0.45999905467033386, 1.218070149421692] -3.1212692260742188 0.11272698640823364
pedestrian [[-42.19594192504928, 0.2747802734377274, 1.9237620830535924]] [0.7113579511642456, 0.7314453125, 1.9166886806488037] 0.048059463500976334 0.11229285597801208
traffic_cone [[-8.055553436279524, 31.426788330077898, -1.6957623958587558]] [0.386565238237381, 0.39975759387016296, 0.8070369362831116] -0.609836995601654 0.11139974743127823
pedestrian [[-27.2741069793708, 10.979049682617188, 0.8400058746337891]] [0.620119035243988, 0.6686049699783325, 1.4981367588043213] -1.743056178092957 0.11007728427648544
pedestrian [[-6.72805786132858, -45.52106094360397, -0.1175647526979482]] [0.6754103302955627, 0.761280357837677, 1.8140411376953125] 1.653038326893942 0.10686410963535309
traffic_cone [[-10.05455017089912, -1.9736442565920242, -1.1218316555023158]] [0.37784650921821594, 0.39136913418769836, 0.8271058797836304] -0.4276272058486937 0.10393200814723969
pedestrian [[21.52426910400345, -22.680431365967024, -0.3343210220336914]] [0.7109951972961426, 0.8277490139007568, 1.7922587394714355] 1.7682321707354947 0.10243512690067291
pedestrian [[22.629287719726108, -44.67577362060547, -0.5861871242523211]] [0.5549877285957336, 0.5800188183784485, 1.432811975479126] 2.309661690388815 0.10234956443309784
17723c0411434e48875a93de4db0ecba