car [[7.622943878173601, 22.010116577148438, 0.06060944870113705]] [1.920058250427246, 4.492097854614258, 1.7314311265945435] -2.204895973205566 0.7903999090194702
car [[2.5843467712397796, -28.976436614990007, -1.634158372879014]] [2.0297505855560303, 4.849545955657959, 1.7074894905090332] 1.5722978750811984 0.7454063296318054
car [[11.265464782714389, 15.724861145019986, -0.26351433992384266]] [1.9210976362228394, 4.762172698974609, 1.5955559015274048] -1.6090457439422607 0.7091646194458008
car [[10.254158020019077, -8.012275695800781, -0.8482767343521331]] [1.8866976499557495, 4.499711513519287, 1.6117604970932007] -1.5891727209091189 0.6441948413848877
car [[12.885673522948764, -8.660560607909929, -0.8200166225433243]] [1.8742263317108154, 4.452783107757568, 1.6666359901428223] -1.575331449508667 0.5615248084068298
car [[-37.95203018188522, -0.4996147155759445, -0.17505380511282453]] [2.0045418739318848, 4.656118869781494, 1.7511919736862183] 0.02354514598846437 0.5610386729240417
car [[11.600547790526889, 30.962577819824673, 0.5056606531143188]] [1.9040589332580566, 4.43707799911499, 1.6686815023422241] -1.5074406862258911 0.519712507724762
car [[-0.13020706176826025, -38.69224166870072, -1.9103387594223094]] [1.9174193143844604, 4.394718647003174, 1.6119048595428467] 1.4867864847183228 0.4404236078262329
car [[2.7799224853511078, -53.200965881347656, -2.311639308929477]] [1.8423734903335571, 4.2784104347229, 1.6119403839111328] 1.4319559335708623 0.3355024456977844
car [[28.601226806640398, 12.984848022461165, -0.08896176517008758]] [1.842003345489502, 4.258272647857666, 1.5863733291625977] -0.1678746938705443 0.18793180584907532
car [[3.278537750243686, 47.721847534179915, 0.9086046814918163]] [2.012176275253296, 4.783038139343262, 1.7636148929595947] -1.4871295690536501 0.1857883781194687
car [[11.220672607421648, 38.04302978515648, 0.9931988716125515]] [1.9730379581451416, 4.750889778137207, 1.711824655532837] 1.5996282736407685 0.16087625920772552
car [[46.60205841064408, -34.44947052001908, -0.8950960636139111]] [2.035609245300293, 4.777105331420898, 1.8218907117843628] 1.9075477758990689 0.149593323469162
car [[2.122520446776889, 49.48325347900436, 0.8035252094268879]] [1.9560166597366333, 4.6414289474487305, 1.7073450088500977] 1.5741856733905242 0.14141082763671875
car [[11.20552062988213, 33.805610656738054, 1.0579563379287675]] [1.996577262878418, 4.775261878967285, 1.7321324348449707] -1.5378715991973877 0.13829809427261353
car [[-20.81431961059593, 9.960300445556868, -1.4431084394454903]] [1.8378088474273682, 4.217577934265137, 1.5968209505081177] 0.44927108287811324 0.13218197226524353
car [[11.69224548339821, 42.31333160400436, 1.005665779113766]] [1.9014527797698975, 4.480264663696289, 1.6446456909179688] 1.5177160501480107 0.13189394772052765
car [[-0.256935119629361, -35.74963760375954, -1.8352589607238947]] [1.9033715724945068, 4.534675598144531, 1.6328177452087402] 1.6078522841082974 0.11132757365703583
car [[-53.88325500488327, 29.165985107422102, -2.3245801925659224]] [1.9554598331451416, 4.414779186248779, 1.693873643875122] 2.72540527979006 0.10915696620941162
car [[10.552169799804233, 28.52218627929733, 0.25875493884085543]] [1.8237086534500122, 4.286871910095215, 1.545851469039917] -1.8306834697723389 0.10365111380815506
car [[12.250442504882585, 28.557861328125227, 0.2477853000163952]] [1.8301827907562256, 4.292691707611084, 1.5433292388916016] -1.629239678382873 0.10001858323812485
construction_vehicle [[-17.047809600830533, 50.05780029296898, 2.1866366863250732]] [2.6079959869384766, 6.868312835693359, 3.227931499481201] 2.1450489203082483 0.16590100526809692
truck [[12.871498107909929, -8.693443298339844, -0.8128813505172721]] [1.9067893028259277, 5.022067070007324, 1.8218410015106201] -1.573857069015503 0.14581918716430664
construction_vehicle [[27.303787231444858, -36.338195800780795, 0.20070648193357776]] [2.976566791534424, 6.843135833740234, 3.557530164718628] 1.6124041716205046 0.14437603950500488
construction_vehicle [[-3.382179260254361, 46.62394714355469, 2.0820748805999685]] [1.404329538345337, 2.672581195831299, 2.176936388015747] 1.6811116377459927 0.13882677257061005
construction_vehicle [[-3.30287170410179, 48.93582153320358, 2.564412117004384]] [2.962067127227783, 7.142837047576904, 3.6648266315460205] -1.5253317356109617 0.13603967428207397
construction_vehicle [[-46.53654861450218, -19.51290893554642, 2.084327697753901]] [2.780674934387207, 5.394261837005615, 3.1276772022247314] 1.323547959327698 0.12105485796928406
truck [[46.62435913085915, -34.485271453857195, -0.9205658435821586]] [2.126208543777466, 5.406379222869873, 1.9709017276763916] 2.04068643251528 0.1099933385848999
truck [[2.743888854980014, -53.821094512939226, -2.3893513679504643]] [1.9989359378814697, 5.284532070159912, 1.9654924869537354] 1.521586298942566 0.10158326476812363
trailer [[29.03263092040993, -51.31012344360306, -1.7144081592559708]] [3.0650265216827393, 9.144540786743164, 3.682837963104248] 1.845492188130514 0.18643121421337128
barrier [[-8.16891479492233, 26.11793518066429, -1.160019874572776]] [2.1071126461029053, 0.5082978010177612, 0.9905484914779663] -0.07989430427551261 0.11882612854242325
barrier [[-39.94885253906318, 36.76399230957031, 0.09623109549280606]] [2.5660202503204346, 0.46323031187057495, 0.9445929527282715] 0.6554356813430787 0.1115950495004654
motorcycle [[-7.304798126221158, 8.520244598388672, -0.9364239573478788]] [0.7150541543960571, 2.079131841659546, 1.654896855354309] 1.6816304365741177 0.5736368298530579
bicycle [[17.768341064452898, 39.7759704589846, 0.7149906158447141]] [0.6602100729942322, 1.6174993515014648, 1.250415325164795] 2.2773273626910613 0.27632561326026917
bicycle [[-15.261970520019986, -6.686492919921648, -0.9573864340782254]] [0.5698877573013306, 1.6788568496704102, 1.1713520288467407] -0.10010981559753368 0.27619099617004395
bicycle [[6.915428161620639, 2.5852317810060867, -1.3086012601852612]] [0.7527724504470825, 1.7588508129119873, 0.9522536396980286] -0.5899556279182434 0.18370509147644043
bicycle [[-19.081161499023665, 9.311901092529752, -1.3545855283736987]] [0.5151616334915161, 1.572818636894226, 1.112731695175171] -2.1067676544189453 0.17960819602012634
bicycle [[23.740661621093295, 21.835548400878906, 0.6566967368125649]] [0.606529712677002, 1.6902308464050293, 1.4339268207550049] 1.8258622328387664 0.16343586146831512
motorcycle [[8.040126800536882, -3.3089103698728195, -1.203508734703071]] [0.7247967720031738, 1.9048576354980469, 0.967778205871582] -1.2502280473709109 0.16081248223781586
bicycle [[-3.368965148926236, 51.896095275878906, 1.4354684352874827]] [0.7363603711128235, 1.8940680027008057, 1.3173472881317139] -1.7831467390060423 0.14795862138271332
bicycle [[3.2702674865720383, -23.047456741332553, -0.5951662063598526]] [0.6278774738311768, 1.7675937414169312, 1.4079269170761108] 1.6808903853045865 0.14528493583202362
bicycle [[-32.172058105469205, 3.2775802612304688, -0.23819983005526346]] [0.6470025777816772, 1.680591344833374, 1.2284095287322998] -0.3545473814010619 0.13540145754814148
motorcycle [[-28.412673950195767, 34.033615112304915, -0.08825603872536192]] [0.955783486366272, 2.0486087799072266, 2.025202751159668] -0.5999182462692262 0.1352207213640213
motorcycle [[20.502120971679233, 17.62451934814476, 0.22959673404691738]] [0.6133970022201538, 1.7576402425765991, 1.5860669612884521] -1.7540552616119383 0.1253432333469391
bicycle [[-12.803024291992642, 27.42992401123047, -0.7238859534263797]] [0.6593834757804871, 1.7412426471710205, 1.379611849784851] 2.643443409596579 0.11887674033641815
bicycle [[22.602172851562273, -7.5298233032222015, -1.8648635149001969]] [0.48210906982421875, 1.439767599105835, 1.0794450044631958] 0.6162384748458863 0.11819563806056976
bicycle [[-9.919055938721158, 51.887184143066634, 1.4179651737213224]] [0.7047480940818787, 1.815354824066162, 1.2399232387542725] -1.1456899642944336 0.11763115227222443
bicycle [[20.216888427734148, -48.33652877807572, -2.211098194122301]] [0.6075764298439026, 1.6660268306732178, 1.3875834941864014] -1.5217994451522827 0.11550313979387283
bicycle [[17.604858398437045, 7.453773498535156, -0.5344941020012159]] [0.5252900719642639, 1.5123093128204346, 1.0455901622772217] -2.8545508384704585 0.1143796518445015
bicycle [[26.8400039672847, 13.409858703613054, 0.0695383846759734]] [0.5831809639930725, 1.597388744354248, 1.2043113708496094] -1.5103685855865479 0.11053716391324997
motorcycle [[2.7111701965329758, 46.5970153808596, 0.6314396858215225]] [0.7545170783996582, 2.2154009342193604, 1.4067326784133911] -1.3622055053710938 0.10693410784006119
motorcycle [[21.28921508789017, 35.089256286621094, 1.0011303424834965]] [0.7633266448974609, 2.025136709213257, 1.3170804977416992] -3.1125326156616215 0.10390232503414154
bicycle [[-4.0276718139652985, -53.06723022460892, -2.786376714706421]] [0.656298041343689, 1.686588168144226, 1.342430591583252] -0.03807461261749245 0.10316397249698639
pedestrian [[20.254180908202898, -46.44908142089821, -1.393677115440365]] [0.6788854598999023, 0.7512331008911133, 1.8086693286895752] 1.7047751585589814 0.6444970369338989
pedestrian [[-6.804512023926236, 37.982894897461165, -0.056076977401992245]] [0.5934948325157166, 0.6382091045379639, 1.7162197828292847] -1.7479199171066284 0.6152586340904236
pedestrian [[21.88929748535088, -27.90706825256325, -0.77103996276856]] [0.6422309279441833, 0.7088198065757751, 1.7844330072402954] 1.8556674162494111 0.5772215723991394
pedestrian [[-6.123851776123274, 37.71636962890625, -0.029394235461977836]] [0.5884199738502502, 0.6293269395828247, 1.688016653060913] -1.6890469789505005 0.5158007144927979
pedestrian [[20.3161087036126, 17.286376953125227, 0.31906649470327686]] [0.6275510191917419, 0.6768878698348999, 1.6991318464279175] -1.7190098762512207 0.4716065227985382
pedestrian [[-6.227615356445767, -51.19582748413086, -2.2641696929931836]] [0.6417223215103149, 0.7046595811843872, 1.784423589706421] 1.6429985205279756 0.4114150106906891
traffic_cone [[6.390079498290561, 2.7758522033691406, -1.2528374195098886]] [0.320210725069046, 0.33438950777053833, 0.6454436779022217] 2.9282315413104456 0.23975348472595215
pedestrian [[-3.4365653991701492, -9.75715255737282, -1.1485919952392454]] [0.7611628770828247, 0.7699164152145386, 1.885172963142395] 1.2479273080825808 0.23670703172683716
traffic_cone [[-4.897079467773665, -7.583324432373047, -2.124469518661499]] [0.32751724123954773, 0.36673465371131897, 0.5957197546958923] 0.8993788957595822 0.2194979339838028
traffic_cone [[-15.97472381591865, -6.48625183105446, -1.2890708446502899]] [0.33107203245162964, 0.3286249041557312, 0.8183555603027344] 1.1932259798049931 0.2113536298274994
traffic_cone [[2.808506011962436, -51.309497833251726, -2.407967329025272]] [0.6169560551643372, 0.6368786096572876, 1.5229806900024414] 1.4386078119277952 0.20754098892211914
traffic_cone [[-12.155414581299055, 24.787338256835938, -1.0531241893768417]] [0.3827957212924957, 0.38005781173706055, 1.149742841720581] -1.0566508769989011 0.18357577919960022
pedestrian [[17.90538024902321, 39.41100311279365, 0.9033313393592834]] [0.6184865236282349, 0.6250802874565125, 1.7055943012237549] 2.8324711958514612 0.172200009226799
pedestrian [[-6.203502655029752, -51.7276802062986, -2.200145483016966]] [0.6721794009208679, 0.7431639432907104, 1.8011181354522705] 1.6206110159503386 0.16688582301139832
pedestrian [[20.220085144042514, -48.28554534912064, -1.8089382648467929]] [0.5911824703216553, 0.6253712773323059, 1.636518955230713] -1.5910353660583496 0.16524864733219147
traffic_cone [[22.096687316894077, 35.01069641113304, 1.4110941886901776]] [0.4687535762786865, 0.47476819157600403, 1.456557273864746] 2.3464849630938933 0.15838542580604553
pedestrian [[-4.059459686279752, 36.493003845215526, 0.02064890787006668]] [0.6456210613250732, 0.6626993417739868, 1.6711244583129883] -0.1391215324401855 0.15474911034107208
pedestrian [[-3.876575469971158, -9.561504364013672, -1.1421926021576088]] [0.7225635051727295, 0.7449514269828796, 1.820361614227295] 0.8928130865097047 0.15221482515335083
pedestrian [[-24.916013717651822, 28.444427490234602, -0.6181947588920709]] [0.6277806758880615, 0.6090239882469177, 1.8342500925064087] -1.9721878767013545 0.1493585854768753
pedestrian [[-18.738212585449673, 27.84498596191429, -0.6924337148666346]] [0.626736044883728, 0.6590081453323364, 1.6460111141204834] -2.3517615795135494 0.1464436799287796
pedestrian [[-4.5705490112309235, 43.990562438964616, -0.2249155640602316]] [0.6454850435256958, 0.6944042444229126, 1.6695115566253662] 2.262093369160788 0.14481069147586823
pedestrian [[-32.28720474243187, 3.2819480895998367, -0.21564765274525932]] [0.5469409823417664, 0.5651054382324219, 1.4433908462524414] -0.38262438774108903 0.1407388597726822
traffic_cone [[-34.7058639526374, -7.914142608642351, -0.9958372712135457]] [0.3526380658149719, 0.3558177053928375, 0.7651309967041016] 0.1799706220626834 0.13204634189605713
traffic_cone [[3.234554290771257, -22.66388511657692, -0.5488649606704623]] [0.4294011890888214, 0.42705273628234863, 1.4582767486572266] 1.5099009275436401 0.12962785363197327
pedestrian [[-6.915893554687955, 38.57707214355446, -0.05090103670956214]] [0.6355600357055664, 0.7038185000419617, 1.742078185081482] -1.706886291503906 0.12884320318698883
pedestrian [[23.17641448974564, -50.86954498290993, -1.3906528949737655]] [0.7018923759460449, 0.7178935408592224, 1.880927562713623] -2.707143783569336 0.1287396252155304
pedestrian [[-6.8647079467777985, -51.38232421875, -2.2680411338806348]] [0.6602324843406677, 0.7191159129142761, 1.778822660446167] 1.6447184721576138 0.1282847821712494
pedestrian [[-7.234462738037564, 38.05695343017601, -0.1043699905276414]] [0.6291682720184326, 0.6857554912567139, 1.7228548526763916] -1.6478059291839602 0.1262076497077942
pedestrian [[-9.926643371582486, 51.92176055908203, 1.6690721511840785]] [0.612898051738739, 0.6292241215705872, 1.6612184047698975] -1.1209557056427002 0.12301144748926163
traffic_cone [[17.560623168945085, -20.03011322021439, -1.0795657634735063]] [0.4402923285961151, 0.4369872808456421, 1.2213797569274902] -0.6197139620780946 0.11604303121566772
pedestrian [[-4.301849365234602, -53.00593566894531, -2.481011390686046]] [0.6533181667327881, 0.6649734973907471, 1.667305827140808] 0.9363516569137575 0.112700454890728
pedestrian [[20.2046279907222, -47.82720565795876, -1.6429625749588066]] [0.6243504285812378, 0.6794748902320862, 1.7197437286376953] 1.9113252798663543 0.11244333535432816
pedestrian [[20.204544067382358, -48.83702087402321, -1.9510420560836934]] [0.5773013234138489, 0.615358293056488, 1.5274055004119873] -1.613005876541138 0.1112971305847168
traffic_cone [[-15.693866729736783, 11.048263549804688, -1.6982325315475597]] [0.3330686688423157, 0.35122907161712646, 0.8187655210494995] -0.09887576103210464 0.11061340570449829
traffic_cone [[-19.098896026611783, 9.2884521484375, -1.5462464094162032]] [0.4242272675037384, 0.4439257085323334, 1.0930278301239014] -1.5255845785140996 0.10779764503240585
pedestrian [[20.5027236938472, -46.91518783569336, -1.4687535762786972]] [0.7111907005310059, 0.8012619614601135, 1.7915129661560059] 1.6473358313189903 0.10636372119188309
pedestrian [[-15.380344390869368, 51.87567901611351, 1.699607729911797]] [0.6143693923950195, 0.6081461906433105, 1.6599304676055908] 0.2703906297683716 0.10497137159109116
traffic_cone [[-9.991828918457486, -8.057971954345703, -1.6470699310302903]] [0.3424229025840759, 0.34126466512680054, 0.7615983486175537] 0.1610525846481325 0.10116845369338989
7fd597745c26471ab336b3dd41a5f6dc