car [[3.2679023742673508, -4.550086975098338, -1.2143605947494578]] [1.8430840969085693, 4.531319618225098, 1.544592022895813] 1.5675705671310425 0.8557709455490112
car [[3.33738708496071, -19.408592224122003, -1.4822542667388987]] [1.9119582176208496, 4.58847713470459, 1.616926908493042] 1.5779655615436003 0.8492577075958252
car [[9.340423583984148, -12.885250091553644, -1.4796252250671529]] [1.8694427013397217, 4.444461345672607, 1.5707842111587524] 0.9737578630447385 0.7669056057929993
car [[20.216468811035156, -7.6549873352053055, -1.7700215578079295]] [1.7827084064483643, 4.303069114685059, 1.5229747295379639] 0.21999585628509502 0.7543348073959351
car [[45.88043975830078, -9.312450408935774, -1.6564418077469014]] [1.9331910610198975, 4.514531135559082, 1.6540154218673706] -3.061195850372314 0.7423138618469238
car [[44.10606384277321, -6.384819030762628, -1.5268393754959249]] [1.8656086921691895, 4.458569049835205, 1.655287504196167] 0.032606005668639935 0.6212882399559021
car [[14.048316955566179, -17.690837860108104, -1.859298825263977]] [1.8641914129257202, 4.426623344421387, 1.599852204322815] -2.3979570865631095 0.5889988541603088
car [[-0.09128189086914062, -32.18125534057663, -1.7493025064468384]] [1.8495523929595947, 4.226397514343262, 1.5711033344268799] 1.5091818571090696 0.5671181082725525
car [[11.29460144042946, 33.306449890136264, 0.0367038957774497]] [2.062901020050049, 4.966763019561768, 1.8911011219024658] -1.5596776008605953 0.331631064414978
car [[32.78172302246071, -10.453136444092479, -1.9403219223022532]] [1.8549370765686035, 4.280599117279053, 1.6000920534133911] 3.1244908014880584 0.3012739419937134
car [[29.660423278808594, -10.543991088867415, -1.9614155292511057]] [1.909456491470337, 4.4936909675598145, 1.6516362428665161] -0.02848184108734131 0.2184561789035797
car [[26.697235107421875, -9.297866821289517, -1.9308073520660471]] [2.0132691860198975, 4.723933219909668, 1.7750349044799805] -0.119547128677368 0.17965038120746613
car [[16.996520996093523, -15.2287940979013, -1.8223927021026682]] [1.8682714700698853, 4.41815185546875, 1.5942127704620361] 0.650093913078308 0.16895660758018494
car [[23.712509155273665, -9.973827362061456, -1.8962446451187276]] [1.9662067890167236, 4.6490068435668945, 1.724142074584961] -3.0328569412231445 0.156564861536026
car [[46.50395202636719, 35.685058593749545, 1.6229963302612163]] [1.9009982347488403, 4.39322566986084, 1.7045485973358154] 0.7805989980697627 0.10855840146541595
car [[-0.22800064086914062, -37.535896301269986, -1.7166653871536397]] [1.8634380102157593, 4.342422962188721, 1.5790739059448242] 1.5272022485733028 0.10042133182287216
truck [[11.303489685058366, 33.90097045898369, 0.006373872980461215]] [2.098203182220459, 5.572460174560547, 1.9496855735778809] -1.56679630279541 0.3291592001914978
truck [[16.441673278808594, 48.239601135253224, 1.3149662017822124]] [2.6287081241607666, 6.019415378570557, 2.742949962615967] 0.003822922706603861 0.2746404707431793
construction_vehicle [[-1.5272789001467117, 51.89403533935524, 2.4255597591400004]] [3.15578031539917, 7.909018516540527, 3.6670355796813965] -1.3558065891265867 0.1256333589553833
construction_vehicle [[42.33185577392578, -3.263790130615689, 0.3014841377735067]] [2.7857065200805664, 4.265993118286133, 2.889676570892334] 3.1397567431079314 0.1204446479678154
construction_vehicle [[-6.264129638672102, 42.35170745849564, 2.368258476257324]] [3.069324493408203, 7.683111190795898, 3.683422803878784] -1.5051490068435665 0.11481934040784836
truck [[44.603111267089844, -6.346603393555142, -1.4058266878128123]] [2.015596866607666, 5.354616641998291, 1.912318468093872] 0.015724062919616283 0.11010713875293732
truck [[46.388038635253906, -9.315937042236783, -1.7718539237976145]] [2.092034101486206, 5.483838081359863, 1.8540256023406982] -3.089178562164306 0.10657994449138641
trailer [[15.916213989257812, 48.26195526122979, 1.470016598701477]] [2.6168103218078613, 5.681738376617432, 2.8151121139526367] 0.04488456249237072 0.10277963429689407
barrier [[5.73095703125, 48.27238464355423, 0.3452753424644328]] [3.0770041942596436, 0.52936851978302, 0.8893269896507263] -3.1378369331359854 0.2379494160413742
barrier [[5.743663787841797, 45.284286499022755, 0.3154693841934062]] [3.0867881774902344, 0.5355068445205688, 0.8936457633972168] 3.136208359395163 0.20612278580665588
barrier [[5.76152038574196, 50.727546691894304, 0.45677220821379905]] [3.0949792861938477, 0.544584333896637, 0.8987653255462646] 3.0780733267413547 0.19759751856327057
barrier [[-5.266757965088118, -21.255138397217024, -1.4208085536956858]] [1.9366533756256104, 0.5494517087936401, 1.0138927698135376] 0.03309237957000708 0.18456444144248962
barrier [[5.807483673095703, 53.81821441650345, 0.7765773534774709]] [2.6835122108459473, 0.5623590350151062, 0.9913046360015869] -1.691789865493774 0.13654182851314545
barrier [[5.733989715575717, 42.89049530029229, 0.2061922550201345]] [3.0977838039398193, 0.5579207539558411, 0.8916473388671875] -3.133729457855224 0.13379092514514923
barrier [[13.468666076660156, 27.746315002441406, -1.2987757921218943]] [2.3370347023010254, 0.35090890526771545, 1.0078202486038208] 3.064704720173972 0.12167826294898987
barrier [[23.632354736328352, -18.15826034545921, -1.2488741874694895]] [2.553905487060547, 0.507209062576294, 0.9607348442077637] 1.6005986372577112 0.10801294445991516
bicycle [[16.853111267089844, 2.199176788329396, -1.584496021270759]] [0.5637713670730591, 1.7098298072814941, 1.0920580625534058] 2.089371029530661 0.5789095759391785
bicycle [[17.085662841796875, 17.60317230224541, -1.0231101512909007]] [0.706395149230957, 1.8015652894973755, 1.8273086547851562] -1.5413020849227899 0.2173444926738739
bicycle [[24.955810546875, -9.256423950195995, -1.8539905548095845]] [0.5820128917694092, 1.6688724756240845, 1.1151549816131592] 0.012299656867981146 0.16493338346481323
bicycle [[45.242866516113054, 34.01162719726517, 1.4389156103134084]] [0.7259562015533447, 1.8366193771362305, 1.4220569133758545] -1.0414943695068355 0.13600316643714905
bicycle [[-5.579532623291243, -48.97597122192428, -0.052613385021700765]] [0.6857315301895142, 1.71137535572052, 1.5252853631973267] -2.161237001419067 0.13075795769691467
bicycle [[-2.645580291748047, 53.023674011230014, 1.1499388217925883]] [0.80379319190979, 2.0306923389434814, 1.507174015045166] -3.1348447799682613 0.13055622577667236
motorcycle [[49.44203186035179, -32.07876586914108, -1.251896381378181]] [0.7953420877456665, 1.922451138496399, 1.6822376251220703] 3.1189788023578098 0.12707963585853577
motorcycle [[-2.721031188965071, 39.91477966308548, 0.17904339730738172]] [0.6428598165512085, 1.919033408164978, 1.2102521657943726] 2.0799453894244597 0.1251654177904129
motorcycle [[31.438995361328125, 18.225082397460483, 0.7716771364212036]] [0.7173118591308594, 1.961327314376831, 1.411116361618042] -1.557136893272399 0.12154333293437958
motorcycle [[-0.12746810913085938, -30.901573181153253, -1.859043598175056]] [0.8394765853881836, 2.208209276199341, 1.6620820760726929] 1.4206250905990596 0.11632128059864044
motorcycle [[-4.9840888977053055, -35.625022888184276, -1.6121785640716553]] [0.6422156691551208, 1.7652947902679443, 1.1954089403152466] 1.4870432615280147 0.1112370491027832
motorcycle [[-5.2683258056640625, -21.1987838745124, -1.3468868732452535]] [0.6468679904937744, 1.7408185005187988, 1.2055574655532837] 1.6196430365191858 0.11076164245605469
motorcycle [[-2.6867904663083664, 53.66281890869118, 0.9372912049293376]] [0.7820397615432739, 2.003732919692993, 1.4838804006576538] 2.531054798756735 0.10605714470148087
bicycle [[31.463943481445312, -9.904449462890852, -2.144364356994636]] [0.539106547832489, 1.6048179864883423, 1.1031849384307861] 0.720793843269348 0.1057460755109787
bicycle [[13.571411132812273, 29.029541015624773, -1.2785637378692698]] [0.524215579032898, 1.5488284826278687, 1.0861185789108276] 1.6836755911456507 0.10004281252622604
traffic_cone [[8.272804260253906, -21.901123046875455, -1.751709818840041]] [0.38249894976615906, 0.38409021496772766, 1.270250916481018] 1.448647856712341 0.6101536154747009
pedestrian [[17.109878540038835, 17.641593933104787, -0.8855926394462585]] [0.6549133062362671, 0.7082085609436035, 1.6286460161209106] -1.5930458307266229 0.604153573513031
traffic_cone [[6.130283355712663, 1.4120140075674499, -1.4220681190490794]] [0.4078262448310852, 0.3751463294029236, 0.6465766429901123] 1.7840269247638147 0.3419310450553894
traffic_cone [[31.113662719726335, -9.815879821777798, -2.257841110229492]] [0.3741082549095154, 0.3845432996749878, 0.9580889344215393] -2.98473572731018 0.32279759645462036
traffic_cone [[-5.454143524170149, -20.578968048096158, -1.3989365100860738]] [0.5544315576553345, 0.590126633644104, 1.1610609292984009] 1.4473387002944946 0.20113453269004822
pedestrian [[45.16741943359352, 34.34432983398392, 1.4121015071868825]] [0.6641511917114258, 0.6972382664680481, 1.759103775024414] -0.9805019497871396 0.2000122368335724
traffic_cone [[22.306472778320312, 3.1224670410151703, -1.7571034431457662]] [0.3819984197616577, 0.38257139921188354, 0.7951093316078186] 3.0645521322833464 0.19249536097049713
pedestrian [[16.681343078613054, 17.77394866943314, -0.9085819721221995]] [0.6626672744750977, 0.7258461713790894, 1.594416856765747] -1.792967319488525 0.17348378896713257
pedestrian [[-2.7851867675783524, 34.05935668945244, 0.062191702425472783]] [0.6059972643852234, 0.6225354671478271, 1.5082807540893555] -0.4819707870483398 0.15985283255577087
pedestrian [[16.356964111328125, 18.21671295165993, -0.9561156630516123]] [0.5456184148788452, 0.5661200881004333, 1.4760549068450928] -1.8603852987289422 0.15123359858989716
traffic_cone [[39.06469726562477, -0.7910995483400711, -1.730282783508315]] [0.39829087257385254, 0.4010159969329834, 1.1603729724884033] 3.12188178697695 0.14622998237609863
pedestrian [[16.322738647460938, 39.38943481445244, 0.25355079770087485]] [0.6189509034156799, 0.6444780230522156, 1.6640300750732422] -2.5979118347167964 0.13928355276584625
pedestrian [[-2.6001777648928055, 52.98780822753861, 1.1465780735015798]] [0.7505972385406494, 0.7567746639251709, 1.771328091621399] -2.4088282585144034 0.13704366981983185
traffic_cone [[-3.3694534301757812, -1.5083351135260727, -1.1464978456497263]] [0.3712690472602844, 0.36168330907821655, 1.0212476253509521] 1.0527526140213008 0.13478124141693115
pedestrian [[-5.552860260009993, -49.02654647827217, -0.44997185468674417]] [0.6706060767173767, 0.7218647003173828, 1.8261501789093018] -1.8896458148956292 0.12853731215000153
traffic_cone [[17.197746276855014, -29.530416488647916, -2.0373380184173584]] [0.4687992036342621, 0.4540109932422638, 1.4418272972106934] -2.7775807380676265 0.12710995972156525
traffic_cone [[5.87327575683571, 23.597534179687045, -0.3411735296249532]] [0.3528888523578644, 0.35446619987487793, 1.039943814277649] -2.764139175415039 0.12263301014900208
pedestrian [[22.544258117675554, 1.1143951416011078, -1.4908292293548726]] [0.6288794875144958, 0.6367908716201782, 1.5112404823303223] -2.569350957870483 0.12129375338554382
pedestrian [[-6.848915100097884, -53.74745559692451, -1.6770195960998677]] [0.6967260837554932, 0.7649332284927368, 1.8340803384780884] -1.7972558736801139 0.12128235399723053
traffic_cone [[6.2395133972165695, 2.2311782836904968, -1.2234239578247141]] [0.4296554625034332, 0.4089413285255432, 0.7855300903320312] 2.5565255323993132 0.1211269423365593
pedestrian [[16.771453857421648, 17.169342041014943, -1.0245703458786082]] [0.6330397725105286, 0.7117266058921814, 1.3541982173919678] -1.9145095348358145 0.11105575412511826
pedestrian [[44.30207824707031, -0.42897415161201025, -1.3417723178863596]] [0.6187877655029297, 0.620498776435852, 1.6631497144699097] -1.9515382051467889 0.10594934225082397
pedestrian [[-6.177825927734375, 11.87489318847588, 1.0343899726867605]] [0.5548999905586243, 0.549643337726593, 1.6940181255340576] 0.5824166536331175 0.1057095155119896
traffic_cone [[13.545959472656023, 28.616088867186818, -1.256566643714912]] [0.38350677490234375, 0.38966071605682373, 0.8555927276611328] 2.04040509859194 0.10133994370698929
1dba6570f0774b5cb87de6694bb338c0