car [[3.2925376892089844, 4.5335922241215485, -0.9010646343231414]] [1.7878541946411133, 4.456376075744629, 1.4920343160629272] 1.5712049643145964 0.8700408339500427
car [[2.9180297851560226, -10.308967590331577, -1.3175398111343597]] [1.9046696424484253, 4.668393611907959, 1.6167809963226318] 1.5567024946212766 0.679712176322937
car [[11.88059997558571, -36.432666778564226, -1.725995779037504]] [1.8745372295379639, 4.363113880157471, 1.7093955278396606] -1.5128688812255842 0.4898703992366791
car [[0.3619804382324219, -31.52495002746582, -1.8139624595642232]] [1.9180666208267212, 4.455684661865234, 1.6637375354766846] 1.5606485605239866 0.42727503180503845
car [[6.266475677490234, -47.7834854125972, -1.8354343175888346]] [1.8105064630508423, 4.268775939941406, 1.6069929599761963] -1.521756887435911 0.20942488312721252
car [[35.07291412353493, -7.017429351806186, 2.798742771148653]] [1.9198193550109863, 4.470646858215332, 1.729820728302002] 0.39340102672576843 0.16219598054885864
car [[18.37242126464821, 36.86578369140648, 0.7010947465896393]] [2.034816265106201, 4.65330696105957, 1.8169881105422974] 3.0456939379321515 0.14352983236312866
car [[15.195434570312273, 46.556648254394986, 0.7457264661788727]] [2.4604392051696777, 6.395427703857422, 2.7456164360046387] -1.6709473133087138 0.10896623134613037
truck [[11.763969421386491, -33.31913757324196, -1.782318472862265]] [2.06113338470459, 5.193139553070068, 2.143737316131592] -1.5241482257842998 0.32041478157043457
truck [[15.192138671874545, 46.555656433105696, 0.737554073333726]] [2.6991279125213623, 6.810857772827148, 3.2746663093566895] -1.6583983898162822 0.2786978483200073
construction_vehicle [[-17.128730773926236, 11.71937561035179, 0.9338042736053254]] [2.5231375694274902, 6.362203121185303, 2.5621166229248047] -2.14956736564636 0.2693735361099243
construction_vehicle [[47.73862457275368, -6.8349761962890625, 2.19300079345701]] [2.4275095462799072, 3.5779314041137695, 2.359240770339966] -1.4188524484634382 0.17353790998458862
truck [[12.161033630370866, -36.87753295898415, -1.7885735034942911]] [2.0354604721069336, 5.256028175354004, 1.9596720933914185] -1.4770723581314067 0.15976309776306152
construction_vehicle [[-5.623908996582259, -38.72678756713822, -1.0978331565857147]] [2.3512470722198486, 4.071873664855957, 2.7980637550354004] -1.2656629085540754 0.14992547035217285
construction_vehicle [[21.904907226562045, 45.909980773926236, 0.9757944941520549]] [4.280318260192871, 8.689691543579102, 3.479867935180664] -3.068922519683836 0.1458679437637329
construction_vehicle [[-8.007560729980469, 38.7647323608403, 1.3722200393676545]] [3.0378639698028564, 7.243226051330566, 3.4682583808898926] 1.4515477418899534 0.1442633718252182
construction_vehicle [[6.2273979187009445, -47.09719085693382, -1.7737189531326507]] [1.6031651496887207, 2.965120792388916, 2.1272125244140625] -1.5051831007003769 0.12251844257116318
construction_vehicle [[35.156997680663835, -6.890468597411655, 2.298913478851304]] [2.4554758071899414, 4.794539451599121, 2.658726692199707] 0.32963693141937267 0.112430140376091
truck [[15.394859313964616, -38.08123779296852, -1.6450920104980682]] [2.4325876235961914, 5.6529741287231445, 2.811039447784424] -1.550707459449766 0.1092095747590065
truck [[18.88339233398392, 36.83514404296898, 0.8438944220542695]] [2.2833077907562256, 5.026592254638672, 2.3527884483337402] 0.3854026794433592 0.10603225231170654
bus [[15.337234497069858, 48.29213714599655, 0.7091647982597138]] [2.6899967193603516, 9.282010078430176, 3.2853338718414307] -1.662625789642332 0.29378437995910645
trailer [[20.73595428466774, 44.76133728027389, 1.0197409391402985]] [2.6694908142089844, 6.809961795806885, 3.114945888519287] 0.03253161907196043 0.12583893537521362
trailer [[18.76853179931618, 43.56317901611351, 1.090276479721048]] [2.0604610443115234, 2.4690401554107666, 2.9028029441833496] -1.4586081504821755 0.10746999084949493
barrier [[12.459281921386491, -31.470874786376726, -1.52375364303591]] [2.7674739360809326, 0.47633031010627747, 1.0053848028182983] -2.9785151481628396 0.2907806932926178
barrier [[5.884181976317905, 48.90676116943382, 0.16118861734865675]] [3.2358977794647217, 0.5451986193656921, 0.904742956161499] 3.13177258173098 0.1909288913011551
barrier [[18.730117797851335, 43.95484161377021, 0.8537136912345673]] [2.0362091064453125, 0.4168560802936554, 1.0678730010986328] -1.6888277530670148 0.15944042801856995
barrier [[5.901432037353288, 51.89554595947334, 0.19681161642073164]] [3.1712839603424072, 0.5431669354438782, 0.8908597826957703] 3.1300080458270494 0.14095306396484375
barrier [[5.8628883361809585, 46.48426055908226, 0.12518100440500035]] [3.108293294906616, 0.5414237976074219, 0.887025773525238] 3.1288669745074693 0.12344126403331757
barrier [[11.039535522460938, -30.857690811156772, -1.8912514448166107]] [2.132822036743164, 0.4651006758213043, 1.0409345626831055] -2.9718141555786115 0.12017419189214706
barrier [[15.089927673339389, 25.53028106689476, -0.7137717008590911]] [2.011432409286499, 0.5415661334991455, 0.9892058968544006] 3.0338481108294904 0.11736175417900085
barrier [[5.718536376953125, -35.10958099365189, -2.1373271942139027]] [2.9437713623046875, 0.5041518807411194, 0.9187289476394653] -3.1145596504211404 0.11479754745960236
barrier [[5.824337005615007, 42.264167785644986, 0.04445700347421422]] [3.0468077659606934, 0.5372017025947571, 0.8687270283699036] 0.036988854408264674 0.10858979821205139
barrier [[6.151294708251498, 53.825996398926236, 0.48217931389806523]] [2.680171251296997, 0.5420851111412048, 0.9912156462669373] -3.027507305145262 0.10810735821723938
barrier [[27.93436431884743, -46.4354133605957, -2.5686860084533834]] [2.4049253463745117, 0.5502085089683533, 1.0681382417678833] 2.5271971861468727 0.10725759714841843
motorcycle [[8.55636978149414, 11.203880310058821, -1.8531315326690887]] [0.6689186096191406, 1.9354223012924194, 1.205673098564148] -0.11259043216705282 0.4453399181365967
motorcycle [[11.022415161132585, -30.854782104492188, -1.8482117652893209]] [0.6210542917251587, 1.8136833906173706, 1.237395167350769] -1.559743046760557 0.2847697138786316
motorcycle [[20.160774230956577, 36.91780090332031, 0.05693345144389639]] [0.6948404312133789, 2.274829864501953, 1.4312288761138916] -1.3585648536682111 0.172102153301239
bicycle [[19.536712646484148, 47.19329071044967, 0.08827532827852735]] [0.6839127540588379, 1.7372711896896362, 1.2925002574920654] -1.8312852382659892 0.15142826735973358
bicycle [[21.899993896484375, -36.27914047241211, -2.701304912567167]] [0.547502338886261, 1.6452304124832153, 1.1457147598266602] 0.008800029754638799 0.14481690526008606
motorcycle [[19.508239746093523, 36.338310241699446, 0.5468517541885234]] [0.7812513113021851, 2.388578414916992, 1.3960493803024292] -2.1349692344665505 0.13429251313209534
bicycle [[13.649467468261491, 44.20112609863281, 0.4547358155250336]] [0.6268302202224731, 1.7772984504699707, 1.7443385124206543] -1.739645004272459 0.12770575284957886
motorcycle [[-5.124076843261719, -38.70747375488236, -0.7645565271377848]] [0.7593010067939758, 2.042431354522705, 1.3450169563293457] 0.3274575471878053 0.12751440703868866
motorcycle [[20.574119567870866, 36.964538574219205, 0.12252837419508467]] [0.6585879325866699, 2.1598551273345947, 1.3709015846252441] -2.9502663612365705 0.11704883724451065
bicycle [[-8.019088745117188, 35.862525939941406, 1.8607389926910116]] [0.6644580364227295, 1.8117663860321045, 1.510980486869812] -0.4926682710647578 0.11259530484676361
bicycle [[-10.382362365722884, 2.151927947998047, -2.0424461364746307]] [0.7087910175323486, 1.7035406827926636, 1.1012399196624756] -1.520467996597288 0.11088787019252777
bicycle [[-2.6919059753420242, -41.639625549316406, -2.667422771453893]] [0.5808427929878235, 1.7019788026809692, 1.1393299102783203] 1.758170906697409 0.10905969142913818
bicycle [[12.369781494140398, -31.011011123657, -1.6177558898926065]] [0.611763596534729, 1.8056389093399048, 1.2096588611602783] -1.5190151929855327 0.10303160548210144
motorcycle [[11.558670043945312, -30.961162567138217, -1.788110733032255]] [0.7255229949951172, 1.9840216636657715, 1.2827632427215576] -1.7191516160964948 0.10245724022388458
pedestrian [[-4.405986785888672, -50.24618911743141, -2.1859459877014444]] [0.611125111579895, 0.5733373165130615, 1.7974261045455933] 2.9623416105853497 0.3374999761581421
pedestrian [[16.561180114745866, -33.10622787475563, -1.952138662338271]] [0.6571833491325378, 0.6809541583061218, 1.6733553409576416] -2.1568269729614236 0.3067982792854309
pedestrian [[19.403877258300327, 46.89467620849632, 0.23957414925096288]] [0.6116577982902527, 0.627639651298523, 1.4751392602920532] -1.4151456356048562 0.29176855087280273
pedestrian [[14.904891967773438, -34.925773620605014, -1.665294408798232]] [0.5922390222549438, 0.5916091203689575, 1.566720724105835] -1.680182099342344 0.2316025197505951
traffic_cone [[10.998664855956804, -31.355335235595476, -1.9698300361633585]] [0.4029114246368408, 0.4174785017967224, 1.2055647373199463] -1.3080704212188705 0.22841404378414154
traffic_cone [[17.0619277954097, 38.8991394042971, 0.4537229239940501]] [0.4951792359352112, 0.48876217007637024, 1.4734079837799072] 3.1290763060199205 0.2157469540834427
pedestrian [[19.53115081787064, 47.68035125732467, 0.33084160089491377]] [0.6241620182991028, 0.6453777551651001, 1.5937962532043457] -1.4560050964355453 0.21524667739868164
pedestrian [[20.00675964355446, 47.704620361328125, 0.2547168731689311]] [0.5951248407363892, 0.611641526222229, 1.5169787406921387] -1.389409422874449 0.19711819291114807
pedestrian [[16.925659179687273, 37.36054992675827, 0.5560191869735576]] [0.6067843437194824, 0.6128133535385132, 1.6850544214248657] 2.652772728596824 0.1958596557378769
pedestrian [[37.429687499999545, 32.672409057617415, 1.6678161621093608]] [0.7086472511291504, 0.7109299302101135, 1.8722543716430664] -0.10510861873626681 0.18142062425613403
traffic_cone [[15.781196594238054, -23.918476104736328, -2.1227190494537638]] [0.3763342499732971, 0.3771040439605713, 1.2899755239486694] -0.5738206505775444 0.1722196787595749
pedestrian [[-4.01045227050804, -50.11673736572243, -2.1361274719238423]] [0.6431345343589783, 0.6147961616516113, 1.8309240341186523] 3.0884898344623033 0.17208273708820343
pedestrian [[18.796920776366733, 35.72244262695335, 0.5393784642219401]] [0.6506098508834839, 0.6691328883171082, 1.8012021780014038] -2.5750801563262917 0.16751430928707123
pedestrian [[19.034210205077898, 47.737754821777344, 0.4757856726646281]] [0.6544126868247986, 0.6723518967628479, 1.6936204433441162] -1.1176979541778551 0.1673460602760315
pedestrian [[30.22190093994118, 37.91674041748092, 1.2699714899062897]] [0.6654232144355774, 0.6840714812278748, 1.7603422403335571] 2.57085401216616 0.16083180904388428
traffic_cone [[-3.986190795898665, 7.3022994995121735, -1.1590549945831583]] [0.3867676258087158, 0.3146650791168213, 0.5834917426109314] 1.7945168654071255 0.14388315379619598
pedestrian [[40.37235260009743, 34.0215759277346, 1.7175359725951935]] [0.669725775718689, 0.661569356918335, 1.8188869953155518] -2.351912498474119 0.14010879397392273
pedestrian [[20.868766784667514, 33.43801879882835, -0.6400165557861399]] [0.6731096506118774, 0.7468871474266052, 1.208968997001648] -2.378917217254636 0.13775604963302612
pedestrian [[13.682823181152116, 44.25295257568382, 0.48731052875516667]] [0.6578254699707031, 0.7675094604492188, 1.8045804500579834] -1.716976404190061 0.13583672046661377
pedestrian [[-3.7441520690920242, -49.61915969848633, -2.2022287845611785]] [0.6273596286773682, 0.609089195728302, 1.8068711757659912] -2.6944289207458474 0.12797461450099945
pedestrian [[33.172203063964616, 29.063667297363736, 1.656115055084193]] [0.6648672819137573, 0.6761376857757568, 1.796886682510376] -0.07682514190673817 0.1252666860818863
traffic_cone [[-2.59480285644554, -25.72460746765114, -2.116708278656027]] [0.3450789451599121, 0.34506040811538696, 0.7894471287727356] -2.7459502220153786 0.11845245212316513
traffic_cone [[-4.3983650207521805, -38.2484436035154, -1.9047935009002828]] [0.4334017336368561, 0.4227743446826935, 1.2602567672729492] 0.030161380767822554 0.11827247589826584
pedestrian [[18.911079406738054, 48.27018737792969, 0.8090212345123149]] [0.6684231758117676, 0.6863335967063904, 1.7908467054367065] -0.8531606197357166 0.1154622733592987
traffic_cone [[19.294342041015625, 41.841522216796875, 0.30782270431516423]] [0.43838629126548767, 0.4400925040245056, 1.1426461935043335] -2.8345258235931374 0.11284705996513367
pedestrian [[39.732872009277344, 27.15007781982422, 1.4952197074889995]] [0.6685611009597778, 0.6962754130363464, 1.837606430053711] -2.906072139739988 0.10826963186264038
pedestrian [[15.863586425780795, 44.1560974121096, 0.43815085291860356]] [0.6988653540611267, 0.7769485116004944, 1.8729850053787231] -1.7076871395111064 0.10688942670822144
pedestrian [[44.72049713134743, 44.52872467041061, 2.343340396881075]] [0.671818733215332, 0.6828706860542297, 1.8188350200653076] -0.5453078746795645 0.10332441329956055
pedestrian [[16.53255462646416, 27.207901000976562, -0.3886474370956563]] [0.5860944390296936, 0.5841785669326782, 1.63608717918396] 1.6281769911395476 0.10179948806762695
pedestrian [[34.35644531249977, 28.584854125977017, 1.5420607328414704]] [0.6605715751647949, 0.6768636107444763, 1.8184514045715332] -3.1244602203369123 0.1010807603597641
