car [[3.348033905028842, 5.806720733642578, -0.8191550970077515]] [1.8295379877090454, 4.515019416809082, 1.5778472423553467] 1.5576215982437134 0.846224308013916
car [[2.930492401122592, -9.462272644042969, -1.3174449205398417]] [1.867666482925415, 4.493546962738037, 1.5758681297302246] 1.5583564043045044 0.6485263109207153
car [[12.146202087401889, -43.565696716308594, -2.3214499950409078]] [1.8748949766159058, 4.4650750160217285, 1.766945719718933] -1.4922466278076167 0.5695211291313171
car [[6.227539062499545, -53.81435775756836, -2.2837324142455913]] [1.9054889678955078, 4.406558513641357, 1.7334040403366089] -1.5816044807434082 0.16375553607940674
car [[11.725288391112827, -37.532707214355696, -2.206155300140381]] [1.9682530164718628, 4.488556385040283, 1.7095483541488647] -1.4880051612854008 0.16246651113033295
car [[27.876098632812045, -47.0324516296389, -2.2992939949035645]] [1.8925209045410156, 4.413599967956543, 1.631408452987671] 2.832821671162741 0.1334303468465805
car [[24.85043334960892, -53.256786346435774, -2.3618779182434224]] [1.907542109489441, 4.655998229980469, 1.6759778261184692] -2.9968633651733394 0.11295720189809799
construction_vehicle [[17.07465362548737, -53.67090606689476, -1.6585148572921753]] [2.703495502471924, 5.695937156677246, 2.866680145263672] 3.1063681284533904 0.17258884012699127
truck [[17.77834320068291, 30.88872528076149, 0.8924136757850789]] [2.3802971839904785, 5.701253890991211, 2.537095308303833] -1.9146308898925781 0.16724586486816406
construction_vehicle [[20.073829650878224, 39.353202819823764, 1.5412445068359375]] [3.0888495445251465, 7.028285026550293, 3.352099895477295] -3.1008105278015137 0.16709695756435394
construction_vehicle [[-6.277935028076627, -26.120653152465593, -0.5593551993370056]] [2.336763858795166, 4.92241096496582, 2.8830294609069824] 1.5253323316574092 0.14451679587364197
truck [[-17.05911254882858, 6.282264709472429, 0.6247085928916931]] [2.854466438293457, 8.331552505493164, 2.994119167327881] 0.9575010538101193 0.13186338543891907
truck [[12.196128845214616, -43.979415893554915, -2.3013155460357666]] [2.104327440261841, 5.493680953979492, 2.0536508560180664] -1.5155521631240847 0.12440568953752518
construction_vehicle [[47.00209808349541, -39.85645294189476, 2.8059778213500834]] [2.389437675476074, 3.132294178009033, 2.6601309776306152] -0.45836687088012695 0.11974692344665527
truck [[15.362823486327443, -43.544059753418196, -2.0001235008239746]] [2.6109468936920166, 6.584859848022461, 3.020205020904541] -1.55034065246582 0.11877916753292084
construction_vehicle [[6.25375366210892, -53.12208557128952, -2.410444736480713]] [1.8737452030181885, 3.555227518081665, 2.358888626098633] -1.4817638397216797 0.10874342173337936
construction_vehicle [[22.486900329589616, 39.289466857910384, 1.920625329017625]] [3.4785642623901367, 9.072187423706055, 3.6698880195617676] -1.6887201070785522 0.10031050443649292
bus [[14.798553466796648, 41.76261901855469, 0.7741410136222697]] [2.829899311065674, 11.148090362548828, 3.350259304046631] -1.6948250532150266 0.6012399196624756
trailer [[-17.637355804443587, 5.640178680420149, 0.6068506240844727]] [2.7279253005981445, 8.753044128417969, 2.936894178390503] 1.0068811178207393 0.15980590879917145
barrier [[5.789569854735646, 42.873558044433594, 0.25059813261032104]] [3.1093151569366455, 0.5430884957313538, 0.8955281972885132] 3.135098759328024 0.2272261381149292
barrier [[5.814785003661655, 45.346153259277344, 0.3199579417705536]] [3.1160242557525635, 0.5340526700019836, 0.8951625823974609] 3.140584770833151 0.2221020758152008
barrier [[5.820404052733693, 48.335914611816406, 0.2987831532955312]] [3.1347532272338867, 0.5337852239608765, 0.8928446769714355] -3.136582136154175 0.179792582988739
barrier [[20.657211303710483, 42.8685684204097, 0.22322414815424452]] [2.1124939918518066, 0.4907652735710144, 1.093879222869873] 0.4513446092605591 0.1749279499053955
barrier [[20.531677246093295, 42.391647338867415, 0.18527473509311676]] [2.109379768371582, 0.5004527568817139, 1.0947701930999756] 1.5974949041949673 0.1664048135280609
barrier [[20.25654602050713, 42.237220764160156, 0.17038236558437347]] [2.0691170692443848, 0.5138526558876038, 1.0946235656738281] 3.0518768469439905 0.16542240977287292
barrier [[20.7689895629876, 44.749153137206804, 0.25285544991493225]] [2.2773869037628174, 0.4902827739715576, 1.0965845584869385] 0.014788746833801094 0.16289854049682617
barrier [[5.763195037841342, 40.500015258788835, 0.2047281861305379]] [3.1639013290405273, 0.5667558908462524, 0.8972131013870239] -3.1015977859497075 0.15241092443466187
barrier [[5.490173339843295, -26.086347579956282, -2.122946262359619]] [3.049433469772339, 0.5885109901428223, 0.9525510668754578] -3.1048741340637207 0.1471344530582428
barrier [[27.20772552490189, 53.108131408691406, 0.4605826437473297]] [2.0312037467956543, 0.38989174365997314, 1.0344969034194946] -3.1129436492919926 0.14010469615459442
barrier [[5.841144561767123, 51.85137176513672, 0.3778257966041565]] [3.2130279541015625, 0.5579847693443298, 0.9084939956665039] 3.120291535054342 0.1309066116809845
barrier [[20.770767211913608, 45.872703552245866, 0.26795849204063416]] [2.2102646827697754, 0.5163856148719788, 1.096145749092102] 0.41657483577728266 0.11082066595554352
barrier [[19.566284179686818, 41.64786529540993, 0.10966789722442627]] [1.964723825454712, 0.48947852849960327, 1.0730390548706055] -2.8085076808929443 0.10758189857006073
bicycle [[21.775520324706577, -42.28268814086914, -3.2554523944854736]] [0.5181211233139038, 1.5817865133285522, 1.1184972524642944] 0.10196042060852022 0.3679470717906952
bicycle [[5.740440368651889, -30.816616058349382, -1.838882327079773]] [0.5634800791740417, 1.6490726470947266, 1.0912721157073975] 1.5777342955218714 0.36418041586875916
bicycle [[18.827308654784474, 44.26085662841797, 0.6998485922813416]] [0.6545197367668152, 1.8079442977905273, 1.3217542171478271] 0.8690530061721798 0.26800471544265747
bicycle [[12.713920593261037, -38.25470352172874, -2.070601224899306]] [0.7188796401023865, 1.7642041444778442, 1.721682071685791] -1.5450584888458252 0.23733305931091309
bicycle [[-5.834712982177962, -26.831274032592773, -0.04334169626237383]] [0.6345914602279663, 1.7358694076538086, 1.1795129776000977] 1.7391002813922327 0.19283439218997955
motorcycle [[23.033096313476108, 31.650962829589616, -0.35383957624435425]] [0.676077127456665, 1.9960356950759888, 1.3182512521743774] 1.1805025339126585 0.15826362371444702
bicycle [[-7.656616210937955, 22.58436584472679, -1.0576257705688619]] [0.5360414385795593, 1.5583205223083496, 1.0492126941680908] 0.9829355478286743 0.14840421080589294
bicycle [[-7.609989166259766, 30.213394165038835, 0.3332717716693736]] [0.6241772770881653, 1.6628576517105103, 1.141892671585083] -0.7595157027244566 0.14070537686347961
motorcycle [[11.096755981445085, -38.68666076660156, -2.0824961662292623]] [0.7005883455276489, 1.9149620532989502, 1.5177199840545654] 1.7522824446307579 0.1389651745557785
bicycle [[-6.978103637695767, 5.054683685302734, -0.8333799242973328]] [0.6049650311470032, 1.6869614124298096, 1.1605744361877441] 1.7602570692645472 0.1329503208398819
bicycle [[14.546119689940497, -33.90081024169922, -3.2531862258911133]] [0.5726151466369629, 1.5874634981155396, 1.148468017578125] 1.896909062062399 0.13104760646820068
bicycle [[23.583915710448764, 41.00489044189453, 0.10890848189592361]] [0.6570835113525391, 1.8289589881896973, 1.2471976280212402] 2.882640902196066 0.12725014984607697
bicycle [[34.702743530272755, -12.255424499511946, 1.9827089309692525]] [0.7883421182632446, 1.9256619215011597, 1.692399501800537] -2.8361220359802246 0.1271122545003891
bicycle [[-7.372726440430142, 18.905639648437045, -0.29545384645462036]] [0.5408693552017212, 1.6038442850112915, 1.0876147747039795] -1.2682309150695796 0.1216343566775322
bicycle [[-3.913681030273665, 17.66845703125, -0.4335945546627187]] [0.5779925584793091, 1.5857999324798584, 1.1894394159317017] -1.5554845333099363 0.1153138279914856
bicycle [[28.03242492675713, 52.498390197753906, 0.4463345408439636]] [0.671257734298706, 1.7430418729782104, 1.1827335357666016] -1.5326774120330808 0.1085197776556015
bicycle [[15.497856140136264, -20.225971221923373, -0.3547031283378601]] [0.6138333678245544, 1.7965612411499023, 1.1675608158111572] -1.6866739988327024 0.10632677376270294
motorcycle [[11.73939514160088, -38.66058349609375, -1.9900598526000977]] [0.785165011882782, 2.0561256408691406, 1.643439769744873] -1.8837380409240723 0.10243301093578339
pedestrian [[19.252868652343295, 40.95016479492165, 0.35775935649871826]] [0.6095443964004517, 0.6297716498374939, 1.5259760618209839] -1.472731590270996 0.2865760922431946
pedestrian [[16.620353698730014, -39.37287521362282, -2.2212038040161275]] [0.6472039818763733, 0.6642264127731323, 1.7699923515319824] -1.851580262184143 0.2528984546661377
pedestrian [[19.449775695800554, 41.77474975585915, 0.4071599841117859]] [0.6055043339729309, 0.6197508573532104, 1.602916955947876] -1.6237831115722654 0.24455976486206055
pedestrian [[12.723587036132358, -38.533439636230696, -2.242532014846816]] [0.7021902203559875, 0.8130118250846863, 1.8445537090301514] -1.484962463378906 0.22715827822685242
pedestrian [[-3.4455718994145172, 50.63336944580078, 0.5564386248588704]] [0.6621582508087158, 0.689717173576355, 1.6003957986831665] -0.11319506168365469 0.20041154325008392
traffic_cone [[-3.8950500488285797, 17.526329040527344, -0.3204706907272481]] [0.4668863117694855, 0.47540026903152466, 1.3238734006881714] 2.561488930379049 0.18314822018146515
pedestrian [[18.997940063476108, 42.1832275390625, 0.6920551061630249]] [0.6705324649810791, 0.6739729642868042, 1.7880007028579712] -1.4954293966293335 0.18281130492687225
pedestrian [[32.203964233397755, 40.9432373046875, 1.4075205326080322]] [0.6589228510856628, 0.6828154921531677, 1.7987048625946045] 0.5214854478836062 0.17420335114002228
pedestrian [[6.157890319823537, -51.831695556640625, -2.443423271179199]] [0.7152952551841736, 0.734158456325531, 1.7061657905578613] 1.7304366270648404 0.1627645194530487
traffic_cone [[19.12039184570267, 38.54555511474632, 0.2690809965133809]] [0.46170440316200256, 0.45883607864379883, 1.105737328529358] -2.1648778915405273 0.16275455057621002
pedestrian [[19.110160827636037, 44.66893768310547, 0.5601416230201721]] [0.5989001989364624, 0.6403852105140686, 1.5670011043548584] 0.6986316442489621 0.15413641929626465
traffic_cone [[13.038940429686818, -21.748886108398665, -2.6100053787231445]] [0.3851611316204071, 0.3780726194381714, 0.8521079421043396] -3.127882480621338 0.1490437537431717
traffic_cone [[15.862861633300327, -29.860670089722134, -2.371218681335449]] [0.36566150188446045, 0.3607034981250763, 0.9752358198165894] 3.075579468403952 0.14800503849983215
pedestrian [[26.527816772460483, 41.76922607421898, 1.2542526721954346]] [0.6325950622558594, 0.6456671357154846, 1.7277772426605225] 1.910232845936911 0.14629720151424408
pedestrian [[19.90251159667946, 41.790870666503906, 0.3648819327354431]] [0.6105176210403442, 0.6316467523574829, 1.5522651672363281] -1.2703685760498047 0.1420815885066986
pedestrian [[14.89675903320267, -40.885520935058594, -2.1485114097595357]] [0.6201951503753662, 0.6263267993927002, 1.6844682693481445] -2.0744800567626958 0.13841195404529572
pedestrian [[34.88948059081963, -12.210105895995866, 2.2141799926757812]] [0.7369338274002075, 0.7603418231010437, 1.8668311834335327] -3.0820970535278316 0.13651397824287415
pedestrian [[23.146408081054233, 41.17022705078148, 0.31038978695869446]] [0.5806260108947754, 0.5951318740844727, 1.4747846126556396] 2.8741372267352503 0.13516780734062195
pedestrian [[29.67575073242142, 40.549522399902344, 1.3246495723724365]] [0.6451218724250793, 0.6509169340133667, 1.7947521209716797] -0.14738392829895047 0.13032664358615875
pedestrian [[40.09299468994095, 49.91712951660111, 1.946107029914856]] [0.6440821886062622, 0.6602933406829834, 1.7577117681503296] 3.0953810850726526 0.12932385504245758
traffic_cone [[24.40950775146416, 46.38018798828125, 0.5666334629058838]] [0.4458049535751343, 0.446027010679245, 1.3340318202972412] 0.4908138513565059 0.12800723314285278
pedestrian [[16.3956680297847, 21.32874298095703, -0.22546786069869995]] [0.4750155508518219, 0.4689226746559143, 1.4262043237686157] 2.0146244207965296 0.12328976392745972
traffic_cone [[24.412460327147983, 44.29816436767578, 0.49944430589675903]] [0.497650682926178, 0.5046282410621643, 1.4025368690490723] 0.9810515642166131 0.11966578662395477
pedestrian [[39.41832733154229, 51.93229675292923, 1.9215420484542847]] [0.6266979575157166, 0.6501642465591431, 1.7282215356826782] 1.4038301706314082 0.11611907929182053
pedestrian [[18.886917114257358, 44.21863555908203, 0.6514214277267314]] [0.6713888645172119, 0.7159687876701355, 1.720345377922058] 0.48710978031158425 0.11002898216247559
traffic_cone [[5.795692443846747, -30.432786941528548, -2.004695177078247]] [0.3846137523651123, 0.38940784335136414, 1.0118200778961182] 2.8013823668109343 0.10895387083292007
traffic_cone [[-4.05508422851608, 1.3194427490232101, -1.4161015748977661]] [0.45430392026901245, 0.35489121079444885, 0.44921794533729553] 1.5916751066790982 0.10708720982074738
traffic_cone [[27.15245819091774, 50.703987121582486, 0.5709880590438843]] [0.42103445529937744, 0.4258701503276825, 1.097755789756775] -1.5349794626235962 0.10679523646831512
pedestrian [[-7.067260742188182, -23.14515686035179, 1.5210944414138794]] [0.6545881032943726, 0.7207446694374084, 1.7975786924362183] -1.3276469707489014 0.10434488952159882
pedestrian [[11.029411315917287, -38.23557662963867, -2.1818885803222514]] [0.5515976548194885, 0.5665538907051086, 1.5534107685089111] -1.4848213195800781 0.10131443291902542
de9432d4fc7a4e5a985e2bc628eb614c