car [[12.964569091796761, 1.966716766357763, -0.9394090175628591]] [1.701890230178833, 4.083605766296387, 1.4653867483139038] -1.717037916183472 0.9029800891876221
car [[22.447799682617188, 0.9469375610354973, -0.8054840564727712]] [1.7659815549850464, 4.1568756103515625, 1.508824110031128] -1.7357800006866457 0.8200422525405884
car [[14.481712341308594, 9.947261810302962, -0.7819027304649318]] [1.8112555742263794, 4.243550777435303, 1.5321972370147705] 1.4267326593399048 0.7958375215530396
car [[15.366607666015625, -9.857311248779013, -1.17999875545501]] [1.9029370546340942, 4.568149089813232, 1.618306040763855] 1.5033310651779173 0.7911661863327026
car [[15.350311279296875, 1.9349098205569248, -0.8763319253921509]] [1.8629131317138672, 4.628920555114746, 1.539980411529541] -1.7553220987319949 0.7825603485107422
car [[23.02265167236328, 21.322654724121435, -0.09557095170019991]] [1.8705713748931885, 4.408928871154785, 1.5898633003234863] -1.6819913387298584 0.7769656777381897
car [[24.88096618652355, 0.8321762084963211, -0.6940220594406057]] [1.7990169525146484, 4.318747520446777, 1.5163373947143555] -1.6795758008956911 0.7718808650970459
car [[17.829986572265852, 1.424869537353743, -0.8299785852432251]] [1.8214035034179688, 4.418622970581055, 1.5726139545440674] -1.7408134937286377 0.7569336891174316
car [[19.34918212890625, 9.801181793213289, -0.5000110268592799]] [1.8861467838287354, 4.470223426818848, 1.6524972915649414] 1.4635647535324097 0.7547821998596191
car [[28.64700317382824, 20.77573394775419, 0.14408810436725972]] [1.9181020259857178, 4.566841125488281, 1.7414474487304688] 1.5200992822647097 0.7532510161399841
car [[18.11650848388672, -10.361919403076001, -1.0481476783752441]] [1.895486831665039, 4.563601970672607, 1.6000075340270996] 1.4947510957717893 0.7455231547355652
car [[16.97553253173828, 9.743438720703466, -0.6689229011535573]] [1.8298099040985107, 4.447132110595703, 1.5313152074813843] 1.435158133506775 0.7422968149185181
car [[9.515632629394645, 10.600700378418196, -0.8089938163757253]] [1.8148720264434814, 4.487765789031982, 1.516242504119873] -1.6863354444503786 0.7280049920082092
car [[26.19198608398426, 8.208324432373388, -0.3137221932411087]] [1.7857414484024048, 4.219055652618408, 1.5353546142578125] 1.3533416986465454 0.7159075736999512
car [[14.533805847167855, 22.292633056640796, -0.3755744397640157]] [1.8996115922927856, 4.625250339508057, 1.6778223514556885] -1.6475312709808352 0.7029032111167908
car [[27.526123046875227, 0.9485244750978268, -0.19078652560710907]] [1.9374229907989502, 4.784543514251709, 1.876186728477478] -1.6763920783996586 0.6945853233337402
car [[32.684921264648324, -11.806846618652003, -0.5429888963699234]] [1.8919837474822998, 4.432188987731934, 1.6402305364608765] 1.4937180280685423 0.6655783653259277
car [[22.988868713378906, -10.65586853027321, -0.869592010974884]] [1.7940056324005127, 4.142210960388184, 1.5718945264816284] 1.5157381296157832 0.6606308221817017
car [[23.900802612304574, 8.844078063965242, -0.38985514640807395]] [1.7625858783721924, 4.079905986785889, 1.5682140588760376] 1.376799464225769 0.6505944728851318
car [[30.230064392089844, -0.1591262817379402, -0.266097992658608]] [1.9429595470428467, 4.554190635681152, 1.7312352657318115] 1.3941346406936643 0.6443195939064026
car [[25.06771087646473, -11.106563568115064, -0.8132550716400075]] [1.8024828433990479, 4.273993015289307, 1.5746970176696777] 1.4704593420028687 0.6376595497131348
car [[12.123565673828011, 22.921188354492358, -0.589987158775326]] [1.8091020584106445, 4.30853271484375, 1.509822964668274] -1.670228242874146 0.6095658540725708
car [[9.681648254394531, 22.69876098632841, -0.7237296700477529]] [1.7655187845230103, 4.0796332359313965, 1.494445562362671] -1.6846216917037968 0.5933325290679932
car [[7.292629241943246, 22.92272186279331, -0.6825390458106888]] [1.9572495222091675, 4.7569427490234375, 1.5788167715072632] 1.4506176710128789 0.5893948078155518
car [[20.57447052001953, -10.589160919189283, -0.9915088415145838]] [1.776918888092041, 4.1326069831848145, 1.5258705615997314] 1.4559773206710815 0.5732768774032593
car [[29.7489471435548, -12.202125549316122, -0.564398586750027]] [1.8546710014343262, 4.333991050720215, 1.6293259859085083] 1.5326613187789915 0.5103484392166138
car [[40.306861877441406, 6.87125396728527, 0.24584457278251648]] [1.9545090198516846, 4.490005970001221, 1.6891028881072998] 1.4222491979599 0.49581095576286316
car [[51.238693237304574, -12.968597412109034, 0.33200454711914773]] [1.998856782913208, 4.599996089935303, 1.8280901908874512] -0.22830891609191933 0.4578607976436615
car [[42.94956970214855, 19.446998596191577, 1.3227788209915161]] [2.3276634216308594, 5.543217182159424, 2.450523614883423] -1.6649456024169922 0.44436579942703247
car [[28.63620758056652, 8.058780670166243, -0.13708625733851676]] [1.7975599765777588, 4.2112603187561035, 1.5512735843658447] 1.4415100812911985 0.4443635046482086
car [[34.590515136718636, 6.418952941894759, 0.11494244635105844]] [1.9435553550720215, 4.458486557006836, 1.7387709617614746] -0.08732926845550573 0.4308968484401703
car [[27.791580200195312, -11.621749877929517, -0.6089381575584376]] [1.906531572341919, 4.458840370178223, 1.6545054912567139] 1.5140124559402461 0.42320114374160767
car [[39.841766357421875, -12.391605377196868, -0.2975180149078298]] [1.8440030813217163, 4.268229007720947, 1.5750670433044434] -1.9011664390563967 0.41119760274887085
car [[44.24150848388649, -1.5853538513180752, 0.21862503886223195]] [1.894897222518921, 4.479860782623291, 1.6988722085952759] 1.6577375570880335 0.40546199679374695
car [[20.138572692871094, 1.4371795654300286, -0.8624848723411453]] [1.7691059112548828, 4.105349063873291, 1.509820580482483] -1.744676947593689 0.1729576140642166
car [[26.048675537109375, 21.90897369384777, -0.20590619742869976]] [1.7530444860458374, 3.9823474884033203, 1.51055908203125] -1.4907169342041018 0.15893638134002686
car [[33.87229919433594, -18.308982849120753, -0.3839147686958242]] [1.886687159538269, 4.362061023712158, 1.6550949811935425] 2.2630203405963343 0.1376889944076538
car [[45.87315368652344, -3.1315956115719246, 0.27580577135086415]] [2.0402257442474365, 4.726742744445801, 1.7902085781097412] 0.039535045623779 0.12465127557516098
car [[34.402191162109375, -11.050605773925497, -0.49845179915427806]] [2.021585464477539, 4.790083408355713, 1.705542802810669] 2.4081657568561 0.12376075983047485
car [[15.262260437011719, -30.914127349853402, -1.5842213630676234]] [1.8627172708511353, 4.292479991912842, 1.6429648399353027] -1.7342605590820317 0.11997988075017929
car [[21.845962524413835, 9.325027465820597, -0.4345441460609365]] [1.8647550344467163, 4.369518756866455, 1.5698106288909912] 1.4132639169692989 0.11424385011196136
car [[53.12239074707037, 21.44129180908226, 1.5378234386444163]] [1.9945363998413086, 4.569222927093506, 1.8024401664733887] 3.0577715078936976 0.10680241137742996
truck [[10.980232238769531, -9.753536224365007, -0.6529211997985804]] [2.3573052883148193, 5.765563011169434, 2.9767839908599854] 1.4634541273117068 0.8141966462135315
truck [[42.928741455078125, 19.402374267578296, 1.1095877885818481]] [2.3662986755371094, 5.537283420562744, 2.5482466220855713] -1.6639320850372314 0.3401584327220917
construction_vehicle [[19.534484863281364, 20.076568603515852, 1.5134031772613596]] [2.6966447830200195, 6.373595237731934, 3.3104758262634277] 2.04978591600527 0.172574982047081
construction_vehicle [[50.810546875, -12.916606903075945, 0.2731401026248932]] [2.033262014389038, 4.011707782745361, 2.0372238159179688] -0.17494201660156306 0.16641417145729065
construction_vehicle [[15.884582519531364, -29.730787277221452, -1.740127563476559]] [1.5901167392730713, 2.509065866470337, 2.006678342819214] -0.0937833786010741 0.16392184793949127
truck [[27.519226074218636, 0.9357109069825924, -0.20225605368613842]] [1.9178998470306396, 4.962484836578369, 1.8458023071289062] -1.6694816350936892 0.15644969046115875
truck [[33.30897521972645, 6.829528808594034, -0.000826131552450704]] [2.1293351650238037, 4.89338493347168, 1.9569129943847656] 1.3602105379104614 0.1367105096578598
truck [[32.65521240234375, -12.232437133788778, -0.44101664423941855]] [2.057767152786255, 5.288644313812256, 1.848034381866455] 1.5030895471572874 0.12926658987998962
construction_vehicle [[-36.896114349365234, 48.20179748535173, 2.346481323242191]] [1.8509418964385986, 2.681079387664795, 1.986480712890625] 1.1075469255447385 0.1265152394771576
construction_vehicle [[4.509765624999886, 30.278221130371435, -0.9368179440498281]] [2.3016738891601562, 5.078577041625977, 2.3459694385528564] -3.13790512084961 0.12029395252466202
construction_vehicle [[-10.504531860351562, -32.83942413330067, -1.7568764686584437]] [1.6063687801361084, 2.992818832397461, 2.1394693851470947] 0.058262228965758785 0.11815182119607925
truck [[45.90821075439453, -2.714824676513331, 0.367018640041362]] [2.0864081382751465, 4.884454727172852, 1.8738057613372803] -0.14413094520568898 0.10498721897602081
truck [[41.719970703125, 5.733406066894872, 0.438792228698734]] [2.0885822772979736, 5.006938934326172, 1.8517030477523804] -0.7403237223625188 0.10120159387588501
bus [[4.302055358886719, -18.17907333374012, -0.8115046024322474]] [2.9875130653381348, 12.595783233642578, 3.247734308242798] 2.6541550795184534 0.842137336730957
trailer [[-10.438053131103516, -42.34260559082003, -1.3556104898452723]] [3.0968539714813232, 15.89016056060791, 3.7642405033111572] -0.11343443393707335 0.44072410464286804
trailer [[-38.119750976562614, -35.143775939941236, -2.1019387245178187]] [2.996913433074951, 10.262886047363281, 3.678039312362671] -0.38464343547821045 0.15544991195201874
bus [[41.66971588134771, 23.69928741455101, 1.2379931211471593]] [3.0385305881500244, 12.235513687133789, 3.5817439556121826] 3.0350559393512166 0.1341574788093567
trailer [[41.69673156738304, -27.879831314086687, 2.15657472610474]] [2.8944084644317627, 11.749035835266113, 3.9790844917297363] 2.779393021260397 0.11839382350444794
trailer [[3.9080505371094887, -45.30954360961874, -1.5918829441070486]] [2.9479494094848633, 16.440685272216797, 4.14539909362793] 2.8075721899615687 0.10792693495750427
trailer [[-29.07261848449707, 28.52192687988304, 0.4859589338302648]] [3.144583225250244, 15.386028289794922, 4.2191057205200195] -1.2560769319534304 0.10523209720849991
barrier [[-12.709709167480469, -31.069766998290618, -2.35334920883178]] [2.6830155849456787, 0.54764723777771, 1.0082931518554688] 1.8431885878192351 0.283681184053421
barrier [[43.64774322509777, -2.671241760253679, 0.274571150541302]] [2.095996856689453, 0.47925901412963867, 1.0803306102752686] -3.0756182670593266 0.14166590571403503
barrier [[38.25474548339855, -16.946773529052564, 0.3620066046714818]] [2.0941739082336426, 0.522865355014801, 1.0378832817077637] 1.9336593786822716 0.1291940063238144
barrier [[3.253490447998047, 30.92263793945324, -1.3214519023895264]] [1.99009370803833, 0.532400369644165, 1.0196353197097778] -0.42522621154785206 0.11038701236248016
barrier [[18.473052978515625, 25.075988769531477, 0.17363056540489197]] [2.1519663333892822, 0.5421651005744934, 1.0789884328842163] -1.699698925018311 0.10584242641925812
barrier [[-18.890079498291016, -9.821365356445028, -1.6293747425079275]] [2.2812321186065674, 0.37761616706848145, 1.0232304334640503] 0.05546951293945296 0.10186900198459625
motorcycle [[-5.74774169921875, 18.766014099121378, -0.8649277091026306]] [0.7549051642417908, 2.2666103839874268, 1.3652578592300415] -1.713931441307068 0.763764500617981
motorcycle [[-3.794506072998047, 18.33766937255882, -0.8554663658142054]] [0.7183679342269897, 2.235747814178467, 1.3547911643981934] 1.4246882200241089 0.7388390302658081
bicycle [[-6.551342010498047, 13.02831268310564, -0.9138082265853811]] [0.4257725179195404, 1.6185871362686157, 1.0067853927612305] 1.4475804567337038 0.6512002944946289
motorcycle [[-2.683879852294922, 18.48419952392618, -0.9559954404830826]] [0.6478949785232544, 2.1225719451904297, 1.2366807460784912] 1.4300166368484495 0.6225138902664185
motorcycle [[-4.40411376953125, 12.727447509765682, -0.8585890531539917]] [0.604188084602356, 1.8872801065444946, 1.201682686805725] -1.6279366016387942 0.5475257635116577
motorcycle [[1.9135551452637856, 24.40084075927757, -0.8309153914451564]] [0.5904996395111084, 1.8698570728302002, 1.179336667060852] 1.530433535575867 0.46322184801101685
bicycle [[-19.66452789306618, -16.515258789062386, -1.8317831754684413]] [0.5699322819709778, 1.5842891931533813, 1.2999224662780762] -1.6579283475875854 0.4538342356681824
motorcycle [[-4.306529998779297, 21.38584899902355, -0.6723994016647339]] [0.7327619194984436, 2.2158284187316895, 1.3681843280792236] 1.4375153779983523 0.44919145107269287
motorcycle [[-5.031688690185433, 12.818313598632926, -0.8363668918609584]] [0.6088771820068359, 1.8421603441238403, 1.2972804307937622] -1.6633286476135254 0.38115522265434265
bicycle [[-16.899993896484375, -16.46720504760708, -1.8247418403625417]] [0.564116895198822, 1.6125894784927368, 1.1136155128479004] -1.1813411712646487 0.34686389565467834
bicycle [[-7.104522705078239, 15.45657348632841, -0.8841286301612818]] [0.49156254529953003, 1.575057029724121, 1.0724337100982666] -1.488324046134949 0.3284057080745697
motorcycle [[-5.076499938964844, 20.610610961914347, -0.7030022740364039]] [0.813041627407074, 2.3974721431732178, 1.4248242378234863] -0.35669481754303 0.30662673711776733
motorcycle [[-4.446746826171875, 18.79518890380899, -0.8219925761222768]] [0.7151364684104919, 2.232886791229248, 1.351837158203125] 1.561676144599914 0.27175000309944153
motorcycle [[-4.351154327392578, 17.807891845703466, -0.7652328014373708]] [0.7154940366744995, 2.066192388534546, 1.29603111743927] 1.1158264875411987 0.2557038366794586
bicycle [[25.98667144775402, 20.71043395996122, -0.6695490479469264]] [0.7495163083076477, 1.8813612461090088, 1.6673659086227417] -1.7713046073913572 0.22671854496002197
bicycle [[-5.208026885986214, 11.835159301757983, -0.7791188955307007]] [0.5274688601493835, 1.6177611351013184, 1.1252789497375488] -1.0679359436035158 0.2163444459438324
motorcycle [[-3.7750701904296875, 19.434097290039347, -0.835926055908196]] [0.7023706436157227, 2.1568222045898438, 1.3370598554611206] 0.9894152879714967 0.1980169415473938
bicycle [[-6.435222625732308, -32.1628723144529, -2.168990850448605]] [0.5003495216369629, 1.5148444175720215, 1.0861711502075195] -1.6622980833053589 0.19053152203559875
motorcycle [[-2.7581939697265625, 19.365051269531534, -0.8482716679573059]] [0.652898907661438, 2.021873950958252, 1.3215841054916382] 0.9694758653640748 0.18918265402317047
motorcycle [[-5.645687103271484, 12.889938354492472, -0.861257135868069]] [0.5809535980224609, 1.7704987525939941, 1.2386395931243896] 0.8983660936355589 0.1885054111480713
motorcycle [[3.244319915771598, 30.91245269775402, -1.3150534629821742]] [0.7534382343292236, 1.9581413269042969, 1.2821279764175415] 2.3178809324847625 0.18651695549488068
bicycle [[6.360771179199219, 28.554084777832145, -1.1765155792236293]] [0.5139234662055969, 1.551283597946167, 1.0767786502838135] 1.6046627203570765 0.17704755067825317
bicycle [[6.30106353759777, 29.046104431152514, -1.1404318809509277]] [0.5294154286384583, 1.6015739440917969, 1.102023959159851] -0.06013047695159947 0.16026729345321655
motorcycle [[-6.791088104248047, 18.855140686035384, -0.7537224292755162]] [0.7227709293365479, 2.1514346599578857, 1.2858997583389282] -1.080253124237061 0.14444676041603088
motorcycle [[49.341094970703125, -12.36846542358387, 0.47771927714347484]] [0.8033040761947632, 2.2376058101654053, 1.5154156684875488] 1.4085155725479124 0.1423298865556717
bicycle [[-3.7670021057126633, -33.762676239013445, -2.2587547302246094]] [0.6108165979385376, 1.6642837524414062, 1.149367094039917] -1.6001144647598267 0.1405407190322876
motorcycle [[-5.621509552001839, 13.451560974121378, -0.8154994249343872]] [0.6030589938163757, 1.7832316160202026, 1.277312994003296] 0.742841601371765 0.13603933155536652
bicycle [[-7.408714294433366, 16.328788757324503, -0.7926268577575648]] [0.5458377599716187, 1.682080626487732, 1.1107977628707886] 1.7862871328936973 0.13444095849990845
bicycle [[-18.917499542236442, -9.275360107421534, -1.5311450958251882]] [0.5149379372596741, 1.5662457942962646, 1.089866042137146] -0.38919198513031067 0.13171780109405518
motorcycle [[-6.181526184081918, 20.011054992675952, -0.788235187530514]] [0.7460631132125854, 2.117877721786499, 1.3430750370025635] -1.4366424083709717 0.12596866488456726
bicycle [[-18.911773681640625, -8.758735656737997, -1.544342160224911]] [0.48319464921951294, 1.5302430391311646, 1.0954127311706543] -0.15729844570159937 0.12265409529209137
bicycle [[-14.086212158203352, 15.949897766113509, -0.7020175457000626]] [0.6482734084129333, 1.6315550804138184, 1.3366329669952393] -1.9540886878967287 0.11637827008962631
bicycle [[-6.334362030029183, 25.008392333984602, -0.3682299256324697]] [0.5909826755523682, 1.6452441215515137, 1.1224756240844727] 2.642081085835592 0.11438928544521332
motorcycle [[15.331375122070199, -29.085298538207837, -1.7129492759704554]] [0.8079428672790527, 1.956466555595398, 1.645102858543396] 0.7175098657608031 0.11267589777708054
motorcycle [[39.1988067626952, -11.126964569091513, -0.5225710868835378]] [0.6060590744018555, 1.7717199325561523, 1.2217092514038086] 1.4629389047622683 0.10674963891506195
bicycle [[4.416431427001953, 26.624771118164347, -0.9919791817665029]] [0.5687586069107056, 1.675105094909668, 1.0896648168563843] 0.2472552061080932 0.10595150291919708
bicycle [[-7.54209136962902, 21.294113159180085, -0.6714975237846339]] [0.5745477080345154, 1.6247470378875732, 1.0851821899414062] -1.244848966598511 0.10525785386562347
bicycle [[16.44793701171875, -24.275712966918718, -2.5891480445861745]] [0.6228048801422119, 1.754499912261963, 1.125679850578308] -0.79315710067749 0.10380392521619797
motorcycle [[-5.115753173827898, 17.818168640136946, -0.7248284220695425]] [0.72166508436203, 2.1218345165252686, 1.3094360828399658] -2.9277808666229252 0.10182702541351318
pedestrian [[-7.020404815673828, 3.969287872314794, -0.5552644729614151]] [0.6516781449317932, 0.5907448530197144, 1.8643584251403809] 0.40078282356262207 0.8642315864562988
pedestrian [[-8.622997283935433, 3.9394607543947586, -0.609396457672112]] [0.6001965403556824, 0.5484697818756104, 1.783084511756897] -0.48124027252197327 0.8630325794219971
pedestrian [[-6.431720733642578, 6.900249481201342, -0.49413403868674877]] [0.6563971638679504, 0.6089800596237183, 1.8274362087249756] -0.35176420211792064 0.8580086827278137
pedestrian [[-5.227809906005859, 8.19181060791027, -0.5511933565139735]] [0.6003372669219971, 0.5582612752914429, 1.6932389736175537] -0.3565825223922732 0.8420165181159973
pedestrian [[-7.370758056640739, 8.66105270385782, -0.42882403731345775]] [0.6399549841880798, 0.5964330434799194, 1.7453954219818115] -0.5483115911483772 0.8299883604049683
pedestrian [[-6.916591644287223, 5.272167205810661, -0.5786211490631068]] [0.6168038249015808, 0.5531926155090332, 1.7754826545715332] -0.4801336526870732 0.8261340856552124
pedestrian [[-11.492546081542969, -5.078968048095419, -1.2677197456359792]] [0.7625912427902222, 0.8714835047721863, 1.836708426475525] 1.1615861654281616 0.8156235218048096
pedestrian [[-9.428215026855241, 2.9244651794436436, -0.6947072744369471]] [0.5951985716819763, 0.5518906116485596, 1.7349841594696045] -0.1521478891372682 0.7775927782058716
pedestrian [[-6.567409515380632, 0.2381591796876137, -0.8347203731536794]] [0.6717602014541626, 0.824471116065979, 1.7832424640655518] 1.307219386100769 0.7689583897590637
pedestrian [[-7.572811126708757, 7.704383850097997, -0.4545294642448354]] [0.6285068392753601, 0.5754125118255615, 1.8014616966247559] -0.05390357971191411 0.7630261182785034
pedestrian [[-6.096504211425895, 9.068187713623445, -0.4293488562107015]] [0.6403120756149292, 0.5994381308555603, 1.7742539644241333] -0.6407358646392826 0.7433855533599854
pedestrian [[-8.100040435790902, 3.10879135131853, -0.6942185759544408]] [0.5974729657173157, 0.5784263610839844, 1.6099648475646973] -0.12517321109771748 0.7354097366333008
pedestrian [[-1.86203765869152, 15.447212219238509, -0.6622680425643921]] [0.6926661729812622, 0.8065907955169678, 1.6848753690719604] -2.5897514820098877 0.7285811305046082
pedestrian [[-7.316459655761832, 0.677707672119368, -0.7919132709503103]] [0.6649419069290161, 0.7961726188659668, 1.8041036128997803] 1.3575550317764282 0.7209625244140625
pedestrian [[-8.036178588867301, 5.230812072754247, -0.579293131828301]] [0.5511481761932373, 0.5079890489578247, 1.7596288919448853] -0.5132550001144415 0.7205318808555603
pedestrian [[-7.4189605712890625, 4.929454803467081, -0.5915655493736232]] [0.5738400220870972, 0.5250645875930786, 1.770707130432129] -0.2850857973098761 0.7056251764297485
pedestrian [[-14.936637878417855, -18.956344604491846, -1.6497633457183838]] [0.6000198721885681, 0.579168975353241, 1.6968774795532227] 0.2420284748077388 0.6607337594032288
pedestrian [[-1.9033088684083168, -23.707441329955714, -1.6600904464721644]] [0.7020763754844666, 0.7722450494766235, 1.7610373497009277] 2.4618018309222616 0.6596190929412842
pedestrian [[-19.570949554443246, -19.911762237548658, -1.4390902519226039]] [0.6359648704528809, 0.6687017679214478, 1.717376470565796] -0.0014634132385259457 0.5610387921333313
pedestrian [[-7.130664825439453, 4.431938171386946, -0.5922078490257228]] [0.6132421493530273, 0.5513671636581421, 1.8003544807434082] 0.007336497306823224 0.5008794665336609
pedestrian [[-5.242107391357308, 13.413368225097827, -0.6685290932655263]] [0.5709494948387146, 0.5809652805328369, 1.5130701065063477] -0.4010044336318974 0.41220760345458984
pedestrian [[19.53726959228527, -29.22121620178183, -1.6252640485763479]] [0.6118707656860352, 0.6382649540901184, 1.7177340984344482] 2.88938814798464 0.39241892099380493
traffic_cone [[-2.84991455078125, 13.420097351074503, -0.896018624305718]] [0.40246787667274475, 0.40508073568344116, 1.1439017057418823] -0.3153742551803593 0.36974862217903137
traffic_cone [[-2.965015411376953, 12.432518005371321, -0.9356907010078359]] [0.4382799565792084, 0.4408544898033142, 1.1520576477050781] -0.5879602432250981 0.36087483167648315
pedestrian [[-7.91233062744152, 6.152122497558878, -0.5584947466850245]] [0.5979475378990173, 0.5855427384376526, 1.6990150213241577] -0.3996114730834962 0.36062896251678467
traffic_cone [[-3.0820350646972656, 11.628295898437784, -0.9361291527748072]] [0.4200012683868408, 0.4163271188735962, 1.1135568618774414] -0.4205774068832398 0.3386547267436981
pedestrian [[-7.992103576660156, 8.047275543213175, -0.48412454128265026]] [0.5582171082496643, 0.5431709289550781, 1.6637262105941772] -0.17018973827362063 0.33545225858688354
pedestrian [[-7.605873107910043, 5.802947998047216, -0.5754585266113281]] [0.5774340629577637, 0.5553801655769348, 1.7264935970306396] -0.3856261968612679 0.32216477394104004
pedestrian [[-8.542476654052848, 3.346698760986669, -0.6580306291580165]] [0.5941610932350159, 0.5719536542892456, 1.707044243812561] -0.39283668994903653 0.2766830325126648
pedestrian [[-7.4115753173828125, 9.047687530517862, -0.4281884431838954]] [0.6465762853622437, 0.6315587759017944, 1.7225064039230347] -0.40714693069458013 0.27592647075653076
pedestrian [[-8.552265167236214, 2.7462463378907387, -0.7419887185096741]] [0.5888964533805847, 0.5907210111618042, 1.6122305393218994] -0.005488395690918531 0.27017754316329956
pedestrian [[-19.65894317626953, -16.42578506469698, -1.6991809606552088]] [0.6027008891105652, 0.6606131196022034, 1.4955418109893799] -0.8173546195030214 0.26000458002090454
traffic_cone [[-18.858562469482422, -8.867431640624659, -1.551186203956597]] [0.38197144865989685, 0.3865172266960144, 1.0574610233306885] 0.010650038719176932 0.24277785420417786
pedestrian [[-11.903964996338118, 2.6223831176760655, -1.2795078754424978]] [0.5071021318435669, 0.5271947979927063, 1.2791510820388794] -0.7584350109100344 0.23107989132404327
pedestrian [[10.990417480468636, -15.302543640136435, -1.4823313951492239]] [0.6277838945388794, 0.6281591057777405, 1.6338832378387451] 2.414726082478659 0.22332161664962769
pedestrian [[-10.63807296752941, -32.69125747680647, -1.9671730995178116]] [0.6205173134803772, 0.6323670744895935, 1.626792311668396] 1.3257585763931274 0.22186973690986633
pedestrian [[-8.082576751708984, 4.5955390930178055, -0.5793961286544693]] [0.5769858956336975, 0.5454767942428589, 1.8137098550796509] -0.5489693880081177 0.211745023727417
pedestrian [[-8.453399658203239, 5.121181488037337, -0.5612781047821045]] [0.5797442197799683, 0.5552328824996948, 1.7805887460708618] -0.5840138792991639 0.21059496700763702
traffic_cone [[-2.93711090087902, 12.769042968750341, -0.9156105518341064]] [0.44270485639572144, 0.45039045810699463, 1.1782910823822021] -0.22178244590759313 0.19561287760734558
pedestrian [[-7.663452148437614, 3.3296089172366123, -0.6696951985359156]] [0.6177191734313965, 0.6271343231201172, 1.653977632522583] -0.20431804656982458 0.19486267864704132
pedestrian [[-6.5875091552734375, 5.517971038818587, -0.5665022134780813]] [0.644012987613678, 0.6356889605522156, 1.7242796421051025] -0.40617156028747586 0.19260050356388092
pedestrian [[-6.292808532714844, 10.682388305664233, -0.6206039190292323]] [0.5417014360427856, 0.5277758836746216, 1.4520732164382935] -0.5628193616867064 0.18902668356895447
traffic_cone [[6.336174011230355, 28.90206909179716, -1.1453902721404958]] [0.3692724406719208, 0.3718160092830658, 0.817686140537262] -2.2001352310180664 0.1883600652217865
traffic_cone [[12.935966491699219, -1.961002349853345, -1.5853011608123744]] [0.380459725856781, 0.36672595143318176, 0.518333911895752] -1.4574469327926638 0.18429479002952576
traffic_cone [[-22.464101791381722, 9.682079315185831, -1.2179994583129812]] [0.5209851264953613, 0.5153025984764099, 1.1596544981002808] -0.12211680412292525 0.1831403374671936
pedestrian [[-7.974235534668082, 8.555847167968977, -0.4733310937881434]] [0.6318423748016357, 0.6477704644203186, 1.6997828483581543] -0.30208241939544733 0.17266859114170074
pedestrian [[-8.653129577636605, 5.665893554687727, -0.524811446666714]] [0.5969424247741699, 0.5852745771408081, 1.7782392501831055] -0.4907869100570684 0.1705949902534485
pedestrian [[33.2197723388673, -17.729312896728345, -0.20766028761863353]] [0.6318085193634033, 0.6519132256507874, 1.7173373699188232] 1.8445118109332486 0.1672796607017517
pedestrian [[-5.236076354980469, 12.209976196289347, -0.7024806737899674]] [0.533784031867981, 0.5579379200935364, 1.3832712173461914] 0.6550353765487668 0.16383253037929535
pedestrian [[-8.638973236084098, 6.311923980713175, -0.4657955169677699]] [0.6118342876434326, 0.594550609588623, 1.7809892892837524] -0.3753745555877688 0.16327343881130219
traffic_cone [[-16.92511749267578, -17.193248748779013, -1.7513703107833827]] [0.3864647150039673, 0.3779863119125366, 1.0143892765045166] 0.13821482658386194 0.16111595928668976
pedestrian [[-6.97183990478527, 9.95338821411167, -0.6280678510665894]] [0.5545209646224976, 0.5405187606811523, 1.429163932800293] -0.44641256332397494 0.15843704342842102
pedestrian [[-14.081497192382926, 16.039794921875284, -0.7637396454811061]] [0.6114237904548645, 0.635590136051178, 1.6771256923675537] -2.34057354927063 0.1570274978876114
pedestrian [[-8.812961578369254, -33.331771850585596, -1.7554271221160853]] [0.634994387626648, 0.6483929753303528, 1.5975711345672607] 1.5464354753494265 0.151433527469635
traffic_cone [[8.248291015624773, 6.197322845459212, -0.9329513907432485]] [0.3828020691871643, 0.3679826259613037, 0.9943658709526062] 0.9377182722091673 0.14742495119571686
pedestrian [[15.30631256103527, -29.110670089721395, -1.7597537040710414]] [0.6935246586799622, 0.7383607625961304, 1.7406020164489746] 0.8763338327407836 0.14648601412773132
pedestrian [[-5.186981201171875, 11.844238281250227, -0.6915473937988246]] [0.5073730945587158, 0.5231436491012573, 1.3683290481567383] -0.6641265153884894 0.1402040421962738
pedestrian [[-10.539813995361442, -33.12605285644503, -1.8533723354339493]] [0.618669867515564, 0.6330532431602478, 1.7103450298309326] 1.466830611228943 0.13727183640003204
traffic_cone [[3.2679939270018394, 30.20153045654331, -1.3472355604171682]] [0.43845003843307495, 0.4401116967201233, 0.8420145511627197] -0.9216303825378421 0.13543389737606049
pedestrian [[-6.844749450683594, 6.322868347168367, -0.5742328166961634]] [0.6167169213294983, 0.6014966368675232, 1.7386715412139893] -0.4710961580276495 0.13432930409908295
pedestrian [[-9.210987091064567, -33.23003387451138, -1.7959766387939382]] [0.6204957365989685, 0.6385167837142944, 1.6090670824050903] 1.501676678657532 0.1327378898859024
pedestrian [[-7.114700317382926, 8.240554809570483, -0.4244614839553762]] [0.6819732785224915, 0.6543407440185547, 1.7786439657211304] -0.37956762313842796 0.12530256807804108
pedestrian [[-9.07302474975586, 3.8105468750002274, -0.6558450460433924]] [0.6262153387069702, 0.6177894473075867, 1.7788057327270508] -0.5698612928390506 0.12463263422250748
pedestrian [[-8.089172363281364, 6.831493377685831, -0.5381697416305506]] [0.6088260412216187, 0.5936059355735779, 1.7039508819580078] -0.296492457389832 0.1235969215631485
pedestrian [[-5.213825225829964, 13.054641723632926, -0.710382878780365]] [0.5668737292289734, 0.596564769744873, 1.4638636112213135] -0.4944411516189579 0.12321832776069641
pedestrian [[-6.966445922851676, 9.268413543701513, -0.42330920696257834]] [0.6418924331665039, 0.6427748799324036, 1.7222594022750854] -0.6453540921211248 0.12186308205127716
pedestrian [[-9.894569396972656, -33.268981933593466, -1.869218230247494]] [0.599444568157196, 0.6173207759857178, 1.6490379571914673] 1.2079926729202268 0.11802640557289124
pedestrian [[-19.891429901122933, -17.035564422607138, -1.6978590488433838]] [0.5661563873291016, 0.6146366000175476, 1.4529157876968384] -0.6555070281028748 0.11639951169490814
pedestrian [[8.160488128661996, 34.66529846191446, 1.9436509609222483]] [0.6623247861862183, 0.69406658411026, 1.79591965675354] 1.083321213722229 0.1152026355266571
pedestrian [[-6.870849609375114, 10.445571899414404, -0.6839337348937917]] [0.5324093699455261, 0.5354124307632446, 1.3031175136566162] -0.37755417823791537 0.11390707641839981
pedestrian [[-22.26104164123535, -10.0153541564938, -1.0848262310028005]] [0.5462915897369385, 0.5332176089286804, 1.436811089515686] 0.46764290332794156 0.11250530183315277
traffic_cone [[16.593658447265625, -24.22526741027815, -2.476199865341183]] [0.35430702567100525, 0.3753373324871063, 0.8096453547477722] 2.7028077284442347 0.11078017950057983
pedestrian [[-4.450977325439453, 25.649269104004247, -0.7542953491210866]] [0.5979758501052856, 0.636147677898407, 1.093050241470337] -1.07308828830719 0.1097935363650322
pedestrian [[-6.954750061035043, 7.421855926513956, -0.4486318826675344]] [0.6629161834716797, 0.6511814594268799, 1.823695182800293] -0.09269678592681915 0.10794524103403091
traffic_cone [[3.4340209960936363, 29.919204711914347, -1.3665871620178116]] [0.39016100764274597, 0.3945111036300659, 0.7754948139190674] -1.4146498441696167 0.10602371394634247
pedestrian [[-5.542823791503906, 11.876686096191804, -0.6790116429328847]] [0.49380362033843994, 0.5024524927139282, 1.4197767972946167] -0.24647617340087888 0.10498765856027603
pedestrian [[-7.481288909912109, 6.9489631652834305, -0.5234254598617483]] [0.6348106265068054, 0.6280369758605957, 1.7435626983642578] -0.31844353675842346 0.10294432193040848
pedestrian [[-12.184242248535156, -32.756576538085596, -2.181526899337765]] [0.5076512098312378, 0.5022772550582886, 1.5195746421813965] 0.3651387691497799 0.10198532044887543
