car [[2.2998619079587, 14.164405822753906, -0.47585856914519553]] [1.771203875541687, 4.207329273223877, 1.5296211242675781] -1.2699207067489628 0.8520779609680176
car [[4.494060516357365, 15.139518737792969, -0.36252865195274353]] [1.80563485622406, 4.3870673179626465, 1.5223324298858643] -1.277991652488709 0.839083194732666
car [[13.53105163574196, -3.510368347167855, -1.0315399169921875]] [1.7597603797912598, 4.2378458976745605, 1.457662582397461] -1.2523384094238283 0.8320649862289429
car [[6.965358734130859, 15.46213531494152, -0.10038539767264609]] [1.8500761985778809, 4.455286026000977, 1.6887052059173584] -1.294817924499512 0.8307260274887085
car [[11.71688842773409, 4.399341583251953, -0.6569491624832082]] [1.8577659130096436, 4.537094593048096, 1.5972459316253662] 1.8715890089618128 0.812011182308197
car [[23.149276733398438, -12.900642395019531, -1.202772021293633]] [1.9173557758331299, 4.547969818115234, 1.6651794910430908] 1.89833385149111 0.7898491621017456
car [[25.515869140624773, -12.323493957519531, -1.2143776416778493]] [1.7750298976898193, 4.128463268280029, 1.5191009044647217] 1.8925412336932579 0.7651318311691284
car [[7.040370941162109, 2.9360580444335938, -0.9352303147315908]] [1.8109023571014404, 4.491173267364502, 1.4892621040344238] 1.8565991560565391 0.7643889784812927
car [[20.302963256835994, -13.546749114990234, -1.4562859535217285]] [1.8008661270141602, 4.269628047943115, 1.5623031854629517] 1.812897030507223 0.7405941486358643
car [[15.085845947265625, 18.122154235839844, 0.5194507241249013]] [1.9186195135116577, 4.516180992126465, 1.635834813117981] -1.3186097145080569 0.7325812578201294
car [[22.674865722656307, -0.3488197326660156, -0.47664734721183777]] [1.770892858505249, 4.192751884460449, 1.5532525777816772] -1.270589590072632 0.6914542317390442
car [[25.008346557617244, 0.35564422607421875, -0.29904985427855735]] [1.7958505153656006, 4.301966667175293, 1.5798569917678833] -1.2314324378967292 0.6858131885528564
car [[27.7230606079101, -11.20254135131836, -1.1455661058425903]] [1.7582422494888306, 4.072108745574951, 1.501194715499878] 1.9713781515704552 0.6656808853149414
car [[20.53603363037115, 19.662658691406364, 0.9536104798316956]] [1.9226360321044922, 4.3734283447265625, 1.7933622598648071] 1.8960517088519497 0.6603020429611206
car [[15.680366516113168, -2.3056602478027344, -0.855909764766686]] [1.8233494758605957, 4.37896728515625, 1.5304474830627441] -1.1733942031860356 0.6421166062355042
car [[29.829086303710938, -10.612297058105582, -1.0054810047149658]] [1.8003299236297607, 4.19090461730957, 1.5895144939422607] 1.8098343054400838 0.6338424682617188
car [[18.13014984130848, -1.6463737487792969, -0.7561591863632131]] [1.8199167251586914, 4.257323265075684, 1.565584659576416] -1.2565658092498784 0.6328584551811218
car [[20.852409362792855, 7.032939910888558, -0.10766935348510032]] [1.856013536453247, 4.456525802612305, 1.7849669456481934] 1.7825735251056116 0.6229888200759888
car [[27.348655700683594, 1.3637275695800781, 0.03823509439826722]] [1.9042454957962036, 4.554914951324463, 1.891513705253601] -1.261506319046021 0.6206903457641602
car [[16.40593719482399, 5.62088775634777, -0.31674668192862754]] [1.8370821475982666, 4.3202128410339355, 1.6609500646591187] 1.8925436178790493 0.5955515503883362
car [[0.03143310546875, 13.277000427246094, -0.47984927892684937]] [1.8863874673843384, 4.595138072967529, 1.5501830577850342] 1.8562529722796843 0.5695214867591858
car [[23.24563598632801, 7.415500640869141, 0.03213992342352867]] [1.850996971130371, 4.4470601081848145, 1.727407693862915] 1.7753484884845183 0.550472617149353
car [[37.01653289794899, -8.176357269286996, -0.5977834463119436]] [1.7921063899993896, 4.115567684173584, 1.6080937385559082] 1.8103645483600064 0.5425774455070496
car [[34.929061889648324, -9.348144531249886, -0.7671383619308401]] [1.8284820318222046, 4.219094276428223, 1.60469651222229] 1.9820736090289512 0.49484801292419434
car [[23.13516235351574, 20.13178253173828, 0.9244248867034983]] [1.9359527826309204, 4.5217390060424805, 1.699398398399353] 1.8382971922503868 0.4338759779930115
car [[53.65632629394531, -3.329296112060433, 0.5180544257164073]] [2.0806455612182617, 4.679178237915039, 1.8164358139038086] -1.26416289806366 0.36976444721221924
car [[32.55497741699202, -10.362518310546875, -0.8132849931716919]] [1.890869140625, 4.381967544555664, 1.6362979412078857] 1.9273017088519495 0.33265605568885803
car [[48.769287109374886, -5.186809539794808, 0.09032535552979226]] [1.8861488103866577, 4.32496452331543, 1.6823126077651978] -1.4015645980834963 0.33043861389160156
car [[37.52350616455061, 13.509262084960938, 1.254671573638916]] [1.943450689315796, 4.447063446044922, 1.6885762214660645] -3.0530190467834473 0.273347407579422
car [[36.861488342285156, 11.676223754882812, 1.295301079750061]] [1.9529728889465332, 4.571222305297852, 1.7350780963897705] 2.2595842520343226 0.25604361295700073
car [[18.29216003417946, 6.369068145751953, -0.3195471167564392]] [1.8131768703460693, 4.210760593414307, 1.5657250881195068] 1.8157289663897913 0.23315909504890442
car [[14.105407714843636, 5.087303161621207, -0.5421878099441457]] [1.7368888854980469, 4.057334899902344, 1.4908287525177002] 1.8550613562213347 0.19319075345993042
car [[20.207199096679688, -0.9225349426269531, -0.6558654308319021]] [1.745297908782959, 4.068809986114502, 1.494324803352356] -1.9885298013687134 0.18974411487579346
car [[43.54247283935547, -6.848075866699105, -0.15076743066309461]] [1.9365880489349365, 4.466399192810059, 1.7036808729171753] -1.5433372259140017 0.17338238656520844
car [[34.05186462402338, 24.20415496826172, 2.2000317573547292]] [2.185269594192505, 5.548418045043945, 2.3000218868255615] -1.237155914306641 0.1415434032678604
car [[41.20509338378889, 25.483947753906364, 1.711825489997878]] [2.005640983581543, 4.7581787109375, 1.8430860042572021] 1.8675726095782683 0.14041128754615784
car [[46.436988830566236, 5.746608734130973, 1.102506995201118]] [1.9806642532348633, 4.634504318237305, 1.747374415397644] -1.234654545783997 0.1210990846157074
car [[48.34624481201166, -3.382007598876953, 0.0073124524205994135]] [1.8688690662384033, 4.2455525398254395, 1.6152195930480957] -2.8959951400756836 0.11805763840675354
car [[44.008682250976506, 5.087615966796875, 0.9636663198471069]] [1.9650851488113403, 4.629166603088379, 1.7425124645233154] -1.507877588272095 0.1148165613412857
car [[25.565910339355582, 7.509983062744141, 0.12854540348052979]] [1.8544273376464844, 4.424098968505859, 1.6098860502243042] -1.2596663236618044 0.11113662272691727
car [[12.270317077636548, 17.08592987060547, 0.08908423781394958]] [1.7698676586151123, 4.123016357421875, 1.4815171957015991] -1.1029132604599001 0.1094193086028099
car [[-36.885082244873104, 9.389068603515739, -3.8917813301086355]] [2.013288974761963, 4.6382222175598145, 1.7004913091659546] -1.1608293056488042 0.10585229843854904
car [[29.765068054199048, 2.0820999145507812, -0.022253725677728653]] [1.9179816246032715, 4.517343997955322, 1.6968281269073486] -1.4230679273605347 0.10474191606044769
car [[5.678600311279126, 20.75341796875, 0.05219958722592111]] [1.8875761032104492, 4.350270748138428, 1.6856354475021362] -1.4361279010772707 0.1019032821059227
car [[9.301200866699219, 15.956649780273438, -0.10433895140886307]] [1.7848517894744873, 4.179760456085205, 1.5144312381744385] -1.2167451381683354 0.10139404237270355
car [[45.18846893310547, -5.189453124999886, 0.0580345056951046]] [2.0410847663879395, 4.775670051574707, 1.7982374429702759] 0.033996582031249424 0.10105030983686447
car [[30.19958496093733, -16.53406906127941, -0.6612560749053955]] [1.9911032915115356, 4.627307891845703, 1.7825970649719238] -0.12962079048156785 0.10031028091907501
truck [[16.38860321044899, -15.243522644042969, -1.0321624279022146]] [2.384833812713623, 5.753904342651367, 2.963099956512451] 1.8516033331500454 0.8269405364990234
truck [[34.05673217773426, 24.165298461914176, 2.0633487701416087]] [2.3234264850616455, 5.5931077003479, 2.608320474624634] -1.259527206420899 0.46962323784828186
truck [[27.463050842285043, 0.9910163879395668, 0.0032976451329957968]] [2.005403995513916, 5.215217113494873, 1.9279804229736328] -1.3020190000534062 0.22046080231666565
truck [[23.22084045410162, 7.4698638916015625, 0.055473715066902685]] [1.9223829507827759, 5.00885534286499, 1.9014190435409546] 1.6789520422564905 0.16865046322345734
truck [[53.846458435058594, -3.8653488159179688, 0.024082906544208527]] [2.4260270595550537, 5.893962860107422, 2.3130788803100586] -0.6623293757438666 0.16202710568904877
truck [[41.195907592773324, 25.481643676757812, 1.7276096343994212]] [2.169264793395996, 4.579841613769531, 2.1055140495300293] 1.8649476210223597 0.15296468138694763
truck [[16.39947509765608, 5.628402709960824, -0.3242381811141968]] [1.9554345607757568, 4.919206142425537, 1.8135523796081543] 1.8801768461810515 0.15000665187835693
truck [[23.120574951171875, 20.136688232421875, 0.9849871397018433]] [2.133847236633301, 5.327221870422363, 1.9814871549606323] 1.7490194479571746 0.14299963414669037
construction_vehicle [[12.283477783203011, -32.1459197998048, -0.28336015343666787]] [1.8087095022201538, 3.3611855506896973, 2.6406450271606445] 0.6584135293960572 0.1428789645433426
construction_vehicle [[28.504180908203068, -16.387119293212777, -0.7765517234802175]] [1.5579273700714111, 2.521221399307251, 1.9962881803512573] 3.0753572622882293 0.14243628084659576
truck [[25.030715942382812, 0.30959320068359375, -0.27247366309165244]] [1.8234390020370483, 4.6022725105285645, 1.7851437330245972] -1.2503799200057988 0.12713047862052917
construction_vehicle [[-0.9020996093751705, -44.738239288329964, -0.650392949581132]] [3.271681070327759, 7.221353530883789, 4.280569553375244] -1.169220089912415 0.10310767590999603
bus [[4.326381683349609, -19.582733154296875, -1.1739401817321777]] [2.969780445098877, 12.556279182434082, 3.2391200065612793] 2.343216721211569 0.9073022603988647
trailer [[-18.357128143310774, -18.290786743164062, -0.02807021141052246]] [2.9364726543426514, 14.972979545593262, 3.949941873550415] -2.4473648071289062 0.3290092349052429
trailer [[41.221862792968466, 25.49816131591797, 2.0451431274414134]] [2.123528003692627, 4.400185585021973, 1.8019075393676758] 1.905358616505758 0.19276341795921326
trailer [[-17.629756927490348, -17.26235198974598, -0.1151716262102056]] [2.8955743312835693, 12.747834205627441, 3.9835500717163086] -1.5382187366485598 0.14218276739120483
barrier [[40.65782165527327, 24.479202270507926, 1.4909622669220042]] [2.3071212768554688, 0.5092569589614868, 1.0470333099365234] -2.9438934326171875 0.19688381254673004
barrier [[11.512466430664062, 17.085891723632812, -0.3736649155616689]] [2.0782387256622314, 0.4481310248374939, 0.9210199117660522] -2.7527897357940674 0.1431605964899063
barrier [[41.873413085937386, 23.532760620117074, 1.3995275497436523]] [1.8937630653381348, 0.48645666241645813, 1.0052937269210815] -1.440867424011231 0.1310970038175583
barrier [[-36.27326202392584, 9.884300231933594, -4.208994388580322]] [3.418292284011841, 0.5314512252807617, 0.9247545003890991] 0.8082131147384641 0.10438640415668488
motorcycle [[-9.887363433838175, 7.3634223937990555, -0.7182006835937287]] [0.7267491817474365, 2.154331684112549, 1.3292760848999023] -1.3701934814453125 0.8100196123123169
motorcycle [[-8.173385620117415, 4.634773254394531, -1.0058447122573781]] [0.6773130893707275, 2.090287208557129, 1.2833259105682373] 1.9038065115558074 0.8086869716644287
motorcycle [[-10.279197692871094, 4.270252227783203, -0.9717438220977783]] [0.8539509773254395, 2.52995228767395, 1.3986451625823975] -1.2985826730728154 0.7532402276992798
motorcycle [[-5.453254699707145, 12.727203369140852, -0.7348848581314016]] [0.7428863644599915, 2.1425490379333496, 1.3339803218841553] 1.7989276091205044 0.6926182508468628
motorcycle [[-7.345947265625057, 5.188072204589844, -1.025961995124817]] [0.6383730173110962, 2.0261051654815674, 1.2020446062088013] 1.9632223288165491 0.6788344383239746
motorcycle [[-6.828533172607365, -0.8533477783204262, -1.1333338022232056]] [0.597497820854187, 1.8630119562149048, 1.2967863082885742] -1.2273598909378054 0.5740574598312378
motorcycle [[-7.475543975830192, -0.9190788269042969, -1.1916035413742065]] [0.5926904082298279, 1.8050633668899536, 1.329270839691162] -0.12210226058960026 0.4996047616004944
motorcycle [[-6.399688720703239, -0.7375411987304688, -1.021925687789917]] [0.5897284746170044, 1.856030821800232, 1.418597936630249] -1.3217294216156008 0.414125919342041
bicycle [[-8.6642684936524, -1.55204010009777, -1.3012694120407104]] [0.5132037401199341, 1.6501288414001465, 1.096695065498352] -1.3846033811569216 0.34286215901374817
bicycle [[18.685264587402344, -20.19112396240223, -2.1657896041869975]] [0.4020513594150543, 1.3367376327514648, 1.0276637077331543] -1.4949278831481936 0.3026933968067169
motorcycle [[-7.598854064941577, 4.652751922607536, -1.0320552587509084]] [0.6916645765304565, 2.0610997676849365, 1.2477402687072754] 1.754147831593649 0.2668043076992035
motorcycle [[-8.16092681884777, -1.5002174377441406, -1.257929801940918]] [0.6009259819984436, 1.7428932189941406, 1.207490086555481] -1.6968270540237427 0.24601119756698608
bicycle [[-6.418052673340014, 18.76218414306652, -0.7451832294463969]] [0.6801364421844482, 1.7365399599075317, 1.198117971420288] -2.2357161045074463 0.2410057932138443
motorcycle [[11.82313537597662, -32.164520263671875, 0.5438874959945679]] [0.652945876121521, 1.5697630643844604, 1.2415931224822998] 2.1057661215411594 0.23062530159950256
motorcycle [[47.777725219726335, -3.8392715454100426, 0.12219034880400415]] [0.697816014289856, 1.9100730419158936, 1.415429711341858] -2.7957110404968257 0.20097236335277557
motorcycle [[52.478240966796704, -2.5589065551757812, 0.5475040078163218]] [0.7946598529815674, 2.2218847274780273, 1.5735828876495361] -1.4513096809387211 0.20066215097904205
motorcycle [[-6.437583923339901, -16.590087890624886, -2.198955774307251]] [0.745244562625885, 1.8927536010742188, 1.841974139213562] 1.6410148779498501 0.19319337606430054
motorcycle [[40.01973724365229, -14.152481079101562, 0.18283605575561523]] [0.6992506980895996, 2.0137202739715576, 1.4105058908462524] -1.4087235927581792 0.1852327585220337
bicycle [[-14.595649719238338, -23.568874359130746, -0.827110469341271]] [0.5693714022636414, 1.5455663204193115, 1.1835451126098633] -1.1472837924957278 0.16039444506168365
bicycle [[-10.043506622314567, -9.942214965820312, -1.731281280517571]] [0.5106182098388672, 1.4903976917266846, 0.9952260255813599] 1.9971626440631314 0.15272845327854156
bicycle [[-6.273017883300781, -32.68806457519531, -2.922633647918701]] [0.501637876033783, 1.5467585325241089, 1.1963475942611694] 1.430967926979065 0.15271860361099243
bicycle [[28.2957382202149, -15.951129913330078, -0.4521503746509552]] [0.72916579246521, 1.728440284729004, 1.23978853225708] 1.2706836462020874 0.14801737666130066
bicycle [[6.220909118652457, 19.661964416503906, 0.2822926938533854]] [0.5240697860717773, 1.5328482389450073, 1.038818359375] -1.4699834585189824 0.14407148957252502
bicycle [[-11.69332885742216, 3.19913482666027, -1.14450550079345]] [0.5992164015769958, 1.6560192108154297, 1.059885025024414] 0.002834439277648843 0.12683549523353577
bicycle [[-10.498332977294922, -3.2659988403319176, -1.090561032295227]] [0.5820654630661011, 1.7200751304626465, 1.1736817359924316] 0.21501243114471397 0.12437250465154648
bicycle [[23.73694610595686, 18.33221435546875, 0.7004160284996104]] [0.6017254590988159, 1.8234121799468994, 1.189558506011963] -1.5910322666168215 0.12401917576789856
bicycle [[12.739006042480355, -20.631752014160156, -2.7723379135131765]] [0.5433359146118164, 1.5648586750030518, 0.980038046836853] -0.977346241474152 0.12312749028205872
bicycle [[-12.883075714111385, 7.48602294921875, -0.9583187103271413]] [0.6359901428222656, 1.637994408607483, 0.9499211311340332] -1.2429368495941169 0.12299279868602753
bicycle [[-9.082500457763786, -1.4903030395506676, -1.275109291076653]] [0.6289181113243103, 1.7493950128555298, 1.1363757848739624] -1.0476825237274172 0.11988507211208344
bicycle [[-6.310214996338004, -11.585666656494254, -1.8558653593063354]] [0.5272312164306641, 1.5758256912231445, 1.0826480388641357] 1.0165354013442993 0.11934769153594971
bicycle [[-3.8146286010742756, -33.97230529785156, -2.9260599613189626]] [0.5848548412322998, 1.5196055173873901, 1.342368483543396] 1.6653288046466275 0.10949823260307312
bicycle [[-6.95144271850603, -1.9494285583496094, -1.174375295639031]] [0.5739586353302002, 1.6512057781219482, 1.159026861190796] -0.9675282835960394 0.10791714489459991
bicycle [[-7.436794281005916, -1.918914794921875, -1.1600679159164429]] [0.5747230052947998, 1.7340152263641357, 1.2163128852844238] -0.906479954719544 0.10733519494533539
bicycle [[42.96719360351568, 6.796134948730469, 0.30979400873184204]] [0.6769253015518188, 1.7699223756790161, 1.205385684967041] -2.6907553672790527 0.10139632225036621
bicycle [[-5.8273010253907955, -0.40773391723621444, -0.8664240837097168]] [0.5855883359909058, 1.6323226690292358, 1.5679783821105957] -1.349636554718018 0.10084663331508636
pedestrian [[-6.137710571289233, -6.919788360595703, -1.0471534729003835]] [0.5912867784500122, 0.5241754651069641, 1.738021969795227] 0.21845650672912548 0.8861595392227173
pedestrian [[-5.522914886474723, -5.178180694579964, -0.9185151457786489]] [0.6214364171028137, 0.5646470785140991, 1.737250566482544] 0.32861256599426264 0.8662778735160828
pedestrian [[-6.439033508301009, -4.445476531982308, -0.8760990500450063]] [0.62960284948349, 0.5846052765846252, 1.717885971069336] -0.22609627246856745 0.8517875671386719
pedestrian [[-6.817932128906307, -5.505367279052621, -0.9424144625663757]] [0.617243230342865, 0.5779275298118591, 1.7479685544967651] -0.12747478485107466 0.8413316607475281
pedestrian [[-5.7291259765625, -0.37868881225597306, -0.8788690567016602]] [0.6636613607406616, 0.7046204805374146, 1.7882388830184937] -1.142421960830689 0.8407354354858398
pedestrian [[-6.815128326416243, -8.137649536132812, -1.0808434486389018]] [0.5382135510444641, 0.47956496477127075, 1.724398136138916] -0.02494049072265653 0.822035014629364
pedestrian [[-5.569538116455135, -9.723518371581918, -1.1901478767394877]] [0.5789598226547241, 0.5262105464935303, 1.8170249462127686] 0.37570786476135254 0.810937762260437
pedestrian [[-6.850025177002124, -6.495052337646484, -1.0023300647735596]] [0.5634793043136597, 0.4971696734428406, 1.7067055702209473] 0.13601279258727983 0.7678344249725342
pedestrian [[-5.929180145263899, -8.311443328857308, -1.1009037494659353]] [0.5732970833778381, 0.5097123384475708, 1.7088594436645508] -0.02320706844329852 0.7435803413391113
pedestrian [[-4.86658859252924, -10.939327239990234, -1.2911082506179739]] [0.6120431423187256, 0.5867335796356201, 1.772708773612976] 0.6551069021224976 0.7358522415161133
pedestrian [[-6.076461791992415, -8.633918762206804, -1.153320789337144]] [0.5218123197555542, 0.4685083329677582, 1.7253673076629639] 0.08918511867523132 0.6948761940002441
pedestrian [[-7.035575866699332, -8.901660919189453, -1.1133015155792236]] [0.5154130458831787, 0.46496477723121643, 1.6975854635238647] 0.18861043453216558 0.6937167048454285
pedestrian [[-6.165973663330135, -9.205493927001953, -1.1928398609161306]] [0.5309643745422363, 0.48113465309143066, 1.7575938701629639] 0.3332562446594234 0.6868129968643188
pedestrian [[-4.165824890136662, -11.595623016357536, -1.3032665252685547]] [0.5820320844650269, 0.5594725012779236, 1.6904736757278442] 0.7696381807327269 0.6867777109146118
pedestrian [[-6.439899444580135, -16.69402313232422, -2.1166799068450857]] [0.7169820070266724, 0.8059640526771545, 1.7730193138122559] 1.6686380545245572 0.6285181045532227
pedestrian [[-5.284934997558878, -33.178997039795036, -2.630625009536736]] [0.6244390606880188, 0.7026587128639221, 1.7266861200332642] 1.2715104818344114 0.5916468501091003
pedestrian [[-7.442878723144531, -11.564632415771484, -1.4662058353424001]] [0.5707524418830872, 0.545552134513855, 1.6720619201660156] 0.40823721885681136 0.5797421932220459
pedestrian [[-6.823825836181754, -10.355918884277344, -1.3430556058883596]] [0.5585861802101135, 0.5308606624603271, 1.695580244064331] 0.17769968509674028 0.5510523319244385
pedestrian [[-6.202960968017692, -10.990612030029183, -1.4622882604598928]] [0.5788090229034424, 0.5524029731750488, 1.640174150466919] 0.22444474697113012 0.5059558153152466
pedestrian [[-3.8077507019045242, -33.916229248046875, -2.783050537109368]] [0.6060198545455933, 0.6113910675048828, 1.7157044410705566] 1.2387033700942995 0.46673914790153503
pedestrian [[-7.6974487304689205, -0.4882545471191406, -1.0765237808227468]] [0.5685914158821106, 0.5987706184387207, 1.3100825548171997] -0.5702301263809207 0.46472620964050293
traffic_cone [[-5.483684539795092, 0.5155754089356606, -1.0331954956054545]] [0.43261176347732544, 0.4430304765701294, 1.3016419410705566] -0.9326792359352116 0.4209292232990265
pedestrian [[-7.117706298828068, -1.5572967529296875, -1.0820608139038015]] [0.5945841073989868, 0.6421412229537964, 1.4269182682037354] 0.8765071630477906 0.3820434510707855
pedestrian [[-6.2263679504396805, -9.739738464355469, -1.2322262525558472]] [0.5570590496063232, 0.5211286544799805, 1.7943423986434937] 0.25291311740875194 0.3191721439361572
traffic_cone [[-16.701957702636776, -1.4074516296386719, -0.9313766956329275]] [0.3792693018913269, 0.37612780928611755, 1.0694222450256348] 1.8451789061175747 0.3043820261955261
pedestrian [[-6.209526062011776, -7.333431243896484, -1.0877996683120728]] [0.5546324253082275, 0.5054636001586914, 1.7449325323104858] 0.022290229797363167 0.3040003180503845
pedestrian [[-7.335861206054744, -8.060455322265625, -1.0583705902099538]] [0.5523686408996582, 0.5189188122749329, 1.7336963415145874] 0.03603672981262168 0.29499444365501404
pedestrian [[-6.277824401855469, -11.702800750732422, -1.5871672630309988]] [0.5424532890319824, 0.5186716318130493, 1.604722499847412] 0.2677552700042721 0.28947213292121887
pedestrian [[-6.400390625000057, 18.779533386230355, -0.7132214903831411]] [0.6884989738464355, 0.7869983911514282, 1.1151165962219238] -0.10265481472015407 0.2719404697418213
pedestrian [[-7.068328857421989, -11.66180419921875, -1.468862771987908]] [0.5890394449234009, 0.5820648670196533, 1.680973768234253] 0.32485699653625477 0.2708393335342407
pedestrian [[-6.282855987548885, -0.8487739562988281, -0.9845277667045522]] [0.6380877494812012, 0.7091560363769531, 1.6143947839736938] -1.2791235446929936 0.2660437226295471
pedestrian [[-6.354064941406307, -6.533168792724496, -1.0001518726348877]] [0.5908351540565491, 0.5483813285827637, 1.7162830829620361] 0.20125257968902519 0.2565467059612274
pedestrian [[-5.600654602051122, -32.90166473388672, -2.6237194538116384]] [0.619094729423523, 0.6898687481880188, 1.74168062210083] 1.3503721952438354 0.24982613325119019
pedestrian [[-6.95694732666027, -11.101093292236328, -1.4340877532958913]] [0.5803056955337524, 0.5760638117790222, 1.6844463348388672] 0.2656290531158442 0.2161777764558792
pedestrian [[-6.473407745361385, -5.11019134521473, -0.90431809425354]] [0.6222763657569885, 0.601738452911377, 1.7494980096817017] -0.020911693572998324 0.21178701519966125
pedestrian [[-6.166511535644645, -33.16732025146496, -2.6731150150299]] [0.5654984712600708, 0.6100666522979736, 1.6773743629455566] 1.415874123573303 0.2082354724407196
traffic_cone [[-13.968284606933821, 12.357063293457145, -1.0873003005981374]] [0.3477666676044464, 0.3516480326652527, 0.7792200446128845] -0.7273995280265813 0.2060781717300415
pedestrian [[-6.804481506347713, -0.9773406982421875, -1.1171929836273193]] [0.6272152662277222, 0.685359537601471, 1.4078924655914307] -1.9291744232177737 0.20335975289344788
pedestrian [[-6.3236885070803055, -12.220783233642464, -1.5856076478958059]] [0.5643499493598938, 0.5392935276031494, 1.689873456954956] 0.38378846645355236 0.2021990567445755
pedestrian [[47.7001113891601, -3.7826805114746094, 0.11925575882196426]] [0.6606316566467285, 0.6839370727539062, 1.6531416177749634] -2.054480791091919 0.1986929178237915
pedestrian [[-5.777950286865291, -10.479042053222543, -1.3042927980422903]] [0.5758059024810791, 0.5463550686836243, 1.7734390497207642] 0.3958437442779544 0.19473896920681
pedestrian [[-5.303527832031477, -0.33963394165027694, -1.0307505130767751]] [0.5220970511436462, 0.5498515963554382, 1.4609425067901611] -1.0793087482452395 0.1871936172246933
pedestrian [[-6.853317260742358, -0.2606163024902344, -1.1216140985488892]] [0.5501530170440674, 0.5973717570304871, 1.2840529680252075] -1.2876535654067993 0.18685267865657806
pedestrian [[-6.996902465820369, -1.9490737915039062, -1.0770015716552734]] [0.5598754286766052, 0.586387574672699, 1.4383625984191895] -0.18609941005706804 0.186660498380661
pedestrian [[-6.850891113281307, -7.7739105224609375, -1.050126075744629]] [0.5511128306388855, 0.5112277269363403, 1.7553718090057373] 0.18643689155578602 0.18483476340770721
pedestrian [[22.92814636230463, 6.193618774414176, 0.09315852075816622]] [0.6371474266052246, 0.6145898699760437, 1.7280957698822021] -2.284489154815674 0.1725795865058899
pedestrian [[22.444107055663892, 7.942279815673828, 0.26994240283966775]] [0.45085427165031433, 0.42998677492141724, 1.471349835395813] 2.3496983687030237 0.1658674031496048
pedestrian [[-7.4388427734376705, -12.141586303710938, -1.4358927011489868]] [0.6399810910224915, 0.6365199089050293, 1.7576546669006348] 0.3660196065902708 0.15958544611930847
pedestrian [[-5.7717018127441975, -4.673877716064453, -0.9102598428726196]] [0.6383580565452576, 0.6423415541648865, 1.6960952281951904] 0.04965460300445536 0.15667659044265747
pedestrian [[-6.184391021728743, -32.74628448486317, -2.740929603576653]] [0.5174723863601685, 0.5452753305435181, 1.5548644065856934] 1.2700182199478147 0.15519052743911743
pedestrian [[-6.307376861572436, -12.825225830078011, -1.5240625143051076]] [0.6086763739585876, 0.5823847055435181, 1.7739388942718506] 0.28425240516662587 0.14921385049819946
pedestrian [[-6.709056854248161, 18.51322174072277, -0.7392832040786672]] [0.6017487645149231, 0.6697191596031189, 1.0234633684158325] -0.34765398502349903 0.14274221658706665
pedestrian [[-8.817356109619425, -33.812904357910156, -2.884904623031609]] [0.6129180192947388, 0.647828996181488, 1.4652178287506104] 0.7287369966506957 0.14166845381259918
pedestrian [[23.021110534667798, 5.665592193603516, -0.028178121894590902]] [0.616957426071167, 0.6094911694526672, 1.6716759204864502] -2.867840051651001 0.14128971099853516
pedestrian [[-6.869194030761832, -12.217784881591797, -1.4876124858856201]] [0.6191055774688721, 0.614140510559082, 1.7397983074188232] 0.3744248151779173 0.13874562084674835
pedestrian [[-7.515357971191634, -7.590251922607308, -1.0477070808410645]] [0.5329792499542236, 0.5125899314880371, 1.694942831993103] 0.08423411846160868 0.13841572403907776
pedestrian [[-7.274284362793026, -9.86444091796875, -1.2288811206817556]] [0.5760959386825562, 0.5584191679954529, 1.760278582572937] 0.13543343544006348 0.1369042992591858
pedestrian [[11.80464935302723, -32.15513992309559, 0.5405876636505127]] [0.6330506801605225, 0.6506554484367371, 1.6794965267181396] -3.0215065479278564 0.13668283820152283
traffic_cone [[-9.276744842529354, -12.295829772949219, -0.9069229960441589]] [0.4017448127269745, 0.3888416290283203, 1.3966525793075562] -0.11456096172332834 0.13388656079769135
pedestrian [[-7.283489227295036, -10.550361633300781, -1.3833464384078908]] [0.5898276567459106, 0.5798241496086121, 1.7220425605773926] 0.13588309288024866 0.12962839007377625
pedestrian [[-8.91946029663103, -33.45155334472645, -2.937852382659905]] [0.5964779257774353, 0.6397163271903992, 1.3985124826431274] 0.8569151163101197 0.12950393557548523
pedestrian [[-8.108467102050952, -8.739765167236214, -1.109802484512329]] [0.543493926525116, 0.5221855044364929, 1.7055268287658691] 0.08827579021453819 0.12722782790660858
pedestrian [[-5.200302124023494, -33.70435333251953, -2.617758512496941]] [0.6764404773712158, 0.7692743539810181, 1.7776439189910889] 1.2418285608291624 0.12467200309038162
pedestrian [[-7.408245086670092, -6.82387542724598, -1.0335762500762868]] [0.5621519088745117, 0.553244948387146, 1.725665807723999] -0.044509410858154366 0.12154074013233185
traffic_cone [[-16.947113037109432, -1.1556358337401207, -0.86919713020324]] [0.41344591975212097, 0.4202418327331543, 1.089835524559021] 0.2798186540603638 0.12117698788642883
pedestrian [[-8.05218887329113, -6.954345703125114, -1.1695467233657766]] [0.4767414927482605, 0.45501086115837097, 1.4506474733352661] 0.08302080631256097 0.12109360843896866
traffic_cone [[7.669780731200888, -1.686588287353402, -1.0089880228042531]] [0.4153940975666046, 0.43736332654953003, 1.228051781654358] 1.6365421454059046 0.11867419630289078
pedestrian [[-7.278007507324162, -6.407367706298942, -0.9890403151512146]] [0.5927836894989014, 0.5993144512176514, 1.7265641689300537] -0.032350301742553815 0.11790600419044495
pedestrian [[-8.035179138183821, -8.118392944335824, -1.1221163272857595]] [0.5456594824790955, 0.5197702646255493, 1.6780979633331299] 0.0303505659103392 0.11580228805541992
traffic_cone [[23.761169433593693, 18.23574829101574, 0.6446113586425923]] [0.4328782856464386, 0.4400300085544586, 1.2265231609344482] -2.758400440216064 0.11486241221427917
traffic_cone [[15.433586120605298, -10.969039916992188, -1.9319238662719727]] [0.39058631658554077, 0.3670419752597809, 0.7013034224510193] 1.640341107045309 0.11277149617671967
pedestrian [[21.843727111816293, 6.0852203369140625, 0.03560024872422929]] [0.5606412291526794, 0.5359514951705933, 1.668810248374939] 2.190384213124411 0.11093473434448242
traffic_cone [[-1.71766281127924, 18.729965209960938, -0.6103677153587341]] [0.35732680559158325, 0.35660669207572937, 0.9705941677093506] -0.2018831968307494 0.11033731698989868
traffic_cone [[-5.05876541137701, -0.9656486511230469, -1.089087724685669]] [0.47329607605934143, 0.49580273032188416, 1.3815302848815918] -1.0607455968856818 0.11007707566022873
pedestrian [[-7.990085601806811, -7.417732238769531, -1.1398844718933034]] [0.5088306665420532, 0.4866333603858948, 1.5743768215179443] -0.02914822101593077 0.10954879224300385
pedestrian [[-6.418411254882926, -1.414463043212777, -1.131798505783074]] [0.5474262833595276, 0.5780308246612549, 1.4183800220489502] -1.02612853050232 0.10832888633012772
traffic_cone [[-23.730504989624137, -11.218185424804574, -2.8059301376342702]] [0.47865116596221924, 0.48411133885383606, 1.0939486026763916] 0.9796191453933716 0.10737171769142151
pedestrian [[-8.591247558594034, -1.934562683105355, -1.212238073348999]] [0.4805110692977905, 0.490465372800827, 1.1062722206115723] 0.9072135686874387 0.10248035192489624
pedestrian [[-5.867462158203068, -11.650604248046875, -1.5177206993103027]] [0.5729959011077881, 0.5624534487724304, 1.6714730262756348] 0.29965364933013877 0.10154856741428375
pedestrian [[-6.876007080078239, -12.870906829833984, -1.5057440996170044]] [0.631706953048706, 0.6237084269523621, 1.7756561040878296] 0.3062515258789062 0.10079935938119888
pedestrian [[-7.847541809082145, -11.642814636230582, -1.4499108791351318]] [0.5958693027496338, 0.6011577844619751, 1.707190990447998] 0.6661802530288693 0.10061805695295334
pedestrian [[-8.077983856201229, -9.179378509521484, -1.130627155303955]] [0.5504207015037537, 0.5315702557563782, 1.705226182937622] 0.019961833953857238 0.10002996027469635
609d5177362340458a3bfd4949cd1e64