car [[11.734199523925327, 11.050834655762117, -0.6091194152831996]] [1.901151418685913, 4.638570785522461, 1.6002998352050781] -1.5294913053512573 0.856586754322052
car [[3.244476318358977, -21.237136840819915, -1.436426162719723]] [2.0210840702056885, 4.962303161621094, 1.6967058181762695] -2.6195540428161626 0.8133049011230469
car [[-5.714633941650675, -23.62911224365189, -1.59695208072662]] [1.9099695682525635, 4.500511646270752, 1.5934771299362183] -2.905086517333985 0.8096806406974792
car [[18.27032470703074, -1.541095733642237, -1.0395357608795095]] [1.9489140510559082, 4.600545883178711, 1.7218599319458008] -1.5184389352798464 0.7633945345878601
car [[-10.593292236328466, -21.672966003417628, -1.8082228899002075]] [1.649065375328064, 3.6893653869628906, 1.4210264682769775] 0.22703945636749231 0.752213716506958
car [[-0.8605003356938141, -38.71474456787064, -1.4012004137039114]] [1.846811294555664, 4.298325061798096, 1.61431884765625] 1.8763106505023408 0.7459956407546997
car [[-0.7770881652836579, 20.057319641113452, -0.5097755789756739]] [1.925518274307251, 4.693293571472168, 1.6810170412063599] 1.6864388624774382 0.7293218374252319
car [[12.389129638671363, -4.998649597167571, -1.0990628004074061]] [1.928006887435913, 4.747961044311523, 1.6105561256408691] -1.5572277307510376 0.7017320394515991
car [[4.3103218078608165, 48.8947753906254, 0.3736105561256444]] [1.9314961433410645, 4.620333194732666, 1.7239749431610107] 1.617456261311667 0.6390722393989563
car [[10.084732055663665, 38.11279296875017, 0.23160283267498016]] [1.9738577604293823, 4.665456771850586, 1.7034579515457153] -1.48634159564972 0.5967789888381958
car [[-3.8688278198246167, -32.760814666747706, -1.6576294898986852]] [1.9339470863342285, 4.631272315979004, 1.6455410718917847] 2.220382992421286 0.5449142456054688
car [[-15.757865905762173, -22.639322280883448, -2.0173153877258265]] [1.9743821620941162, 4.625205039978027, 1.6635651588439941] 0.23547148704528795 0.5373298525810242
car [[10.414321899413551, 51.36235046386753, 0.7944255471229553]] [1.9169973134994507, 4.473104000091553, 1.6714214086532593] -1.6742819547653198 0.4718877673149109
car [[17.59107208251902, 32.744873046875284, 0.1783117949962616]] [1.9419901371002197, 4.546618461608887, 1.6955283880233765] -1.6612884998321535 0.42015835642814636
car [[21.90067291259726, -4.466472625732138, -1.171356201171868]] [1.952566385269165, 4.690965175628662, 1.698119044303894] -1.542336940765381 0.4153825044631958
car [[-17.693244934082486, -27.29678535461386, -2.2305724620819056]] [1.9808926582336426, 4.674264907836914, 1.7115188837051392] -2.8016800880432133 0.28619709610939026
car [[6.2675132751460865, -38.104701995849325, -1.448325395584103]] [1.8762483596801758, 4.366166114807129, 1.6668975353240967] 1.5892170111285613 0.2744712233543396
car [[17.115203857421477, 29.722038269043367, 0.06575529277325032]] [1.8652063608169556, 4.4381208419799805, 1.6135042905807495] -1.6832464933395388 0.26583224534988403
car [[-14.115863800049453, -26.13782310485817, -1.9785537719726562]] [2.0415430068969727, 4.755459785461426, 1.7424196004867554] 0.20839488506317141 0.18754942715168
car [[12.961090087890057, -42.40398406982382, -1.8511486053466797]] [1.8123142719268799, 4.248932838439941, 1.635056734085083] 1.9192646185504358 0.18230023980140686
car [[15.291336059569801, -38.61008453369095, -1.7369112968444789]] [1.9109083414077759, 4.554900169372559, 1.6804841756820679] 1.996992413197653 0.1452801525592804
car [[6.263916015624602, -35.14201354980429, -1.4819748401641775]] [1.8821454048156738, 4.412153720855713, 1.5870856046676636] 1.6266339460956023 0.1198837086558342
car [[0.3220291137691902, -44.69022750854447, -1.4216468334197998]] [1.9338897466659546, 4.609856605529785, 1.6524564027786255] 1.7551186720477507 0.11337430775165558
truck [[21.921173095702784, -3.307308197021257, -1.1680935621261561]] [2.011657476425171, 5.547149658203125, 1.8978358507156372] -1.5520989894866948 0.21999259293079376
construction_vehicle [[35.160842895507244, -12.284507751464503, 0.4396751523017919]] [2.650693893432617, 5.512876987457275, 2.9374377727508545] -1.6373751163482668 0.15204715728759766
truck [[10.504119873046363, 51.84359741210966, 0.7532706260681188]] [1.9890151023864746, 5.143735408782959, 2.0022196769714355] -1.643365263938904 0.14445161819458008
truck [[14.748611450194915, -39.24747085571249, -1.7105624675750697]] [2.0741469860076904, 5.515517234802246, 1.833997130393982] 1.6963608900653286 0.12724900245666504
truck [[45.92224884033163, -3.285297393798487, -0.30506196618080494]] [2.566856861114502, 6.1870808601379395, 3.1482365131378174] -2.7325861454010014 0.12260424345731735
truck [[-17.697204589844205, -27.305868148803484, -2.122322559356693]] [2.113487720489502, 5.350029945373535, 2.0075509548187256] -2.822309494018555 0.12235512584447861
truck [[10.039268493651889, 38.621826171875284, 0.2271643728017807]] [2.107405424118042, 5.613054275512695, 1.911725401878357] -1.502785682678223 0.11658560484647751
truck [[12.94448852539017, -42.961242675780966, -1.8516979217529297]] [1.9473979473114014, 5.212103843688965, 1.8144962787628174] 1.5702849626541138 0.11044444888830185
truck [[31.998168945312102, 36.89227294921909, 1.1294317245483363]] [2.7931084632873535, 6.820014476776123, 3.269211769104004] -1.5614304542541508 0.10532370209693909
truck [[17.67777252197226, 33.8174591064456, 0.3349807560443949]] [2.1321208477020264, 6.116835594177246, 2.0466766357421875] -1.6935347318649296 0.10326454043388367
truck [[12.394958496093295, -4.645805358886321, -1.0764600038528407]] [1.9423627853393555, 5.175549507141113, 1.772603154182434] -1.537270188331604 0.10025466978549957
bus [[32.022850036620525, 39.90618133544962, 1.6193573474884104]] [2.9506235122680664, 12.416768074035645, 3.6375808715820312] -1.569206237792969 0.1627034693956375
trailer [[-14.637966156006257, -51.26377105712851, -1.522921085357666]] [2.908724308013916, 12.38105297088623, 3.560847520828247] -1.3847746849060063 0.11571808159351349
trailer [[52.49848175048783, 21.38103485107439, 2.855933904647827]] [2.865074634552002, 7.566915512084961, 3.6738481521606445] -0.05111730098724374 0.10783566534519196
trailer [[48.89055633544888, -2.094699859618686, 0.24117520451546426]] [3.0081799030303955, 11.774726867675781, 3.834383964538574] -2.732612133026124 0.10607676208019257
barrier [[-9.458908081055085, 30.943176269531534, -0.8042558431625366]] [2.0576322078704834, 0.4580129384994507, 1.056797981262207] -0.039853215217590394 0.20486347377300262
barrier [[-9.509502410889127, 32.751594543457315, -0.5404272675514257]] [2.167445659637451, 0.49193239212036133, 1.0934138298034668] 0.24526023864746088 0.13840506970882416
barrier [[-9.384510040283658, 29.74712371826206, -1.0489130020141566]] [2.1378445625305176, 0.4644103944301605, 1.0156595706939697] -0.1350628137588501 0.11098874360322952
barrier [[-8.173301696777628, -34.555137634276946, -1.6441599130630493]] [2.129230260848999, 0.4944790005683899, 1.0849614143371582] 0.8885902166366575 0.10980290174484253
barrier [[-9.637378692627465, 31.464721679687955, -0.6983407735824514]] [2.275667190551758, 0.5183743238449097, 1.0790482759475708] -0.31229281425476113 0.10309624671936035
motorcycle [[-15.841522216797273, -26.57286834716757, -2.1819324493408203]] [0.8687007427215576, 2.3212387561798096, 1.7461086511611938] -2.1786139011383057 0.4145351052284241
bicycle [[-4.377819061279865, -30.9977436065671, -1.881543397903446]] [0.5505664944648743, 1.6590222120285034, 1.086660385131836] 2.459545914326803 0.31151801347732544
motorcycle [[-4.374729156494482, -38.0756835937496, 0.18294638395309804]] [0.7429059743881226, 2.1934194564819336, 1.3596789836883545] 1.2626434564590454 0.251661479473114
motorcycle [[7.416728973388388, 24.96211242675821, -1.1077862977981496]] [0.7310267686843872, 1.9012354612350464, 1.528518557548523] 1.5861681143390105 0.23061174154281616
bicycle [[31.422180175780966, -23.65323448181124, -2.558973312377926]] [0.6837760806083679, 1.7585099935531616, 1.2196681499481201] -2.862644195556641 0.21464309096336365
motorcycle [[37.52545166015574, 33.15855407714889, 1.333402156829834]] [0.9075653553009033, 2.1676909923553467, 1.7392780780792236] 3.0438006559955038 0.20116204023361206
motorcycle [[23.01212310790976, 38.59453582763729, 1.1849980354309082]] [0.7881077527999878, 1.9371216297149658, 1.769271731376648] -1.3878207206726074 0.19480255246162415
bicycle [[20.821624755858807, -0.9509506225582527, -1.3011659383773804]] [0.6034557223320007, 1.669996738433838, 1.1121845245361328] 1.197292447090149 0.16881230473518372
bicycle [[14.182319641112713, -18.824848175048544, -1.9835940599441493]] [0.6405057907104492, 1.737126350402832, 1.0372384786605835] -3.0472791194915776 0.15003809332847595
bicycle [[-2.0565643310550854, -18.93402481079073, -2.043085336685177]] [0.4883001446723938, 1.4128999710083008, 0.9382591247558594] -2.5590190887451176 0.1470290720462799
bicycle [[25.512771606444858, 3.94527816772478, -1.4442317485809326]] [0.6806333065032959, 1.8401474952697754, 1.185651421546936] 2.90358549753298 0.1418413519859314
bicycle [[12.420333862304233, -41.07603454589815, -1.8818120956420898]] [0.5831006169319153, 1.692413568496704, 1.163516879081726] -1.516549348831177 0.1362796127796173
bicycle [[-0.7584991455083809, -30.86999320983847, -1.5897350311279261]] [0.5822486877441406, 1.7066056728363037, 1.1426842212677002] -1.2794594764709475 0.1311400830745697
bicycle [[-12.315292358398722, -7.5775718688960865, -1.8647027015686]] [0.6412832140922546, 1.6355358362197876, 1.0219402313232422] -0.6438846588134766 0.1295263171195984
bicycle [[36.97329711914034, 23.247238159179915, 0.5786710977554357]] [0.7389534711837769, 1.7959116697311401, 1.7381960153579712] 0.08824825286865212 0.12653374671936035
bicycle [[-8.767917633057209, 3.985076904297216, -1.057639598846432]] [0.5005267858505249, 1.5684292316436768, 1.0831289291381836] -1.7363927364349367 0.12357382476329803
motorcycle [[32.007690429687045, 17.057640075683878, -0.3173695802688563]] [0.7283759713172913, 1.9407899379730225, 1.3565113544464111] 2.436107937489645 0.11963824927806854
bicycle [[30.935791015624602, 35.71347808837942, 1.0234916210174596]] [0.7540144324302673, 2.2117056846618652, 1.8837233781814575] -1.503531813621521 0.11822151392698288
bicycle [[26.132110595702727, 3.383213043213175, -1.1449369192123378]] [0.5715786218643188, 1.6157857179641724, 1.1450815200805664] -2.3494310379028325 0.1102999746799469
bicycle [[-7.012573242188012, 14.780082702637173, -0.7180104255676234]] [0.5453956127166748, 1.5779051780700684, 1.0703401565551758] -1.5370113849639893 0.10696722567081451
motorcycle [[-4.104358673096158, 37.55566406250023, -0.7599561810493434]] [0.6431756019592285, 1.8043508529663086, 1.1890263557434082] -1.9768661260604863 0.10479645431041718
bicycle [[-9.232788085937841, 0.8891029357911862, -1.5234529972076416]] [0.517052412033081, 1.5723962783813477, 1.0628983974456787] -1.8855659961700444 0.10372517257928848
motorcycle [[27.33889770507767, 16.472663879394872, -0.8858045935630798]] [0.6406403183937073, 1.7581253051757812, 1.2328968048095703] -1.4780595302581787 0.10075005143880844
traffic_cone [[14.717628479003508, -36.76371765136679, -1.9422700405120814]] [0.5407198667526245, 0.558539628982544, 1.0357072353363037] 1.9298041502581997 0.248504638671875
pedestrian [[28.939132690429346, -2.1414833068844246, -0.4250391125679087]] [0.6764872074127197, 0.6036346554756165, 1.8079421520233154] 3.0803855101214808 0.23160842061042786
traffic_cone [[12.423240661620525, -40.60494995117165, -1.8613274097442627]] [0.40669459104537964, 0.40362292528152466, 1.233119010925293] 2.682450119649068 0.23094794154167175
pedestrian [[37.08405303955033, 23.246429443359716, 0.6057137250900304]] [0.7148033976554871, 0.7758013606071472, 1.899461030960083] 0.07384026050567596 0.21268784999847412
pedestrian [[-8.527370452881314, -11.902786254882471, -1.427769780158993]] [0.5376157760620117, 0.5391279458999634, 1.3306715488433838] -2.0100188255310063 0.19513480365276337
pedestrian [[26.241683959960653, 3.473461151123445, -1.1904699802398717]] [0.49503734707832336, 0.49706050753593445, 1.3473799228668213] -2.779279708862305 0.15262630581855774
traffic_cone [[-8.68710327148483, 29.538879394531534, -1.131762981414795]] [0.38837939500808716, 0.388611376285553, 0.8265881538391113] 0.9157961606979371 0.15210674703121185
traffic_cone [[14.261512756347315, -36.8329734802241, -1.9327738285064626]] [0.5078252553939819, 0.5186229348182678, 1.0661447048187256] 1.7044518629657195 0.12898504734039307
traffic_cone [[-3.1718788146977204, 5.793842315674112, -0.6656885743141174]] [0.3384414315223694, 0.3309045135974884, 1.0777111053466797] 1.9073031584369107 0.12092465162277222
traffic_cone [[-2.1783943176274647, -18.801246643066122, -2.0483222007751465]] [0.3732335567474365, 0.4395657181739807, 0.677736759185791] -1.0911591053009035 0.11521212756633759
traffic_cone [[15.088462829589332, -36.77751159667929, -1.9889616966247523]] [0.5246027112007141, 0.5421077013015747, 1.0950835943222046] 1.7288435141192835 0.10974638164043427
traffic_cone [[9.66388702392527, -8.793674468993913, -1.4646531343460047]] [0.44026249647140503, 0.3822796940803528, 0.6845371127128601] -1.145669937133789 0.10015981644392014
