car [[-0.2668571472166832, 24.323684692382926, -0.46958318352696793]] [1.7982854843139648, 4.316904067993164, 1.5141987800598145] 1.6084774176227017 0.7876884341239929
car [[13.36671447753912, 17.264381408691406, -0.6912822723388459]] [1.9159046411514282, 4.471429824829102, 1.6358411312103271] -1.4891895055770865 0.7187708616256714
car [[14.268882751465071, -7.928184509277116, -1.3292033672332515]] [1.9202898740768433, 4.773352146148682, 1.5685875415802002] -1.5693545341491697 0.6849414110183716
car [[12.419670104980696, 34.40857696533203, -0.3111793994903387]] [1.920609712600708, 4.679725646972656, 1.6188960075378418] -1.4941334724426267 0.6393881440162659
car [[13.365844726562614, -20.19935226440424, -1.457990884780866]] [1.9885166883468628, 4.859176158905029, 1.628675103187561] -1.6337049007415765 0.6355627179145813
car [[11.2797470092774, -51.894226074218864, -2.0499176979064693]] [1.9322941303253174, 4.738175392150879, 1.7296985387802124] -1.6001155376434324 0.45887088775634766
car [[19.610618591308878, 45.34548187255882, 0.3267429769039367]] [1.8679920434951782, 4.430163860321045, 1.664659023284912] -1.4879537820816031 0.2539960741996765
car [[14.110237121582145, 53.739501953125, 0.27873039245607956]] [1.9393508434295654, 4.492713451385498, 1.6894711256027222] -1.6647366285324092 0.2519421875476837
car [[16.545890808105582, 40.435249328613395, -0.19898596405980484]] [1.923011302947998, 4.548181533813477, 1.680521011352539] -1.6311436891555782 0.23942703008651733
car [[53.03009796142601, 30.29373168945324, -2.7289335727691473]] [2.044147491455078, 4.724004745483398, 1.7334678173065186] 1.5321210622787473 0.17576727271080017
car [[20.028366088867244, 42.29784393310547, 0.052127279341245725]] [1.9093760251998901, 4.514392852783203, 1.660348892211914] -1.5025286674499505 0.16291287541389465
car [[-11.679965972900106, 17.12607574462902, 1.1678698062896906]] [1.9283605813980103, 4.433892726898193, 1.6308387517929077] -3.1377387046813965 0.14494383335113525
car [[-0.8762664794920738, 30.33061981201172, -0.20815804600713506]] [1.8314714431762695, 4.347984313964844, 1.6051921844482422] -1.4696172475814815 0.1325070708990097
car [[18.341377258300895, 45.32855987548817, 0.3459555208683227]] [1.9137414693832397, 4.500543594360352, 1.66072678565979] -1.5472282171249385 0.11862391978502274
car [[47.81626892089855, -41.74000167846674, 0.22361084818842158]] [2.2374093532562256, 5.444713592529297, 2.328099012374878] 1.5584698915481567 0.11679188162088394
car [[12.972373962402457, 51.931617736816406, 0.2636655569076787]] [1.9777674674987793, 4.649014949798584, 1.7155380249023438] -1.7275605201721183 0.11527007818222046
car [[14.578964233398494, 51.371780395507926, 0.3391533493995844]] [1.992895483970642, 4.704574108123779, 1.7097158432006836] -1.6346501111984244 0.10640713572502136
car [[-12.285942077636491, -34.487907409667855, -1.7576286792754914]] [2.014145851135254, 4.674560546875, 1.791243076324463] -3.039867639541626 0.103082075715065
truck [[11.281814575195483, -51.87851715087885, -2.1080322265624787]] [1.978302240371704, 5.231003761291504, 1.8580467700958252] -1.609211921691894 0.255994975566864
construction_vehicle [[39.23878479003923, -5.015251159667969, -0.6139898300170721]] [1.9679417610168457, 3.3404126167297363, 2.2928144931793213] 2.849282566701071 0.15160933136940002
truck [[47.785942077636776, -41.70383453369129, 0.6026648283004974]] [2.3517329692840576, 5.597406387329102, 2.9868099689483643] 1.5724161306964322 0.14651694893836975
construction_vehicle [[30.890625000000114, -32.062271118164006, 0.08210179209710944]] [2.982290029525757, 5.150141716003418, 3.127779722213745] 1.20618212223053 0.14391496777534485
truck [[-10.495426177978459, -34.047443389892464, -2.297116279602026]] [2.005293607711792, 4.853387832641602, 2.021815299987793] 3.112282101308005 0.139898419380188
truck [[53.05496978759771, 30.259048461914176, -2.945974111556982]] [2.1991279125213623, 4.74137544631958, 2.44201922416687] -0.4961245059967042 0.1373395025730133
construction_vehicle [[-36.324790954589616, -23.683305740356275, 2.453768253326434]] [2.7310171127319336, 4.9485392570495605, 3.126154661178589] 0.37200307846069275 0.1274065375328064
truck [[29.68834686279314, -42.92958068847645, -0.8886220455169465]] [2.2749416828155518, 5.2491374015808105, 2.7155165672302246] 2.9371050039874484 0.10023699700832367
bus [[23.14151000976591, 52.51760864257824, 0.863005995750445]] [2.951448917388916, 11.532838821411133, 3.5178258419036865] -1.4642176628112786 0.5752732753753662
trailer [[-20.158252716064283, -5.104824066161996, 1.4358857870102142]] [3.225649356842041, 16.727569580078125, 4.290312767028809] 1.4885305166244507 0.2287803739309311
trailer [[48.27221679687506, -45.897861480712834, 0.1620204299688588]] [3.108217239379883, 13.547540664672852, 4.034795761108398] 1.5908229986773894 0.18619276583194733
trailer [[-9.876739501953011, -12.37026214599598, -0.3210757076740016]] [2.297869920730591, 5.384119510650635, 2.5919077396392822] 2.04263955751528 0.1738271266222
trailer [[39.267745971679744, -4.591442108154354, -0.38169458508489384]] [1.7961194515228271, 4.058620452880859, 2.174258232116699] 3.0776580015765598 0.1586916148662567
bus [[44.09687042236334, 33.37103271484381, 0.8691899776458953]] [3.0343127250671387, 9.811882019042969, 3.7535178661346436] -3.023248672485351 0.10151928663253784
barrier [[-3.3145027160643394, 24.750045776367188, -0.5273331999778534]] [2.1363651752471924, 0.5719873309135437, 1.0468090772628784] -0.12223184108734163 0.7877185940742493
barrier [[-5.107013702392464, 24.969535827636946, -0.4762709736823787]] [2.0861244201660156, 0.5611938238143921, 1.0362834930419922] 3.079432789479392 0.7850348949432373
barrier [[-4.715320587158089, 24.953926086425895, -0.49670672416684525]] [2.149339199066162, 0.564796507358551, 1.080816388130188] -3.130759954452514 0.32184529304504395
barrier [[-3.7895164489744957, 25.450866699218864, -0.48912620544431107]] [2.056149482727051, 0.5477620363235474, 1.0175573825836182] -1.2386851310729978 0.25137972831726074
barrier [[-5.488281249999773, 24.89734649658203, -0.48086848855016484]] [2.158958911895752, 0.5634233951568604, 1.0324753522872925] 3.0587676207171848 0.21704024076461792
barrier [[-2.9367904663083095, 24.755012512207145, -0.5527113676070954]] [2.1782960891723633, 0.5396427512168884, 1.0570168495178223] -0.09035730361938507 0.2154916226863861
barrier [[-3.8494148254392826, 26.00552368164074, -0.4604713916778316]] [2.068375587463379, 0.5114632844924927, 1.0137832164764404] 1.8101342360125943 0.2106998860836029
barrier [[28.484840393066634, 14.24946594238287, -1.595284581184366]] [2.8209266662597656, 0.5341793298721313, 0.9228461384773254] 1.5429412126541138 0.18213105201721191
barrier [[-4.934284210204851, 47.56783294677746, 0.10996606945993648]] [2.4735267162323, 0.614858865737915, 1.0907037258148193] -0.18795299530029322 0.1680530309677124
barrier [[-4.472377777099382, 23.783607482910156, -0.48742204904554143]] [1.990439772605896, 0.49242502450942993, 1.0085666179656982] -2.5080411434173575 0.10890797525644302
barrier [[-6.26036071777321, -40.38024139404291, -1.8322018384933259]] [2.2802248001098633, 0.4926871657371521, 1.1077892780303955] 0.30252301692962635 0.10857965052127838
barrier [[-3.4005126953123295, 25.970504760742188, -0.4686903953552033]] [2.0275142192840576, 0.49512603878974915, 1.0099059343338013] -0.12348735332489026 0.10336944460868835
barrier [[-6.221675872802564, 45.894165039062614, 0.0769665986299728]] [1.952211618423462, 0.5730459690093994, 0.9955663681030273] 3.093628231679099 0.10008807480335236
bicycle [[-7.350898742675668, 22.913635253906364, 0.05677984654905188]] [0.6781692504882812, 1.8628039360046387, 1.7731680870056152] -1.9864666461944571 0.34592530131340027
motorcycle [[13.90362548828142, 52.482208251953125, 0.3867328166961883]] [0.848389208316803, 2.1817572116851807, 1.7745171785354614] -1.6696553230285638 0.24939614534378052
motorcycle [[-3.7314758300779545, -23.58912467956543, -1.5575871467590119]] [0.6488265991210938, 1.9128913879394531, 1.2473595142364502] -1.299368381500244 0.2235933244228363
bicycle [[16.400062561035327, 38.47860717773426, -0.6939793825149323]] [0.662359893321991, 1.7771024703979492, 1.3077714443206787] -0.30367696285247836 0.1962980329990387
motorcycle [[38.86155700683622, -5.013072967529126, -0.8328818678855718]] [0.9227784872055054, 2.2724335193634033, 1.4434406757354736] -0.9024177789688108 0.16415327787399292
bicycle [[-2.1167488098143963, 19.610870361328125, -1.0469424724578609]] [0.5292861461639404, 1.5427131652832031, 1.0762839317321777] 1.6845901648150845 0.12884773313999176
bicycle [[-8.703941345214787, 34.59651184082031, 0.6397396326065277]] [0.6042128801345825, 1.7510161399841309, 1.2388026714324951] 1.4083474874496458 0.1278395652770996
bicycle [[-6.979900360107138, 30.229728698730696, -0.0802691876888062]] [0.5560445785522461, 1.5780359506607056, 1.090008020401001] 1.5552653074264522 0.12410669773817062
motorcycle [[-4.437393188476392, -23.05257606506342, -1.5143526792526032]] [0.7152930498123169, 1.9656457901000977, 1.3719432353973389] 0.615740895271301 0.11450108885765076
motorcycle [[27.774795532226733, -23.62394332885748, -2.1480159759521307]] [0.6458992958068848, 1.7555078268051147, 1.2718342542648315] -1.6231677532196036 0.11093345284461975
bicycle [[-8.224254608154126, -25.340602874755803, -1.698038578033426]] [0.5990852117538452, 1.7627817392349243, 1.1642612218856812] -1.6501286029815667 0.10926341265439987
motorcycle [[34.46383666992193, 21.76454162597662, -2.5153293609618927]] [0.6590858697891235, 1.8911374807357788, 1.2344783544540405] -0.5672529935836795 0.10895727574825287
bicycle [[-7.454143524169808, 26.17466735839855, -0.10037584602830663]] [0.5584762692451477, 1.6830188035964966, 1.1672476530075073] 1.6369212309466763 0.10426764190196991
motorcycle [[-6.259773254394474, -40.368583679199105, -1.7624778747558345]] [0.6819165349006653, 2.065335273742676, 1.2922227382659912] -1.1671860218048093 0.10288664698600769
motorcycle [[35.60719299316429, 14.785438537597827, -0.07043267041442647]] [0.7419271469116211, 1.8477882146835327, 1.403106927871704] 3.0623245874988005 0.10000848025083542
pedestrian [[-6.2311401367185795, -12.174671173095533, -0.8360012769698884]] [0.632373571395874, 0.7074098587036133, 1.6802709102630615] 1.3314632177352903 0.7819472551345825
pedestrian [[-7.628566741943189, -45.757484436035156, -1.202906012535074]] [0.6942852139472961, 0.6739739179611206, 1.8680462837219238] -0.9022435545921325 0.3681594431400299
traffic_cone [[27.52899169921892, -22.99450874328602, -2.1477172374725164]] [0.42943528294563293, 0.41884562373161316, 0.8208696842193604] 3.115031067525046 0.26600077748298645
traffic_cone [[-4.952610015868913, 13.036582946777571, -0.6422357559203924]] [0.38166290521621704, 0.37680062651634216, 1.073492407798767] 1.3767403364181519 0.24992841482162476
traffic_cone [[-3.3535499572753906, 23.599197387695312, -0.6616111993789424]] [0.36977067589759827, 0.3611801266670227, 0.7985835075378418] -1.0822497606277461 0.1965145766735077
traffic_cone [[25.866386413574503, -12.454872131347543, -1.6325433254241766]] [0.359028160572052, 0.3537077307701111, 0.7678861618041992] 3.0917523542987277 0.1924792230129242
pedestrian [[-5.04520034790022, 4.374259948730412, -0.9009187817573334]] [0.5467190146446228, 0.5634363889694214, 1.0199259519577026] 2.263829056416647 0.18706002831459045
traffic_cone [[10.393257141113395, 19.907722473144474, 0.5022875070572113]] [0.3801501989364624, 0.38596171140670776, 1.2604222297668457] -1.1226686239242551 0.15814346075057983
traffic_cone [[27.452911376953296, -23.746465682983285, -2.1257042884826447]] [0.45505887269973755, 0.45435163378715515, 0.8447943925857544] 3.0133288542376926 0.14407886564731598
pedestrian [[33.22779846191423, 22.9757537841798, -1.789342761039709]] [0.6560041904449463, 0.7009697556495667, 1.4663008451461792] -0.6697164177894592 0.1430271863937378
traffic_cone [[27.488922119140796, -7.036678314208871, -1.7300045490264715]] [0.4309610426425934, 0.43646496534347534, 0.8035699725151062] 3.1051018873797824 0.12794752418994904
traffic_cone [[27.51301574707037, 22.60523986816412, -1.469459772109964]] [0.3584166467189789, 0.3578112721443176, 0.7881919145584106] -2.6251487731933585 0.12067914009094238
traffic_cone [[27.72785949707054, 22.596626281738452, -1.4890382289886297]] [0.3536894619464874, 0.35322123765945435, 0.8045035004615784] -2.306323289871215 0.11933304369449615
pedestrian [[-4.575458526611101, -22.491003036498853, -1.5314304828643586]] [0.5707233548164368, 0.611353874206543, 1.0294559001922607] 2.4736149946795867 0.11923959851264954
traffic_cone [[-6.850090026855241, 30.281356811523438, -0.06941377371547475]] [0.390426903963089, 0.3998076319694519, 0.9583197832107544] 0.4817847013473509 0.10988122224807739
