car [[13.114944458007585, 25.481033325195312, -0.5265933275222707]] [1.8505754470825195, 4.410918235778809, 1.5943580865859985] -1.6471766233444216 0.7468297481536865
car [[19.320716857910156, 22.02385711669922, -0.6651312112808156]] [1.9293978214263916, 4.486013889312744, 1.6117963790893555] -1.6239312887191777 0.7293577194213867
car [[14.091720581054688, 46.9788360595702, 0.16129106283188221]] [1.9368600845336914, 4.599425792694092, 1.6858338117599487] -1.6294797658920293 0.7167930006980896
car [[11.172615051269418, -33.95829010009754, -1.7586575746536184]] [1.8978888988494873, 4.586099624633789, 1.609901785850525] -1.5727410316467283 0.7056436538696289
car [[11.920318603515568, 4.031551361083984, -0.9206934571266103]] [1.8809841871261597, 4.54816198348999, 1.6245793104171753] -1.5941232442855837 0.6779372692108154
car [[-0.16620254516601562, 22.932357788085824, -0.42507502436637523]] [1.9264841079711914, 4.712148666381836, 1.6455917358398438] 1.5881360212909146 0.6622214317321777
car [[18.532173156737997, -11.816329956054801, -1.4218690395355154]] [1.98149573802948, 4.835292339324951, 1.7426772117614746] -1.5656272172927859 0.6597176790237427
car [[10.679809570312273, -51.43473052978527, -2.1322548389434743]] [1.845041275024414, 4.389622211456299, 1.6106042861938477] -1.5557832717895508 0.6085755825042725
car [[11.478744506835767, -18.161506652832145, -1.4875169992446828]] [1.9730581045150757, 4.833861351013184, 1.6267759799957275] -1.5954860448837282 0.6067984104156494
car [[15.913604736327954, 11.162590026855582, -0.8093035221099782]] [1.845926284790039, 4.4182281494140625, 1.5817950963974] -1.643877625465393 0.556943416595459
car [[15.486961364745866, 8.197002410888786, -0.8383044600486684]] [1.887449026107788, 4.582505226135254, 1.61338472366333] -1.7084146738052364 0.16955819725990295
car [[23.648887634277173, -51.89934158325207, -2.2696919441223073]] [1.95862877368927, 4.643257141113281, 1.6929619312286377] 1.543984055519104 0.15761631727218628
car [[14.093048095703011, -44.07192230224621, -1.9661592245101858]] [1.9906260967254639, 4.7813262939453125, 1.7214553356170654] -1.6394578218460083 0.1375730186700821
car [[-5.250236511230582, 45.29444122314453, 0.08457772433758848]] [1.7623059749603271, 4.1835479736328125, 1.5462384223937988] -0.024172544479370367 0.12600882351398468
car [[14.660049438476449, -39.887840270996094, -1.7801281213760305]] [1.9788284301757812, 4.635434150695801, 1.7330918312072754] 1.4634917974472044 0.10917740315198898
car [[23.666320800781136, 38.678375244140625, -0.378715962171551]] [1.9203698635101318, 4.540427207946777, 1.6422786712646484] -1.8349179029464724 0.10787195712327957
construction_vehicle [[-14.134540557861499, -22.527502059936523, 0.5983614921569895]] [2.742053985595703, 7.95321798324585, 3.6807587146759033] 1.4879957437515259 0.13763664662837982
construction_vehicle [[-14.639362335205192, 13.512748718261605, 0.19452513754368184]] [2.3138539791107178, 4.6768598556518555, 2.730760335922241] -1.4179335832595823 0.11820618063211441
construction_vehicle [[-17.721080780029467, -3.2589149475097656, 0.3931464850902593]] [2.438312530517578, 4.605875015258789, 2.7121129035949707] 3.08597976366152 0.11701048910617828
truck [[14.150665283203068, 47.55380249023426, 0.1443317979574239]] [2.1253066062927246, 5.954914093017578, 1.99509596824646] -1.6549049615859988 0.11594169586896896
truck [[15.99727630615223, 11.691184997558594, -0.7748979330062831]] [2.043081521987915, 5.355549335479736, 1.8186321258544922] -1.628457307815552 0.11446475237607956
construction_vehicle [[-14.639377593994254, 9.25316238403309, -0.001979138236485767]] [1.5260602235794067, 2.5245354175567627, 2.181002378463745] -1.6223533153533933 0.10764137655496597
construction_vehicle [[-24.878759384155444, -53.08421325683605, 2.4963850975036657]] [3.1686654090881348, 7.607871055603027, 3.6241159439086914] 1.4978340864181516 0.10725066810846329
construction_vehicle [[29.098709106445256, 48.244415283203125, 0.45828053355217335]] [3.2051496505737305, 6.6213788986206055, 3.7187600135803223] -2.902199268341065 0.1038888469338417
bus [[23.085617065429517, -31.567823410034293, -0.5988993644714284]] [3.056608200073242, 12.655144691467285, 3.5860202312469482] -1.5374679565429688 0.9177290797233582
barrier [[-8.737476348877067, -4.446109771728629, -1.0873169898986745]] [2.1829307079315186, 0.5337498188018799, 1.105082392692566] 2.9983454386340536 0.8860445618629456
barrier [[-9.161960601806697, -2.1522865295411293, -1.0585267543792654]] [2.175480365753174, 0.5204213857650757, 1.0959856510162354] -3.005148887634278 0.8464820981025696
barrier [[-9.854904174804858, 2.2340660095213707, -0.9733709096908498]] [2.1599273681640625, 0.5014938712120056, 1.0833675861358643] -3.077265739440918 0.8409281969070435
barrier [[-10.475601196289233, 4.606994628906136, -0.9351848363876236]] [2.1643872261047363, 0.48351866006851196, 1.1142399311065674] -1.9610764980316162 0.7981790900230408
barrier [[-9.534324645996207, 0.07188796997081681, -1.0336185693740774]] [2.1845622062683105, 0.4861369729042053, 1.1066428422927856] -2.9691743850708012 0.7538263201713562
barrier [[-9.170379638671989, 34.4952392578125, -0.0990363135933805]] [2.095926523208618, 0.5412067770957947, 1.0529556274414062] -1.2037429809570315 0.6989307403564453
barrier [[-10.535621643066634, 4.025539398193246, -0.9572379589080775]] [2.111600875854492, 0.4817237854003906, 1.0822948217391968] -2.1960206031799325 0.6034023761749268
barrier [[-4.7283935546876705, 44.56699371337879, 0.0012723766267370706]] [2.3535289764404297, 0.5920285582542419, 1.133812665939331] -0.14160096645355263 0.35065746307373047
barrier [[-8.628284454345874, 37.524024963378906, -0.13726450502871756]] [2.0496041774749756, 0.4855446219444275, 1.09898841381073] -0.14213383197784427 0.32346218824386597
barrier [[-12.306346893310604, 5.062721252441406, -0.8580652475356985]] [2.01754093170166, 0.42518651485443115, 1.033301591873169] -1.3195127248764038 0.28067851066589355
barrier [[-9.14802169799816, -4.077709197998047, -1.060649156570431]] [2.1899728775024414, 0.5667376518249512, 1.1060250997543335] 3.0663474241839808 0.27809467911720276
barrier [[-10.906040191650504, -2.1202049255371094, -1.0234088897705007]] [2.289149284362793, 0.4515536427497864, 1.0318171977996826] 0.0032209157943722385 0.26990148425102234
barrier [[-11.201614379882926, 3.3861541748046875, -0.9275669455528188]] [2.1334354877471924, 0.4684184193611145, 1.0578080415725708] -1.7295048236846928 0.267652690410614
barrier [[-11.151363372802848, 0.33228302001964494, -0.9951202869415212]] [2.4646358489990234, 0.4841286540031433, 1.0568597316741943] 0.4184750318527222 0.2612445056438446
barrier [[-10.672584533691463, -3.308456420898324, -1.0284891128539932]] [2.105581521987915, 0.4593379497528076, 1.021308422088623] -2.9891879558563237 0.23963260650634766
barrier [[-11.51672363281267, 3.2946052551268394, -0.9148072600364614]] [2.2016592025756836, 0.454225093126297, 1.0381007194519043] -0.23167157173156755 0.23819085955619812
barrier [[-8.296958923340014, 37.5147247314452, -0.15714037418365123]] [2.030332565307617, 0.47704142332077026, 1.094897747039795] -0.21387887001037603 0.22573405504226685
barrier [[-10.013084411621094, 3.9609527587890625, -0.9557176828384293]] [1.9102452993392944, 0.43131813406944275, 1.02073335647583] -2.7459855079650883 0.22556591033935547
barrier [[-9.167957305908317, 37.49496459960915, -0.0661166906356776]] [2.135995388031006, 0.4999155104160309, 1.091651201248169] 0.1672728061676024 0.2181548923254013
barrier [[-10.390327453613452, -4.479946136474723, -1.0271720886230398]] [2.1497960090637207, 0.4544692039489746, 1.040497899055481] 3.0615242163287566 0.21778061985969543
barrier [[-10.183403015136832, 4.892974853515739, -0.9402111768722463]] [2.0816099643707275, 0.46949878334999084, 1.0535314083099365] -2.0046758651733403 0.21317532658576965
barrier [[-10.454505920410384, 3.452423095703125, -0.9544672966003311]] [2.0899386405944824, 0.4640754461288452, 1.0389940738677979] -2.623675346374512 0.20878544449806213
barrier [[-10.748249053955362, -2.696598052978743, -1.0362625122070277]] [2.2365105152130127, 0.4792861342430115, 1.0515198707580566] 0.8616443872451783 0.20639030635356903
barrier [[-8.683113098144702, 35.83381652832031, -0.1109805554151464]] [2.0723018646240234, 0.5351617336273193, 1.0344126224517822] 0.13187527656555142 0.1968694031238556
barrier [[-11.556362152099666, 3.831539154052848, -0.9022498726844752]] [2.159156560897827, 0.4504586160182953, 1.0452685356140137] -0.825316607952118 0.18648172914981842
barrier [[-11.215171813964957, 1.452445983886605, -0.952776551246636]] [2.142897605895996, 0.4819672703742981, 1.0452721118927002] 1.475220799446106 0.18035359680652618
barrier [[22.952018737792855, -50.71128082275402, -2.3677988052368093]] [2.0194921493530273, 0.5171258449554443, 1.0500762462615967] 3.0270865599261683 0.14487342536449432
barrier [[-11.230895996093864, 2.079559326171875, -0.9207323789596522]] [2.2333498001098633, 0.486541748046875, 1.042784333229065] 2.600035015736715 0.1444828361272812
barrier [[-10.016944885254077, -4.494041442871094, -1.0306372642517054]] [2.127253770828247, 0.5065990686416626, 1.0885694026947021] 2.9234412352191366 0.13696792721748352
barrier [[-8.347995758056811, -4.494220733642578, -1.1009871959686208]] [2.142792224884033, 0.5338178277015686, 1.0924063920974731] 3.013006035481588 0.13070069253444672
barrier [[-8.234046936035384, 35.78478240966774, -0.14518468081950786]] [2.0287394523620605, 0.520256757736206, 1.0420315265655518] 0.048505544662475135 0.12689054012298584
barrier [[-9.254989624023551, 35.72522735595692, -0.09871421009301429]] [2.224364757537842, 0.5498440265655518, 1.0299584865570068] -0.3137531280517579 0.1243186742067337
barrier [[-12.255260467529581, 4.727039337158089, -0.8642960786819387]] [2.0212628841400146, 0.4605135917663574, 1.0208081007003784] -0.9705650210380554 0.1224745362997055
barrier [[-10.22975158691412, 2.1925697326660156, -0.9646259546279872]] [2.1986083984375, 0.5719859600067139, 1.0963956117630005] -3.0401425361633305 0.11825291812419891
barrier [[-12.713405609130973, 5.049301147460824, -0.8194777369499135]] [2.118861675262451, 0.4499713182449341, 1.0380886793136597] -0.36953794956207314 0.10868322849273682
barrier [[-9.960784912109489, -6.260730743407976, -1.0991275310516286]] [1.9926444292068481, 0.41432684659957886, 1.0176804065704346] -3.1071300506591797 0.10602889955043793
barrier [[-6.38278961181652, -19.01873016357422, -1.6422513723373342]] [2.2663681507110596, 0.5850401520729065, 1.0182521343231201] -2.063321590423584 0.10452725738286972
barrier [[-4.921478271484432, 37.39802551269531, -0.46038782596587424]] [2.1671431064605713, 0.5090163946151733, 1.0169668197631836] -0.13587832450866696 0.10238318145275116
motorcycle [[-14.676254272461165, 8.82591629028309, 0.5697418451309275]] [0.7162314057350159, 1.8784571886062622, 1.2715046405792236] 0.7282286882400512 0.35747694969177246
bicycle [[-9.714225769043082, -13.356498718261605, -1.5530453920364344]] [0.6449539661407471, 1.7512247562408447, 1.1492128372192383] -1.8781411647796638 0.26946908235549927
bicycle [[-8.316940307617301, 36.94937133789074, -0.0710802599787641]] [0.5461519956588745, 1.6749829053878784, 1.243429183959961] 1.982518021260397 0.2003580778837204
bicycle [[-14.14064025878929, 1.6216697692869957, -0.17128008604048617]] [0.5629079341888428, 1.6074416637420654, 1.1035823822021484] 0.19328784942626914 0.1999894678592682
bicycle [[-10.389110565185717, -16.595264434814567, -0.9068964719772268]] [0.5116332769393921, 1.5321866273880005, 1.0917060375213623] -2.125396251678467 0.18940219283103943
bicycle [[-8.483032226562557, 36.87168884277355, -0.046621754765503454]] [0.5454946160316467, 1.7224490642547607, 1.2867249250411987] 0.5692168474197388 0.183681920170784
bicycle [[-6.112213134765739, -21.971813201904297, -1.7463066577911341]] [0.6289840340614319, 1.7723350524902344, 1.08888840675354] -1.4420661926269531 0.1418573558330536
motorcycle [[-14.717414855957031, -1.3572883605955894, 0.12118537724018807]] [0.6616660356521606, 1.787763237953186, 1.2349827289581299] 0.1817095279693602 0.13909095525741577
bicycle [[-9.440788269043082, 12.850013732910156, -1.2125332355499232]] [0.4747803211212158, 1.4437280893325806, 1.0736865997314453] 1.523411154747009 0.13774162530899048
bicycle [[-12.75986480712902, -18.807483673095703, -0.3468253016471792]] [0.6391012668609619, 1.7719295024871826, 1.1696650981903076] -0.41518771648406994 0.1344076246023178
bicycle [[22.965362548827954, -50.265701293945426, -2.197474479675286]] [0.6447778940200806, 1.7086492776870728, 1.1780822277069092] 1.8330090681659144 0.1262655109167099
bicycle [[-13.006221771240348, -11.041145324706918, -0.6457677483558584]] [0.5526410341262817, 1.5934144258499146, 1.1105329990386963] -1.594138026237488 0.12568198144435883
bicycle [[-14.83342742919939, -4.546459197998274, -0.4057966470718313]] [0.5226116180419922, 1.5454514026641846, 1.0813493728637695] 0.8569291830062865 0.125111922621727
bicycle [[-11.06374740600603, 3.9513816833494957, -0.9141840934753347]] [0.4923044741153717, 1.6408261060714722, 1.0578436851501465] -2.474183082580567 0.12434209138154984
motorcycle [[-11.625862121582145, 34.98238372802723, 0.5553319454193222]] [0.7210271954536438, 1.8761229515075684, 1.597860336303711] -0.6447902321815492 0.11950727552175522
motorcycle [[32.832771301269474, 6.926601409911996, -0.020691459998484873]] [0.7013570070266724, 1.9916021823883057, 1.3551573753356934] 0.8527885675430295 0.11931469291448593
bicycle [[25.556297302246037, -4.986072540283089, -0.8117731809616053]] [0.6130534410476685, 1.7836965322494507, 1.1578943729400635] -1.365992307662964 0.11473822593688965
bicycle [[-13.365215301513842, -11.144142150878906, -0.6613622903823781]] [0.5210272073745728, 1.532137393951416, 1.1321536302566528] -1.8495577573776245 0.1127677708864212
bicycle [[10.423042297363168, 11.209625244140511, -1.4501190185546804]] [0.6182948350906372, 1.5847872495651245, 0.8615937829017639] 2.4281142393695276 0.10774149000644684
bicycle [[9.335025787353288, 22.428466796874886, -1.103543996810906]] [0.6480322480201721, 1.7001838684082031, 1.172555685043335] -0.9900916218757627 0.10588562488555908
motorcycle [[29.128631591796534, -9.459701538086165, -0.5753251314163137]] [0.6484865546226501, 1.8303108215332031, 1.2400659322738647] -3.046783924102783 0.10417678952217102
bicycle [[4.558944702148324, -26.714420318603402, -2.2273244857788015]] [0.531825065612793, 1.5860285758972168, 1.0321012735366821] 1.7406008879290984 0.10362882912158966
bicycle [[-16.887588500976733, -3.210063934326058, 0.9724393486976695]] [0.6354727149009705, 1.7152073383331299, 1.1801140308380127] 1.876445595418112 0.10273768752813339
bicycle [[-13.642650604248104, 13.519081115722656, 0.25424236059189553]] [0.6632702350616455, 1.8930933475494385, 1.2264885902404785] 1.58107310930361 0.10178478807210922
traffic_cone [[9.816047668456974, 4.947765350341911, -1.0027594566345144]] [0.3714738190174103, 0.3733738362789154, 1.0817463397979736] -2.048519134521485 0.39417028427124023
traffic_cone [[-10.948360443115519, -6.7857818603515625, -1.0884815454482961]] [0.33992239832878113, 0.343121200799942, 0.7895712852478027] 0.8976365327835081 0.2834514379501343
traffic_cone [[-9.442680358886832, -3.1724777221679688, -1.1312559843063283]] [0.37099990248680115, 0.3652556538581848, 0.9006670713424683] 0.6381040811538695 0.2633237838745117
traffic_cone [[-10.440734863281307, 33.27816772460949, -0.09243572503327258]] [0.3762737214565277, 0.3615683913230896, 0.7768838405609131] -0.7076728940010071 0.2474055141210556
traffic_cone [[25.59782409667946, -24.71699333190918, -1.7832953929901052]] [0.37223294377326965, 0.3627435564994812, 1.2893987894058228] -1.05043637752533 0.24009907245635986
traffic_cone [[-7.5576477050782955, 6.0585212707521805, -0.9478845596313406]] [0.3894004821777344, 0.3908655643463135, 1.207348346710205] 2.2471798102008265 0.2387835830450058
traffic_cone [[25.585899353027344, -21.738204956054688, -1.7923035621642995]] [0.37267377972602844, 0.33925244212150574, 1.322084903717041] 1.5370887517929077 0.23518162965774536
pedestrian [[-16.318122863769702, 27.870452880859375, 0.42395097017288563]] [0.5677487850189209, 0.5715019106864929, 1.6953644752502441] 0.6795512437820431 0.21954652667045593
pedestrian [[-11.582649230957202, 34.93106079101574, 0.5490846037864721]] [0.6957204341888428, 0.7158699035644531, 1.620863676071167] -0.23693609237670937 0.18183551728725433
pedestrian [[25.451721191406193, 26.674797058105582, -0.6607254743575979]] [0.6369657516479492, 0.6839182376861572, 1.4568266868591309] 1.7263701597796843 0.16196539998054504
pedestrian [[26.179107666015398, 26.72469329833973, -0.6657906770706141]] [0.5827754139900208, 0.6017783880233765, 1.4163233041763306] 2.315519158040182 0.1469668447971344
traffic_cone [[-10.739231109619254, -6.789802551269304, -1.1112856864929093]] [0.347322016954422, 0.3554176390171051, 0.7888314723968506] 1.0228620767593384 0.12632982432842255
traffic_cone [[-13.348354339599723, -11.214912414550668, -0.6917356848716665]] [0.43521276116371155, 0.4359602928161621, 1.2373642921447754] -2.141979932785034 0.12426769733428955
pedestrian [[26.18214416503895, 34.953613281249886, -0.15572750568389182]] [0.6921523809432983, 0.703680157661438, 1.8063640594482422] -2.6699299812316895 0.11759774386882782
traffic_cone [[25.357467651367074, -18.694526672363168, -1.6872653961181534]] [0.37915629148483276, 0.36970287561416626, 1.2550938129425049] -1.3682377338409422 0.11238351464271545
traffic_cone [[-14.525520324707145, 3.76678466796875, -0.49721181392668967]] [0.35657498240470886, 0.34454455971717834, 0.9153523445129395] 0.4543524980545045 0.11223914474248886
pedestrian [[-6.362094879150504, 53.926033020019645, 0.7927597165107798]] [0.6769996285438538, 0.701083779335022, 1.7902723550796509] -1.458746910095215 0.1091233491897583
traffic_cone [[-5.745220184326286, -43.65685272216797, -1.8676929473876918]] [0.4599272608757019, 0.441129207611084, 1.3092900514602661] 1.9557226339923304 0.10576316714286804
traffic_cone [[9.323898315429403, -16.876022338867188, -1.9067331552505422]] [0.34719598293304443, 0.327044278383255, 0.7130455374717712] -2.3977077007293706 0.10533669590950012
pedestrian [[23.008377075195142, -50.12569046020519, -2.3307518959045375]] [0.648507833480835, 0.6553870439529419, 1.6292593479156494] -2.53289008140564 0.10506081581115723
pedestrian [[-17.79638290405296, 33.998474121093636, 0.9375928044319224]] [0.611017107963562, 0.631852388381958, 1.6342257261276245] -2.6900315284729004 0.10244088619947433
pedestrian [[-9.430461883545092, -12.772480010986442, -1.233450174331658]] [0.5115837454795837, 0.5167830586433411, 1.4074956178665161] 0.1258320808410642 0.10109766572713852
traffic_cone [[-9.383201599121321, 13.02523040771473, -1.0857725143432546]] [0.3767082095146179, 0.380312979221344, 0.8019511103630066] -0.1321989297866825 0.10105887800455093
92594549844e4f7da7a0e73e92945b2b