car [[-9.252391815185149, -2.6631202697749927, -1.3649393320083405]] [2.0565505027770996, 4.981791973114014, 1.8640942573547363] -1.613543033599853 0.8901127576828003
car [[-9.321426391601221, -9.360382080077727, -1.7742013931274165]] [1.8850973844528198, 4.70546293258667, 1.5493258237838745] -1.557540893554687 0.8847681283950806
car [[12.230827331543367, -5.150417327880575, -0.7111310958862092]] [1.8894786834716797, 4.552146911621094, 1.6501648426055908] 1.6028516928302214 0.8835374116897583
car [[-6.818855285644133, -16.42232894897421, -1.9165971279144056]] [1.8891613483428955, 4.559856414794922, 1.636907935142517] -2.221689939498901 0.8420425057411194
car [[15.447029113769872, 14.12274169921892, 0.08379132300617087]] [1.8099703788757324, 4.250283718109131, 1.6288411617279053] -1.5377973318099973 0.7962963581085205
car [[12.391479492187841, 19.46439361572294, 0.25596028566362605]] [1.9949591159820557, 4.88694953918457, 1.7253113985061646] -1.5120544433593746 0.791954755783081
car [[16.340263366699617, -4.9909172058103195, -0.4331411719321956]] [1.8028573989868164, 4.373741149902344, 1.530544400215149] 1.7296360174762173 0.7906919717788696
car [[4.282970428467138, -23.10279655456509, -1.818438053131084]] [1.9647386074066162, 4.6833648681640625, 1.6676197052001953] 1.593825165425436 0.7803192138671875
car [[5.336753845215128, 18.95890808105503, -0.28681755065915304]] [1.8377375602722168, 4.550136566162109, 1.6700853109359741] 1.605789963399069 0.7575015425682068
car [[5.309627532959382, 8.299739837646769, -0.8128167986869617]] [1.5939216613769531, 3.643871307373047, 1.4339492321014404] 1.5254272222518923 0.7375302910804749
car [[20.58792877197311, 13.546447753906534, 0.30667054653169856]] [1.8872497081756592, 4.522690773010254, 1.5571404695510864] -1.6276311874389646 0.715133786201477
car [[-14.27404403686478, -24.252336502074968, -2.3731448650359894]] [1.8363137245178223, 4.098433971405029, 1.6265696287155151] 0.16891920566558793 0.702180027961731
car [[-20.015262603759425, -24.29825973510708, -2.367700099945049]] [2.0002918243408203, 4.669283390045166, 1.6957602500915527] 0.23073220252990714 0.6988459229469299
car [[-7.388160705566008, -38.78655242919882, -2.4962234497070046]] [2.004974365234375, 4.772152423858643, 1.7247394323349] -1.5290167331695552 0.6985318660736084
car [[5.598628997803075, 30.886993408203352, 0.24178209900857617]] [1.851688027381897, 4.4452996253967285, 1.6310330629348755] 1.5213648080825803 0.6865472793579102
car [[-8.684726715087493, 32.68505859375034, -0.06390386819837524]] [2.0550825595855713, 5.236270904541016, 1.9042458534240723] -1.5948222875595088 0.661186933517456
car [[18.727767944336392, -4.632720947265341, -0.2950992584228267]] [1.7172353267669678, 3.979429006576538, 1.4784691333770752] 1.6711905638324185 0.6601574420928955
car [[5.330394744873445, 25.064712524414404, 0.0390535183251135]] [1.886878490447998, 4.636291980743408, 1.7459650039672852] 1.5732596556292933 0.6597309112548828
car [[5.344676971435831, 13.311500549316804, -0.5196502208709468]] [1.9576880931854248, 5.056484222412109, 1.6728681325912476] 1.6137746016131804 0.657987117767334
car [[-8.790561676024993, 24.281837463379134, 0.033512622118021085]] [2.560945749282837, 6.814267158508301, 3.0207314491271973] -1.6005495786666863 0.6519463062286377
car [[21.07792663574247, -4.553035736083643, -0.036828041076640616]] [1.9568990468978882, 4.615572929382324, 1.7894028425216675] -1.4454083442687984 0.6519289612770081
car [[18.47715759277395, -15.088478088378565, -0.7941137552261104]] [1.9377548694610596, 4.376343727111816, 1.7388544082641602] 0.06471383571624721 0.6461197137832642
car [[23.648521423340355, -4.3518371582029545, 0.06319791823627874]] [2.0821733474731445, 5.067226409912109, 1.8334283828735352] 1.6321342627154753 0.6133906841278076
car [[30.824722290039574, -15.204078674316008, -0.3050877451896401]] [1.987718105316162, 4.558407783508301, 1.7933228015899658] 0.043242335319519265 0.6117461919784546
car [[15.215171813965071, 19.40080261230497, 0.26387697458269344]] [1.920989751815796, 4.643166542053223, 1.6645209789276123] -1.5911954641342156 0.5961542129516602
car [[24.43910217285196, -14.918865203857138, -0.7620670795440496]] [1.8226064443588257, 4.302421569824219, 1.5033141374588013] 3.123641316090719 0.5921370387077332
car [[5.648590087890909, 42.212478637695654, 0.7481628060341059]] [1.9078425168991089, 4.729235649108887, 1.6796990633010864] 1.5672034025192259 0.5205841064453125
car [[38.02955627441446, 9.940948486328352, 0.8520801067352437]] [1.9463651180267334, 4.460343360900879, 1.7489577531814575] 1.5231894254684446 0.48778897523880005
car [[30.143188476562898, 10.387321472168367, 0.667481541633629]] [1.9272465705871582, 4.498510360717773, 1.686780571937561] 1.5276199579238892 0.4618539810180664
car [[24.95972442626993, 9.904441833496378, 0.3138404786586939]] [1.799415111541748, 4.278923988342285, 1.5049717426300049] -1.6036838293075557 0.4502493441104889
car [[-28.369081497192155, -26.122938156127702, -2.5761423110961736]] [2.035496234893799, 4.694693565368652, 1.7442216873168945] -0.06943225860595711 0.4167558252811432
car [[27.905166625976904, 15.307151794433992, 0.8800666332245104]] [1.907434105873108, 4.356889724731445, 1.6769055128097534] -1.6625119447708125 0.4019472897052765
car [[30.29066467285179, -0.38970565795881384, 0.4139531552791773]] [1.8725491762161255, 4.346670150756836, 1.6422940492630005] -0.9721089005470271 0.3879718780517578
car [[-21.778408050536655, -19.035392761230128, -2.2075874805450244]] [1.8625929355621338, 4.322748184204102, 1.6016144752502441] -2.99266242980957 0.3861789107322693
car [[27.429634094238736, 9.995491027832486, 0.43369546532632874]] [1.8101481199264526, 4.228238105773926, 1.53581702709198] -1.5473721027374263 0.38105902075767517
car [[26.57896423339878, -2.657955169677507, 0.11238258332016393]] [2.038309335708618, 4.83724308013916, 1.7833170890808105] 1.6723659674273892 0.37727588415145874
car [[-3.29563903808571, 50.10515594482456, 0.7066950201988362]] [1.884802222251892, 4.443013668060303, 1.6439332962036133] -1.5773915052413936 0.37685513496398926
car [[35.54211425781301, 9.984249114990575, 0.7586660385132067]] [1.895902156829834, 4.403256416320801, 1.6663070917129517] 1.4701586961746214 0.30007386207580566
car [[23.71621704101591, 20.06820678710966, 0.4815438389778315]] [1.9831297397613525, 4.582678318023682, 1.7032699584960938] -2.994004249572754 0.2906757891178131
car [[-9.165035247802393, 45.94940948486362, 0.7947691679001103]] [2.027818441390991, 4.911164283752441, 1.8757250308990479] -1.3763074874877925 0.27137014269828796
car [[32.66828918457048, 10.383514404297216, 0.6298153996467821]] [1.9080203771591187, 4.549295425415039, 1.65018630027771] -1.6011798381805418 0.25084590911865234
car [[3.905929565429858, -45.955108642577784, -2.4861867427825715]] [1.8339552879333496, 4.325893878936768, 1.59096097946167] 1.4921952486038208 0.229000523686409
car [[2.0455474853520172, 42.30223846435581, 0.9092968106270067]] [1.9348218441009521, 4.554683208465576, 1.7352467775344849] 1.4621056318283083 0.2264825850725174
car [[27.862411499023835, -0.9470024108884445, 0.255570411682152]] [1.9691065549850464, 4.649039268493652, 1.7174763679504395] -0.0983587503433229 0.22160704433918
car [[24.948249816894815, 15.306610107422102, 0.7862209677696459]] [1.900910496711731, 4.355113506317139, 1.6718146800994873] -1.4734416007995599 0.21704287827014923
car [[5.773536682129077, 36.24933624267601, 0.5166018009185951]] [1.8447299003601074, 4.376457691192627, 1.5694880485534668] 1.6127617994891565 0.2056460976600647
car [[5.665897369385107, 46.454116821289404, 0.833453714847586]] [1.88606595993042, 4.5241498947143555, 1.649073600769043] -2.3128731250762935 0.20193293690681458
car [[26.547592163086392, 20.07392120361368, 0.8003626465797691]] [2.011687755584717, 4.693404197692871, 1.7376199960708618] -2.928633689880371 0.17942000925540924
car [[14.136718750000341, -5.622043609618686, -0.418036401271797]] [1.8639583587646484, 4.318908214569092, 1.7330050468444824] 1.7289126555072234 0.17457664012908936
car [[30.901870727539347, -3.955894470214446, 0.2618602216243957]] [1.8868299722671509, 4.392782211303711, 1.6232433319091797] -1.9025024175643914 0.15989241003990173
car [[6.3834571838382885, -48.929149627685206, -2.3851237297057946]] [1.8444119691848755, 4.255164623260498, 1.66211998462677] -1.5788892507553098 0.1461412012577057
car [[-7.465507507323764, -51.90372848510697, -2.926325559616063]] [1.9143621921539307, 4.473485946655273, 1.6805840730667114] 1.5994980970965784 0.13666822016239166
car [[-8.738140106200945, 39.286216735840185, 0.4733859896660064]] [1.8624032735824585, 4.424039363861084, 1.5988565683364868] -0.48324918746948214 0.1365843117237091
car [[5.7196846008303055, 48.85140228271507, 0.9381057024002271]] [1.8802273273468018, 4.453799247741699, 1.6202670335769653] -1.613470077514648 0.13286526501178741
car [[38.05199432373081, 6.903453826904695, 0.7819439768791465]] [1.8935960531234741, 4.304715633392334, 1.6880052089691162] -1.4652729034423824 0.12908077239990234
car [[-9.231063842772926, 50.11316680908226, 0.8576354980468945]] [1.8794357776641846, 4.438309192657471, 1.6748852729797363] -1.4143863916397093 0.1262902468442917
car [[-8.085895538329794, -45.89838027954073, -2.979906797409038]] [1.8839056491851807, 4.53674840927124, 1.647932767868042] 1.513421893119812 0.11112680286169052
car [[25.534454345703466, 21.212966918945597, 0.8794811964035194]] [1.9067665338516235, 4.396157264709473, 1.6739972829818726] 2.9169300238238742 0.11003079265356064
car [[17.679031372070483, 19.48365020751993, 0.24959102272988964]] [1.9109017848968506, 4.474634170532227, 1.634406328201294] -1.6054581403732295 0.10645119845867157
car [[32.1086425781254, -2.7673454284665127, 0.3696929514408289]] [1.840813398361206, 4.27166223526001, 1.574402093887329] 2.289944950734274 0.10431094467639923
truck [[-8.787391662597372, 24.305488586425895, -0.032672934234122764]] [2.5060324668884277, 6.822089672088623, 2.8016421794891357] -1.6029032468795772 0.43033191561698914
truck [[-8.687667846679346, 32.787765502929915, -0.14982861280438797]] [2.0543158054351807, 5.334797382354736, 1.8601025342941284] -1.5932796001434322 0.3372437357902527
truck [[-9.214282989501555, 46.432037353515966, 0.9619839191436981]] [2.242384910583496, 5.736495018005371, 2.331042766571045] 1.5753372351275847 0.32779455184936523
truck [[5.651016235351904, 42.33335113525425, 0.6190680265426813]] [1.9111831188201904, 5.112130641937256, 1.7691750526428223] 1.6009615103351043 0.21084371209144592
truck [[23.64923095703159, -4.386135101317905, 0.14593556523325368]] [1.998030662536621, 5.172985076904297, 1.8144038915634155] 1.6513298193561001 0.18596157431602478
truck [[26.575828552246378, -2.7456932067867683, 0.1895614415407394]] [2.0188097953796387, 5.464932918548584, 1.803717017173767] 1.7813046614276333 0.18197748064994812
truck [[38.02366638183645, 9.998348236084212, 0.8305870294571154]] [2.027162551879883, 4.996124267578125, 1.8963394165039062] 1.516363501548767 0.17262107133865356
truck [[21.108024597168196, -4.567272186279013, -0.02448046393690717]] [1.9233050346374512, 5.0028886795043945, 1.8387775421142578] 1.743821446095602 0.15691480040550232
truck [[15.230796813965071, 19.513481140137117, 0.33820694684984254]] [1.953024983406067, 5.0645856857299805, 1.8349652290344238] -1.6063880920410152 0.14094504714012146
truck [[-28.51931953430136, -26.11897277831997, -2.6047449111938246]] [2.0926899909973145, 5.088347434997559, 1.931300401687622] -0.049996137619018596 0.11969837546348572
construction_vehicle [[3.9047088623049717, -45.2289276123044, -2.938191175460789]] [1.7099945545196533, 3.100537061691284, 2.079021692276001] 1.4477635622024534 0.11754357814788818
construction_vehicle [[-33.37774658203102, -24.921907424926587, -0.6453227996825994]] [1.988378643989563, 3.9488556385040283, 2.458976984024048] -2.438543081283569 0.11578265577554703
truck [[24.85643005371145, 20.092559814453466, 0.49616727232935176]] [1.8308870792388916, 4.734303951263428, 1.7191661596298218] 0.023616552352905145 0.1032303050160408
trailer [[17.029083251953466, 27.33503723144554, 1.6532427072525184]] [3.1787850856781006, 14.881828308105469, 3.9340691566467285] 3.0901423136340544 0.11793813109397888
bus [[28.505615234375284, 27.338211059570654, 2.8186485767364733]] [3.3831655979156494, 14.907211303710938, 3.972074508666992] -3.139806747436523 0.10635925084352493
barrier [[30.254577636719148, 26.03314208984409, 1.9892662763595794]] [3.007819175720215, 0.5969767570495605, 0.9955934882164001] -1.5887318849563594 0.14176484942436218
barrier [[33.29638671875023, 26.03186035156267, 2.0748362541198944]] [3.0355894565582275, 0.6343225240707397, 0.9874584078788757] -1.5839664936065667 0.13260847330093384
barrier [[20.74926757812534, 7.451606750488622, 0.39085078239442694]] [2.275245189666748, 0.4860974848270416, 1.022722840309143] -1.3202034235000606 0.11895255744457245
bicycle [[-6.170452117919581, 16.88536071777378, -0.5835822820663221]] [0.6851577758789062, 1.8529508113861084, 1.798826813697815] -1.5850197076797479 0.7044405937194824
motorcycle [[9.390384674072664, 8.459300994873388, -0.7328789234161164]] [0.6012982130050659, 1.8716373443603516, 1.2936933040618896] 1.326080918312073 0.6197999119758606
bicycle [[9.81741333007841, 17.690849304199446, -0.06849075108764602]] [0.527812123298645, 1.5706868171691895, 1.020458459854126] 1.7001779715167447 0.5603644251823425
bicycle [[14.480285644531534, -6.1858825683592045, 0.3951136767864387]] [0.5388249754905701, 1.6787118911743164, 1.11648428440094] 1.6685503164874478 0.4784514904022217
motorcycle [[28.983421325683878, 0.8806724548342686, 0.3051011562347572]] [0.6517361998558044, 1.9098882675170898, 1.3415333032608032] -1.8821580410003658 0.38993120193481445
bicycle [[-14.785919189452784, 18.216659545898665, -0.8944666981696887]] [0.6170793175697327, 1.7876782417297363, 1.1729140281677246] -0.3185467720031737 0.3716559410095215
motorcycle [[3.9689903259280754, -44.693038940429346, -2.772525310516337]] [0.7558963894844055, 1.9094195365905762, 1.322652816772461] -2.022872447967529 0.29186224937438965
bicycle [[14.231460571289347, -4.354812622070199, -0.5124274492263599]] [0.57691890001297, 1.562143087387085, 1.1729364395141602] 2.0366995970355437 0.21538470685482025
bicycle [[10.017509460449503, 10.973663330078523, -0.5995388031005628]] [0.5212689638137817, 1.6435496807098389, 1.0812420845031738] 1.4929834604263308 0.19962941110134125
motorcycle [[-33.401565551757415, -24.903905868529876, 0.1409810334444348]] [0.7339765429496765, 1.8787881135940552, 1.4016079902648926] -1.694950699806213 0.18163159489631653
motorcycle [[-3.3563423156733165, 48.964683532715185, 0.29267123341562495]] [0.8760226964950562, 2.223846197128296, 1.7634587287902832] -1.6129248142242425 0.17744138836860657
bicycle [[-16.65911865234358, 20.228187561035384, -0.36970001459120283]] [0.5829696655273438, 1.6547541618347168, 1.1759295463562012] 2.9766677061664035 0.1771290898323059
motorcycle [[-8.835754394530852, 2.1069679260257317, -1.424208879470811]] [0.635887861251831, 1.7166825532913208, 1.1499731540679932] -0.14899027347564697 0.1707049310207367
motorcycle [[4.327957153320597, -45.147880554198935, -2.7830975055694367]] [0.8168148994445801, 2.06510066986084, 1.4049439430236816] -1.953243017196655 0.15789347887039185
motorcycle [[1.497772216797216, 40.47736358642612, 0.6694837212562756]] [0.6820501089096069, 1.9679679870605469, 1.2352218627929688] -3.039709091186523 0.1491999477148056
bicycle [[-9.787757873534758, -30.85691642761202, -2.806210994720436]] [0.47458919882774353, 1.4705008268356323, 1.1361167430877686] 0.9128803014755247 0.14669810235500336
motorcycle [[29.529853820800952, 0.2827758789065342, 0.322227567434334]] [0.8871328234672546, 2.4757089614868164, 1.4734762907028198] -3.1128468513488765 0.14178478717803955
bicycle [[-12.751285552978118, 28.036354064941634, -0.2497131526469989]] [0.6274441480636597, 1.7840867042541504, 1.7071417570114136] -1.9201456308364866 0.13290423154830933
bicycle [[-15.259849548339673, 18.695938110351904, -0.9368730783462329]] [0.6203346848487854, 1.8140079975128174, 1.2077760696411133] -2.841111421585082 0.12600117921829224
bicycle [[-16.993118286132415, -28.603784561157056, -1.380827903747539]] [0.6130813956260681, 1.664021372795105, 1.2165989875793457] -1.3131674528121944 0.12471315264701843
bicycle [[-14.291484832763274, 17.790306091308935, -0.7476910352706696]] [0.7040261030197144, 1.9772623777389526, 1.2784422636032104] 0.20695960521698012 0.10734647512435913
motorcycle [[6.361103057861612, -47.131786346435206, -2.290505647659277]] [0.7268962860107422, 1.9458881616592407, 1.2608705759048462] 1.3300443887710571 0.10483697801828384
pedestrian [[8.259944915771825, 8.115539550781591, -0.5414558053016414]] [0.6480918526649475, 0.7762407064437866, 1.69910728931427] 1.5255810022354128 0.8344379663467407
pedestrian [[8.486217498779581, -12.48187255859358, -1.1980879306793]] [0.7627131938934326, 0.9113906621932983, 1.8524105548858643] 1.6209424177752898 0.7781554460525513
pedestrian [[-13.357486724853231, -19.098819732665618, -2.123747110366798]] [0.6684250831604004, 0.7602362036705017, 1.744870662689209] 2.36524755159487 0.7439417243003845
pedestrian [[-12.860607147216399, -19.00985717773409, -2.144225835800155]] [0.6546139717102051, 0.7311440706253052, 1.7103807926177979] 2.311546627675192 0.7343932390213013
pedestrian [[7.900032043457372, -36.32392120361283, -1.841625094413729]] [0.6355816125869751, 0.7152708768844604, 1.8479491472244263] 1.5079611539840696 0.6617341041564941
pedestrian [[8.75526809692417, -37.03698348999001, -1.7970907688140638]] [0.645485520362854, 0.7357128858566284, 1.8504829406738281] 1.5235382318496706 0.6610732078552246
pedestrian [[7.342327117920206, -31.965251922607195, -1.8306777477264191]] [0.6864966154098511, 0.8235282897949219, 1.8704315423965454] -1.4639041423797605 0.6546595692634583
pedestrian [[-11.906463623046477, -10.387035369872649, -1.65960347652433]] [0.6046932339668274, 0.6813036799430847, 1.745017409324646] -1.4995223283767694 0.6231825351715088
pedestrian [[-10.5745582580563, -27.50383567810036, -2.3294372558593572]] [0.6776591539382935, 0.7683536410331726, 1.7942365407943726] -1.3669650554656978 0.5902960300445557
pedestrian [[-12.784042358397983, 27.96933746337936, -0.24028001725671722]] [0.5820617079734802, 0.6582621932029724, 1.7399332523345947] -1.6988319158554073 0.5456722974777222
traffic_cone [[-8.07013702392544, 1.2511787414553623, -1.4630664587020696]] [0.3351595997810364, 0.32454678416252136, 1.2275798320770264] -1.8693763017654412 0.5425113439559937
pedestrian [[-12.414745330810149, 28.340438842773892, -0.2598423659801252]] [0.5744308233261108, 0.6455867290496826, 1.7070741653442383] -1.6850469112396238 0.46114012598991394
traffic_cone [[-7.541873931884368, 21.296539306640966, -0.9667435884475513]] [0.35907992720603943, 0.3579524755477905, 0.76123046875] -1.4456567764282224 0.39976075291633606
traffic_cone [[19.433784484863452, 6.803386688232763, -0.06154615432022226]] [0.3840814232826233, 0.37568333745002747, 0.981330156326294] -2.331928253173828 0.3924543857574463
traffic_cone [[-7.875301361083757, 17.259590148926122, -0.976917862892126]] [0.40388402342796326, 0.39721500873565674, 1.257859706878662] -2.076959371566772 0.3850504159927368
pedestrian [[8.083515167236783, -36.74623870849592, -1.821586251258834]] [0.6649896502494812, 0.7531959414482117, 1.8566498756408691] 1.5059348344802859 0.3388095498085022
pedestrian [[-11.01015472412081, -26.607969284057276, -2.303624391555763]] [0.715162456035614, 0.817906379699707, 1.8428244590759277] -1.5393738746643062 0.31680065393447876
traffic_cone [[-8.244514465331804, 16.345787048339957, -1.050506711006145]] [0.3939670920372009, 0.39199066162109375, 1.2117780447006226] -2.3267943859100337 0.2975560426712036
traffic_cone [[-9.163230895995696, 1.3038597106937004, -1.5241125822067012]] [0.336087703704834, 0.32752183079719543, 1.1401782035827637] -1.4196838140487666 0.2517916262149811
pedestrian [[8.897785186767805, -47.23539733886679, -2.35232877731321]] [0.6182010769844055, 0.6103514432907104, 1.7468416690826416] 2.6273449102984836 0.24187611043453217
pedestrian [[9.066528320312784, -37.358741760253736, -1.8360872268676527]] [0.6729025840759277, 0.7542241811752319, 1.841225028038025] 1.4974805116653442 0.22011470794677734
traffic_cone [[-8.258956909179403, 15.960945129394645, -1.1364789009094078]] [0.3764939606189728, 0.3698875308036804, 1.0712735652923584] -2.2930629253387447 0.21773844957351685
pedestrian [[14.252868652344262, -4.304748535155966, -0.5263900756835689]] [0.5176081657409668, 0.5367437601089478, 1.4296209812164307] 2.1156075636493132 0.20692002773284912
traffic_cone [[-19.443683624267067, -28.603601455688136, -2.4093995094299103]] [0.3946869671344757, 0.3906601667404175, 1.1264569759368896] 1.2309526205062866 0.19782757759094238
traffic_cone [[20.238258361816747, 6.817352294922102, 0.13018563389779558]] [0.49353617429733276, 0.49535536766052246, 1.3346259593963623] -2.1699547767639156 0.1784730851650238
traffic_cone [[-7.994544982909758, 21.261680603027685, -0.892224311828592]] [0.3889611065387726, 0.39222705364227295, 0.8903279304504395] -1.3662607669830318 0.1757822036743164
pedestrian [[8.61579132080118, -36.45859527587868, -1.7958385944366242]] [0.6529449820518494, 0.765610933303833, 1.8618593215942383] 1.4947456121444702 0.16673590242862701
pedestrian [[-15.70629501342745, 1.9982604980473297, 0.40392732620241567]] [0.6396144032478333, 0.6865122318267822, 1.7561134099960327] -0.5244711637496943 0.1653050184249878
traffic_cone [[19.66899871826189, 10.364791870117529, -0.023675499483923446]] [0.39086225628852844, 0.39052096009254456, 0.9158116579055786] 2.114545170460837 0.1638171523809433
pedestrian [[18.14721679687534, -17.113101959228345, -0.5561054348945369]] [0.5853816866874695, 0.5802029371261597, 1.7424890995025635] 0.38262379169464095 0.16328676044940948
traffic_cone [[7.369659423828523, 44.271774291992415, 1.103907346725487]] [0.53846675157547, 0.5366015434265137, 1.5422266721725464] -1.4383735656738277 0.1616915762424469
pedestrian [[24.454948425293367, 19.681907653808935, 0.5653144121170293]] [0.5774070024490356, 0.6058276295661926, 1.649427890777588] -1.8606407642364498 0.1612369567155838
traffic_cone [[-8.260787963866846, 15.399894714355582, -1.146038770675636]] [0.37843063473701477, 0.3710164427757263, 1.0619863271713257] -2.889466762542724 0.14731673896312714
traffic_cone [[-8.503124237060433, 16.44643402099632, -1.0437176227569438]] [0.4207494258880615, 0.4249867796897888, 1.261096477508545] -2.5438685417175284 0.1416572630405426
traffic_cone [[-10.868282318114836, -7.03760528564419, -1.6177550554275317]] [0.431964635848999, 0.42114943265914917, 1.3322169780731201] 0.3967716693878174 0.13976655900478363
pedestrian [[14.54998016357456, -4.384906768798601, -0.4665606915950633]] [0.4827042818069458, 0.4974428713321686, 1.3385347127914429] 2.1755636374102996 0.1379394382238388
pedestrian [[6.3712654113771805, -47.0704269409178, -2.323899269103981]] [0.663128137588501, 0.6956310868263245, 1.6465152502059937] -3.101615190505981 0.13791415095329285
traffic_cone [[0.9954833984377842, 40.44817352294956, 0.6870412826538317]] [0.461929053068161, 0.470934122800827, 1.3863176107406616] -0.8754641413688657 0.13553304970264435
pedestrian [[-12.872222900390113, 27.487319946289404, -0.23620977997777715]] [0.5992419123649597, 0.6828387379646301, 1.7575163841247559] -1.5965988636016846 0.13475793600082397
pedestrian [[-13.026710510253679, -40.67285156249977, -2.836276769638042]] [0.64629065990448, 0.6527634263038635, 1.5864859819412231] 0.09203624725341751 0.13474488258361816
traffic_cone [[12.678680419922273, -7.722610473632471, -1.2240769863128413]] [0.35124316811561584, 0.3529457747936249, 0.7898197174072266] 1.5411118268966675 0.13299939036369324
traffic_cone [[-7.617832183837493, 21.88088989257858, -0.822751760482765]] [0.4001823961734772, 0.4007354974746704, 0.9060523509979248] -1.4309318065643304 0.13222680985927582
traffic_cone [[-8.75562286376919, 1.4177284240723793, -1.5045406818389733]] [0.3800252079963684, 0.3859652280807495, 1.2188308238983154] -1.5032668113708487 0.13014590740203857
pedestrian [[7.675567626953466, -35.93258285522427, -1.8677637577056654]] [0.6687962412834167, 0.7801387310028076, 1.8473858833312988] 1.5299726724624636 0.12765102088451385
pedestrian [[-10.091892242431186, -27.798322677611964, -2.3530812263488574]] [0.7205995917320251, 0.8171851634979248, 1.7862780094146729] -1.2462337017059322 0.12551356852054596
pedestrian [[-26.280599594115984, -25.95479393005337, -2.6554083824157466]] [0.6870754361152649, 0.7146008610725403, 1.674875020980835] 1.5337241888046267 0.12504778802394867
pedestrian [[7.431652069092195, -32.525466918944915, -1.8167338371276625]] [0.7365856170654297, 0.9154192805290222, 1.8988744020462036] -1.4841139316558833 0.12268543243408203
traffic_cone [[-7.6800155639645595, 22.46557617187534, -0.5498515963554258]] [0.41900455951690674, 0.4079849421977997, 1.2279186248779297] -1.9261497259140006 0.12191743403673172
pedestrian [[-10.665596008300383, -26.219909667968352, -2.2317519187927033]] [0.7203556299209595, 0.8200152516365051, 1.810967206954956] -1.267066955566406 0.1214141994714737
traffic_cone [[-9.289127349853288, 15.508735656738509, -1.185530424118026]] [0.4129112958908081, 0.4248230457305908, 1.0927749872207642] -2.3532693386077876 0.11826767027378082
pedestrian [[-33.40633392333956, -24.93095588684065, -0.04364886134860768]] [0.6717949509620667, 0.6980675458908081, 1.8055505752563477] -0.629339277744293 0.1180589497089386
traffic_cone [[9.7487220764163, 29.19577789306686, 0.6820463538170038]] [0.4398037791252136, 0.43675142526626587, 1.1162251234054565] 2.984045092259543 0.11725670844316483
pedestrian [[13.475486755371548, -17.190391540527003, -0.7680989503860207]] [0.5601863265037537, 0.5574845671653748, 1.6922239065170288] 1.9855602423297332 0.11638973653316498
pedestrian [[-13.87569046020485, -18.993061065673658, -2.144000053405744]] [0.6735976934432983, 0.763780951499939, 1.710465431213379] 2.4784010092364714 0.11458739638328552
pedestrian [[-11.808547973632585, -10.949928283691179, -1.6822240352630455]] [0.6666035652160645, 0.786556601524353, 1.8156508207321167] -1.5095316171646112 0.1131945326924324
pedestrian [[14.530807495117699, -5.7291984558103195, 0.05445166677238866]] [0.5166692137718201, 0.5177998542785645, 1.5570106506347656] 2.17006236711611 0.10669989138841629
pedestrian [[26.609321594238622, -11.14249801635708, -0.22022044658658224]] [0.71242356300354, 0.7761363983154297, 1.8216447830200195] -0.13576519489288327 0.1019391119480133
pedestrian [[-13.283515930175554, 27.96679687500034, -0.21285694837568592]] [0.6334892511367798, 0.6978076696395874, 1.7494642734527588] -1.5319705009460443 0.10109643638134003
ce94ef7a0522468e81c0e2b3a2f1e12d