car [[6.0787086486816975, 8.793266296386719, -1.3464101552963257]] [1.8787379264831543, 4.4997711181640625, 1.6211730241775513] 1.1272650957107544 0.7390455603599548
car [[0.27380371093767053, -11.23245620727539, -1.0498502254486013]] [1.912608027458191, 4.564741611480713, 1.868018627166748] 1.5801485220538543 0.7315787076950073
car [[24.845474243164233, 5.039722442626953, -1.425849199295044]] [1.9547123908996582, 4.560227870941162, 1.6671957969665527] 2.869446102772849 0.7051761150360107
car [[-1.2587471008300213, 9.29637145996071, -1.0611026287078857]] [1.9230256080627441, 4.674367904663086, 1.8509713411331177] 1.9539826552020476 0.6781090497970581
car [[-17.69541931152338, 26.89844512939453, -1.4867007732391428]] [1.8290112018585205, 4.304711818695068, 1.5584744215011597] -0.22023022174835266 0.6598292589187622
car [[-10.359752655029126, 27.986610412597656, -1.1916685104370188]] [2.3795735836029053, 6.519381999969482, 2.9006288051605225] -0.2536712884902956 0.6593414545059204
car [[-10.932479858398438, 25.073707580566634, -1.6459064483642578]] [1.9048939943313599, 4.529789447784424, 1.629961609840393] -0.2687841653823856 0.6515530943870544
car [[-10.922161102294751, 21.74477386474632, -1.1980316638946533]] [2.1001229286193848, 5.142509937286377, 1.9866567850112915] -0.5640517473220827 0.617888331413269
car [[-33.33776092529291, 34.060081481933594, -0.776643991470344]] [2.1277081966400146, 5.0818071365356445, 2.0791749954223633] -0.26248037815094083 0.5998941659927368
car [[33.41186523437506, 3.1463890075683594, -1.2607111930847097]] [1.9088677167892456, 4.367940902709961, 1.66585373878479] 2.981335465108054 0.5691142082214355
car [[26.048530578613338, 7.619377136230696, -1.5548017024993825]] [2.027341365814209, 4.735190391540527, 1.7546982765197754] 2.7925275007831027 0.4897884726524353
car [[-27.170604705810547, 33.30279541015625, -1.1918549537658691]] [2.021972179412842, 4.726512432098389, 1.7098512649536133] -0.365658283233643 0.4253977835178375
car [[-24.954332351684627, 28.55432891845703, -1.2065334320068288]] [1.8264142274856567, 4.1619391441345215, 1.5636796951293945] -0.2237805128097541 0.39529433846473694
car [[-24.207626342773438, 38.15416717529274, -0.7511865496635437]] [1.9964818954467773, 4.7051472663879395, 1.8143409490585327] -0.8487849235534669 0.3400851786136627
car [[-25.50363540649397, 24.855926513672102, -0.9497669339179993]] [2.05411434173584, 4.748544692993164, 1.808465600013733] 2.8440869490252902 0.28361746668815613
car [[18.920097351074332, 50.593605041503906, -2.5725095272064067]] [1.991683006286621, 4.5968828201293945, 1.83247709274292] -0.22512233257293757 0.26763901114463806
car [[-17.109600067138615, 22.53984832763672, -1.2231914997100901]] [1.911638617515564, 4.491012096405029, 1.615273118019104] 2.8000310103045867 0.21504105627536774
car [[-3.908081054687159, -52.50769805908203, -2.2260189056396484]] [1.9171828031539917, 4.501123428344727, 1.6574950218200684] 1.4525471925735474 0.20460999011993408
car [[-33.88752365112299, 44.696464538574446, -1.2283177375793457]] [1.9570000171661377, 4.474978923797607, 1.732744812965393] -2.166444301605224 0.1483549177646637
car [[-22.54161643981928, 23.819229125976562, -1.061129093170166]] [2.0118722915649414, 4.716887950897217, 1.7716351747512817] -0.22688949108123813 0.13614530861377716
car [[-25.628360748291016, 33.856285095214616, -1.1535241603851318]] [1.939834475517273, 4.477761268615723, 1.680281162261963] -1.0881747007369993 0.13158895075321198
car [[-37.04582977294922, 44.68078613281227, -0.7230556011199951]] [2.0209274291992188, 4.730796813964844, 1.7912861108779907] 1.2660189867019653 0.12408573925495148
car [[-27.848020553588754, 34.994728088378906, -1.0392343997955322]] [1.9745301008224487, 4.572356224060059, 1.7118326425552368] -0.6401148438453679 0.11783304810523987
car [[-8.72832107543934, 30.794448852539062, -1.9737497568130493]] [2.056914806365967, 4.741058826446533, 1.743840217590332] -0.3708670139312748 0.11481760442256927
car [[-6.867835998535156, 33.23390197753929, -2.2256717681884766]] [2.009051561355591, 4.586077690124512, 1.7042696475982666] -0.29523205757141197 0.11201413720846176
car [[-2.7169761657712, -53.025596618652344, -2.2679545879364085]] [1.9352757930755615, 4.612774848937988, 1.6729997396469116] 1.5019506216049194 0.10640216618776321
car [[27.961235046387003, 12.781555175781023, -1.9524016380310059]] [1.9923219680786133, 4.6675004959106445, 1.6801538467407227] 2.824609581624167 0.10387590527534485
car [[-48.304145812988224, 35.039459228515625, 0.37294870615006204]] [1.9480146169662476, 4.525401592254639, 1.7132121324539185] -0.6915845274925236 0.10294998437166214
truck [[-10.337162017822038, 27.99945831298851, -1.1514567136764597]] [2.500035047531128, 6.688111782073975, 2.9862101078033447] -0.2599109411239628 0.2623719573020935
truck [[-24.333292007446346, 38.65014648437523, -0.7374604344367981]] [2.122514009475708, 5.815501689910889, 2.0279574394226074] 1.2440935373306272 0.2619168162345886
truck [[-14.029685974120866, -27.79359245300293, 1.7460237741470266]] [3.0968267917633057, 9.711244583129883, 3.5894088745117188] 3.0029881636248996 0.18662157654762268
truck [[-10.978683471679517, 21.808982849121094, -1.1830171346664429]] [2.08113431930542, 5.3735222816467285, 1.9545726776123047] -0.46899759769439703 0.17447848618030548
construction_vehicle [[-14.710670471191122, -45.327205657958984, 2.0372030735015727]] [2.317793130874634, 3.860569477081299, 2.68888258934021] 2.4481847921954563 0.1523597091436386
construction_vehicle [[-17.092910766601392, -46.45067977905296, 2.4059913158416677]] [3.067754030227661, 8.028276443481445, 3.5049097537994385] -0.030490636825561884 0.14544837176799774
truck [[26.610557556152457, 7.527164459228516, -1.4608430862426758]] [2.1936891078948975, 5.729769229888916, 1.997448444366455] 2.825980965291159 0.12719886004924774
truck [[19.51644134521507, 50.59372711181618, -2.695624351501465]] [2.288879871368408, 5.764073371887207, 2.13763427734375] -0.1606416702270512 0.12715932726860046
construction_vehicle [[-34.48556518554682, 45.89448547363281, -1.4052714109420776]] [2.4900147914886475, 4.405070781707764, 2.6476519107818604] 2.740141693745749 0.12310048937797546
truck [[17.036376953125284, 39.87530517578125, -2.3885178565979004]] [2.3721258640289307, 5.861223220825195, 2.6122567653656006] 1.4413453340530396 0.12290701270103455
truck [[-27.310791015624943, 33.31574249267578, -1.326627492904663]] [2.0562143325805664, 5.310879707336426, 1.8417702913284302] -3.0073151588439937 0.12049572169780731
truck [[-25.55048751831032, 24.9259033203125, -0.8687870502471924]] [2.0563817024230957, 5.16454553604126, 1.9398480653762817] 2.929719750081198 0.11592325568199158
construction_vehicle [[11.115684509277514, -47.726016998291016, -1.1472415924072337]] [2.1752452850341797, 4.718422889709473, 2.944474458694458] 3.1317694822894504 0.11563150584697723
construction_vehicle [[14.171653747558878, -10.469310760498047, -0.5214082598686218]] [1.4257102012634277, 2.7401599884033203, 1.7876741886138916] 0.9413076639175413 0.11308582872152328
construction_vehicle [[-12.922798156738281, 5.148727416992415, -0.36791417002677207]] [1.8449070453643799, 3.4367759227752686, 2.412980079650879] -0.7713784575462346 0.1124081015586853
truck [[0.2641105651855469, -11.614086151123274, -1.076092004776001]] [1.9372477531433105, 5.097626686096191, 1.8982402086257935] 1.5844691435443325 0.11231311410665512
truck [[33.89590454101591, 2.812015533447493, -1.2833614349365234]] [1.9988863468170166, 5.055334091186523, 1.7671427726745605] 2.9982784430133274 0.10838611423969269
truck [[49.49932098388683, 19.502761840820312, -0.2916955053806376]] [2.3259453773498535, 5.651276111602783, 2.4817914962768555] 0.06898009777069074 0.10822273790836334
construction_vehicle [[-35.12910079956049, -21.909996032714844, 2.833892822265625]] [2.8386647701263428, 6.0858893394470215, 3.1542818546295166] 0.646251082420349 0.10209522396326065
bus [[45.90062713623041, 5.6713066101071945, -0.23163507878781076]] [2.952317953109741, 11.532930374145508, 3.972890615463257] -3.1011672019958487 0.7502632737159729
trailer [[14.114898681640852, -10.433727264404297, -0.532231330871582]] [1.812788963317871, 3.5207672119140625, 1.3471341133117676] -2.4641344547271724 0.17870032787322998
trailer [[-15.361316680908146, -49.498008728027344, 2.214471101760857]] [2.7656328678131104, 8.354491233825684, 3.630687713623047] -1.6570292711257932 0.1495317816734314
bus [[-32.13523864746071, 50.04902648925781, -1.0020430088043142]] [2.928797483444214, 12.547914505004883, 3.525036573410034] -0.6797709465026859 0.11634844541549683
bus [[50.7249374389649, 20.03162384033203, -0.6370473504066467]] [3.040654182434082, 9.149725914001465, 3.486394166946411] 0.10971820354461614 0.11487013101577759
trailer [[-13.465538024902116, -27.815547943115007, 1.848107099533074]] [2.764174699783325, 7.910062789916992, 3.4140772819519043] 2.986777607594626 0.11472578346729279
trailer [[-17.14464950561512, -46.46057128906273, 2.278968334197998]] [2.817702293395996, 8.219130516052246, 3.5483434200286865] -0.11673390865325958 0.11149158328771591
trailer [[-14.695953369140568, -45.32432556152344, 1.98969566822052]] [2.05212140083313, 1.9358594417572021, 2.677596092224121] 1.6311596075641082 0.10411149263381958
bus [[-4.452751159667855, -53.8498344421389, -1.9591355323791504]] [2.7664530277252197, 9.677119255065918, 3.368363857269287] 1.3377012014389038 0.10291583836078644
barrier [[48.91329193115257, 18.487945556640852, 0.09051422774791007]] [3.2390506267547607, 0.6497188806533813, 0.9578812122344971] -1.5024371147155762 0.21778640151023865
barrier [[-6.9318351745603195, 7.5092620849609375, -1.2077302932739329]] [0.5720796585083008, 0.4767664074897766, 0.8474805355072021] -0.5586282014846803 0.2160843461751938
barrier [[18.4406356811524, 49.89354705810524, -2.7395613193511963]] [3.1664297580718994, 0.547992467880249, 0.957276463508606] 1.4514735937118532 0.14932380616664886
barrier [[-8.085735321044865, 53.86883544921875, 0.3740355670452047]] [2.4782493114471436, 0.5563771724700928, 1.0791691541671753] -2.130550384521484 0.13640879094600677
barrier [[9.33816528320341, -14.00492858886696, -1.4997773170471191]] [1.9962348937988281, 0.4384317100048065, 0.988389790058136] -2.7867279052734366 0.13064126670360565
barrier [[-13.499919891357251, 5.2114410400390625, -0.5978979468345713]] [2.9645609855651855, 0.5326812863349915, 0.9452227354049683] 0.14214169979095412 0.11116135865449905
barrier [[-6.910202026367131, 53.71452331542946, 0.2778800427913737]] [2.232192039489746, 0.5588502883911133, 1.0561352968215942] -1.534038424491882 0.10578467696905136
barrier [[24.214767456054744, 12.92378234863304, -2.2320833206176687]] [2.76420259475708, 0.5039805173873901, 0.9620482921600342] -1.7972055673599239 0.10416730493307114
bicycle [[13.972480773925724, -10.472770690917969, -0.28055724501610513]] [0.5900591015815735, 1.642978549003601, 1.228162407875061] -1.9296233654022212 0.5345718860626221
bicycle [[-4.4474792480467045, 7.943695068359375, -0.9204785823822021]] [0.8771296143531799, 1.5828584432601929, 1.8610665798187256] -0.26991605758667025 0.5018965005874634
motorcycle [[-3.3114204406736576, 29.126068115234375, -0.2636175751686096]] [0.6825349926948547, 2.070154905319214, 1.3471477031707764] -1.6371357440948482 0.450167179107666
motorcycle [[15.355651855468807, 28.357582092285156, -2.684398889541626]] [0.7397087812423706, 2.136004686355591, 1.2343838214874268] -0.33779430389404336 0.28981322050094604
bicycle [[14.51019287109392, -9.889472961425554, -0.5959278345108103]] [0.5033087730407715, 1.5878015756607056, 1.074258804321289] -1.5187813043594358 0.2789279818534851
bicycle [[13.701805114746094, -10.063980102538835, -0.42473140358925576]] [0.5417730212211609, 1.6346194744110107, 1.1410610675811768] -1.6845186948776243 0.2575042247772217
bicycle [[14.190910339355526, -9.456184387207259, -0.6794705986976624]] [0.49219202995300293, 1.4946987628936768, 1.0201635360717773] -1.5334414243698118 0.25619450211524963
bicycle [[14.588447570801009, -10.486930847167969, -0.44442209601402993]] [0.5206568241119385, 1.6114883422851562, 1.1526516675949097] -2.44044542312622 0.24325431883335114
motorcycle [[13.983551025390739, -20.239837646484375, -0.1999538242816925]] [0.6940029859542847, 1.9509228467941284, 1.4084898233413696] 3.065189186726706 0.23386231064796448
motorcycle [[31.64166259765659, 3.370845794677507, -1.3228121995925974]] [0.5917021632194519, 1.8679149150848389, 1.2132768630981445] 1.2984155416488652 0.23206530511379242
motorcycle [[-24.29930686950678, 23.725814819335938, -1.2574125528335571]] [0.6729317307472229, 1.949772834777832, 1.2854716777801514] 2.855999771748679 0.23169413208961487
motorcycle [[-3.7368125915526207, 29.617599487304688, -0.2998942732810974]] [0.7563875913619995, 2.324915885925293, 1.4101201295852661] -1.977957248687744 0.23077231645584106
bicycle [[9.376518249512003, -14.10302734375, -1.3749800920486521]] [0.5358513593673706, 1.5829401016235352, 1.0680301189422607] -1.8455666303634641 0.20672151446342468
bicycle [[-12.229705810546761, 11.780700683593977, -1.0740809440612793]] [0.532193124294281, 1.565800428390503, 1.044402003288269] -2.098650693893432 0.18253134191036224
bicycle [[24.44647979736351, 12.448944091796875, -2.2937703132629323]] [0.538653552532196, 1.4772706031799316, 1.0654373168945312] 0.6163123846054075 0.16853457689285278
bicycle [[-16.567863464355355, 9.518405914306868, -0.9097751379013062]] [0.5651209354400635, 1.570882797241211, 1.058222770690918] 0.0649452209472647 0.15843386948108673
bicycle [[-47.18016433715792, 33.29425048828125, 0.21441350877285004]] [0.7297197580337524, 1.8363392353057861, 1.6605651378631592] -0.45064139366149925 0.1575656235218048
bicycle [[-8.841545104980298, 11.00537109375, -1.48036789894104]] [0.5588093400001526, 1.606123924255371, 1.0643739700317383] 2.127275768910544 0.14842110872268677
bicycle [[19.452636718750114, 31.918785095214844, -1.8787248134613037]] [0.6106159687042236, 1.554495930671692, 1.468468427658081] 2.1736853758441375 0.13291873037815094
bicycle [[-8.111782073974553, 37.56254577636719, -1.3079217672347951]] [0.653820276260376, 1.74922513961792, 1.3908610343933105] 2.9678991476642063 0.13249899446964264
bicycle [[-14.116184234618913, 5.541015625, -0.5454099774360586]] [0.6176660656929016, 1.705348253250122, 1.1527338027954102] 0.04748058319091737 0.12476024031639099
motorcycle [[36.267723083496435, -16.4482421875, -0.001966184936463833]] [0.6495294570922852, 1.9445255994796753, 1.2344996929168701] 2.0330255667315886 0.11847688257694244
motorcycle [[-25.04834175109852, 32.56005859374977, -1.695376992225647]] [0.707237958908081, 1.9527631998062134, 1.3153107166290283] 1.2580357789993284 0.11730127036571503
bicycle [[17.082252502441577, 20.67491912841797, -2.129995584487922]] [0.6503405570983887, 1.732988953590393, 1.7314636707305908] 1.7535675207721158 0.11654418706893921
bicycle [[15.26422119140642, -10.51864242553711, -0.5241625905036926]] [0.5622797608375549, 1.590024471282959, 1.1529849767684937] -2.9908378124237056 0.11561640352010727
motorcycle [[15.907958984375284, 38.67652130126976, -2.5904884338378977]] [0.807059109210968, 2.1231632232666016, 1.3871769905090332] 1.5208405256271362 0.11340458691120148
bicycle [[-8.524524688720533, 37.99429321289085, -1.1192574501037669]] [0.6899813413619995, 1.787829041481018, 1.6136184930801392] -2.2958183288574214 0.11073379218578339
bicycle [[26.581527709960994, 11.927833557128906, -2.4464731216430664]] [0.58596271276474, 1.6622586250305176, 1.1119879484176636] -0.03917992115020771 0.11006127297878265
bicycle [[40.442070007324276, -15.342262268066179, -0.7150890231132578]] [0.6241021752357483, 1.7923381328582764, 1.1555371284484863] 2.892086331044333 0.10366587340831757
motorcycle [[1.6072044372559162, 49.409530639648665, 0.1398588865995407]] [0.7724770307540894, 2.3448517322540283, 1.4958001375198364] 1.5271886587142947 0.1007734015583992
bicycle [[9.737651824951286, -14.538917541503906, -1.2994431257247925]] [0.5918727517127991, 1.7484725713729858, 1.1447525024414062] -1.4255950450897212 0.10009270161390305
pedestrian [[18.70856475830101, 16.492172241211165, -1.984932541847236]] [0.6535274982452393, 0.7470111846923828, 1.7979941368103027] 1.4067696332931519 0.8107407093048096
pedestrian [[4.56764221191429, 23.815750122070312, -2.1721155643463135]] [0.7215901613235474, 0.832022488117218, 1.8076618909835815] 0.6224242448806762 0.7987613677978516
pedestrian [[19.038681030273608, 13.605918884277344, -1.714963674545288]] [0.6250649094581604, 0.688014030456543, 1.7064775228500366] 1.3015996217727666 0.7929056286811829
pedestrian [[19.345794677734602, 18.259254455566634, -2.1801347732543945]] [0.6219465732574463, 0.6911212801933289, 1.744246006011963] 1.3124672174453735 0.7865391373634338
pedestrian [[20.686096191406364, 16.664520263671875, -1.9554738998413157]] [0.6563798189163208, 0.7357896566390991, 1.8162747621536255] 1.3499163389205933 0.7802236080169678
pedestrian [[18.964576721191577, 21.435829162597656, -2.2409043312072683]] [0.6904770135879517, 0.763132631778717, 1.8741369247436523] 1.5766328016864224 0.776310920715332
pedestrian [[21.24624633789091, 22.473358154297102, -2.2795114517211914]] [0.6259918212890625, 0.6655511260032654, 1.7481197118759155] 1.1528981924057005 0.7596866488456726
pedestrian [[9.2849960327149, 1.7518310546875, -0.9606247544288635]] [0.6465232372283936, 0.6084427833557129, 1.751819372177124] 2.4234088102923796 0.7551844120025635
pedestrian [[17.81261444091814, 7.275985717773665, -1.2998781204223633]] [0.6696830987930298, 0.7489972114562988, 1.7494856119155884] -2.0423655509948726 0.7528910636901855
pedestrian [[9.459060668945483, 25.040634155273438, -2.260188579559326]] [0.6798543930053711, 0.7598533034324646, 1.7339086532592773] 0.09663522243499746 0.7475777268409729
pedestrian [[-8.054962158203011, 8.87251663207985, -0.8235522508621216]] [0.6963285207748413, 0.8202776908874512, 1.7694473266601562] -2.52790355682373 0.7470590472221375
pedestrian [[15.727302551269702, 30.201141357421875, -2.0883054733276296]] [0.6834083795547485, 0.7061910033226013, 1.782260537147522] -3.0085186958312984 0.7444538474082947
pedestrian [[15.769340515136776, -7.672168731689453, -0.1844799518585205]] [0.6303917765617371, 0.5950183272361755, 1.793732762336731] 1.7118566671954558 0.7375186681747437
pedestrian [[-2.22297286987299, -9.088142395019531, -1.091958761215217]] [0.6941603422164917, 0.845068097114563, 1.666684627532959] 1.5608068704605103 0.7329484820365906
pedestrian [[3.8886299133302487, 26.52398681640625, -2.0877647399902344]] [0.6696443557739258, 0.7531561851501465, 1.738098382949829] 0.751009583473205 0.7279072999954224
pedestrian [[16.016052246093864, 3.4709625244140625, -1.154594898223884]] [0.6349128484725952, 0.7405391931533813, 1.6763817071914673] -2.0488259792327876 0.7274695634841919
pedestrian [[15.209861755371094, 5.276790618896484, -1.188975691795342]] [0.6569900512695312, 0.7363035678863525, 1.7172129154205322] -1.6307163238525388 0.7243950963020325
pedestrian [[8.90132141113304, 2.916889190673828, -0.9072062969207764]] [0.7575416564941406, 0.720448911190033, 1.8656376600265503] 2.839548412953513 0.7204011082649231
pedestrian [[19.007690429687727, 19.099319458007585, -2.2188003063201904]] [0.6311370134353638, 0.7196473479270935, 1.762379765510559] 1.3776389360427856 0.7088863253593445
pedestrian [[21.818923950195483, 21.13678741455078, -2.245473623275757]] [0.60268235206604, 0.665178656578064, 1.7529205083847046] 0.9938400983810421 0.7076099514961243
pedestrian [[15.835960388183707, 32.200736999511946, -2.063155174255371]] [0.6657638549804688, 0.6877365112304688, 1.7716073989868164] -3.070585966110229 0.6986164450645447
pedestrian [[21.06900787353527, -0.2743225097653976, -1.0872544050216746]] [0.6675412654876709, 0.750582218170166, 1.7371671199798584] -0.22242772579193157 0.6977682113647461
pedestrian [[22.344589233398608, 20.513580322265852, -2.192547082901001]] [0.6033182740211487, 0.6587846279144287, 1.7142865657806396] 1.0080765485763548 0.6945532560348511
pedestrian [[5.151889801025561, 35.294883728027344, -1.1587671041488719]] [0.6458604335784912, 0.6500263214111328, 1.7313405275344849] 3.0276144186603 0.6809816956520081
pedestrian [[18.685104370117244, 13.923355102539062, -1.747901201248169]] [0.6306276917457581, 0.712924599647522, 1.7335618734359741] 1.3218737840652466 0.6634941697120667
pedestrian [[17.026374816894815, 20.51470947265625, -2.2076215744018626]] [0.6816914081573486, 0.7529341578483582, 1.791244626045227] 1.826216522847311 0.6321176290512085
pedestrian [[24.785110473632812, -9.175838470458984, -0.05839684233068709]] [0.6497334837913513, 0.6789395809173584, 1.7462494373321533] 0.03651499748229981 0.6213098764419556
pedestrian [[18.187675476074332, 21.500694274902344, -2.1615941524505544]] [0.7420254349708557, 0.847200870513916, 1.9375090599060059] 1.5918443838702605 0.609634518623352
pedestrian [[27.78102874755865, 30.297805786132812, -1.9330124855041504]] [0.6271772980690002, 0.6311290264129639, 1.7971398830413818] 0.2634298801422115 0.6074572801589966
pedestrian [[19.039123535156307, 31.577407836914062, -1.8863065242767263]] [0.6254561543464661, 0.6214795708656311, 1.798385500907898] -0.5441256761550907 0.5658149123191833
pedestrian [[27.831512451172046, 29.802978515625, -1.9529350996017456]] [0.6116816997528076, 0.6213122606277466, 1.771950602531433] 0.24218332767486533 0.5569324493408203
pedestrian [[21.698722839355526, 22.401458740234375, -2.2908315658569407]] [0.6078269481658936, 0.6501091122627258, 1.7167632579803467] 1.143558144569397 0.5510725975036621
pedestrian [[33.67614746093773, -10.365211486816406, -0.21405625343322754]] [0.6202543377876282, 0.6283144354820251, 1.7451980113983154] -3.1102943420410147 0.5494223237037659
pedestrian [[33.7611160278322, -13.328117370605696, -0.045103415846824646]] [0.6751106381416321, 0.6896427273750305, 1.836669921875] -3.13304328918457 0.5415236949920654
pedestrian [[39.93081665039057, -10.576457977294922, -0.20807647705078836]] [0.7245607376098633, 0.7186509370803833, 1.8811588287353516] -2.844926834106445 0.5327605605125427
pedestrian [[31.635147094726733, 30.81858825683571, -1.822052240371704]] [0.6356942653656006, 0.660156786441803, 1.8041086196899414] -3.13917326927185 0.5294750928878784
pedestrian [[-4.3900108337401775, 7.874797821044922, -0.8633888363838196]] [0.7974792122840881, 0.8453824520111084, 1.8193097114562988] 0.5229548215866088 0.45288899540901184
pedestrian [[7.906314849853686, 38.684303283691406, -1.214385986328125]] [0.6553342938423157, 0.6492092609405518, 1.8163564205169678] -0.007450222969055404 0.39213937520980835
pedestrian [[29.148574829101733, 30.939125061035156, -1.9142500162124563]] [0.6173958778381348, 0.6402420401573181, 1.7786424160003662] -2.8986530303955074 0.37707000970840454
pedestrian [[19.486907958984432, 31.94183349609375, -1.9044157266616821]] [0.6073666214942932, 0.6254017949104309, 1.7705820798873901] -2.5167281627655025 0.3574005365371704
pedestrian [[25.487815856933537, 30.09075164794922, -1.812854528427124]] [0.6422617435455322, 0.6732209920883179, 1.7624804973602295] 3.0036180655108855 0.3410080373287201
pedestrian [[-33.94382476806612, 43.65104675292969, -1.1429944038391113]] [0.6604623198509216, 0.6935099363327026, 1.761744737625122] 3.067309681569235 0.33419811725616455
pedestrian [[-8.226493835449219, 38.13793182373024, -0.9585080742835999]] [0.6646978855133057, 0.6781865358352661, 1.6975140571594238] -0.9081771373748777 0.3296128213405609
pedestrian [[21.786766052246207, 22.026962280273438, -2.2501375675201416]] [0.6075754165649414, 0.6803981065750122, 1.7589372396469116] 1.0699299573898315 0.31465810537338257
pedestrian [[-3.8443946838378906, -35.0260009765625, -2.3192591667175293]] [0.5925136804580688, 0.6433722972869873, 1.6334720849990845] 1.4963921308517458 0.31262683868408203
pedestrian [[-4.422908782958814, -34.943016052246094, -2.3304903507232737]] [0.5869856476783752, 0.6407144665718079, 1.6483403444290161] 1.4969040155410767 0.3034544289112091
pedestrian [[46.64122772216797, -2.058429718017578, -0.6071034669876099]] [0.6736869812011719, 0.6923314929008484, 1.7991254329681396] 3.0339930693255828 0.3000123202800751
pedestrian [[22.318611145019702, 21.187675476074446, -2.2136807441711497]] [0.6261038184165955, 0.6996359825134277, 1.7617164850234985] 1.0032073259353638 0.29598909616470337
pedestrian [[21.210739135742188, 22.894531249999773, -2.236896038055413]] [0.6588660478591919, 0.7400407791137695, 1.7796616554260254] 1.2037876844406126 0.2834279537200928
traffic_cone [[-6.870002746581861, 7.5140800476071945, -1.1528210639953542]] [0.585898756980896, 0.6014641523361206, 1.1187647581100464] 1.33044970035553 0.2777898907661438
pedestrian [[48.93618774414091, 30.215858459472656, -2.3181483745575022]] [0.6849008202552795, 0.6893980503082275, 1.8057646751403809] -2.8770346641540523 0.25995689630508423
pedestrian [[-8.003154754638388, 38.509933471679915, -0.8952516913414001]] [0.6585057377815247, 0.6774895787239075, 1.7084261178970337] -1.14650559425354 0.2537454068660736
pedestrian [[33.127021789550895, 31.549102783203125, -1.7967150211334229]] [0.6255570650100708, 0.6545512676239014, 1.7316739559173584] -2.1809310913085933 0.25349515676498413
pedestrian [[11.282981872558707, 35.16413879394531, -1.061633586883545]] [0.6597265601158142, 0.6571598052978516, 1.8206429481506348] -2.7301311492919917 0.25299006700515747
pedestrian [[-8.216011047363168, 37.605438232421875, -1.155682325363152]] [0.6196385622024536, 0.6386449933052063, 1.61045241355896] -0.3371195793151857 0.2499038577079773
pedestrian [[40.37355041503935, -15.308086395263445, -0.5748593211174082]] [0.5578536987304688, 0.5729240775108337, 1.411651611328125] -2.694914817810058 0.24962329864501953
pedestrian [[5.502326965332088, 35.577362060546875, -1.1326566934585571]] [0.6854366064071655, 0.7288545370101929, 1.800023078918457] 3.0712555090533664 0.21117210388183594
pedestrian [[13.721832275390682, -10.610950469970703, -0.23819500207901]] [0.6329472064971924, 0.6564639806747437, 1.5527410507202148] 0.7588688135147093 0.20647472143173218
pedestrian [[11.633979797363509, 34.56610107421852, -1.4268667697906494]] [0.6036997437477112, 0.6211481094360352, 1.7019383907318115] -2.3031768798828116 0.1938435435295105
pedestrian [[31.913841247558707, 30.505203247070312, -1.7868834733963013]] [0.6849424839019775, 0.734619140625, 1.8277777433395386] -3.0855119228363033 0.1937883198261261
pedestrian [[14.077262878418026, -20.20746612548851, -0.20924082398415322]] [0.6860055327415466, 0.7115586996078491, 1.6596472263336182] -2.9063673019409175 0.1863914430141449
traffic_cone [[8.640556335449446, -46.66139602661133, -2.053218364715576]] [0.3902701437473297, 0.3820919990539551, 1.2227407693862915] 2.0680273214923313 0.18509799242019653
pedestrian [[27.448638916015625, -11.222236633301009, 0.0007627299055457115]] [0.5433297157287598, 0.5572044849395752, 1.4167453050613403] 2.6167114416705535 0.1850043088197708
pedestrian [[36.15689849853527, -16.318756103515398, -0.17249380052090402]] [0.58445143699646, 0.5989351272583008, 1.630258321762085] -2.132205724716186 0.17608293890953064
pedestrian [[31.615982055664062, 32.73992919921898, -1.768835425376885]] [0.636883020401001, 0.6289497017860413, 1.766384243965149] 2.6324713865863254 0.17566999793052673
pedestrian [[17.61691284179699, 20.71881103515625, -2.157555341720581]] [0.7413635849952698, 0.8576259613037109, 1.8788597583770752] 1.708988491688864 0.17311981320381165
pedestrian [[3.1816139221191975, 34.44447326660156, -1.6141176223754812]] [0.6344411373138428, 0.6597118973731995, 1.601192831993103] -1.1447954177856445 0.17216353118419647
pedestrian [[13.918022155761946, -11.02069091796875, -0.2678809165954661]] [0.649474024772644, 0.6985976099967957, 1.5192714929580688] 0.9503089189529417 0.1700495183467865
pedestrian [[10.897727966308594, 32.575965881347656, -1.6497987508773804]] [0.6767333149909973, 0.7388579845428467, 1.7540303468704224] -1.8352611064910884 0.16960027813911438
pedestrian [[19.434082031250227, -15.859386444091797, -0.23208770155906677]] [0.7058719396591187, 0.7440836429595947, 1.5475130081176758] 1.3351548910140991 0.16936615109443665
pedestrian [[17.55308532714855, -48.28227615356445, -1.4141312837600637]] [0.6260585188865662, 0.6252323985099792, 1.8433470726013184] 1.9743397871600554 0.16735640168190002
pedestrian [[18.224594116211108, 22.39049530029297, -2.104924440383911]] [0.7900818586349487, 0.9356630444526672, 1.9853522777557373] 1.4665380716323855 0.1672729253768921
pedestrian [[19.292701721191577, 13.177085876464844, -1.6788263320922852]] [0.6573500037193298, 0.7571475505828857, 1.7364397048950195] 1.2631088495254519 0.164521262049675
traffic_cone [[22.318191528320426, 13.292198181152571, -1.978242039680481]] [0.39294150471687317, 0.3927406370639801, 1.2718348503112793] -1.5167543888092039 0.16385290026664734
pedestrian [[29.088066101074162, 30.483688354492188, -1.895123243331902]] [0.6570588946342468, 0.7063869833946228, 1.8249844312667847] -2.4827766418457027 0.16141903400421143
pedestrian [[-47.27511596679682, 33.32850646972679, 0.07015911489725113]] [0.656959593296051, 0.7054333090782166, 1.835896611213684] -0.6495383977890016 0.16079819202423096
pedestrian [[15.155097961425838, -1.0270690917966476, -1.0966627597808838]] [0.7004296183586121, 0.7767057418823242, 1.2304258346557617] 1.3269008398056032 0.15739932656288147
pedestrian [[28.430831909179858, 30.317062377929915, -1.9316840171813965]] [0.6485903263092041, 0.7085295915603638, 1.8112244606018066] 0.2671447992324826 0.1559903770685196
pedestrian [[12.201705932617358, -38.094505310058366, -1.426017999649055]] [0.6452520489692688, 0.6271445155143738, 1.8129916191101074] 2.9404957930194304 0.15535077452659607
pedestrian [[31.563140869140568, 31.38555908203125, -1.8125998973846507]] [0.6265839338302612, 0.6726503372192383, 1.8095262050628662] 3.0614953676806858 0.15501226484775543
pedestrian [[16.435134887695426, -48.3127326965332, -1.420537829399116]] [0.6174474954605103, 0.614148736000061, 1.8265092372894287] 1.2561742067337034 0.15024422109127045
pedestrian [[3.94983291626005, 36.857704162597656, -1.0878936052322388]] [0.6442214846611023, 0.6560013294219971, 1.746529221534729] -1.4956603050231934 0.14945057034492493
pedestrian [[41.143005371093864, 17.699493408203125, -1.1618103981018066]] [0.6081758737564087, 0.5887495279312134, 1.8314578533172607] -2.704497337341308 0.1482824832201004
