car [[12.743461608886719, 13.404891967773324, -0.4555482268333506]] [2.043600082397461, 5.357847213745117, 2.19419002532959] -1.6081612110137944 0.7989109754562378
car [[9.765621185302962, -4.116741180419922, -1.2506641149520954]] [1.841893196105957, 4.551596164703369, 1.50263249874115] -1.5558751821517949 0.7906064391136169
car [[6.264114379882585, -12.095909118652571, -0.9288476705551227]] [1.9420592784881592, 4.864762306213379, 2.053924083709717] -1.8562922477722168 0.7902824282646179
car [[9.68560791015625, 11.736129760742301, -0.7505977749824595]] [1.862075686454773, 4.416906356811523, 1.6246838569641113] -1.5610450506210332 0.7697439789772034
car [[0.7798309326171875, 22.37845611572243, -0.3555365800857633]] [1.9161078929901123, 4.665038108825684, 1.665617823600769] 1.513713240623474 0.7338671684265137
car [[9.54241943359375, 3.690044403076058, -0.9126057624816974]] [1.975846767425537, 4.918295383453369, 1.749350905418396] -1.5640869140625002 0.7224581241607666
car [[9.512496948242188, 18.442909240722656, -0.6085823774337848]] [1.7930186986923218, 4.365002632141113, 1.5180299282073975] -1.501921057701111 0.6846945285797119
car [[12.450386047363509, -2.0327796936036293, -1.2828710079193204]] [1.8499188423156738, 4.5904436111450195, 1.5764808654785156] -1.5777487754821777 0.6353962421417236
car [[9.65140151977539, -11.004299163818587, -1.2191994190216144]] [1.9351509809494019, 4.663408279418945, 1.6399863958358765] -1.617913842201233 0.6170300245285034
car [[-2.512668609619368, -22.660301208496094, -0.7091741561889737]] [2.037343978881836, 5.058486461639404, 2.0456578731536865] 0.8529528379440308 0.5927233099937439
car [[-0.8864479064939133, -50.71739959716808, -0.5075437426567184]] [1.8162617683410645, 4.210063934326172, 1.5977572202682495] 1.5152808427810667 0.5871078968048096
car [[2.012149810791243, -51.23807907104492, -0.5351666212081989]] [1.94911527633667, 4.558209419250488, 1.7747108936309814] 1.5421024560928347 0.5600632429122925
car [[12.546813964843977, -11.131866455078125, -0.4969792366027912]] [2.3946309089660645, 6.518984794616699, 2.8017873764038086] -1.5947957038879397 0.44971567392349243
car [[-20.7610893249514, -30.471544265747298, -1.172545552253732]] [1.7979881763458252, 4.198957443237305, 1.5626604557037354] 0.136189341545105 0.44967690110206604
car [[0.2136421203615555, 42.81915283203125, 0.7789132595062167]] [1.9239965677261353, 4.579126358032227, 1.771545171737671] 1.485186696052551 0.22522252798080444
car [[14.770912170410384, -54.017131805420036, -1.094597578048715]] [1.8640705347061157, 4.2231669425964355, 1.6385276317596436] 1.618611160908834 0.21444229781627655
car [[29.117355346679915, 47.156700134277344, 0.5892416238784683]] [1.9296554327011108, 4.482991695404053, 1.7078593969345093] -3.079941749572754 0.21270886063575745
car [[-1.494289398193132, 47.166839599609375, 0.5065593123435894]] [1.8121894598007202, 4.261313438415527, 1.6262147426605225] -1.6657375097274785 0.2107315957546234
car [[6.857570648193359, -47.64616775512695, -0.8226211667060941]] [1.957060694694519, 4.815870761871338, 1.8243720531463623] 1.4893168210983274 0.19527703523635864
car [[-29.09613609313965, -48.22566604614258, -0.7384253144264301]] [1.9139307737350464, 4.420559883117676, 1.6931192874908447] 1.1746803522109983 0.18148940801620483
car [[-31.48246192932129, 27.990539550781364, 1.0826077461242596]] [2.012476921081543, 4.7262187004089355, 1.786328911781311] -1.4915527105331423 0.1745186448097229
car [[17.08148956298828, -53.07832717895508, -0.79109203815461]] [1.8560229539871216, 4.309185028076172, 1.631591558456421] 1.8847006003009243 0.1606830507516861
car [[27.942611694336165, 48.861869812011605, 0.6632406711578298]] [1.991653561592102, 4.6867265701293945, 1.7575750350952148] -1.7283550500869753 0.14897969365119934
car [[-15.999996185302734, -47.063602447509766, 0.2360617667436511]] [1.898742437362671, 4.386595726013184, 1.7073535919189453] 1.3673399686813352 0.14749012887477875
car [[24.946510314941406, 40.46071624755848, 0.5364428758621145]] [1.8745086193084717, 4.32241153717041, 1.60894775390625] 3.1319559256183074 0.12167006731033325
car [[-5.2342338562009445, 39.850685119628906, 0.4390535056590945]] [2.0054051876068115, 4.688180446624756, 1.7915408611297607] -1.479741096496582 0.11843009293079376
car [[5.8240852355959305, 33.92413330078125, -0.004011230543264688]] [1.811277985572815, 4.2022600173950195, 1.5098735094070435] 1.5894292036639615 0.11729840934276581
car [[23.764709472656477, 17.137062072753793, -0.7741198539733967]] [1.9756191968917847, 4.771539688110352, 1.7359368801116943] 1.502459168434143 0.11702895909547806
car [[8.693336486816406, -16.491371154785043, -1.3476853370666584]] [1.9249064922332764, 4.605101585388184, 1.6773180961608887] -1.689828157424927 0.11687960475683212
car [[18.938438415527116, -45.921401977539176, -0.7223747372627329]] [1.989127516746521, 4.603612899780273, 1.8191311359405518] -1.0903477668762207 0.10973365604877472
car [[-17.689342498779297, -30.293085098266488, -1.037659525871284]] [1.8992223739624023, 4.411123752593994, 1.625216007232666] 0.1656119823455813 0.10359949618577957
car [[-23.082773208618164, -48.88128662109375, -0.3251473307609647]] [1.9611306190490723, 4.541439056396484, 1.7287312746047974] 0.7884358167648314 0.10124131292104721
car [[-11.06607437133789, 50.07161712646473, 1.8758453130721966]] [1.8950538635253906, 4.475682258605957, 1.7276146411895752] -2.8294806480407715 0.1010630801320076
truck [[12.6705322265625, -11.209899902343864, -0.5047118663787931]] [2.510697603225708, 6.8218255043029785, 2.9465129375457764] -1.6056772470474243 0.38684797286987305
truck [[6.8769989013671875, -47.745395660400504, -1.0858011245727628]] [2.0367379188537598, 5.006460189819336, 2.075057029724121] -1.6511600017547607 0.2832133173942566
construction_vehicle [[18.87834930419922, -45.394897460937614, -0.6704511642456144]] [1.402048110961914, 2.5731139183044434, 2.158249855041504] -1.1919196844100954 0.23671171069145203
truck [[12.451416015625, -2.1672973632811363, -1.2831618785858234]] [1.9060986042022705, 4.989012718200684, 1.779895305633545] -1.57068932056427 0.23519267141819
construction_vehicle [[27.238311767577898, -29.148567199707145, -0.45198914408684665]] [2.128925085067749, 2.7510509490966797, 2.4406778812408447] 0.6339343786239624 0.2189001590013504
truck [[-2.6584434509277344, -22.923261642456055, -0.7057164311409077]] [2.1602892875671387, 5.74997615814209, 2.0329854488372803] 0.8539897203445433 0.20718587934970856
construction_vehicle [[-12.31097412109375, 13.968170166015625, -0.18080952763558056]] [2.792389154434204, 6.768420219421387, 2.7289233207702637] 0.33309078216552745 0.1853485107421875
truck [[-31.54347801208496, 28.50432586669899, 1.1465913057327173]] [2.2695541381835938, 5.521706581115723, 2.258904457092285] -1.4251129627227783 0.15284614264965057
construction_vehicle [[24.93511199951172, 45.35889434814442, 1.0097908973693777]] [2.210216999053955, 4.047713756561279, 2.616630792617798] -2.606074333190918 0.15216219425201416
construction_vehicle [[-10.509925842284929, 50.58826446533203, 2.005783796310416]] [2.8139753341674805, 5.668442726135254, 2.907287836074829] -2.702895164489746 0.13885152339935303
construction_vehicle [[33.28430938720703, -2.076320648193473, 0.28796088695525235]] [2.093613624572754, 3.7115392684936523, 2.3905391693115234] -1.5501902103424072 0.1251133531332016
construction_vehicle [[27.289016723632812, -2.6433448791503906, -0.25311660766602273]] [2.1091296672821045, 3.189612865447998, 2.347611904144287] 2.6648123900042937 0.12164938449859619
construction_vehicle [[-9.91849136352539, 22.48060607910145, 1.4244607686996371]] [2.1806368827819824, 3.6854403018951416, 2.6749415397644043] 1.357365012168884 0.11897268891334534
truck [[27.955123901367188, 49.50194549560547, 0.709493398666373]] [2.195350408554077, 6.079526424407959, 2.250065565109253] -1.6176097393035895 0.11317136138677597
truck [[-21.26908874511696, -30.782741546630746, -1.2449491024017432]] [2.041633367538452, 5.274044513702393, 1.8856983184814453] 0.18610942363739008 0.11302944272756577
construction_vehicle [[26.69548797607422, -44.68968963623047, 0.4471866488456637]] [2.0668387413024902, 4.028529167175293, 2.533241033554077] 1.349635720252991 0.10409217327833176
truck [[-24.2860050201416, 6.258987426757699, 0.5083541274070651]] [2.8611602783203125, 6.544625759124756, 3.052231788635254] -0.9972545504570008 0.10232802480459213
trailer [[38.775001525879134, -2.805252075195426, 0.23321199417113192]] [2.97621488571167, 15.073835372924805, 3.1946890354156494] 3.0840957800494597 0.2660335302352905
trailer [[33.90337371826149, 17.696243286132812, 0.5931608676910312]] [3.032132148742676, 14.766315460205078, 4.091315269470215] 1.188034415245056 0.20565208792686462
bus [[-32.01255798339844, 29.12408447265625, 1.174426317214957]] [2.831062078475952, 8.888224601745605, 3.2453627586364746] -1.2655421495437627 0.13852614164352417
trailer [[22.54137420654297, 19.518142700195312, -0.25809547305108094]] [2.5908474922180176, 6.5994181632995605, 2.670302152633667] 0.2140766382217407 0.11722756922245026
trailer [[-24.32147026061989, 6.269565582275391, 0.8240207433700455]] [2.4877405166625977, 5.392844200134277, 2.9624876976013184] -1.0458481311798098 0.11298434436321259
trailer [[23.74524688720726, 44.74523925781227, 1.191303610801688]] [2.14302921295166, 2.9757180213928223, 2.6993069648742676] 0.16393125057220473 0.10782809555530548
bus [[-11.6964111328125, 53.89305877685547, 2.2797226905822665]] [2.8949215412139893, 10.564187049865723, 3.5138397216796875] -1.4363577365875242 0.10493411868810654
trailer [[24.34247589111328, 21.193672180175895, -0.2382151186466288]] [2.7876813411712646, 7.777495861053467, 2.8975672721862793] -3.0998859405517583 0.10028192400932312
barrier [[23.217384338379134, 41.83911895751942, -0.019421491771943522]] [2.0461363792419434, 0.43170732259750366, 1.0388038158416748] 3.0944541136371058 0.18464793264865875
barrier [[21.224136352539062, 33.798957824706804, -0.18731211125851566]] [2.1161439418792725, 0.5151827931404114, 1.1200871467590332] -2.728515148162842 0.17603625357151031
barrier [[24.948791503906477, 39.768905639648324, 0.13044273853301114]] [3.2047929763793945, 0.6047102212905884, 0.9905416965484619] -1.4989693164825442 0.16650216281414032
barrier [[4.7330780029296875, -8.57209396362316, -1.5047886371612638]] [1.9195752143859863, 0.41817206144332886, 0.950045108795166] 3.0730431715594695 0.11622016876935959
barrier [[22.595802307129134, 38.73883056640602, 0.15957884490489072]] [2.626737356185913, 0.5296382308006287, 0.9827013611793518] 2.5470941702472136 0.11096812784671783
barrier [[26.711090087890625, 39.88172149658192, 0.176770657300942]] [2.382566213607788, 0.5233529806137085, 1.0372536182403564] -1.6851772069931035 0.10677316784858704
barrier [[29.527671813964844, 20.613304138183366, -0.48059386014939154]] [2.2604124546051025, 0.4114694595336914, 1.051973581314087] 2.7622509638415735 0.10297487676143646
barrier [[21.38177490234375, 21.21328735351551, 0.500267803668967]] [2.816753387451172, 0.4531039893627167, 0.9476824998855591] -3.1395304203033447 0.10148297250270844
barrier [[25.48821258544922, 44.877616882324105, 0.10730554163455075]] [2.0555419921875, 0.5036745667457581, 1.045407772064209] -1.33834719657898 0.10037119686603546
motorcycle [[7.441806793213118, 8.247165679931754, -0.7631834745407176]] [0.7933173179626465, 2.1619861125946045, 1.6404107809066772] -1.5537214279174805 0.7578642964363098
bicycle [[17.038658142089844, -21.826812744140625, -1.0676662921905598]] [0.6400778293609619, 1.7600332498550415, 1.710162878036499] -1.708377599716187 0.6647746562957764
bicycle [[-5.582340240478516, -21.842750549316634, -0.6610532402992346]] [0.8311299085617065, 1.645833969116211, 1.862440824508667] -1.8800066709518435 0.40856125950813293
motorcycle [[-3.235946655273665, 32.68463897705078, -0.11899726092816199]] [0.7204805016517639, 2.1275649070739746, 1.3673686981201172] -1.3206667900085454 0.3596184551715851
motorcycle [[23.816871643066406, 44.75144195556629, 1.1503694057464529]] [0.7908377647399902, 2.007007122039795, 1.5054593086242676] -0.1159571409225463 0.212039515376091
motorcycle [[27.21974182128929, -29.001924514770508, -0.0814849734306442]] [0.8932307362556458, 2.3375496864318848, 1.62640380859375] -2.921050548553467 0.20437483489513397
bicycle [[23.175323486328125, 42.119270324706804, -0.063316270709044]] [0.6002671122550964, 1.723161220550537, 1.1769404411315918] 1.5515986680984495 0.17501768469810486
bicycle [[34.52264404296875, -6.871673583984375, -2.1774342060089182]] [0.5715042948722839, 1.591649055480957, 1.202520489692688] -2.003960609436035 0.17456546425819397
bicycle [[-0.3829917907714844, 40.988548278808366, 0.45341190695761746]] [0.6849360466003418, 1.7267850637435913, 1.3045603036880493] 2.85454780260195 0.17433182895183563
motorcycle [[-6.120353698730469, 38.77349853515625, 0.23540665209292655]] [0.6684055924415588, 1.912475347518921, 1.685164451599121] -1.5020759105682377 0.17328882217407227
motorcycle [[-4.426143646240234, 37.62207794189442, -0.05252265185118521]] [0.6846739053726196, 1.8814287185668945, 1.6656193733215332] -1.441082835197449 0.16746903955936432
bicycle [[20.72370147705078, 27.902893066406136, 0.8012047410011203]] [0.5988274216651917, 1.7380080223083496, 1.132128119468689] 0.008522152900695957 0.16733160614967346
motorcycle [[-3.2795448303222656, 31.67000579833973, -0.17204487323761786]] [0.71021568775177, 2.1461288928985596, 1.3595590591430664] 0.6319319009780883 0.16454088687896729
motorcycle [[35.76264953613281, 6.840152740478402, 0.5922005772590566]] [0.7439942955970764, 1.9348068237304688, 1.645580530166626] -3.115701913833618 0.15964865684509277
motorcycle [[32.7513122558596, -2.789478302001953, 0.7139889001846225]] [0.7757734060287476, 2.1247811317443848, 1.4872959852218628] -1.3768949508666992 0.15857020020484924
bicycle [[17.830131530761946, 50.71880340576172, 0.12408014386891608]] [0.7570147514343262, 1.7834692001342773, 1.6644301414489746] 1.5067216157913206 0.15790094435214996
bicycle [[-9.284320831298828, -7.01123046875, -1.0651196241378855]] [0.5191969275474548, 1.5224347114562988, 1.0366629362106323] -2.183388471603394 0.1532716155052185
bicycle [[-14.591636657714844, -53.88259506225586, 0.5079647302627475]] [0.6823503375053406, 1.8125355243682861, 1.6296944618225098] 1.7579286734210422 0.1512700468301773
bicycle [[-6.755165100097656, 1.5702323913571945, -1.1133489608764746]] [0.6048325896263123, 1.6606651544570923, 0.8822641372680664] -1.819473147392273 0.14787046611309052
bicycle [[16.313903808593977, -3.4988136291503906, -0.9636304378509593]] [0.623589277267456, 1.7638709545135498, 1.7625735998153687] 1.3717461824417112 0.13440527021884918
motorcycle [[27.284706115722656, -2.7451095581054688, 0.10409635305403953]] [0.7062400579452515, 1.8535058498382568, 1.2871569395065308] 0.06397986412048354 0.13084626197814941
motorcycle [[-15.419281005859375, -45.2449951171875, 0.06500593572854108]] [0.6677795052528381, 1.9232378005981445, 1.283021092414856] -0.18682050704956046 0.13061437010765076
motorcycle [[26.66001129150368, -44.548316955566406, 0.5215322971343905]] [0.6719388365745544, 1.937082052230835, 1.3018864393234253] -3.0233368873596187 0.13004393875598907
motorcycle [[28.429031372070312, 5.203052520751839, -0.10365480184555942]] [0.606914758682251, 1.8232719898223877, 1.3425219058990479] -1.0540463924407957 0.1293293833732605
motorcycle [[30.77301788330101, 6.870624542236214, 0.10333947837351865]] [0.5640292763710022, 1.8048450946807861, 1.4044208526611328] -2.2317190170288086 0.12900924682617188
bicycle [[-8.053718566894531, -36.390563964843864, -0.9207178950309833]] [0.6720388531684875, 1.6321192979812622, 1.5845619440078735] 0.4476901292800904 0.12135627120733261
bicycle [[-2.0179748535153976, 45.357963562011605, -0.19796887040139044]] [0.6114410161972046, 1.767420768737793, 1.1752853393554688] -0.9582986831665039 0.11990641057491302
bicycle [[34.027473449706804, -6.311016082763899, -2.2068190574646067]] [0.6134796142578125, 1.6940914392471313, 1.1949717998504639] 2.950338904057638 0.11739565432071686
motorcycle [[18.833839416504134, -45.31898880004894, -0.29507499933243686]] [0.8825053572654724, 2.144646167755127, 1.6411304473876953] -0.363697290420532 0.11492672562599182
motorcycle [[-11.869731903076172, -43.480033874511946, 0.16108992695807522]] [0.6868063807487488, 2.066728353500366, 1.3292487859725952] -1.8939539194107056 0.11438466608524323
bicycle [[26.243392944335938, 9.308113098144531, -0.10575621575117822]] [0.6758341789245605, 1.7682414054870605, 1.483001947402954] 1.6420014540301724 0.10861623287200928
bicycle [[-1.9579887390136719, 6.875637054443246, -1.1868865489959806]] [0.609628438949585, 1.7097892761230469, 0.8959097266197205] 0.6281741857528687 0.10470369458198547
bicycle [[-13.567913055419922, 52.428611755371094, 1.2427744865417392]] [0.765518069267273, 1.9407496452331543, 1.7197322845458984] 1.9243930021869107 0.10362043231725693
bicycle [[23.300613403320312, -40.623638153076286, 0.03563541918992286]] [0.6701571345329285, 1.8465074300765991, 1.381186842918396] -1.9027230739593508 0.10357131063938141
bicycle [[-6.329521179199446, -12.898117065429574, -1.1016150712966999]] [0.5762560963630676, 1.5309805870056152, 0.8977588415145874] 0.08789968490600605 0.10171036422252655
bicycle [[-9.376846313476335, -39.849525451660156, -0.6222927570343106]] [0.579163670539856, 1.6195138692855835, 1.1282634735107422] 2.7253204027759 0.10091764479875565
motorcycle [[23.065834045410384, -2.699508666992301, -0.8941222429275593]] [0.5986616611480713, 1.7963101863861084, 1.2243843078613281] 1.4386128187179563 0.10067248344421387
pedestrian [[-7.704116821288835, -6.853847503662337, -0.6071730852127164]] [0.6496423482894897, 0.7722266316413879, 1.6942967176437378] 1.571120087300436 0.7642902731895447
pedestrian [[9.701679229736555, -26.24391937255882, -1.1603850126266568]] [0.7798804044723511, 0.902400016784668, 1.863955020904541] -0.6551019549369813 0.6887701749801636
pedestrian [[17.746208190918196, 3.4806251525878906, -0.9945636391639789]] [0.6451603770256042, 0.5985007286071777, 1.7989214658737183] 2.936654154454367 0.6708266735076904
pedestrian [[-4.879859924316179, 25.31179046630848, 0.049241933971634566]] [0.6540476083755493, 0.7591654062271118, 1.712153434753418] -1.486819982528687 0.6651191711425781
pedestrian [[16.13983154296875, -3.83121490478527, -1.0371880531311124]] [0.6956299543380737, 0.8607900738716125, 1.8460675477981567] 1.4840196371078487 0.6589900255203247
pedestrian [[14.699523925781477, -44.23567581176758, -1.029207706451425]] [0.6089166402816772, 0.6451190710067749, 1.7309683561325073] -1.1063039302825932 0.5877274870872498
pedestrian [[15.241058349609375, -43.58334350585949, -0.9873283505439856]] [0.6171129941940308, 0.653133749961853, 1.7515523433685303] -0.9089217782020573 0.5534307956695557
pedestrian [[-10.607711791992188, -23.79184913635254, -0.6103658676147541]] [0.656838059425354, 0.7240203022956848, 1.7606210708618164] 0.33647251129150396 0.5436252355575562
pedestrian [[17.84943389892578, 50.59656524658203, 0.2772754430770803]] [0.6972525715827942, 0.7121522426605225, 1.807116985321045] 1.493674397468567 0.5348713397979736
traffic_cone [[-4.7238273620603195, -15.946006774902457, -0.8193895220756611]] [0.6256932020187378, 0.6365647315979004, 1.1388049125671387] -0.26460850238800043 0.49335306882858276
pedestrian [[-5.538669586181641, -21.761779785156364, -0.6622391939163288]] [0.7631430625915527, 0.8033581376075745, 1.8274692296981812] -1.325350403785706 0.4801209568977356
pedestrian [[-4.429470062255859, 37.64208221435547, 0.1767631322145391]] [0.6612210273742676, 0.7036974430084229, 1.7254689931869507] -1.3599306344985964 0.4665853977203369
pedestrian [[15.124893188476562, -43.994537353515625, -0.9614349603653034]] [0.6163121461868286, 0.6604022979736328, 1.7494827508926392] -0.935077488422394 0.4301300346851349
pedestrian [[-6.139312744140398, 38.78495788574219, 0.38740727305411493]] [0.6703835129737854, 0.7356714010238647, 1.7714968919754028] -1.4498063325881958 0.3959706425666809
pedestrian [[-7.938312530517351, -36.49547576904308, -0.6190972328186124]] [0.6121280193328857, 0.6186294555664062, 1.70448637008667] 0.8444577455520629 0.3778083026409149
pedestrian [[23.808685302734375, -26.631427764892692, -0.28747692704201633]] [0.6394993662834167, 0.700020968914032, 1.7888028621673584] 1.720934693013327 0.35183462500572205
pedestrian [[18.38618469238304, -44.64630889892578, -0.6649489998817533]] [0.6852349042892456, 0.7109718322753906, 1.8510105609893799] -0.7436117529869082 0.33224761486053467
pedestrian [[14.300628662109602, -44.17006683349598, -1.124460220336923]] [0.5990646481513977, 0.6368603706359863, 1.6754448413848877] -1.6006885766983032 0.3112090528011322
pedestrian [[-14.570625305176009, -53.70570755004894, 0.7693746685981662]] [0.6891802549362183, 0.7379841208457947, 1.8117399215698242] 1.7576211134540003 0.30204278230667114
pedestrian [[-15.483940124511491, -45.15906524658237, 0.07169166952370709]] [0.702813982963562, 0.7367278337478638, 1.7588441371917725] 0.1317788362503053 0.27628520131111145
traffic_cone [[-0.4365768432614914, 40.90235137939453, 0.5773129463195721]] [0.6897552013397217, 0.704282283782959, 1.6323347091674805] 2.4274056593524382 0.2611768841743469
pedestrian [[-13.559150695801009, 52.36496734619129, 1.4722361564636142]] [0.658369779586792, 0.6862140893936157, 1.7977346181869507] 2.2536209265338347 0.25488758087158203
traffic_cone [[-3.3828773498532883, -10.718551635742188, -1.4508432149887165]] [0.34255343675613403, 0.34234315156936646, 0.7755120992660522] 2.4849236647235315 0.25083133578300476
pedestrian [[-5.8763885498046875, 39.159690856933594, 0.42924529314040427]] [0.7239954471588135, 0.7908328175544739, 1.8161468505859375] -1.3780738115310673 0.24993322789669037
pedestrian [[14.852226257324446, -43.6245574951173, -1.0402944087982258]] [0.6350698471069336, 0.6925191879272461, 1.745282530784607] -1.2440675497055058 0.24894875288009644
pedestrian [[29.002822875976335, 6.860507965087777, -0.025190927088267756]] [0.5779550075531006, 0.5516222715377808, 1.702193260192871] -1.183947801589966 0.24310798943042755
pedestrian [[26.485824584960938, 9.285270690918082, -0.20864439010620828]] [0.6569777727127075, 0.6447267532348633, 1.738174557685852] 2.5792239348040984 0.24091409146785736
pedestrian [[-4.152194976806641, 37.98593902587879, 0.20038011670111722]] [0.6957477927207947, 0.7477636933326721, 1.7624335289001465] -1.2477465867996218 0.2400592416524887
traffic_cone [[-6.387031555175781, -19.287197113037223, -1.0090479850769123]] [0.40183016657829285, 0.39973437786102295, 1.2695571184158325] -0.9479590058326723 0.23755019903182983
traffic_cone [[-4.575592041015625, -16.368408203125, -0.8299678564071726]] [0.6441206932067871, 0.6538156867027283, 1.20021390914917] 0.5326091051101685 0.22804930806159973
pedestrian [[-9.115570068359375, -10.708602905273551, -0.7584352493286213]] [0.6252632141113281, 0.5932276844978333, 1.5802158117294312] 0.04252552986145011 0.2203814536333084
pedestrian [[28.301040649413835, 5.275203704833984, -0.20166784524918313]] [0.6117987632751465, 0.6127671003341675, 1.6499953269958496] 0.3152949810028079 0.19720381498336792
pedestrian [[18.933258056640398, -45.89854431152344, -0.6161806583404612]] [0.6594604253768921, 0.6709350347518921, 1.8198341131210327] 2.6018608252154753 0.19187074899673462
pedestrian [[22.634460449218523, -29.813652038574332, -0.7028682827949622]] [0.5584253668785095, 0.5750232934951782, 1.6365134716033936] 2.371088806782858 0.19176125526428223
traffic_cone [[34.48340606689453, -6.518386840820199, -2.289099931716926]] [0.3791385591030121, 0.3902735412120819, 1.2168818712234497] 2.8643007914172576 0.19007596373558044
pedestrian [[23.27996063232422, -40.63801956176758, 0.28984886407851285]] [0.638080358505249, 0.6745686531066895, 1.6061922311782837] 2.6469615141498015 0.18404805660247803
pedestrian [[35.883811950683594, 6.786285400390625, 0.6007878780364919]] [0.6333510875701904, 0.6423962116241455, 1.737552285194397] -2.7872207164764404 0.17643511295318604
pedestrian [[30.258621215820312, 6.402667999267464, 0.042467359453429054]] [0.5863229036331177, 0.5677388906478882, 1.669679880142212] 2.182643715535299 0.17394812405109406
traffic_cone [[-3.9537696838378906, -9.74071121215843, -1.724922537803658]] [0.3430722653865814, 0.34730011224746704, 0.7543470859527588] -1.938313603401184 0.16819113492965698
pedestrian [[15.265525817871094, -43.145786285400504, -0.997311770915994]] [0.6664745807647705, 0.7220816016197205, 1.8018743991851807] 1.055631041526794 0.15451961755752563
traffic_cone [[-1.9574356079101562, 45.34461212158192, 0.28554344177245294]] [0.44170552492141724, 0.43591445684432983, 1.2960251569747925] -2.086251497268677 0.15278182923793793
pedestrian [[18.831611633300554, -45.28073883056652, -0.6255942583084195]] [0.6401233077049255, 0.6581398248672485, 1.8136783838272095] -1.961550354957581 0.15083886682987213
pedestrian [[16.65665435790993, -51.273174285888786, -0.8326215147972187]] [0.6763089895248413, 0.6895996332168579, 1.3805934190750122] 2.0141852537738245 0.14750131964683533
pedestrian [[19.553176879882812, -45.85396194458008, -0.624043822288523]] [0.6573203802108765, 0.675025999546051, 1.811061978340149] 3.031359974537985 0.14744782447814941
pedestrian [[26.333671569824446, -29.016492843628043, -0.5135536193847745]] [0.5955431461334229, 0.6060361266136169, 1.525648832321167] 3.0541318098651336 0.14292699098587036
pedestrian [[25.617111206054688, -2.0141220092774574, 0.21462598443030423]] [0.5629233717918396, 0.5746241807937622, 1.5756890773773193] -2.589355945587158 0.14053313434123993
pedestrian [[35.0134582519529, 6.862899780273324, 0.24721768498420182]] [0.6092768311500549, 0.6373072862625122, 1.5903955698013306] -2.226482391357422 0.13703864812850952
pedestrian [[24.776138305664062, 26.61842346191395, 1.3369858264923007]] [0.6239722371101379, 0.6645534038543701, 1.7628467082977295] 0.45803892612457286 0.13583415746688843
pedestrian [[23.883651733398665, 44.818786621093636, 1.1421604156494052]] [0.6033401489257812, 0.6110866069793701, 1.6840248107910156] -0.6261308193206786 0.13529758155345917
pedestrian [[30.832427978515625, 6.936531066894304, -0.0016762400046097525]] [0.5920812487602234, 0.5940594673156738, 1.5820449590682983] 3.04453951517214 0.1319330334663391
pedestrian [[18.94628143310547, -52.432041168213004, -0.584074020385752]] [0.6832154393196106, 0.7100411057472229, 1.7464330196380615] -1.696550965309143 0.13105930387973785
pedestrian [[-3.1109924316403976, 32.141845703125, -0.08158904314042026]] [0.6302968263626099, 0.6702224016189575, 1.4370043277740479] 0.6475094556808472 0.1227797418832779
pedestrian [[-26.734432220458984, 47.67646026611317, 1.7992885112762371]] [0.6656942367553711, 0.6761137843132019, 1.8435218334197998] 2.46814471880068 0.12254048883914948
pedestrian [[-5.681262969970476, -22.286365509033203, -0.7164886593818753]] [0.7031083106994629, 0.7509811520576477, 1.7355132102966309] -1.0162402391433716 0.12233887612819672
pedestrian [[18.39086151123047, -45.16433334350597, -0.691870331764231]] [0.6635335683822632, 0.6870975494384766, 1.825603723526001] -0.7148192524909973 0.12153361737728119
traffic_cone [[18.91567230224632, -4.104866027831918, -1.3972611427307209]] [0.39533767104148865, 0.3998923897743225, 1.046919345855713] 2.680039230977194 0.11893114447593689
pedestrian [[-14.296638488769531, -53.29592895507824, 0.862570881843558]] [0.7444040775299072, 0.7955202460289001, 1.8832862377166748] 1.124996781349182 0.11749734729528427
pedestrian [[-8.233211517333984, 45.129432678222656, 1.2064645290374667]] [0.63896244764328, 0.6500666737556458, 1.4537361860275269] 0.37244474887847884 0.11712595075368881
pedestrian [[15.096260070800781, -44.46275329589844, -1.0003287792205908]] [0.6852834224700928, 0.747551441192627, 1.7968027591705322] -0.8953994512557981 0.11601996421813965
pedestrian [[-10.086265563964844, -23.743061065673942, -0.6162394881248563]] [0.7691587805747986, 0.8794583082199097, 1.8344367742538452] 0.20273232460021964 0.11557383835315704
pedestrian [[14.23541259765625, -43.69631958007824, -1.1923723220825275]] [0.6052711009979248, 0.6531339287757874, 1.6358232498168945] -2.3504617214202885 0.11389189958572388
pedestrian [[-6.180934906006087, 38.31135559082031, 0.34317225217818415]] [0.684511661529541, 0.7573825716972351, 1.7705597877502441] -1.5215442180633547 0.11251456290483475
pedestrian [[26.10102081298828, 39.82840728759743, 0.34750115871428555]] [0.6524950265884399, 0.6920621395111084, 1.7092441320419312] 1.2388459444046016 0.11206486821174622
pedestrian [[17.02890777587868, -21.771697998046875, -1.125239372253426]] [0.6958813667297363, 0.8566558361053467, 1.838539958000183] -1.5882253646850588 0.11083167791366577
pedestrian [[17.31523132324196, 3.3138923645018394, -1.0477688312530606]] [0.6450598835945129, 0.6510388851165771, 1.7042171955108643] 2.7857554594623015 0.10862043499946594
pedestrian [[17.94091033935547, -44.650627136230355, -0.743964195251472]] [0.7325634360313416, 0.7731433510780334, 1.837097406387329] -0.6801530122756962 0.10819761455059052
pedestrian [[-10.53672790527321, -23.338512420654297, -0.650019645690926]] [0.7326390147209167, 0.8313629627227783, 1.8162764310836792] 0.4874628782272339 0.10656467825174332
pedestrian [[-7.545230865478743, -23.566347122192383, -0.47901275753975714]] [0.694911003112793, 0.7178032994270325, 1.8321504592895508] -0.8157851099967959 0.10528425127267838
pedestrian [[-22.466962814331282, -48.07965087890625, -0.1824451982975095]] [0.6467282772064209, 0.6684337854385376, 1.7488418817520142] -1.137340903282166 0.10461671650409698
pedestrian [[-6.058437347412109, -21.933990478515852, -0.7192476391792386]] [0.6964761018753052, 0.7417452931404114, 1.7328417301177979] -0.9965466856956489 0.1039423942565918
traffic_cone [[-3.9503021240234375, -16.64544677734375, -0.9959385991096577]] [0.456777960062027, 0.4642176330089569, 1.1298049688339233] 0.5467182397842408 0.10317575186491013
traffic_cone [[23.574554443359602, 39.47863006591808, 0.2006211429834277]] [0.4431765079498291, 0.4579693078994751, 1.0184574127197266] -1.3151996135711672 0.10261622071266174
pedestrian [[26.252853393554688, 9.867122650146143, -0.328666090965279]] [0.6021572351455688, 0.5983142256736755, 1.602821707725525] -2.8412256240844727 0.1001628041267395
6cb024831cce4b6e8acf85afb7cece6e