car [[6.187114715576172, -16.49436950683571, -0.9212946295738194]] [1.939150333404541, 4.798824310302734, 2.0025014877319336] -1.8443176746368413 0.8501795530319214
car [[12.729393005371094, 8.863502502441747, -0.4587190151214564]] [2.063894033432007, 5.199907302856445, 2.1336092948913574] -1.5862187147140505 0.8180339336395264
car [[9.519073486328352, -0.7969741821286789, -0.9007313847541774]] [1.9597957134246826, 4.815957546234131, 1.8175442218780518] -1.5677735805511477 0.796947717666626
car [[12.3895263671875, -6.309974670409929, -1.2737572193145716]] [1.7984318733215332, 4.383720397949219, 1.5251262187957764] -1.5490640401840208 0.7865720987319946
car [[9.68814468383789, -8.553489685058366, -1.212976455688473]] [1.8543530702590942, 4.598177433013916, 1.4924043416976929] -1.5481426715850832 0.7718502879142761
car [[0.8805007934570312, 23.235740661621207, -0.20154327154159102]] [1.9319171905517578, 4.584342002868652, 1.683518409729004] 1.5341223478317263 0.7717201113700867
car [[9.526172637939453, -15.375846862792628, -1.2118065357208216]] [1.8369388580322266, 4.433259963989258, 1.5744032859802246] -1.6091487407684328 0.7631303668022156
car [[13.360939025878679, 2.0715332031252274, -0.9943041205406145]] [1.902722716331482, 4.540986061096191, 1.6355828046798706] -1.7452813386917112 0.7439581155776978
car [[9.68199157714821, 7.308238983154524, -0.7403991222381556]] [1.9049540758132935, 4.430375576019287, 1.670802116394043] -1.5488835573196418 0.7246750593185425
car [[9.658226013183594, 13.98323059082054, -0.48219656944274636]] [1.9307339191436768, 4.497435092926025, 1.6640816926956177] -1.5285518169403078 0.7105940580368042
car [[-1.8890876770019531, -25.597181320190202, -0.8779141902923566]] [2.018531322479248, 4.971568584442139, 1.966001272201538] 1.008391737937927 0.639397382736206
car [[12.461494445800781, -15.726890563964616, -0.4296674728393528]] [2.4448370933532715, 6.858282089233398, 2.8389816284179688] -1.6171588897705078 0.4087296724319458
car [[0.3018112182614914, -53.982856750488054, -0.8784267902374241]] [1.9765119552612305, 4.623746871948242, 1.7343828678131104] -2.989856243133545 0.2225404530763626
car [[17.146812438964616, -15.269500732421648, -1.190461635589597]] [1.9350202083587646, 4.546405792236328, 1.6900380849838257] -1.7497031688690188 0.21842952072620392
car [[-5.016960144043196, 34.414054870605696, 0.26157057285309193]] [1.9403890371322632, 4.602698802947998, 1.6607716083526611] -1.3311886787414555 0.19482499361038208
car [[-1.5013427734377274, 53.777496337890625, 0.7488133907318142]] [1.9170126914978027, 4.508632659912109, 1.6880686283111572] -1.58888578414917 0.18328377604484558
car [[-2.703304290771257, 42.38906097412121, 0.40113103389740346]] [1.8546788692474365, 4.374216079711914, 1.6143546104431152] 1.6547382513629358 0.17593497037887573
car [[29.105560302734375, 45.9469375610355, 1.6305787563324006]] [1.883920431137085, 4.419760227203369, 1.6874240636825562] 0.9966889619827269 0.16654850542545319
car [[15.333015441894531, -50.67132949829079, -0.287607461214062]] [1.8924704790115356, 4.46518611907959, 1.681969404220581] 1.8500407377826136 0.15264515578746796
car [[18.305450439453352, -14.127964019775163, -1.2086220979690525]] [1.8715465068817139, 4.338915824890137, 1.6192951202392578] 1.8110144774066372 0.1486712098121643
car [[23.763687133789062, 12.355247497558935, -0.5424177646636927]] [1.8930964469909668, 4.448543548583984, 1.7016559839248657] 1.5056148767471316 0.12505194544792175
car [[50.73633575439453, 51.328132629394645, 2.1515755653381383]] [1.9628772735595703, 4.552879333496094, 1.7786550521850586] 0.8491288423538208 0.12453365325927734
car [[6.848812103271484, -52.61279296874977, -0.8765323162078831]] [1.9027981758117676, 4.3643879890441895, 1.7392557859420776] -1.4097518920898438 0.12330762296915054
car [[8.7048530578611, -21.296566009521257, -1.4131379127502424]] [1.9610576629638672, 4.7033209800720215, 1.7026246786117554] -1.7100399732589726 0.12105844914913177
car [[18.394119262695085, -50.670825958251726, 0.18098869919777183]] [1.9703409671783447, 4.528026103973389, 1.7265915870666504] 2.116670910512106 0.11665450036525726
car [[-0.3062629699709305, 53.13383483886753, 0.7076323628425625]] [1.923828363418579, 4.434099197387695, 1.6923760175704956] -1.8570222854614262 0.11065850406885147
car [[-20.096973419189453, -35.15291595458973, -1.287680029869076]] [1.8831981420516968, 4.353419780731201, 1.6277799606323242] 0.4437733888626102 0.10528471320867538
car [[-2.7093582153320312, 39.897331237793196, 0.44450840353966115]] [1.9328738451004028, 4.572731971740723, 1.7044578790664673] 1.9803584257708946 0.10508202016353607
car [[17.195632934570312, -12.321624755859261, -1.292665004730221]] [1.8966825008392334, 4.431031227111816, 1.6427277326583862] 1.669460598622457 0.10144378989934921
truck [[12.469711303710938, -15.762748718261491, -0.5332083702087376]] [2.410531520843506, 6.920830726623535, 2.9575467109680176] -1.6132951974868779 0.43661442399024963
construction_vehicle [[27.93049621582054, -6.984207153320199, -0.07752705365419033]] [2.2899765968322754, 4.542928218841553, 2.4598472118377686] -0.3645786046981812 0.20239198207855225
truck [[-2.0479774475097656, -25.946306228637695, -0.9220390319824192]] [2.167285442352295, 5.841341972351074, 2.0291075706481934] 1.0046356916427612 0.16272836923599243
construction_vehicle [[23.120986938476335, -20.117019653320085, -0.694236516952512]] [1.8739705085754395, 3.7858076095581055, 2.3439507484436035] -1.3789381980895996 0.15578529238700867
construction_vehicle [[18.902061462402344, -50.19292449951149, -0.10299898684024367]] [1.7412946224212646, 3.323516607284546, 2.471846580505371] 2.3959658781634734 0.13348425924777985
construction_vehicle [[-27.251029968261946, -44.745208740234034, 1.8506627082824725]] [2.3425092697143555, 3.4317994117736816, 2.817517042160034] 0.8831964731216428 0.11637187749147415
truck [[22.553466796875, 28.519577026367415, -0.24086871743201943]] [2.3665475845336914, 6.079074382781982, 2.5696182250976562] -1.2695927619934082 0.11484327912330627
construction_vehicle [[1.4356269836423508, -53.99175262451149, -1.3190822601318324]] [2.2064714431762695, 4.707865238189697, 2.373573064804077] 0.8110557794570925 0.11416643857955933
truck [[23.76081085205101, 12.847312927246207, -0.4707332849502528]] [2.0421831607818604, 5.310882568359375, 1.9728732109069824] 1.5220934152603147 0.10927965492010117
construction_vehicle [[19.606002807617188, 51.878646850586165, 0.44419202208519337]] [2.064800977706909, 4.688276767730713, 2.255074977874756] 1.3381236791610713 0.10671872645616531
trailer [[27.88018798828125, -6.959827423095589, 0.1820101886987704]] [2.5934126377105713, 7.123041152954102, 2.4049205780029297] 2.4608987013446253 0.12030445039272308
trailer [[-22.545036315918196, 1.5525665283205399, 0.8165041804313695]] [1.9278579950332642, 3.5515105724334717, 2.243992805480957] -0.2990354299545287 0.11138229072093964
trailer [[35.72430419921875, 2.163566589355696, 0.30084177851677296]] [2.628514289855957, 11.153524398803711, 3.0781188011169434] -2.95586085319519 0.10401053726673126
barrier [[-32.746208190918196, 20.583839416504134, 0.8323885798454298]] [2.0812041759490967, 0.4162588119506836, 1.0186145305633545] 0.5743433237075805 0.14592675864696503
barrier [[-1.530490875244368, 36.316947937011946, -0.3531761169433558]] [1.991602897644043, 0.49544382095336914, 1.0222997665405273] 0.14028286933898926 0.14047470688819885
barrier [[17.518249511718523, 32.65066528320324, -0.5963882207870448]] [2.111057758331299, 0.5076252222061157, 1.0291560888290405] -2.9632625579833984 0.13372820615768433
barrier [[17.11522674560524, 33.844047546386946, -0.5684188008308375]] [1.9588911533355713, 0.4903506934642792, 1.0190858840942383] -2.773134231567383 0.12058122456073761
barrier [[18.90179443359375, -50.04961776733387, 0.1781813502311742]] [2.181474208831787, 0.529333233833313, 1.0745315551757812] 0.47476065158844 0.11422888934612274
barrier [[-1.9958877563476562, 41.738052368164176, 0.09086945652962086]] [2.104963779449463, 0.5762234926223755, 0.9659848213195801] 0.09786474704742439 0.11047326773405075
barrier [[5.240558624267578, 13.564331054687727, -0.6730117797851527]] [2.1988868713378906, 0.41376811265945435, 0.9707121849060059] 3.1067000071154998 0.10253281146287918
motorcycle [[7.476680755615234, 0.32920455932628556, -0.936289489269253]] [0.828087329864502, 2.2196292877197266, 1.6754517555236816] -1.5637754201889038 0.8435359001159668
bicycle [[-6.2157745361328125, -17.748748779296534, -1.280189156532285]] [0.609797477722168, 1.6077498197555542, 0.9728003740310669] 2.397069279347555 0.4472813606262207
motorcycle [[16.64897918701172, -26.52757263183571, -0.8117905855178806]] [0.7818633317947388, 2.009843111038208, 1.604402780532837] -2.973437547683716 0.3426516056060791
bicycle [[16.08049774169922, -7.445373535156136, -0.8771522641181919]] [0.612220823764801, 1.7427940368652344, 1.7879071235656738] 1.5305663347244263 0.26323074102401733
motorcycle [[-14.211326599121321, -23.69774818420376, 0.2724233269691503]] [0.716431736946106, 2.1363468170166016, 1.3570184707641602] 1.4834316968917847 0.2548558712005615
bicycle [[-4.711456298828125, 20.49633789062534, -0.328199386596677]] [0.694852888584137, 1.704291582107544, 1.7885420322418213] -1.7984280586242678 0.2544945478439331
bicycle [[-1.4080848693847656, 36.904396057129134, -0.11520093679427656]] [0.6759647727012634, 1.8514907360076904, 1.560579776763916] 2.0686472097979944 0.2506558299064636
bicycle [[-0.9200439453127274, 37.031143188476904, 0.09717649221420643]] [0.7343786954879761, 1.89162278175354, 1.7754907608032227] 2.2909911314593714 0.24946770071983337
motorcycle [[23.788513183593523, 39.99900817871128, 1.3120418787002595]] [0.9542388319969177, 2.2383852005004883, 1.6544419527053833] -2.673013687133789 0.2280261516571045
motorcycle [[17.549423217773438, -1.3088874816893394, -0.8447002172470066]] [0.7478851079940796, 1.9365205764770508, 1.4170421361923218] 1.4009789228439329 0.19860291481018066
motorcycle [[-2.0003623962404617, 41.091545104980696, -0.035841010510917926]] [0.6388686895370483, 1.9341533184051514, 1.1526614427566528] -0.7114711999893187 0.19596824049949646
motorcycle [[17.579116821288835, -13.520198822021257, -0.9808189868926975]] [0.665860652923584, 1.9229536056518555, 1.241784930229187] 2.911398235951559 0.1927453577518463
bicycle [[26.07537841796875, -48.210647583007585, 0.09010537713766276]] [0.6414512395858765, 1.8510087728500366, 1.2399935722351074] 2.696121517811911 0.19102340936660767
motorcycle [[-22.475496292114258, 34.0541229248048, 1.3459994792938268]] [0.8401836156845093, 2.108886480331421, 1.8682259321212769] -0.4596115350723271 0.18678069114685059
bicycle [[-6.804290771484148, -1.667568206786882, -1.1054530143737757]] [0.5911754965782166, 1.7016950845718384, 0.9399517774581909] 1.742769543324606 0.184701070189476
bicycle [[32.72341156005882, 15.826522827148551, -1.4927915334701503]] [0.5926500558853149, 1.6857616901397705, 1.2293498516082764] -1.8019074201583865 0.17362353205680847
bicycle [[-5.730690002441406, -9.948150634765398, -1.3457907438278172]] [0.6957635879516602, 1.6869595050811768, 0.8681482076644897] 2.1445358435260222 0.16985683143138885
motorcycle [[2.065486907958757, -53.6929359436034, -1.1335068941116315]] [0.7316884994506836, 1.851928949356079, 1.4431675672531128] 0.9677897691726683 0.16723740100860596
bicycle [[-9.3304443359375, -11.161994934081918, -1.1914184093475324]] [0.49500149488449097, 1.4842219352722168, 1.0236878395080566] -1.8558917045593266 0.1646321564912796
bicycle [[9.31918716430664, -30.879920959472543, -0.7718032598495457]] [0.6090586185455322, 1.6948813199996948, 1.1651147603988647] -1.9568753242492678 0.1572747528553009
bicycle [[-1.5634078979492188, 51.90447235107433, 0.056669220328334546]] [0.6043429374694824, 1.71229887008667, 1.2219330072402954] -1.822879433631897 0.15362173318862915
bicycle [[-5.622661590576172, -26.119792938231967, -0.832228541374203]] [0.6908586025238037, 1.6176295280456543, 1.5654494762420654] -1.0528793334960938 0.1535349190235138
motorcycle [[22.05177307128929, 26.711372375488736, -0.051697630435224795]] [0.6506786942481995, 1.8664377927780151, 1.3178799152374268] -1.1946275234222412 0.14955860376358032
bicycle [[26.223159790039062, 5.1425361633303055, 0.21791923046112327]] [0.5924699306488037, 1.6816351413726807, 1.259908676147461] -1.5961033105850218 0.14439642429351807
bicycle [[-8.203861236572266, 25.55825042724632, -0.3553279936313585]] [0.5361950993537903, 1.5833866596221924, 1.0863215923309326] 2.1149418989764617 0.14316605031490326
motorcycle [[17.58952331542946, -12.994598388671534, -1.0107808113098118]] [0.6865113973617554, 1.9425550699234009, 1.2714440822601318] 3.0511716047870086 0.14297086000442505
motorcycle [[-12.131439208984375, 25.548171997070426, -0.1303535103797886]] [0.7485439777374268, 1.9004721641540527, 1.5305001735687256] -0.39848530292510986 0.13713271915912628
motorcycle [[23.000640869140625, -20.128074645995753, -0.1900255680084193]] [0.7609345316886902, 2.0384044647216797, 1.5637644529342651] -0.2188613414764401 0.1355888545513153
motorcycle [[23.614227294921648, 28.458267211914176, -0.6406304836273158]] [0.7758987545967102, 2.097965717315674, 1.5814008712768555] -2.0467593669891357 0.13525596261024475
bicycle [[-20.169631958007812, 29.676582336425895, 1.4809770584106472]] [0.7988741993904114, 1.9189945459365845, 1.5191078186035156] -0.30874705314636236 0.1323557049036026
motorcycle [[17.057327270507812, 33.803459167480696, -0.6724207401275608]] [0.6658130884170532, 1.820508599281311, 1.2113898992538452] 0.3759545087814331 0.12854376435279846
motorcycle [[-1.9048995971679688, 36.86479949951206, -0.32588145136832836]] [0.6818882822990417, 1.9412741661071777, 1.3385037183761597] 1.6283810774432586 0.12797501683235168
motorcycle [[32.580574035644304, -8.01030349731434, 0.9856862425804169]] [0.6887220144271851, 1.8989760875701904, 1.6594922542572021] -2.2084617614746094 0.12761197984218597
motorcycle [[18.87511444091774, -50.02694320678677, 0.23998501896858482]] [0.7210730314254761, 2.0973005294799805, 1.3948296308517456] -0.9244485497474674 0.12605947256088257
bicycle [[-5.791130065917969, 3.836673736572493, -1.1754934787750209]] [0.5345491766929626, 1.5613138675689697, 0.970559298992157] 1.4186900854110716 0.1201697364449501
bicycle [[-3.4856567382814774, -20.74483108520485, -1.485787153244015]] [0.47996076941490173, 1.527579665184021, 0.995830774307251] 1.9603202978717251 0.1191277801990509
bicycle [[21.93979644775368, -34.95316314697243, -0.799727320671078]] [0.6530096530914307, 1.7643487453460693, 1.3918486833572388] -2.2260375022888184 0.1154382973909378
bicycle [[18.362548828125227, 0.9111175537110512, 0.07303273677826283]] [0.5687722563743591, 1.6431727409362793, 1.0836725234985352] -3.129647970199585 0.11181794852018356
motorcycle [[-4.307346343993913, 33.21852111816429, -0.13204589486121776]] [0.6430298089981079, 1.9533658027648926, 1.5330344438552856] -1.2922056913375854 0.11174523085355759
motorcycle [[-2.7807235717773438, 28.40617370605503, -0.04781288281082752]] [0.6868641972541809, 2.005119800567627, 1.2771580219268799] 1.1820093393325808 0.10649646073579788
motorcycle [[1.942165374755632, 24.23150634765625, -0.2510305941104862]] [0.7089681029319763, 2.0472702980041504, 1.638748288154602] 1.4886058568954466 0.10031135380268097
pedestrian [[-7.714328765869368, -10.472351074218523, -0.7841916084289524]] [0.6720916032791138, 0.7990681529045105, 1.7038049697875977] 1.5356441736221313 0.7376973032951355
pedestrian [[15.822265625, -28.904314041137354, -1.0837403535842869]] [0.6558046340942383, 0.6876494288444519, 1.7392935752868652] 2.13490087190737 0.6148076057434082
pedestrian [[16.072410583496094, -7.408172607421648, -0.9711238741874659]] [0.7039355039596558, 0.8991320133209229, 1.874925136566162] 1.545883774757385 0.6092357635498047
pedestrian [[-4.013195037841797, 32.59664154052746, 0.10982975363731651]] [0.6601338386535645, 0.696342945098877, 1.7261837720870972] -1.2852129936218264 0.5729818940162659
pedestrian [[-0.8517875671384445, 37.00930023193371, 0.3561887741088894]] [0.7264378070831299, 0.7945219278335571, 1.8110315799713135] 2.1822055021869113 0.5695639848709106
pedestrian [[-5.593700408935547, -26.067188262939112, -0.8483268022537205]] [0.6639672517776489, 0.6605890989303589, 1.7836357355117798] -0.2595945596694946 0.5290890336036682
pedestrian [[18.102462768554688, 46.62386322021507, 0.5649138689041173]] [0.6668999195098877, 0.6824252605438232, 1.7830188274383545] 1.6363328138934534 0.5039768218994141
pedestrian [[-4.870437622070085, 20.276382446289176, -0.19194667041301372]] [0.6826039552688599, 0.7898154854774475, 1.7154083251953125] -1.690545320510864 0.494579017162323
pedestrian [[-10.305297851562727, -27.768301010131495, -0.8269046545028651]] [0.6791257858276367, 0.738168478012085, 1.7742990255355835] 0.7053431272506713 0.45787638425827026
pedestrian [[-7.066970825195085, -40.36211395263649, -0.6689521074295008]] [0.6906661987304688, 0.6885451078414917, 1.8456833362579346] 0.7393554449081419 0.4343494176864624
pedestrian [[17.66892242431618, -0.941371917724382, -0.900775790214535]] [0.6596819758415222, 0.6753776669502258, 1.642020344734192] 2.997165505086081 0.3898340165615082
pedestrian [[19.445106506347656, -35.90221786498989, -0.9275100827217075]] [0.6528403162956238, 0.6710740327835083, 1.7549386024475098] 2.531631771718161 0.38858935236930847
pedestrian [[23.21509552001953, -44.81925964355446, 0.45104983448982505]] [0.6479855179786682, 0.6748495101928711, 1.7845892906188965] 1.5373541116714473 0.3163979649543762
pedestrian [[-8.174842834472884, -40.945770263671534, -0.8327776193618739]] [0.5841468572616577, 0.5877593755722046, 1.5985658168792725] 0.773853898048401 0.29673653841018677
pedestrian [[-16.355201721191406, 6.15095520019554, -1.0717802047729457]] [0.6044436097145081, 0.6162643432617188, 1.633481740951538] -2.156071424484253 0.28880247473716736
pedestrian [[16.9559326171875, -26.600025177001612, -0.7880377769470179]] [0.6161285638809204, 0.6205886006355286, 1.7232674360275269] 2.849948231373922 0.24734178185462952
pedestrian [[21.88031768798828, -35.03197097778309, -0.9097066521644575]] [0.666037917137146, 0.7068082690238953, 1.7378215789794922] -2.8989663124084473 0.24396346509456635
pedestrian [[-22.4697322845459, 34.09970855712925, 1.5333136320114167]] [0.6819953918457031, 0.6824349761009216, 1.80642831325531] -0.41416370868682856 0.2422216385602951
pedestrian [[18.401290893554915, 50.851554870605696, 0.6582323908805874]] [0.6320611834526062, 0.6555708050727844, 1.6965500116348267] 1.7182777563678187 0.22598575055599213
pedestrian [[26.259536743164062, 4.921298980713118, -0.09539762884378167]] [0.633647620677948, 0.6401129961013794, 1.7045978307724] 2.3774769941913054 0.22004754841327667
traffic_cone [[-1.614654541015625, 51.76846313476585, 0.39439007639885215]] [0.4305492043495178, 0.42952048778533936, 1.2651145458221436] -1.7837092876434326 0.21847347915172577
traffic_cone [[6.347194671630632, -50.79731369018555, -1.2984225749969456]] [0.5287715792655945, 0.5172654986381531, 1.235121250152588] 1.3988496065139766 0.19775286316871643
pedestrian [[16.561546325683594, -26.59367179870594, -0.8284147977828953]] [0.6295410990715027, 0.6407502293586731, 1.712744116783142] 2.7771492640124724 0.19280046224594116
pedestrian [[16.028686523437273, -26.5844268798827, -0.8936581611633274]] [0.5707311630249023, 0.5612029433250427, 1.6184221506118774] 2.6812594572650355 0.18910588324069977
pedestrian [[18.440093994140625, -49.436344146728175, 0.20652051270008354]] [0.6525714993476868, 0.6736146211624146, 1.7499022483825684] -1.1857751607894902 0.1829041838645935
pedestrian [[17.084884643554688, -26.109731674193995, -0.814472019672392]] [0.6218394041061401, 0.6265549659729004, 1.7202800512313843] 3.0961812178241175 0.17857906222343445
pedestrian [[24.183006286620866, 40.36074829101585, 1.3967702388763463]] [0.7109107971191406, 0.7324025630950928, 1.6609165668487549] 1.5135301351547241 0.1730993390083313
pedestrian [[32.53742980957031, -7.627811431884425, 1.0112977027893093]] [0.6165132522583008, 0.5941099524497986, 1.710753321647644] 3.0687950293170374 0.17024748027324677
pedestrian [[9.30118179321289, -30.83673667907692, -1.0596154928207362]] [0.7140682935714722, 0.7860651612281799, 1.7253823280334473] -2.8532438278198238 0.16925178468227386
pedestrian [[-0.853176116943132, -53.23904800415016, -0.8213399648666355]] [0.7055483460426331, 0.7154958248138428, 1.7791948318481445] -0.8020597100257872 0.16771751642227173
pedestrian [[17.14110565185524, -13.282867431640511, -1.3015608787536594]] [0.5949456691741943, 0.6122428178787231, 1.5778182744979858] 2.910643879567282 0.1661953330039978
pedestrian [[-3.9660110473632812, 33.088241577148665, 0.129206925630573]] [0.7122595906257629, 0.7696932554244995, 1.7915505170822144] -1.2719879150390627 0.16494207084178925
pedestrian [[-1.3552513122560867, 36.871757507324446, 0.20380432903766899]] [0.6325082778930664, 0.6954760551452637, 1.525355339050293] 2.1120370070086882 0.15821102261543274
pedestrian [[16.604209899902344, -32.086952209472315, -0.9951097965240443]] [0.542197585105896, 0.5562220811843872, 1.5375462770462036] -2.5042259693145756 0.15806037187576294
pedestrian [[26.214035034179688, 5.659893035889013, -0.2973080873489353]] [0.6003564596176147, 0.6162232160568237, 1.6510919332504272] -3.1251106262207027 0.1532817929983139
pedestrian [[39.919578552245866, 53.86100006103527, 2.0514419078826927]] [0.6766821146011353, 0.7078960537910461, 1.810467004776001] -1.7258039712905884 0.14986342191696167
pedestrian [[21.523353576660156, 20.825454711914404, 0.16745041310787645]] [0.6794314980506897, 0.700899600982666, 1.7217018604278564] -3.129213809967041 0.1468784511089325
pedestrian [[21.180679321289062, 19.542671203613395, 0.3846044242382076]] [0.6598514318466187, 0.6547917723655701, 1.728121280670166] 1.566916584968567 0.14635427296161652
pedestrian [[-20.21316146850586, 29.668121337890966, 1.527033925056461]] [0.6253001093864441, 0.6401087045669556, 1.7687861919403076] -0.1439381837844849 0.14620281755924225
traffic_cone [[-4.888305664062727, -20.263179779052393, -0.9895918965339625]] [0.5276384353637695, 0.5287988185882568, 1.1404060125350952] -2.162566900253296 0.14360696077346802
pedestrian [[2.0321922302246094, -53.64574432373024, -0.9135312438011143]] [0.715255856513977, 0.7609951496124268, 1.6935940980911255] 0.8378120660781863 0.14281395077705383
pedestrian [[19.374832153320085, -50.703170776366846, 0.2926790416240719]] [0.6068242192268372, 0.6264528632164001, 1.6767146587371826] 2.610276047383444 0.13922718167304993
traffic_cone [[-9.115211486816406, 45.43231964111351, 0.9196183681488073]] [0.5133378505706787, 0.5103203654289246, 1.4671719074249268] -1.0571258068084717 0.13744555413722992
traffic_cone [[6.746952056884766, -50.764785766601335, -1.306510448455807]] [0.5147252082824707, 0.5102697014808655, 1.2879046201705933] 1.7055338064776824 0.1355970948934555
pedestrian [[-8.148254394531477, 40.62141418457054, 0.5810596942901647]] [0.6263756155967712, 0.640852153301239, 1.6207798719406128] 0.19164240360260024 0.13471496105194092
pedestrian [[41.54548645019531, 51.41193389892578, 1.4114127159118688]] [0.5812267065048218, 0.5944288372993469, 1.6191213130950928] -1.680125117301941 0.13041135668754578
traffic_cone [[17.624885559081804, 31.657974243164176, -0.524196326732632]] [0.41992682218551636, 0.42059609293937683, 0.995907187461853] -2.6972107887268066 0.12527106702327728
pedestrian [[31.543991088867415, 1.025051116943473, 1.0208647251129173]] [0.6004883646965027, 0.6051875352859497, 1.6707055568695068] -1.7347965240478516 0.1218990683555603
pedestrian [[49.34954071044899, 50.05648040771507, 1.9330216646194485]] [0.6144944429397583, 0.6344617605209351, 1.720198154449463] 2.192617241536276 0.12046166509389877
pedestrian [[-14.159557342529297, -23.534072875976108, 0.03695267438888905]] [0.5945753455162048, 0.5939822196960449, 1.6634036302566528] -1.1744871139526363 0.11975234746932983
pedestrian [[25.261909484863054, 6.304729461670036, -0.6107265949249241]] [0.4989302158355713, 0.5098113417625427, 1.382849097251892] -2.7959799766540527 0.11881376057863235
pedestrian [[40.03675842285179, 50.0586853027346, 2.1024482250213654]] [0.7042354345321655, 0.7328383922576904, 1.825898289680481] -1.7070778608322144 0.11678238958120346
traffic_cone [[26.154525756836165, 9.957672119140852, -0.8315895795822099]] [0.3953845500946045, 0.39707881212234497, 0.8903226852416992] 2.8151763121234343 0.11475745588541031
pedestrian [[28.013847351074446, 49.38294219970726, 0.6346220970153844]] [0.5739596486091614, 0.5878481864929199, 1.498447299003601] -1.6021286249160769 0.11430792510509491
traffic_cone [[27.696166992187273, 44.62825775146507, 1.4318724870681785]] [0.5264812111854553, 0.5334874391555786, 1.4932023286819458] -2.7233471870422363 0.11331100016832352
traffic_cone [[-1.9334182739255539, 40.994606018066634, 0.16119468212127952]] [0.4725075960159302, 0.4689326584339142, 1.2173947095870972] 0.9068406820297241 0.11319571733474731
pedestrian [[-8.610248565673828, -40.596340179443246, -0.866719722747801]] [0.5599931478500366, 0.5576304793357849, 1.5736823081970215] 0.6991807222366333 0.1130078136920929
pedestrian [[-0.47031784057639925, -53.74127960205067, -0.8289186358451817]] [0.7090358734130859, 0.7534504532814026, 1.7666367292404175] -0.7365069985389704 0.1123189926147461
pedestrian [[-0.9112319946291336, 36.51406097412132, 0.27000385522842674]] [0.6691243052482605, 0.7250545024871826, 1.6128034591674805] 2.2885416189776824 0.1069292426109314
pedestrian [[22.065376281738054, 26.302459716797102, -0.10020304471254082]] [0.6682966351509094, 0.7134184837341309, 1.6888320446014404] -1.9012132883071904 0.10587608814239502
pedestrian [[32.59917449951149, 15.495285034179915, -1.4873083829879734]] [0.5671443939208984, 0.6100651621818542, 1.4984560012817383] -2.088681697845459 0.10544499009847641
pedestrian [[32.2642822265625, -8.088600158691179, 1.0046023130416892]] [0.6655939817428589, 0.6735318899154663, 1.6364212036132812] 2.902271095906393 0.10283271223306656
pedestrian [[22.585342407226562, -40.49452209472645, -0.11693891882896157]] [0.6719714999198914, 0.7144848108291626, 1.6597962379455566] 2.792411867772238 0.1025836318731308
traffic_cone [[-9.30473709106468, -11.022994995117074, -1.1030668020248386]] [0.37611767649650574, 0.3703165054321289, 0.8956471085548401] 0.2661226987838746 0.1019405722618103
traffic_cone [[-3.39057922363304, -13.357727050781136, -1.5059373378753627]] [0.3272290825843811, 0.32143574953079224, 0.7483320832252502] 1.9630597273456023 0.10037203878164291
