car [[5.171649932861669, -4.011432647704737, -1.2071733474731445]] [1.5897676944732666, 3.653029680252075, 1.4229656457901] 1.5200775861740112 0.8758405447006226
car [[5.286361694336222, 0.9894065856934731, -0.8826982378959727]] [1.9987634420394897, 4.9924516677856445, 1.870314121246338] 1.617417160664694 0.849753201007843
car [[5.255931854248388, 6.679626464843977, -0.6506239175796473]] [1.854536533355713, 4.606991767883301, 1.6776238679885864] 1.5985501448260713 0.799838125705719
car [[5.325519561767862, 12.77606201171875, -0.34643316268920543]] [1.9481964111328125, 4.824431419372559, 1.8228716850280762] 1.5419398546218872 0.7952094078063965
car [[-9.35241317748978, -14.892005920409815, -1.8432322740554756]] [1.9883495569229126, 4.749120235443115, 1.9153554439544678] -1.5817772150039684 0.7842324376106262
car [[-9.512180328368686, -21.719398498534986, -2.3030524253845144]] [1.8744335174560547, 4.770692348480225, 1.5611536502838135] -1.573074221611024 0.7472582459449768
car [[-9.138931274413835, -30.293254852294638, -2.6032762527465803]] [1.8531978130340576, 4.409275054931641, 1.5733360052108765] -2.5022947788238543 0.7229982614517212
car [[18.48786926269571, -17.173084259033033, -0.8798636198043752]] [1.7356094121932983, 4.089908123016357, 1.5185993909835815] -1.50785517692566 0.7192506194114685
car [[12.275634765625284, 7.109558105468977, -0.21197029948234203]] [2.003744602203369, 4.910752296447754, 1.7872763872146606] -1.5592931509017958 0.7112036347389221
car [[15.086196899414517, 6.965133666992415, 0.0690764933824557]] [1.9783921241760254, 4.65284538269043, 1.7409405708312988] -1.5564711093902601 0.6943375468254089
car [[-8.788230895995866, 20.20258331298828, -0.38031384348868613]] [1.9932113885879517, 5.020513534545898, 1.8573898077011108] -1.5621678829193124 0.6942103505134583
car [[12.096900939941634, -17.539749145507415, -1.1244682073593033]] [1.9173778295516968, 4.645452499389648, 1.6490449905395508] 1.6227048079120086 0.6875462532043457
car [[5.588443756103857, 29.875167846679915, 0.36695313453674494]] [1.9063615798950195, 4.674520492553711, 1.6059225797653198] 1.5780718962298794 0.6831576824188232
car [[16.06127166748081, -17.50673675537081, -0.8283960819244349]] [1.9036842584609985, 4.55615758895874, 1.6468393802642822] 1.5890801588641572 0.6587222814559937
car [[5.334148406982649, 18.703414916992415, -0.14574179053305159]] [1.8849003314971924, 4.657838344573975, 1.708720088005066] 1.5742962996112273 0.6521654725074768
car [[-7.664936065673544, -50.8371505737303, -3.6969611644744784]] [1.895401120185852, 4.39290714263916, 1.6921355724334717] -1.565443038940431 0.6409028768539429
car [[-3.249923706054176, 26.123992919922102, 0.0832856968045359]] [1.908281922340393, 4.509482383728027, 1.6319026947021484] -1.4588600397109999 0.6392194032669067
car [[15.322700500488736, 1.6554145812990555, -0.33354365825653076]] [1.849181056022644, 4.287991523742676, 1.668007493019104] -1.5841833353042614 0.6389861702919006
car [[18.29818725585966, -27.498174667358114, -1.2743077278137118]] [1.903203010559082, 4.389434814453125, 1.7418162822723389] 0.00999975204467812 0.6272538900375366
car [[23.52419281005905, -16.396800994872933, -0.39172303676605225]] [1.9838404655456543, 4.7281494140625, 1.7606781721115112] 1.6372268835650845 0.587358832359314
car [[20.88877868652372, -16.63239669799765, -0.5811505317687882]] [1.8270727396011353, 4.2749223709106445, 1.6555441617965698] -1.43964183330536 0.5520890355110168
car [[41.15956115722696, -17.016624450683423, 0.3229970633983683]] [1.8836920261383057, 4.392212867736816, 1.675107717514038] -1.4581793546676647 0.5302349925041199
car [[1.5649070739748936, 47.62025451660179, 1.7386150360107475]] [1.9325231313705444, 4.556288719177246, 1.6834040880203247] 1.591570679341452 0.5232281684875488
car [[25.970230102539574, -17.021358489990064, -0.31451490521430436]] [1.9687786102294922, 4.592222213745117, 1.7582435607910156] -1.5895559787750257 0.5202939510345459
car [[4.085662841797216, -35.590709686279126, -2.479434490203861]] [1.9632620811462402, 4.776090621948242, 1.6758956909179688] 1.5609623193740845 0.5005055069923401
car [[-8.937541961669638, 11.87738037109375, -0.27125692367553533]] [2.558317184448242, 6.885298728942871, 3.124830722808838] -1.5909620523452772 0.4813707172870636
car [[20.49272155761747, 1.3628234863284092, -0.0915031358599645]] [2.012617588043213, 4.749478340148926, 1.6904511451721191] -1.6529265642166149 0.4541965126991272
car [[27.4285507202153, -13.087902069091683, -0.0885412395000369]] [1.8310338258743286, 4.294178009033203, 1.7600009441375732] 0.031776428222656465 0.45121335983276367
car [[17.762718200684105, 7.512207031250227, 0.10653556883336002]] [1.8870083093643188, 4.363149642944336, 1.614148736000061] -1.52760148048401 0.4269545078277588
car [[22.506202697754134, 7.60464096069353, 0.18638691306114374]] [1.8773822784423828, 4.2441935539245605, 1.6002185344696045] -1.6463692188262953 0.4178431034088135
car [[5.239414215088345, 36.3636169433596, 0.7170693874359149]] [1.8842458724975586, 4.560861587524414, 1.6204371452331543] 1.6586402098285125 0.3936285376548767
car [[25.325798034668423, 0.27338790893577425, 0.12372505664825262]] [2.0976829528808594, 4.759801387786865, 1.891277551651001] 1.513557314872742 0.3725396394729614
car [[-11.647781372069971, -35.83041763305653, -2.9209709167480487]] [1.9118127822875977, 4.444577217102051, 1.7084085941314697] 0.26919269561767595 0.3701261281967163
car [[47.05703735351591, -17.182727813720646, 0.22333189845085322]] [1.8849916458129883, 4.218367576599121, 1.6664279699325562] -1.46385407447815 0.3608483672142029
car [[20.11486053466814, 8.07941055297863, 0.20021200180053533]] [1.9244402647018433, 4.381032466888428, 1.6418943405151367] -1.5320513248443617 0.31004607677459717
car [[25.38557434082071, 5.086631774902457, 0.5591800808906537]] [1.8531774282455444, 4.293248653411865, 1.6308144330978394] -3.0832729339599623 0.3065382242202759
car [[27.87806701660179, 5.771797180176009, 0.510386526584627]] [1.9231551885604858, 4.5205078125, 1.6717060804367065] 1.3674391508102421 0.29555031657218933
car [[21.3682479858403, 8.63085174560564, 0.19399142265319824]] [1.9227147102355957, 4.43834114074707, 1.6384005546569824] -1.5316041707992563 0.25141969323158264
car [[-9.16408538818331, 38.13748168945324, 0.5281949639320356]] [1.9516271352767944, 4.66408109664917, 1.6858203411102295] -1.4908657073974616 0.24076372385025024
car [[43.58246612548862, -17.032909393310376, 0.3401962816715276]] [1.887640118598938, 4.353286266326904, 1.691723108291626] 1.3179122209548952 0.2377837598323822
car [[35.11073303222685, 3.898738861084098, 1.0601735115051305]] [2.030714988708496, 4.705306529998779, 1.7444779872894287] 2.256038490925924 0.23380784690380096
car [[-9.35189819335909, 33.83392333984375, 0.25719821453095015]] [2.1027002334594727, 5.5068182945251465, 2.065016031265259] 1.5937231222735808 0.23091593384742737
car [[53.9383239746096, -15.319301605224439, 0.279490828514108]] [1.9400513172149658, 4.48179292678833, 1.7272915840148926] 1.9221814314471648 0.226664200425148
car [[14.158164978027628, -17.69294738769497, -0.8978577852249163]] [1.7222011089324951, 3.942105293273926, 1.5628281831741333] 1.6764391104327605 0.2053949236869812
car [[48.36489868164108, -15.366111755370923, 0.04631629958748995]] [1.8711888790130615, 4.139950275421143, 1.6305400133132935] 0.1036322116851812 0.20086365938186646
car [[-21.82425308227505, -36.918212890624716, -2.699959278106686]] [1.9702361822128296, 4.549238204956055, 1.7247055768966675] -1.8502049446105968 0.19929084181785583
car [[24.871734619140796, 8.093986511230526, 0.522990465164181]] [1.828115701675415, 4.227601051330566, 1.5455167293548584] -1.8933416604995739 0.19842413067817688
car [[-14.59598922729458, -36.77231597900368, -2.8936946392059255]] [2.0225491523742676, 4.7918925285339355, 1.729060411453247] -2.9100761413574237 0.1804790049791336
car [[27.85100555419939, 8.625614166259822, 0.56720066070557]] [1.9523096084594727, 4.525127410888672, 1.6930772066116333] 1.6312311331378384 0.16887971758842468
car [[-18.342254638671534, -36.943626403808366, -2.7194139957427925]] [1.9616429805755615, 4.5537919998168945, 1.7079960107803345] -0.07087314128875725 0.16792112588882446
car [[5.758434295654695, 53.97277069091797, 1.8982428312301582]] [1.9952188730239868, 4.579461097717285, 1.7458871603012085] -1.5834949016571054 0.15732811391353607
car [[22.42362213134811, 0.8926811218263992, -0.031608290970323694]] [1.8746471405029297, 4.373948574066162, 1.5974056720733643] -1.6351265907287609 0.1423010230064392
car [[26.764289855957486, 7.432327270507983, 0.42893069982529575]] [1.8446431159973145, 4.306653022766113, 1.5728459358215332] 2.02450400987734 0.13215677440166473
car [[27.86956787109409, -16.00667572021456, -0.14073792099952875]] [1.9759953022003174, 4.716205596923828, 1.810892105102539] -0.14214253425598136 0.12858544290065765
car [[37.47804260253935, 3.8686637878419674, 1.554001808166511]] [1.978969931602478, 4.531595706939697, 1.7359076738357544] 0.11735260486602778 0.12583154439926147
car [[18.850112915039404, 8.574447631836165, 0.17216217517853138]] [1.9503222703933716, 4.502559661865234, 1.6631520986557007] -1.5024693012237562 0.12213923037052155
car [[24.320922851562898, 6.337749481201399, 0.517098307609567]] [1.9271866083145142, 4.433847427368164, 1.6339309215545654] -3.1266109943389906 0.12014313042163849
car [[4.4532051086428055, -41.08055114746071, -2.75968861579895]] [1.925540804862976, 4.657695770263672, 1.6633692979812622] -1.5234379768371593 0.11986930668354034
car [[25.46018981933622, 3.361183166503963, 0.5209665894508397]] [1.88643217086792, 4.399213790893555, 1.6537840366363525] -1.4647978544235238 0.11441434919834137
car [[29.62509155273466, -14.12208175659157, -0.009061697870498264]] [2.075998306274414, 4.912498950958252, 1.8918330669403076] 0.29702854156494135 0.10510830581188202
car [[35.720115661621435, 9.917854309082202, 1.4519985914230311]] [1.9711048603057861, 4.511780261993408, 1.7331516742706299] 0.4603546857833862 0.10463757067918777
car [[32.715225219726904, 3.890369415283317, 1.2346276044845652]] [1.8689663410186768, 4.340787887573242, 1.64385187625885] -0.5364645719528198 0.10412468761205673
car [[23.700668334961392, 9.19282150268566, 0.3909658789634669]] [1.8827520608901978, 4.413187026977539, 1.6185028553009033] -1.7346601486206066 0.10401545464992523
car [[-20.74902725219698, -37.96170806884743, -2.9093570709228462]] [1.9637672901153564, 4.56849479675293, 1.7265311479568481] -1.8371504545211805 0.10119619220495224
truck [[-9.337818145751669, 33.89833068847679, 0.33206692337990695]] [2.074530601501465, 5.7572174072265625, 1.9846588373184204] 1.5841138998614712 0.6384944319725037
truck [[-8.89066696166941, 12.090705871582145, -0.38599371910094504]] [2.5302340984344482, 7.07880163192749, 2.940507650375366] -1.5986995697021493 0.2933388948440552
truck [[-9.223926544189226, 38.73406219482433, 0.514187693595888]] [2.129196882247925, 5.67907190322876, 1.886549711227417] -1.62053680419922 0.2802064120769501
truck [[-8.79298782348593, 20.2375946044923, -0.4713920056819898]] [1.9600480794906616, 5.037564754486084, 1.8581628799438477] -1.5633043050766002 0.2669065594673157
truck [[23.52018737792997, -16.490386962890625, -0.3279296457767522]] [1.9592640399932861, 5.1110310554504395, 1.8351240158081055] 1.685901467000143 0.22377249598503113
truck [[20.901924133301122, -16.988445281982138, -0.5137893557548523]] [1.8904008865356445, 5.043254852294922, 1.7912958860397339] -1.482465624809266 0.205680251121521
truck [[27.83820343017618, -13.34369659423811, 0.002803437411792231]] [2.091817855834961, 5.178775310516357, 1.9694379568099976] -0.091623902320862 0.2005102038383484
truck [[26.006690979004247, -17.070880889892237, -0.10999618470669148]] [1.9884626865386963, 4.961455345153809, 1.8675669431686401] -1.664469003677369 0.15747401118278503
construction_vehicle [[17.639717102050952, 31.463684082031364, 1.6765389442443865]] [3.112215518951416, 6.14619255065918, 3.1136460304260254] -0.028574347496032396 0.15055124461650848
construction_vehicle [[9.950241088867358, -6.816886901855298, -0.9833871722221446]] [1.23665189743042, 2.0229523181915283, 1.7959191799163818] -0.15915405750274653 0.14651118218898773
truck [[35.093963623047216, 3.9057922363283524, 0.9187659621238762]] [2.3815996646881104, 5.119275093078613, 1.9567912817001343] 0.28319239616394054 0.14242933690547943
truck [[-11.147384643554346, -35.72735977172829, -2.8117668628692645]] [1.9898258447647095, 5.031331539154053, 1.8719600439071655] 0.2461935281753539 0.14051325619220734
construction_vehicle [[14.175300598144986, -18.305587768554346, -0.9254782795905943]] [1.3298048973083496, 2.5181853771209717, 1.7838020324707031] 1.5795629660235808 0.13808850944042206
truck [[-3.346427917480298, 26.67459106445324, 0.09380538761615398]] [2.062879800796509, 5.463839530944824, 1.8667514324188232] -1.466345787048341 0.1348431408405304
truck [[25.331199645996435, 0.285404205322493, 0.24687463045120595]] [2.2050106525421143, 5.148894786834717, 1.9782743453979492] 1.5357471704483037 0.11486867070198059
truck [[15.134414672852017, 7.389278411865462, 0.025601148605353785]] [2.113942861557007, 5.507899284362793, 1.9178849458694458] -1.569061040878297 0.11054503917694092
truck [[18.815155029297273, -27.754924774169695, -1.1102128028869558]] [2.1428372859954834, 5.48384952545166, 2.0233163833618164] 3.096940819417134 0.10869455337524414
construction_vehicle [[-12.898506164550497, 24.880828857422102, -0.16113656759262263]] [1.4934887886047363, 2.8958964347839355, 1.9137098789215088] -2.0034365653991717 0.10755246132612228
truck [[25.433868408203637, 5.086338043213118, 0.5372203588485736]] [2.0133721828460693, 5.4460225105285645, 1.7976092100143433] -1.758976578712465 0.10454916954040527
truck [[41.15261840820358, -17.139060974120866, 0.4313615858554858]] [1.8812214136123657, 4.67085599899292, 1.7967197895050049] 1.6786053816424769 0.10215778648853302
barrier [[16.34110260009794, 31.362976074218864, 1.8600208759307932]] [2.841362714767456, 0.46205154061317444, 0.9048583507537842] 3.0781782309161576 0.17954322695732117
bicycle [[-6.551223754882528, -4.527301788329851, -1.25831496715546]] [0.6963831782341003, 1.91471266746521, 1.8871309757232666] -1.573969841003419 0.7293646931648254
bicycle [[9.114273071289347, -3.9889678955075283, -1.0516113042831297]] [0.6109620332717896, 1.7780702114105225, 1.1687524318695068] 1.2407461404800415 0.5258305668830872
bicycle [[9.685676574707315, 5.53208160400402, -0.6539925336837786]] [0.4636881649494171, 1.61161470413208, 1.0574982166290283] 1.6640175024615689 0.35779431462287903
bicycle [[28.60563659668003, -12.332851409911882, 0.03410822898150201]] [0.6443492770195007, 1.763304591178894, 1.3866634368896484] -2.2072205543518084 0.27910470962524414
bicycle [[9.773860931396882, 8.204021453857536, -0.7006596326828003]] [0.48767852783203125, 1.5895038843154907, 1.0714588165283203] -1.7218279838562023 0.2401038408279419
bicycle [[9.759296417236612, -18.92953872680647, -1.6227968931198173]] [0.46942806243896484, 1.5081727504730225, 1.0710127353668213] -1.621589779853822 0.18446296453475952
bicycle [[-11.052978515624545, -6.860023498535043, -1.7063705921172971]] [0.5591974854469299, 1.6226906776428223, 1.195489764213562] -1.621767878532411 0.18292033672332764
motorcycle [[20.258888244629304, -2.136043548583814, -0.273490548133843]] [0.7034488916397095, 1.9284201860427856, 1.345866084098816] 0.05214262008666966 0.17335399985313416
motorcycle [[6.301898956299226, 33.874267578125114, 0.5014410614967417]] [0.7115893363952637, 1.943709135055542, 1.235745906829834] -3.0324950218200697 0.16998645663261414
bicycle [[-11.056297302245753, 6.350444793701399, -1.001827239990229]] [0.46826934814453125, 1.4963926076889038, 1.106097936630249] 1.447522282600403 0.1660245954990387
motorcycle [[12.402397155761946, 13.03995513916027, -0.2861370146274549]] [0.5975910425186157, 1.7441589832305908, 1.1767737865447998] -2.582112789154054 0.15006119012832642
bicycle [[4.427780151367472, -30.938043594360067, -2.262153148651123]] [0.49098074436187744, 1.4666599035263062, 1.0899991989135742] -2.0615661144256605 0.1487840861082077
bicycle [[-9.838783264159815, -41.028923034667685, -3.197548151016223]] [0.6846408843994141, 1.8189425468444824, 1.7121946811676025] -0.9059855341911318 0.14559447765350342
motorcycle [[-12.367660522460653, -35.69072723388638, -2.737229824066155]] [0.7590193748474121, 2.028390645980835, 1.5541990995407104] -2.6679558753967303 0.14059138298034668
bicycle [[5.080047607422159, 53.787544250488395, 1.4048531055450404]] [0.7223132848739624, 1.8259646892547607, 1.5634874105453491] -1.6837097406387342 0.13886699080467224
bicycle [[-12.81704711914034, 24.89987182617199, -0.030341316014531827]] [0.5899304151535034, 1.640540361404419, 1.3260657787322998] -2.799107551574709 0.1279323250055313
bicycle [[-23.06337738037081, -2.088329315185433, -0.6462792754173314]] [0.6277753710746765, 1.6863428354263306, 1.253060221672058] 2.628938023244039 0.12535493075847626
bicycle [[-13.639221191405909, 15.321144104003906, -0.17759560048579281]] [0.5268712043762207, 1.6258732080459595, 1.1267814636230469] 2.029763046895163 0.12280601263046265
motorcycle [[5.187686920166527, 34.6429138183596, 0.10503324121236624]] [0.7025874257087708, 2.001527786254883, 1.2224684953689575] 2.224942986165182 0.12026462703943253
motorcycle [[-18.238231658935092, 2.67612457275402, -0.699956536293028]] [0.7013850212097168, 2.048616647720337, 1.5908899307250977] 1.7564223448382779 0.11954258382320404
bicycle [[-32.00765228271439, 5.112323760986442, -1.4561117887496824]] [0.6128942966461182, 1.7321629524230957, 1.1967029571533203] 0.4552694559097291 0.1190001368522644
motorcycle [[14.20177459716831, -18.40619659423794, -0.4987245798110873]] [0.6144999265670776, 1.704634189605713, 1.1543315649032593] -0.7994934916496279 0.11351203918457031
motorcycle [[6.230102539062955, 34.39946746826183, 0.4006542563438398]] [0.7278345823287964, 2.0219216346740723, 1.2962208986282349] -2.9868946075439466 0.10964026302099228
bicycle [[6.967693328857706, 33.402229309082145, 0.6579803228378207]] [0.5867615938186646, 1.7141880989074707, 1.1339349746704102] 1.1946250200271606 0.1082502231001854
bicycle [[-20.09903335571255, -36.29827499389626, -2.8161320686340314]] [0.5687995553016663, 1.5854655504226685, 1.2331948280334473] 1.232779622077942 0.10794228315353394
bicycle [[10.005187988281534, -6.435920715331918, -0.7954831719398463]] [0.5808041095733643, 1.5899722576141357, 1.1473256349563599] -3.057450771331789 0.10463736206293106
pedestrian [[-11.824207305907919, 8.651359558105696, -1.00664675235749]] [0.6638765931129456, 0.793235182762146, 1.7946984767913818] 1.6810253302203582 0.81206214427948
pedestrian [[8.197811126709382, -22.70263671874983, -1.5928275585174525]] [0.7101398706436157, 0.8519638180732727, 1.8054847717285156] 1.7222188154803675 0.7606178522109985
pedestrian [[8.236511230469148, -1.7032165527342045, -0.8268885612487811]] [0.6839041709899902, 0.8739848732948303, 1.7512762546539307] 1.6024487654315398 0.7410750985145569
pedestrian [[-10.319572448730185, -40.457500457763445, -3.1239516735076904]] [0.6384978890419006, 0.6929635405540466, 1.7682191133499146] 1.8579590956317351 0.6239640116691589
pedestrian [[7.621608734131144, -46.383098602294695, -2.4397490024566633]] [0.621638298034668, 0.691162109375, 1.8278656005859375] 1.6869767347918914 0.6144436001777649
traffic_cone [[-7.57737731933554, 9.032737731933935, -1.5213268995284945]] [0.36291036009788513, 0.36896681785583496, 0.7305857539176941] -1.4995384216308605 0.588431715965271
pedestrian [[-9.494300842284815, -41.27944946289034, -3.134036779403676]] [0.6485663056373596, 0.6936841011047363, 1.7679672241210938] -0.8938139081001285 0.5639858841896057
pedestrian [[8.608230590820654, -47.30870056152321, -2.4153752326965314]] [0.6214923858642578, 0.7063623666763306, 1.809668779373169] 1.6368964354144497 0.5496821999549866
pedestrian [[-13.06621551513632, 13.47667694091831, -0.8054560422897357]] [0.6025466918945312, 0.6797065138816833, 1.7371368408203125] -1.714134573936464 0.5414100289344788
traffic_cone [[-7.425983428954794, 15.115859985351676, -0.9655625820159912]] [0.36565864086151123, 0.3601352572441101, 1.0836535692214966] -1.6099358797073375 0.5307835340499878
pedestrian [[-11.693740844726221, -23.73064231872536, -2.2311265468597448]] [0.6294306516647339, 0.6790731549263, 1.759615182876587] -1.5474667549133314 0.5111011862754822
pedestrian [[7.064750671386946, -46.560977935790845, -2.4793164730072075]] [0.6110445261001587, 0.6797220706939697, 1.7874104976654053] 1.6719902197467251 0.4487265348434448
pedestrian [[-12.844627380370639, 24.875511169433707, -0.21238169074058177]] [0.6286448836326599, 0.6821856498718262, 1.7368539571762085] -2.647471427917482 0.41538533568382263
traffic_cone [[-8.033664703368629, 4.904293060303189, -1.3332744836807109]] [0.3871827721595764, 0.3813016414642334, 1.3021631240844727] 2.328120533620016 0.3172798752784729
pedestrian [[-11.060131072997706, 10.682762145996207, -0.970728039741509]] [0.5048828721046448, 0.5021712779998779, 1.5129566192626953] -0.19978690147399866 0.3051498532295227
pedestrian [[-12.376106262206577, 25.03031158447277, -0.23074918985366288]] [0.6458535194396973, 0.7048159837722778, 1.7388290166854858] -2.5101103782653826 0.3025186359882355
traffic_cone [[-31.925262451171648, 5.116821289062727, -1.2414488792419434]] [0.355699747800827, 0.3540014624595642, 0.8214362263679504] -0.1329183578491208 0.27793943881988525
traffic_cone [[13.99032592773466, -16.422599792480355, -1.2587553262710625]] [0.5579696893692017, 0.5672157406806946, 1.0533015727996826] 1.971031490956442 0.27087461948394775
pedestrian [[7.424922943115632, -46.91335678100563, -2.441828727722161]] [0.6330771446228027, 0.726695716381073, 1.8319029808044434] 1.6387003103839324 0.2643221616744995
pedestrian [[-13.284175872802564, -52.962478637695085, -4.2568345069885165]] [0.6030810475349426, 0.5896798372268677, 1.6497925519943237] 0.5158392190933226 0.25272488594055176
traffic_cone [[19.280403137207372, -5.521564483642408, -0.6996867656707764]] [0.4095325171947479, 0.39732247591018677, 1.2596168518066406] -2.7233741283416766 0.2496049702167511
traffic_cone [[-7.925605773925383, 9.143775939941634, -1.4248831272125138]] [0.40916842222213745, 0.4183371067047119, 0.8553668260574341] -1.4412101507186896 0.23411232233047485
pedestrian [[28.406585693359716, -12.213550567626612, -0.027310198172930455]] [0.6680760979652405, 0.7101315259933472, 1.7579898834228516] -1.0397102832794194 0.21656061708927155
pedestrian [[-10.570133209228175, 10.967193603515966, -0.8679978847503644]] [0.5520358085632324, 0.5339514017105103, 1.6684948205947876] -0.12702071666717538 0.2079182267189026
traffic_cone [[-20.01939392089804, -36.06950759887661, -2.8481717109680105]] [0.3819950222969055, 0.38503652811050415, 1.1690547466278076] 0.6377609968185425 0.2059520035982132
traffic_cone [[-8.094856262206747, 4.631305694580192, -1.3701629638671857]] [0.3925369381904602, 0.3909294903278351, 1.2668519020080566] 2.4995725790606897 0.20041190087795258
pedestrian [[-13.024913787841513, 13.928749084472884, -0.7283704280853289]] [0.6196408867835999, 0.6949458122253418, 1.7564356327056885] -1.7199921607971203 0.19707122445106506
pedestrian [[-10.601821899413665, 10.556991577148551, -0.9025292396545357]] [0.5278345942497253, 0.5109230875968933, 1.5944063663482666] -0.14827597141265864 0.18732759356498718
traffic_cone [[-7.627719879150106, 9.861156463623047, -1.3297286033630282]] [0.37696003913879395, 0.37397080659866333, 0.8837442398071289] -1.5143312215805063 0.1867041438817978
pedestrian [[-16.618911743163665, -2.1013755798338707, -0.8707826137542671]] [0.601112961769104, 0.6182552576065063, 1.6553499698638916] -2.9683723449707045 0.17229141294956207
traffic_cone [[-7.1868667602534515, 15.163276672363509, -1.012705564498896]] [0.3709013760089874, 0.36630797386169434, 0.9410526752471924] -1.5498006343841564 0.1708233803510666
pedestrian [[-18.32410812377907, 2.848911285400618, -0.8711835741996765]] [0.6874275803565979, 0.7114080190658569, 1.6503279209136963] 0.08596909046173104 0.1687687337398529
pedestrian [[-16.09505844116177, 1.5240631103517899, -0.7438362836837698]] [0.661841630935669, 0.6672009825706482, 1.7809780836105347] 1.420880675315857 0.15436311066150665
pedestrian [[5.072380065918196, 53.59092712402355, 1.856335163116455]] [0.6368024349212646, 0.6407339572906494, 1.5937741994857788] -1.7800389528274547 0.149724081158638
pedestrian [[6.98988342285179, -46.092407226562216, -2.4558255672454763]] [0.6593821048736572, 0.7630281448364258, 1.8352060317993164] 1.6620057264911101 0.14830437302589417
traffic_cone [[14.142227172851733, -16.97228622436495, -1.18415975570678]] [0.552686333656311, 0.5398666262626648, 1.1375272274017334] 1.789447609578268 0.13725215196609497
pedestrian [[-14.845516204833586, -30.307550430297624, -2.367546796798697]] [0.613969087600708, 0.6343914270401001, 1.6704983711242676] -0.3387922048568728 0.13531242311000824
traffic_cone [[-11.003273010253622, 6.457195281982649, -1.0653822422027517]] [0.4775022864341736, 0.4870914816856384, 1.4613738059997559] 0.7258964776992798 0.13271170854568481
traffic_cone [[7.090686798096044, 33.512275695800895, 0.7091151475906372]] [0.4798852205276489, 0.4792960286140442, 1.421994924545288] -3.0844535827636737 0.12849771976470947
traffic_cone [[-8.292854309081747, 3.954498291015966, -1.466358900070185]] [0.36074966192245483, 0.3651477098464966, 1.111714482307434] 2.1805079619037073 0.12711215019226074
traffic_cone [[-10.963512420653899, 2.83967590332054, -1.4090542793273855]] [0.4065869450569153, 0.4107891619205475, 1.127484917640686] -2.375656366348268 0.124007448554039
pedestrian [[-17.84343338012644, 2.069419860840185, -0.9210004210472089]] [0.6560186147689819, 0.6744627952575684, 1.7089219093322754] 0.5581725835800174 0.12046666443347931
pedestrian [[-18.389610290527003, -2.7250480651853195, -0.9090713858604325]] [0.6315083503723145, 0.6774832010269165, 1.6059056520462036] -0.10210597515106185 0.11981724202632904
pedestrian [[-13.337642669677507, 13.143501281738509, -0.8625950813293475]] [0.636665940284729, 0.7273234128952026, 1.7689117193222046] -1.7276597023010265 0.11914555728435516
pedestrian [[-9.988002777099382, 10.490142822265739, -0.6609203815460223]] [0.5574592351913452, 0.5421009063720703, 1.7152845859527588] -0.8108341097831729 0.11867032945156097
pedestrian [[-9.476924896240064, -40.655364990234204, -3.1287074089050257]] [0.6949697136878967, 0.7656180262565613, 1.8036603927612305] -0.19722414016723608 0.11594748497009277
pedestrian [[-11.24280548095669, -24.173738479613803, -2.250610589981072]] [0.7179787158966064, 0.8007845282554626, 1.802366852760315] -1.5460885763168348 0.1149415522813797
pedestrian [[-18.20794296264603, -25.361236572265398, -1.1384404897689784]] [0.5471512079238892, 0.5468187928199768, 1.70785391330719] -0.6611055731773376 0.11482127010822296
pedestrian [[9.074825286865575, -47.21289443969704, -2.4530465602874685]] [0.6721748113632202, 0.7664644718170166, 1.8348904848098755] 1.5121639966964724 0.11391054093837738
pedestrian [[-11.07154464721657, -7.0879936218259445, -1.6751306056976336]] [0.5846395492553711, 0.6102712154388428, 1.4923603534698486] -0.634923577308655 0.11354135721921921
pedestrian [[24.752403259277685, 4.528350830078352, 0.5675936341285794]] [0.6181913614273071, 0.6236449480056763, 1.697250247001648] -2.4696357250213645 0.11070926487445831
pedestrian [[25.492889404297387, -14.853382110595419, -0.2967425882816208]] [0.6287966370582581, 0.655292272567749, 1.502665400505066] -0.3844430446624753 0.1075100302696228
pedestrian [[8.566379547119539, -46.555068969726335, -2.4688997268676705]] [0.6327260136604309, 0.7381176352500916, 1.8243281841278076] 1.6428325811969207 0.10704551637172699
traffic_cone [[-7.151405334472429, 14.895195007324446, -1.0457555055618215]] [0.37938353419303894, 0.37401866912841797, 0.9303012490272522] -1.4536564350128187 0.10529515892267227
traffic_cone [[5.589744567871492, 33.99914550781273, 0.3179298043251162]] [0.4023604989051819, 0.396121084690094, 1.119146704673767] 1.3910213708877566 0.10383282601833344
traffic_cone [[18.75725555419939, -10.060256958007585, -0.6754850745201075]] [0.3632325530052185, 0.36429429054260254, 1.262262225151062] 1.8723319212542937 0.1032571792602539
pedestrian [[-10.005371093749659, 10.976799011230696, -0.6493588089942843]] [0.5491607785224915, 0.5291558504104614, 1.6670373678207397] 0.01985669136047369 0.1027473732829094
pedestrian [[-11.936164855956633, 24.983551025390852, -0.2879929542541415]] [0.6570915579795837, 0.7155420780181885, 1.7479512691497803] -1.2731649875640878 0.10127606242895126
a771effa2a2648d78096c3e92b95b129