car [[6.8474617004396805, 3.3406333923339844, -0.9758337736129903]] [1.8797091245651245, 4.577348709106445, 1.6492482423782349] -1.1808372735977177 0.8356439471244812
car [[-3.165370941161882, 17.239479064941406, -0.5548389554023743]] [1.861469030380249, 4.436629295349121, 1.565359115600586] -1.1005140542984013 0.7836572527885437
car [[-9.125228881835596, 10.715446472167741, -0.6953887343406819]] [1.848849892616272, 4.396978378295898, 1.645895004272461] 2.0055125395404265 0.7651458978652954
car [[1.4895896911624504, -6.6992645263671875, -1.0384973287582397]] [1.910102128982544, 4.936584949493408, 1.8788769245147705] 1.8588226477252408 0.759990930557251
car [[20.763916015625227, 15.300872802734375, -0.5086420178413533]] [1.8836368322372437, 4.428153991699219, 1.6665898561477661] 0.30698096752166765 0.7505803108215332
car [[12.423133850097884, -24.277696609497298, -1.9371628761291504]] [1.8519209623336792, 4.419208526611328, 1.5938259363174438] -1.2480690479278567 0.7049506306648254
car [[22.616569519043196, 5.47148132324196, -1.4194226264953755]] [1.8487412929534912, 4.321210861206055, 1.612900733947754] -2.795571804046631 0.6779794692993164
car [[-14.55094909667946, 45.95795440673828, 0.4699345529079295]] [1.9104413986206055, 4.540031433105469, 1.653551459312439] -1.1075611114501958 0.6430358290672302
car [[6.075706481933821, -5.4710273742678055, -1.2594645023345947]] [1.810603141784668, 4.459018707275391, 1.5409846305847168] -1.2552343606948857 0.6078425645828247
car [[30.235717773437727, 8.00013351440407, -1.0636997222900533]] [1.9519360065460205, 4.559871196746826, 1.6712251901626587] -2.848231792449951 0.551190972328186
car [[-27.74530410766579, 47.173118591308366, 0.40518218278883467]] [1.9096519947052002, 4.441255569458008, 1.6908713579177856] 1.9965046087848115 0.4873332381248474
car [[-18.925563812255632, 42.898216247558366, 0.3999233841896057]] [1.9381481409072876, 4.597630500793457, 1.6691722869873047] 1.9773257414447234 0.15215200185775757
car [[-17.07978439331032, 39.329719543456804, 0.28189805150032043]] [1.9147708415985107, 4.564888954162598, 1.6509631872177124] -1.087811946868897 0.11105166375637054
car [[-32.074913024902116, 34.45617675781227, 0.5179234147071696]] [1.9645743370056152, 4.5163044929504395, 1.7297080755233765] 0.658603072166443 0.11079179495573044
car [[25.55577087402355, 16.514801025390625, -0.6037458777427815]] [2.026522636413574, 4.686052322387695, 1.717595100402832] -3.0122909545898438 0.10769741237163544
car [[30.271492004394645, 10.57768249511696, -0.47813358902932634]] [1.9808710813522339, 4.605843544006348, 1.7927467823028564] -2.7745466232299805 0.10420192033052444
car [[-16.467018127441293, -43.035602569580305, -1.588932991027832]] [1.955597996711731, 4.592687129974365, 1.8621735572814941] 0.20678520202636688 0.1004546582698822
car [[-20.65926742553677, 43.50565338134743, 0.5698601007461548]] [1.9379594326019287, 4.56399393081665, 1.6596651077270508] 2.0858352820025843 0.10007040947675705
car [[8.098815917968864, 48.86040496826149, 1.574652910232544]] [1.8936322927474976, 4.424305438995361, 1.6803829669952393] 2.4233291784869593 0.1000356525182724
construction_vehicle [[-27.34417533874489, 46.39607238769531, 0.2981413900852061]] [2.1429426670074463, 3.299960136413574, 2.2196156978607178] 2.064220253621237 0.31032660603523254
construction_vehicle [[-15.946002960204964, -42.466548919677734, -1.6806075572967671]] [1.7590080499649048, 3.1535582542419434, 2.6207666397094727] 0.44633734226226823 0.19103538990020752
construction_vehicle [[-20.78159332275368, -6.404632568359375, -0.4846417307853699]] [2.1151936054229736, 3.3963375091552734, 1.9969679117202759] -0.20915162563324022 0.1761297732591629
construction_vehicle [[-15.252738952636491, -8.088478088379134, -0.5046618580818318]] [2.6799302101135254, 8.25905990600586, 2.7705583572387695] -2.797894477844238 0.16423943638801575
truck [[30.88397216796909, 11.019950866698991, -0.5309664607047893]] [2.2260115146636963, 5.71431827545166, 2.038172960281372] 0.22588133811950656 0.1537749171257019
construction_vehicle [[-32.15375137329079, 26.101799011230014, 2.2306392192840434]] [2.72794771194458, 6.593779563903809, 3.5319786071777344] -0.9595717787742621 0.1312546581029892
truck [[20.663368225097884, -5.062961578369141, -0.9018896818161153]] [2.3038017749786377, 5.592611312866211, 2.2582859992980957] -0.5835033059120183 0.1305207908153534
construction_vehicle [[41.101882934570426, -50.09974670410179, -1.280909299850478]] [3.633986473083496, 7.466276168823242, 3.9561822414398193] 1.9538243452655242 0.1185455396771431
construction_vehicle [[35.15106201171898, 35.11504364013672, 1.7621322870254517]] [2.519146203994751, 4.523343086242676, 3.3710732460021973] 2.4697015921222136 0.10992259532213211
bus [[24.921813964843864, 9.31777572631836, 0.26008352637290955]] [2.805516242980957, 11.203025817871094, 4.621617317199707] -2.813384056091308 0.8992032408714294
trailer [[-16.389751434325945, -26.770915985107422, -1.2211756706237793]] [2.680852174758911, 10.542901039123535, 3.049687385559082] 0.714300274848938 0.15572811663150787
trailer [[-3.3786315917966476, -18.880218505859375, -0.8465184569358684]] [2.164973735809326, 5.386521339416504, 2.8112130165100098] -1.857938051223755 0.13195303082466125
trailer [[-15.950424194335824, -27.14127159118675, -1.2822564840316772]] [2.6784420013427734, 9.325286865234375, 3.0142948627471924] 2.722755018864767 0.11167126893997192
trailer [[42.84137725830101, 30.36991119384743, 0.6100393533706665]] [3.03672456741333, 13.650946617126465, 3.5623626708984375] -0.01678764820098892 0.10349466651678085
barrier [[-15.42979431152321, -4.646236419677962, -0.8155829906463765]] [2.6698641777038574, 0.4558582305908203, 0.9033038020133972] -0.5202155113220218 0.1361701488494873
barrier [[-14.22144699096657, 32.21871948242165, -0.15057796239854326]] [3.10870361328125, 0.5841801166534424, 0.8811011910438538] -2.7123680114746094 0.12654787302017212
barrier [[33.271224975586165, 22.31439208984375, -0.782276391983018]] [2.484863519668579, 0.6442217826843262, 1.0158871412277222] -1.3043752908706665 0.11306431889533997
barrier [[-4.949832916259538, -27.708806991577603, -1.9947220087051534]] [2.3725805282592773, 0.35064953565597534, 1.0810558795928955] -0.22396957874298137 0.11188745498657227
bicycle [[9.272731781006087, 16.473152160644304, -0.34260982275010576]] [0.6303042769432068, 1.4272587299346924, 1.7139201164245605] -0.5600332021713261 0.6134754419326782
bicycle [[-39.18917846679676, -15.427810668945312, 1.7465090751648091]] [0.7260612845420837, 1.9377830028533936, 1.7515257596969604] -3.0624318122863765 0.3663824200630188
bicycle [[21.83779907226574, -27.938840866089095, -2.4797463417053365]] [0.48511284589767456, 1.5114928483963013, 1.0887889862060547] -1.2856428623199467 0.2331121563911438
bicycle [[-48.27890777587879, 28.385940551757585, 0.1336436867713786]] [0.6462100744247437, 1.7927699089050293, 1.2385787963867188] -1.4410434961318972 0.1934119462966919
motorcycle [[-36.36368560790993, -8.848655700683594, -0.6503739953041077]] [0.6291053295135498, 1.9132856130599976, 1.3229408264160156] 0.12377309799194308 0.19010192155838013
motorcycle [[-28.452766418456918, 23.53696441650345, 0.3922439217567444]] [0.6805533170700073, 2.1473135948181152, 1.5012117624282837] -1.137201547622681 0.18740308284759521
bicycle [[-20.0063667297361, 21.893859863281023, -0.2645080089569234]] [0.6229846477508545, 1.7357951402664185, 1.3536895513534546] 0.6503108739852906 0.17063230276107788
bicycle [[5.71974182128929, 16.004035949706804, -1.5183532238006734]] [0.4369400143623352, 1.361764907836914, 0.9746657609939575] -1.5671697854995728 0.1644711196422577
bicycle [[5.704677581787337, 16.36698913574196, -1.5231478214264058]] [0.48714783787727356, 1.432509183883667, 0.9851876497268677] -3.050662040710449 0.15932227671146393
bicycle [[5.0502815246584305, 27.934043884277344, 0.018620885908589457]] [0.5325602293014526, 1.63120436668396, 1.133433222770691] 1.3362375497817995 0.14816418290138245
motorcycle [[-48.91131973266579, 7.5263786315915695, 1.2247564792632915]] [0.6187218427658081, 2.06117582321167, 1.3305480480194092] 1.0017439126968388 0.14685694873332977
bicycle [[-14.132987976073991, 12.942108154296875, -0.7773925662040568]] [0.5981666445732117, 1.6565532684326172, 1.1803057193756104] -1.3518059253692631 0.14123643934726715
motorcycle [[29.09056091308605, 24.297248840331804, 0.03454863280056486]] [0.6599363088607788, 2.1534488201141357, 1.4540585279464722] -1.1115524768829348 0.13537375628948212
motorcycle [[-48.934020996093636, 8.602512359618913, 1.2845396995544291]] [0.695586085319519, 2.0289759635925293, 1.2583097219467163] -1.0615419149398808 0.1276441216468811
motorcycle [[1.5004730224611649, -9.767303466797102, -1.4608116149902344]] [0.8636562824249268, 2.129678249359131, 1.822158694267273] 1.5826724211322236 0.12353332340717316
motorcycle [[-38.04175949096657, -6.963958740234602, 0.06631047278641233]] [0.6807344555854797, 2.071394443511963, 1.4087883234024048] -1.9716781377792358 0.12215316295623779
bicycle [[-28.945789337157976, 15.265556335449219, 0.016395671293139458]] [0.5722486972808838, 1.5695935487747192, 1.0723971128463745] -1.1855171918869023 0.12152234464883804
bicycle [[5.142490386963004, -9.25263977050804, -1.6212868690490865]] [0.46124467253685, 1.6751089096069336, 0.9325222969055176] 1.7472122351275845 0.12151455879211426
bicycle [[-4.567947387695085, -26.698675155639876, -1.8203140497207784]] [0.519365668296814, 1.5411280393600464, 1.10483980178833] -1.8836791515350342 0.11711812019348145
motorcycle [[-34.60627365112293, -1.9993934631347656, -0.04602574557065964]] [0.7425022125244141, 1.8564988374710083, 1.3808495998382568] -0.5949513316154482 0.11114110797643661
bicycle [[42.86875915527378, -50.820262908935774, 0.35516822338102827]] [0.7511493563652039, 1.911750316619873, 1.666495680809021] 2.396271053944723 0.10855426639318466
bicycle [[-7.476005554198991, -3.920505523681868, -0.9176015853881978]] [0.4915176331996918, 1.4880913496017456, 1.1342582702636719] 1.7560308615313933 0.10560399293899536
motorcycle [[26.890731811523665, -33.925731658936, 0.5793434977531291]] [0.6360577344894409, 1.9522509574890137, 1.333295226097107] -0.6920351982116703 0.10209708660840988
bicycle [[10.456123352051009, 20.677291870117188, -0.26446187496186724]] [0.5629664659500122, 1.5983039140701294, 1.1190096139907837] 0.8532816171646118 0.10192982852458954
pedestrian [[-6.35164642333973, -8.84310531616211, -0.9365265369415425]] [0.6286197900772095, 0.5695474147796631, 1.8239099979400635] 0.1616257429122922 0.8697981834411621
pedestrian [[-4.067249298095476, -10.093986511230696, -1.1101132631302022]] [0.6214891672134399, 0.5874990820884705, 1.7753880023956299] 0.4319077730178829 0.8263930082321167
pedestrian [[-4.7112236022946945, -7.043430328369141, -1.0193731784820557]] [0.6510599851608276, 0.616850733757019, 1.7315726280212402] -0.25657927989959783 0.8127465844154358
pedestrian [[-4.459037780761491, -8.31362915039108, -1.0482861995697021]] [0.6515593528747559, 0.608502209186554, 1.7823866605758667] 0.30736029148101796 0.8055015802383423
pedestrian [[-3.276893615722315, -13.046073913574446, -1.2416924238205098]] [0.6359916925430298, 0.6466487646102905, 1.7348954677581787] 0.5393339395523072 0.7906593680381775
pedestrian [[14.531005859375114, 17.765693664550554, -0.19864456355571747]] [0.702437162399292, 0.7855153679847717, 1.8454194068908691] -2.6200852394104 0.7729427814483643
pedestrian [[17.882095336914176, 0.2801628112790695, -1.2590419054031514]] [0.6176203489303589, 0.5643007755279541, 1.8477833271026611] 2.012901131306784 0.7590004205703735
pedestrian [[-5.489009857177621, -11.11709213256836, -1.0186495780944824]] [0.6114322543144226, 0.5893846750259399, 1.8236076831817627] 0.5808085203170776 0.7473273277282715
pedestrian [[-4.721664428710596, -15.311851501464844, -1.3402702808380127]] [0.6371303200721741, 0.7472057342529297, 1.7155863046646118] -1.3109016418457031 0.73112952709198
pedestrian [[-0.3290710449216476, -39.43933105468773, -2.279287576675415]] [0.6470982432365417, 0.5959793925285339, 1.8787460327148438] 1.335581183433533 0.43842634558677673
pedestrian [[41.050163269043196, 36.47277832031227, 0.32005149126051435]] [0.6649899482727051, 0.6898318529129028, 1.8271307945251465] -2.737220764160156 0.42415887117385864
pedestrian [[-1.386409759521257, -36.68427276611328, -2.1926460266113423]] [0.6304726600646973, 0.5947967767715454, 1.816277027130127] 0.33252382278442394 0.3827773928642273
pedestrian [[-1.6868171691892258, -35.71368408203148, -2.211723566055312]] [0.6083187460899353, 0.5951794385910034, 1.7826347351074219] -0.13162875175476105 0.3480929732322693
pedestrian [[-1.0296859741208664, -38.67418289184593, -2.2857441902160787]] [0.6253722310066223, 0.5882729291915894, 1.8225436210632324] -0.015664458274841614 0.24132218956947327
pedestrian [[-5.543125152587663, -10.674510955810547, -1.04135644435884]] [0.6065651774406433, 0.6107268929481506, 1.7678894996643066] 0.4728037118911743 0.21642400324344635
pedestrian [[-2.155715942382585, -37.35734558105469, -2.1990454196930074]] [0.6265254616737366, 0.5989688634872437, 1.8178658485412598] 0.34259498119354215 0.21088379621505737
pedestrian [[18.726119995117415, 0.30519485473610075, -1.2484363317489624]] [0.6268982887268066, 0.6283611059188843, 1.8320965766906738] 1.9365571180926724 0.20582647621631622
pedestrian [[14.613563537597997, 28.61327362060524, 0.6189377307891704]] [0.6576886177062988, 0.6436975002288818, 1.7776589393615723] 2.7807653586017054 0.2007424235343933
pedestrian [[-9.71187210082985, 1.3989601135253906, -0.6713261604309082]] [0.594305157661438, 0.5787134170532227, 1.7276266813278198] 0.3841270208358765 0.1977657675743103
pedestrian [[-39.148757934570085, -15.428794860839844, 1.6361356973648071]] [0.7003565430641174, 0.8315855264663696, 1.892737865447998] -3.0634803771972656 0.19580480456352234
pedestrian [[-4.502418518066179, -11.781463623047102, -1.1820305585861206]] [0.6104904413223267, 0.6051343679428101, 1.799431324005127] 0.40951502323150607 0.1933699995279312
pedestrian [[-34.68670654296852, -1.9048156738283524, 0.049337733536944484]] [0.5727465152740479, 0.5732629895210266, 1.5782214403152466] 0.008697509765624082 0.1913582682609558
pedestrian [[-0.7156105041502769, -39.76157379150436, -2.4101343154907227]] [0.6601961255073547, 0.6411417722702026, 1.8485698699951172] 0.7783695459365845 0.18433637917041779
traffic_cone [[19.112342834472884, 21.228378295898438, -0.11718094348907471]] [0.3817145824432373, 0.37689077854156494, 1.2907207012176514] -1.0934448242187502 0.17548228800296783
pedestrian [[-5.144676208495753, -11.481067657470703, -1.0493704080581665]] [0.6585524082183838, 0.6734554767608643, 1.8689992427825928] 0.5210207700729372 0.17053364217281342
pedestrian [[-32.78058624267567, 17.236221313476335, 0.4514315128326274]] [0.675350546836853, 0.6550062298774719, 1.8278615474700928] -1.1924750804901123 0.17051121592521667
pedestrian [[14.674743652343977, 17.325119018554688, -0.2856724262237549]] [0.682231605052948, 0.7574784755706787, 1.7868869304656982] -2.4663772583007812 0.16266125440597534
pedestrian [[-7.514617919921761, -3.762859344482422, -0.9541944265365601]] [0.520090639591217, 0.518862247467041, 1.5162041187286377] 0.36313605308532704 0.1577976942062378
pedestrian [[14.107269287109602, 28.969833374023438, 0.6131113171577312]] [0.6359672546386719, 0.6032424569129944, 1.7148479223251343] -2.7841830253601074 0.15513388812541962
traffic_cone [[1.3407821655274574, -37.561798095703125, -2.700913667678847]] [0.3897031247615814, 0.3792213499546051, 1.2488057613372803] 0.0654437541961667 0.1519477218389511
pedestrian [[-21.460124969482195, -12.717269897460938, -0.5205081701278829]] [0.5063140988349915, 0.49953708052635193, 1.4653433561325073] 0.2720602750778197 0.148968905210495
pedestrian [[-3.687564849853402, -12.951507568359375, -1.2221636772155762]] [0.6889459490776062, 0.7362327575683594, 1.7892290353775024] 0.4428149461746212 0.14284348487854004
traffic_cone [[-48.287223815917855, 28.30146026611328, 0.13093386590479383]] [0.4993630349636078, 0.5051221251487732, 1.4383641481399536] -0.5971408486366278 0.14141470193862915
pedestrian [[-22.372541427612077, 18.951866149902116, -0.1407916545868062]] [0.5730190277099609, 0.5707421898841858, 1.6298035383224487] 0.2145630121231076 0.13854196667671204
pedestrian [[-26.198049545287972, 0.8354682922358734, 0.243064224719987]] [0.5422053933143616, 0.5290565490722656, 1.6342923641204834] -2.504240751266479 0.1376790702342987
pedestrian [[41.753211975097884, 6.321472167968295, -0.7955251932144165]] [0.6019992232322693, 0.5919665098190308, 1.5711870193481445] -3.0880892276763916 0.13433502614498138
pedestrian [[18.17603302001976, -0.0696296691896805, -1.2398394346237183]] [0.6876580715179443, 0.6862311363220215, 1.900503158569336] 1.8350914160357878 0.13386669754981995
pedestrian [[18.203849792480696, 0.6228599548339844, -1.327216386795044]] [0.6634875535964966, 0.6530818939208984, 1.835479497909546] 2.023585621510641 0.12860237061977386
pedestrian [[-4.438732147216683, -12.218219757080078, -1.2427080869674683]] [0.5975287556648254, 0.5907435417175293, 1.7559399604797363] 0.2115417718887326 0.12481828033924103
traffic_cone [[0.28714752197276994, -34.67337036132835, -2.5930585861206055]] [0.45247116684913635, 0.4386647343635559, 1.4324862957000732] 0.09554946422576903 0.12347646057605743
pedestrian [[-28.942970275878793, 9.37305831909157, 0.4805396795272685]] [0.5973732471466064, 0.5788517594337463, 1.7312341928482056] 2.809621159230368 0.11894235014915466
traffic_cone [[2.2116127014161293, -40.42351531982422, -2.804539680480957]] [0.3824750781059265, 0.3724316656589508, 0.9254608750343323] 0.0437557697296139 0.11776499450206757
pedestrian [[-0.8419952392575851, -43.56631469726585, -2.6926999092102193]] [0.6159060001373291, 0.6107876896858215, 1.6956676244735718] 0.5048462152481078 0.11556360125541687
pedestrian [[9.294052124023551, 16.44549560546875, -0.31529662013053894]] [0.6931508183479309, 0.7610666155815125, 1.6263821125030518] -0.9407950639724735 0.11363133788108826
pedestrian [[1.5435028076175286, -9.063014984131087, -1.3386194705963135]] [0.7476460337638855, 0.7143829464912415, 1.750429630279541] 1.9256671110736299 0.11359412968158722
pedestrian [[-3.799476623534929, -14.0811576843264, -1.334157943725586]] [0.5927687287330627, 0.6217585206031799, 1.6576226949691772] 0.08612203598022425 0.11293578147888184
pedestrian [[-40.4077339172361, 3.3394622802734375, 0.3381920754909373]] [0.5478624701499939, 0.5558691024780273, 1.5825860500335693] 0.24999094009399367 0.1121222972869873
pedestrian [[-0.425746917724382, -43.564689636230696, -2.6935603618621826]] [0.5909400582313538, 0.5794379711151123, 1.6866580247879028] 0.3746696710586548 0.11175520718097687
pedestrian [[-38.199325561523096, 50.14238739013649, 0.3703784942626953]] [0.6822351217269897, 0.7149009108543396, 1.757349967956543] -0.8204922676086429 0.11057398468255997
pedestrian [[-20.17316818237282, 21.780944824218523, -0.22486945986747742]] [0.582554817199707, 0.6145162582397461, 1.5424498319625854] 1.4745784997940066 0.11003826558589935
pedestrian [[34.432380676269645, -25.567422866821516, 1.7640702724456503]] [0.6892111301422119, 0.6459950804710388, 1.8202283382415771] 2.6122134367572234 0.10822082310914993
pedestrian [[-18.07515335082985, -39.43314743042015, -1.4814418554306172]] [0.6293514966964722, 0.5943894386291504, 1.8306424617767334] 2.1276419798480437 0.10576089471578598
pedestrian [[-13.069278717040788, 9.712467193603288, -0.6340917944908142]] [0.4702684283256531, 0.4543997347354889, 1.4550050497055054] 0.28810489177703824 0.10396607965230942
traffic_cone [[15.372566223144872, 17.124618530273438, -0.36887776851656895]] [0.4779263734817505, 0.49317336082458496, 1.490450382232666] -2.2890503406524654 0.10188165307044983
pedestrian [[-4.641098022460824, -11.15785217285179, -1.138863801956191]] [0.6502426862716675, 0.6602110862731934, 1.8361517190933228] 0.3775857686996456 0.10041844844818115
