car [[1.4191551208494957, -6.496707916259538, -1.0349667072296]] [1.8570339679718018, 4.530731678009033, 1.8403434753417969] 1.848464790974752 0.7725540399551392
car [[9.326572418212777, -3.6722335815429688, -1.3181806802749634]] [1.8198384046554565, 4.467555046081543, 1.6112136840820312] -1.2494688034057606 0.7459167242050171
car [[9.11192703247059, -14.75574111938431, -1.6113796234130717]] [1.850370168685913, 4.397782325744629, 1.5978044271469116] -1.2625970840454093 0.736923098564148
car [[1.099033355712777, 7.935688018799283, -0.8185372352599956]] [1.8525538444519043, 4.654480934143066, 1.5126094818115234] -1.1513978242874137 0.7297004461288452
car [[26.243400573730355, 16.96994781494186, -0.5030098557471945]] [1.8588818311691284, 4.19722843170166, 1.6076672077178955] 0.20920062065124606 0.7147375345230103
car [[-15.695449829101676, 23.222122192382812, -0.367257237434373]] [1.8339321613311768, 4.393673896789551, 1.575604796409607] 2.134555164967672 0.6444668173789978
car [[22.60433959960926, 5.336170196533658, -1.4073929786681987]] [1.8682482242584229, 4.247086524963379, 1.5521535873413086] -2.8142914772033687 0.6412163376808167
car [[30.221557617187386, 8.012470245361555, -1.10459566116333]] [2.004542589187622, 4.621001243591309, 1.700425386428833] -2.799708366394043 0.5477300882339478
car [[-27.817323684692383, 47.13465118408203, 0.30993813276290894]] [1.9407811164855957, 4.479445457458496, 1.7172067165374756] 2.124626938496725 0.4600791335105896
car [[15.906921386718636, -33.86207199096657, -2.246875762939439]] [1.907366156578064, 4.603523254394531, 1.6393675804138184] -1.2624738216400142 0.18349087238311768
car [[30.25184631347645, 10.617187500000227, -0.5554628372192241]] [2.0509188175201416, 4.701176643371582, 1.8377583026885986] -2.8256902694702153 0.16902075707912445
car [[-17.180686950683594, 39.85786437988327, 0.10662883520127764]] [1.9570789337158203, 4.617513179779053, 1.6689807176589966] -1.0939977169036859 0.15593624114990234
car [[14.682327270507699, -30.271621704101108, -2.15929007530211]] [1.946070909500122, 4.64802885055542, 1.6932470798492432] -1.072249770164489 0.12705452740192413
car [[-16.506595611572493, -43.02560424804642, -1.571211338043213]] [1.9506416320800781, 4.550474643707275, 1.8339588642120361] 0.15837156772613584 0.12470722943544388
car [[50.79353332519531, 39.32273864746139, 1.2961826324463033]] [1.939079761505127, 4.463651657104492, 1.7035973072052002] 1.8469865957843228 0.10809172689914703
car [[21.956306457519418, -29.67881202697731, -2.120251893997178]] [1.9116449356079102, 4.483405113220215, 1.656181812286377] -3.05916166305542 0.10513292253017426
car [[-18.900108337402457, 39.88003540039108, 0.20846447348596087]] [1.9240022897720337, 4.565364837646484, 1.6519039869308472] -1.15109634399414 0.10440197587013245
construction_vehicle [[-0.3227119445803055, 38.06376647949219, 0.11523370444774628]] [2.923952579498291, 5.61732816696167, 2.729038715362549] -0.6912907361984245 0.2250775545835495
construction_vehicle [[-27.379024505615348, 46.34512329101585, 0.1983674317598343]] [2.355349540710449, 3.534456968307495, 2.38230037689209] 2.1567581335650843 0.22299304604530334
construction_vehicle [[-21.163375854492415, -6.3759918212890625, -0.42677292227745056]] [2.249889850616455, 3.9679484367370605, 2.2224464416503906] -0.17494201660156206 0.21776820719242096
truck [[30.905746459960938, 11.004501342773665, -0.5316580533981039]] [2.287724018096924, 5.982037544250488, 2.096112012863159] -0.2493844032287592 0.19904689490795135
construction_vehicle [[-14.719013214111555, -8.01936721801735, -0.555550754070282]] [2.8886876106262207, 8.756670951843262, 3.039912700653076] -2.9815835952758794 0.18821072578430176
construction_vehicle [[33.28439331054676, -53.85186004638649, -3.0426914691924907]] [2.2468104362487793, 4.15476131439209, 2.4970486164093018] 2.097561661397115 0.13459359109401703
truck [[20.694763183593523, -5.057342529296648, -0.7894697189331055]] [2.2700915336608887, 5.6962761878967285, 2.312225341796875] -0.6662493944168079 0.1288551688194275
truck [[-17.081211090088004, -43.392570495605014, -1.5270240306853964]] [2.3035123348236084, 5.823441505432129, 2.546574831008911] 0.31453096866607744 0.11341020464897156
construction_vehicle [[-44.630676269531364, 30.854675292969205, 0.9875083565712117]] [3.707360029220581, 9.163276672363281, 3.962926149368286] -2.9552674293518066 0.10351875424385071
bus [[24.907287597656023, 9.30411911010765, 0.39296287298203936]] [2.812347412109375, 11.337589263916016, 4.6052141189575195] -2.781527042388916 0.876157820224762
trailer [[-27.29578018188488, 36.2068786621096, 1.444763422012329]] [1.9138820171356201, 2.076350450515747, 2.8438143730163574] 1.8534362951861783 0.14412380754947662
trailer [[-12.950508117675781, -25.450315475463412, -0.9713301658630229]] [2.486495018005371, 7.853471279144287, 2.9449446201324463] -2.767616748809815 0.1321319192647934
trailer [[-16.46166610717796, -27.20141983032204, -1.0531771183013632]] [2.6954166889190674, 11.417346954345703, 3.3053581714630127] 2.983960930501119 0.11378160864114761
trailer [[-17.035873413086165, -27.251979827880405, -1.0391727685928203]] [2.7471892833709717, 12.163427352905273, 3.486345052719116] 0.7633582353591921 0.10492941737174988
trailer [[-3.291107177734375, -18.871067047118913, -0.8330464363098145]] [2.08760929107666, 5.945250034332275, 2.898977756500244] -2.0616784095764156 0.10221551358699799
barrier [[-29.180324554443587, 35.762275695801236, -0.0030659958720065106]] [2.171968460083008, 0.442961722612381, 1.0574535131454468] 0.656153798103333 0.23809976875782013
barrier [[-5.527458190918196, -15.88898086547806, -0.9429875016212321]] [2.8187596797943115, 0.40861397981643677, 0.9227597117424011] 0.13727939128875796 0.15202520787715912
barrier [[-2.5685729980471024, -18.837738037109148, -0.7585824728012085]] [3.200052261352539, 0.4922982454299927, 0.8950194120407104] 0.2236782312393197 0.14422112703323364
barrier [[5.21492767333973, -9.460491180419467, -1.7250852584838583]] [1.9158282279968262, 0.3844604194164276, 0.951641857624054] -2.8992390632629395 0.14106068015098572
barrier [[-14.311355590820426, 32.566444396972884, -0.13441607356071472]] [3.253744602203369, 0.6323586702346802, 0.9015874862670898] -2.7031683921813965 0.14023691415786743
barrier [[-31.061561584472656, 34.410690307617415, 0.02227165177464485]] [2.105602502822876, 0.5343191027641296, 1.0970816612243652] -0.7178880572319019 0.13477323949337006
barrier [[-18.112155914306754, 39.839149475097884, -0.08207874000071058]] [2.6609652042388916, 0.481289803981781, 0.9619845747947693] -2.684330463409424 0.13099275529384613
bicycle [[9.264671325683366, 16.482025146484602, -0.38154876232145796]] [0.6014484763145447, 1.4552156925201416, 1.6761130094528198] -0.6876848340034479 0.5334072709083557
bicycle [[1.6504936218260582, 36.23847961425804, -0.2810215353965617]] [0.6540315747261047, 1.8338228464126587, 1.224405288696289] 1.6072185675250454 0.25787776708602905
bicycle [[-6.96530914306652, -15.841793060302507, -1.8640725612640239]] [0.4038268029689789, 1.382825493812561, 0.9626337289810181] -0.6675313711166372 0.23608627915382385
motorcycle [[-48.89024353027344, 7.508670806884993, 1.3154598474502848]] [0.6585016250610352, 2.0335984230041504, 1.2510594129562378] 0.9970155954360964 0.22575128078460693
motorcycle [[-29.127597808838004, 35.746009826660384, 0.22526755928993225]] [0.6890020966529846, 1.9808980226516724, 1.6064002513885498] -0.9382075667381277 0.2109258770942688
bicycle [[-11.58041763305664, -35.708267211913835, -2.6524491310119487]] [0.5756086111068726, 1.6327295303344727, 1.2064857482910156] 0.933082461357117 0.18680374324321747
bicycle [[-2.136531829834098, 18.92823028564476, -1.0932106971740723]] [0.5184686779975891, 1.520583987236023, 1.030104398727417] 3.13901144662966 0.1833454668521881
motorcycle [[-48.90734863281273, 8.621791839600064, 1.3851863145828247]] [0.6942489147186279, 1.9943881034851074, 1.21138596534729] -1.1434178352355948 0.18202409148216248
bicycle [[-12.128437042236328, -20.18967056274414, -2.1461424827575684]] [0.4300132095813751, 1.3972266912460327, 1.023414134979248] -2.6640138626098633 0.17042884230613708
bicycle [[-8.051147460937614, -24.396497726439975, -1.7387695312499858]] [0.40324193239212036, 1.3269168138504028, 1.0708619356155396] -1.571403503417968 0.16342005133628845
bicycle [[5.7551689147946945, 16.013114929199446, -1.5113961696624614]] [0.4251523017883301, 1.3353546857833862, 0.956795871257782] -1.5152801275253291 0.15792319178581238
bicycle [[-0.9180412292481606, 31.005126953125227, -1.418642520904541]] [0.6402537226676941, 1.811785340309143, 1.2070201635360718] -3.1249637603759766 0.15354689955711365
bicycle [[26.78008270263672, -33.965461730956804, 0.4362670183182047]] [0.5998191833496094, 1.7709832191467285, 1.231055736541748] 1.6654618422137661 0.15324971079826355
motorcycle [[30.453201293945312, 10.575599670410611, -0.018700435757622813]] [0.7534147500991821, 2.299913167953491, 1.4404003620147705] -1.0227060317993153 0.1527823507785797
motorcycle [[-18.381076812744254, 53.92665863037132, 0.24289123713971605]] [0.7142686247825623, 1.8959296941757202, 1.6085069179534912] -1.6085313558578485 0.14808747172355652
bicycle [[10.517677307128906, 20.16237640380882, -0.2775091528892517]] [0.5728585720062256, 1.6122796535491943, 1.1359654664993286] -0.624423682689666 0.1442679464817047
bicycle [[5.067905426025163, 27.917114257812727, 0.03215708583596211]] [0.5334210395812988, 1.6829025745391846, 1.1580419540405273] 1.608839337025778 0.1375269889831543
bicycle [[1.6575775146483238, 35.23245239257858, -0.5065438151359274]] [0.6428706049919128, 1.8535469770431519, 1.180828332901001] 2.0940902868853972 0.13506880402565002
bicycle [[24.427261352539062, -40.50175476074196, -0.8890050649642802]] [0.6097951531410217, 1.8148458003997803, 1.2365248203277588] -0.2831991910934443 0.12727022171020508
motorcycle [[-36.856643676757926, -9.187896728515398, -0.7966697812080241]] [0.5881182551383972, 1.8242833614349365, 1.2154381275177002] 0.6352926492691042 0.12720565497875214
bicycle [[39.872070312499886, 36.17488098144554, 0.2349422574043416]] [0.6773368716239929, 1.896054744720459, 1.6771364212036133] -2.7707281112670903 0.1262456476688385
motorcycle [[-37.99977111816406, -6.952148437499773, 0.2332887649536275]] [0.6791283488273621, 2.0455353260040283, 1.3770438432693481] -2.102937936782837 0.12532415986061096
motorcycle [[-28.934288024902457, 9.339492797852017, 0.48388639092446795]] [0.7181654572486877, 1.759047031402588, 1.5947811603546143] -3.0054180622100835 0.11674095690250397
motorcycle [[-11.095539093017578, -36.15096282958939, -2.215273618698106]] [0.7128217220306396, 2.016693115234375, 1.3246828317642212] 1.824848000203268 0.11362742632627487
bicycle [[21.973152160644418, -27.89948463439896, -2.2008256912231303]] [0.6134312152862549, 1.812303066253662, 1.2786251306533813] -0.938843309879302 0.11233577132225037
motorcycle [[10.361267089843523, -26.713619232177507, -2.1803159713745117]] [0.645481288433075, 1.9395179748535156, 1.205056071281433] -1.3029747009277333 0.10970801115036011
motorcycle [[-48.41964721679699, 8.7385063171389, 1.3558250665664957]] [0.7247235774993896, 1.9053183794021606, 1.1960760354995728] -1.4577832221984857 0.10730314254760742
bicycle [[24.714904785156136, 26.725952148437955, -0.792668282985673]] [0.5581877827644348, 1.6708009243011475, 1.1502671241760254] -2.8210492134094243 0.10650231689214706
bicycle [[-1.6436386108398438, -35.83502960205033, -2.0932717323303223]] [0.6165109276771545, 1.6662341356277466, 1.4256641864776611] 1.8456824461566375 0.10484492033720016
motorcycle [[-34.60341262817394, -2.0080146789546234, -0.035019412636728475]] [0.7446138858795166, 1.824217677116394, 1.411924123764038] -0.5704933404922474 0.10377159714698792
bicycle [[28.46400451660145, -1.531299591063771, -0.43496185541151533]] [0.5971285700798035, 1.674701452255249, 1.1945852041244507] 1.7466066519366668 0.10353831946849823
motorcycle [[29.075065612792855, 24.28128051757858, -0.06600322574375639]] [0.6615480184555054, 2.051784038543701, 1.3953282833099365] -1.1425865888595574 0.10333876311779022
motorcycle [[38.634994506835824, 29.647994995117415, 0.20796525478364458]] [0.6540263891220093, 1.8804237842559814, 1.2844858169555664] -2.071517944335937 0.10003301501274109
pedestrian [[-6.264247894287223, -8.762660980224155, -0.9379029870033122]] [0.6073956489562988, 0.5602010488510132, 1.7953267097473145] 0.23044240474700978 0.8642241358757019
pedestrian [[-5.523441314697379, -10.990917205810092, -1.0035939216613627]] [0.6132546663284302, 0.577157735824585, 1.8326377868652344] 0.7610899209976199 0.8189791440963745
pedestrian [[-4.431091308593864, -8.35737991332985, -1.0935595035552836]] [0.584717333316803, 0.5447381734848022, 1.6905138492584229] 0.4607101678848273 0.8014132380485535
pedestrian [[-4.743671417236442, -7.322071075439226, -1.106597661972046]] [0.5872440338134766, 0.5681877732276917, 1.6150119304656982] -0.297385334968566 0.7850497364997864
pedestrian [[17.8509063720702, 0.2854461669924149, -1.265116691589327]] [0.6130325794219971, 0.5621587038040161, 1.8426568508148193] 2.05881911913027 0.7824378609657288
pedestrian [[-4.45075988769554, -16.615634918212663, -1.3936567306518413]] [0.6632407903671265, 0.8196606040000916, 1.778550624847412] -1.4259843826293936 0.7766905426979065
pedestrian [[-4.085395812988395, -10.15917587280228, -1.0944421291351176]] [0.5958220958709717, 0.562025785446167, 1.7610158920288086] 0.4789694547653205 0.7657545804977417
pedestrian [[13.300842285156023, 17.650627136230696, -0.3445121645927429]] [0.6906036138534546, 0.7927573919296265, 1.7309298515319824] -3.0380921363830566 0.7646512985229492
pedestrian [[-2.472713470459098, -12.664344787597429, -1.30525314807889]] [0.6663066148757935, 0.7752981185913086, 1.7540149688720703] 0.2712829113006595 0.698857843875885
pedestrian [[-0.9576683044434731, -37.540019989013445, -2.0796444416046143]] [0.6448268890380859, 0.6954988837242126, 1.819444179534912] 1.522696614265442 0.4529169797897339
pedestrian [[-0.09153747558605119, -39.44749450683571, -2.1844823360443257]] [0.660575270652771, 0.6772076487541199, 1.834001898765564] -0.794245958328247 0.3438764214515686
pedestrian [[-1.4174308776856606, -36.70689392089798, -2.095353603363037]] [0.5987672209739685, 0.6035181879997253, 1.7850183248519897] 1.2659081220626833 0.336225688457489
traffic_cone [[-2.290794372558821, 18.914581298828352, -1.0857458114623881]] [0.3422858715057373, 0.3468964993953705, 0.7369163036346436] -1.2036288976669305 0.29370686411857605
pedestrian [[-1.6905059814453125, -35.68754196166947, -2.1391277313232138]] [0.5944143533706665, 0.5882228016853333, 1.7336419820785522] -0.018072485923766174 0.27022451162338257
pedestrian [[-4.936882019043082, -16.555751800536882, -1.3419373035430624]] [0.6448434591293335, 0.7992871999740601, 1.7545344829559326] -1.501937866210937 0.24689751863479614
pedestrian [[18.708541870117074, 0.28835678100608675, -1.165706396102891]] [0.6391844153404236, 0.6547327041625977, 1.8457356691360474] 1.9215424696551724 0.23398375511169434
pedestrian [[-1.0891265869141762, -36.91898727416947, -2.0799927711486816]] [0.6176549196243286, 0.6473448872566223, 1.8018978834152222] 1.3423842191696165 0.20133081078529358
pedestrian [[-5.558475494384993, -11.447940826416016, -1.0224111080169678]] [0.6320998668670654, 0.6475206613540649, 1.8206802606582642] 0.7244998216629029 0.1851177215576172
pedestrian [[-34.69466400146496, -1.9003257751460296, -0.015071104280636405]] [0.5735720992088318, 0.5772969126701355, 1.5983620882034302] -0.03915798664092902 0.18396973609924316
pedestrian [[39.75555419921852, 36.128944396972884, 0.2017624080181264]] [0.6753629446029663, 0.7202519178390503, 1.8317540884017944] -2.6327431201934814 0.17774035036563873
pedestrian [[-5.286609649658317, -10.64524841308571, -1.0324972867965698]] [0.6200346946716309, 0.6139373779296875, 1.8149690628051758] 0.5334657430648808 0.16913262009620667
pedestrian [[18.23159027099598, -0.09479522705055388, -1.2279405593871928]] [0.6916331052780151, 0.6975171566009521, 1.9008409976959229] 1.9375975767718718 0.16511335968971252
pedestrian [[-5.163738250732536, -11.48484802246071, -1.0628085136413432]] [0.6586306095123291, 0.6708488464355469, 1.8544528484344482] 0.8265732526779176 0.16468824446201324
pedestrian [[0.9353752136228195, -42.84988021850563, -2.6591787338256694]] [0.6300919055938721, 0.6320820450782776, 1.5888601541519165] 0.09676170349121183 0.16390785574913025
pedestrian [[-6.252082824707259, -8.31700134277321, -0.9467877149581767]] [0.6462697386741638, 0.6370147466659546, 1.766821265220642] 0.26540529727935863 0.1635296642780304
pedestrian [[25.6703643798827, 32.89114379882835, 0.6711177825927876]] [0.7277575731277466, 0.6973187327384949, 1.8436253070831299] -2.3932085037231445 0.16104485094547272
pedestrian [[-2.106616973877067, -37.08116531372025, -2.120634555816636]] [0.6059073805809021, 0.6076148152351379, 1.7836167812347412] 0.6997565031051639 0.14898763597011566
pedestrian [[-9.71176910400402, 1.4215011596679688, -0.6770554184913351]] [0.6042766571044922, 0.587378740310669, 1.7432656288146973] 0.34627211093902627 0.145313560962677
traffic_cone [[-8.005096435546875, -24.33656501769974, -1.7736665010451986]] [0.3454611301422119, 0.34798315167427063, 0.8164330720901489] 0.05882263183593786 0.14448755979537964
pedestrian [[-18.428127288818473, 53.83792114257835, 0.5020288825035237]] [0.6262407898902893, 0.6426215171813965, 1.65274178981781] -1.5855258703231805 0.143943190574646
pedestrian [[-1.1512489318848793, -36.436328887939226, -2.0898964405059814]] [0.5979104042053223, 0.613021969795227, 1.7804460525512695] 1.1190205812454226 0.13782192766666412
pedestrian [[41.705314636230355, 6.370326995850064, -0.8021124005317546]] [0.6159958243370056, 0.6016550064086914, 1.5817939043045044] -2.9276366233825684 0.13672463595867157
pedestrian [[-4.49494934082054, -11.814937591552507, -1.2356587648391582]] [0.598663866519928, 0.6012774705886841, 1.7503724098205566] 0.6406151056289677 0.1355988085269928
pedestrian [[14.601577758788835, 28.58833312988304, 0.5379076004028605]] [0.6616005897521973, 0.6475692987442017, 1.7625267505645752] -2.799938201904297 0.13381192088127136
pedestrian [[-7.518070220947379, -3.773372650146257, -0.9787955880164958]] [0.4911060035228729, 0.48546338081359863, 1.4112021923065186] 0.2707062959671023 0.1324431598186493
pedestrian [[18.20861053466774, 0.6315803527832031, -1.3004086017608643]] [0.676774263381958, 0.6706466674804688, 1.8632724285125732] 2.146268669758932 0.13078737258911133
traffic_cone [[19.13591766357399, 21.18629455566429, -0.1545475423335887]] [0.3873593807220459, 0.3900492787361145, 1.2935378551483154] -1.5113971233367915 0.12899233400821686
pedestrian [[-12.916961669921989, -6.805595397948991, -0.20037347078323364]] [0.6807023882865906, 0.6861079931259155, 1.602371096611023] -0.5636166334152216 0.1277981698513031
pedestrian [[-12.243644714355469, -44.08172607421875, -2.0545606613159038]] [0.6708208918571472, 0.7036400437355042, 1.7697192430496216] 1.299993634223938 0.12140104919672012
pedestrian [[-14.250419616699332, 12.702049255371321, -0.5494048595428183]] [0.5097028017044067, 0.5115134716033936, 1.4078381061553955] 0.3735867738723763 0.11538190394639969
pedestrian [[30.3448028564452, 28.5706787109375, 0.2532414495945119]] [0.586479902267456, 0.6117663383483887, 1.5941015481948853] -1.1979036331176751 0.11438050866127014
pedestrian [[45.39853668212868, 7.582916259765852, -0.7464870810508586]] [0.5807875394821167, 0.5612903833389282, 1.596566915512085] 2.5266292730914515 0.11420506238937378
pedestrian [[9.26448822021473, 16.46302032470726, -0.3495276868343211]] [0.6884706020355225, 0.7530975341796875, 1.6237775087356567] -1.0950448513031 0.11231492459774017
traffic_cone [[-0.4005584716796875, 31.039123535156477, -1.2732793092727377]] [0.43653976917266846, 0.45300400257110596, 0.9773194789886475] -1.3663086891174308 0.1098262369632721
pedestrian [[25.30857849121071, -6.762161254882585, -0.011001941747935007]] [0.6475035548210144, 0.6453676223754883, 1.6532869338989258] 2.64670163789858 0.10946996510028839
traffic_cone [[-11.487819671631087, -35.5104064941404, -2.575221538543701]] [0.4958433508872986, 0.5164010524749756, 1.09358811378479] 0.39460492134094277 0.10777554661035538
pedestrian [[-4.4120063781740555, -12.199104309081804, -1.300974130630479]] [0.5684240460395813, 0.5632790923118591, 1.6525278091430664] 0.4724494218826299 0.1069260984659195
pedestrian [[-29.076225280761832, 35.6882019042971, 0.23479925096036425]] [0.6619316935539246, 0.7714084386825562, 1.7570090293884277] -0.9413523674011223 0.10306703299283981
traffic_cone [[21.335861206054574, 0.9524574279789704, -1.7145688533782817]] [0.3749673664569855, 0.38348913192749023, 0.8259744048118591] 2.2305977980243124 0.10189581662416458
2c77ee386aa0444aaf27140fe6cc8364