car [[1.6837272644041832, -6.8468170166015625, -1.0284959077835083]] [1.8717154264450073, 4.748543739318848, 1.8981822729110718] 1.8913529554950161 0.8061584234237671
car [[22.397735595702898, 5.891490936279297, -1.4108461141586446]] [1.8958693742752075, 4.376943588256836, 1.5869660377502441] -2.7804622650146484 0.7880570888519287
car [[-0.29047775268566056, 18.12340545654297, -0.5258352160453796]] [1.879210114479065, 4.583740711212158, 1.533568263053894] -0.8536266088485701 0.7776514291763306
car [[11.122123718261491, -10.297588348388672, -1.6496665477752828]] [1.8629701137542725, 4.650593280792236, 1.5777548551559448] -1.207410097122191 0.7724336385726929
car [[18.21205139160145, -38.683895111083984, -2.655872583389268]] [1.8308624029159546, 4.3978142738342285, 1.5751372575759888] -1.232776522636412 0.60089111328125
car [[-30.964664459228516, 48.421653747558366, 0.6843458414077617]] [1.8838043212890625, 4.330001354217529, 1.70295250415802] 2.0980823675738733 0.5569638609886169
car [[48.36632537841774, 26.75664520263649, 0.32731637358665466]] [1.8967878818511963, 4.371379852294922, 1.705578327178955] 0.46497929096221996 0.5379430055618286
car [[29.69565582275368, 8.705009460448991, -1.1118569374084615]] [1.9521204233169556, 4.458805561065674, 1.6811926364898682] -2.7560524940490723 0.5030896067619324
car [[23.179931640624886, -43.54621887207031, -2.705120086669936]] [1.8919720649719238, 4.514822006225586, 1.7394224405288696] -1.2517466545104967 0.4096512794494629
car [[-32.84492492675781, 33.33967590332031, 0.18118497729301453]] [1.8616336584091187, 4.33400297164917, 1.6259442567825317] 0.665460944175721 0.17090246081352234
car [[-42.4253387451173, 30.27399444580078, 1.122072696685791]] [1.9386355876922607, 4.282552242279053, 1.7362258434295654] -1.5817377567291249 0.12875093519687653
car [[-36.288406372070426, -4.427837371826172, 0.032157693058238124]] [1.877457618713379, 4.297999382019043, 1.597921371459961] -2.307765483856201 0.1281035840511322
car [[-26.71988677978527, 51.94132995605469, 0.4867146611213542]] [1.9453341960906982, 4.4980268478393555, 1.7253669500350952] -1.4694178104400624 0.11840251833200455
car [[42.87619781494118, 21.375686645507585, -0.4251025915146016]] [1.9107282161712646, 4.4633684158325195, 1.6432499885559082] -2.6175899505615234 0.11691312491893768
car [[5.737499237060433, 44.72514343261696, 1.5994174480438232]] [1.9605838060379028, 4.601986885070801, 1.7689093351364136] -1.6580128669738763 0.11506298929452896
car [[-44.66419982910156, -25.581809997558594, 1.4955103397369243]] [1.883253574371338, 4.316486358642578, 1.6758272647857666] 1.6472328344928187 0.11070102453231812
car [[-1.5462303161623367, -53.71732711791992, -2.107009172439575]] [2.1203768253326416, 5.067572116851807, 1.9520087242126465] 1.0624140501022343 0.10408379137516022
car [[0.21080780029285506, -53.83127975463867, -2.6202924251556254]] [1.9494513273239136, 4.640373706817627, 1.7330729961395264] 1.424169659614563 0.1015571653842926
car [[48.870613098144304, 25.028358459472656, 0.25510430335998535]] [1.9740872383117676, 4.647984981536865, 1.725062608718872] -0.17692208290099956 0.10043118894100189
construction_vehicle [[-49.97855377197277, 26.167327880859148, -0.7818969488144063]] [2.685959815979004, 2.7103729248046875, 2.7628698348999023] 2.9088953177081507 0.5775179862976074
construction_vehicle [[-29.107902526855582, 18.870323181152344, 0.8121357560157776]] [3.7555723190307617, 13.968113899230957, 4.0335469245910645] -0.9819387197494492 0.16392619907855988
truck [[-2.052845001220703, -53.747283935546875, -2.110701560974107]] [2.535569667816162, 6.411585807800293, 2.6929564476013184] 0.6591664552688606 0.15876737236976624
construction_vehicle [[-38.67703247070324, -1.5332984924316406, 0.986343502998352]] [3.0698938369750977, 7.170619010925293, 3.333681583404541] 2.446296993886129 0.13331612944602966
truck [[23.169364929199105, -44.03034973144531, -2.861227035522461]] [2.0017731189727783, 5.324435710906982, 1.9384586811065674] -1.2825282812118517 0.12154293060302734
construction_vehicle [[35.628890991210824, -53.090824127197266, -3.1466140747070312]] [2.4623844623565674, 4.869314193725586, 2.7037041187286377] 2.366558853779928 0.10756167769432068
bus [[24.855545043945085, 10.042213439941406, 0.5137642025947429]] [2.9779629707336426, 11.72947883605957, 4.672616958618164] -2.7858963012695317 0.8303151726722717
trailer [[-15.248943328857536, -27.82257652282715, -1.268089413642869]] [2.5335981845855713, 7.14030122756958, 2.810119390487671] -2.9027113914489746 0.13952197134494781
trailer [[-42.364822387695426, 30.233367919921648, 1.500054955482483]] [2.1241464614868164, 3.8951222896575928, 2.6827995777130127] -0.5208119153976428 0.10037490725517273
barrier [[-32.59227371215843, 32.74259948730446, 0.11428114771841535]] [2.1819088459014893, 0.5524810552597046, 1.1128709316253662] -0.7777184247970568 0.17542588710784912
barrier [[-3.8788566589356606, -28.00688362121582, -2.0590293407440186]] [2.4935708045959473, 0.3026680648326874, 1.0286158323287964] -0.1663323640823349 0.16320163011550903
barrier [[-35.184875488281364, -4.3411445617678055, -0.03278375044465065]] [2.217790126800537, 0.4090801775455475, 1.0495010614395142] -0.5747028589248645 0.13579072058200836
barrier [[1.5935058593747726, 22.72154998779274, -0.16989274322986603]] [1.9642118215560913, 0.4736139178276062, 1.0167515277862549] -2.649221658706665 0.12796001136302948
barrier [[-19.587043762207145, 39.29820251464821, -0.06469997763635149]] [2.207099437713623, 0.542357325553894, 1.0033234357833862] 0.4037529230117811 0.12750934064388275
barrier [[-11.819030761718864, 25.50102233886696, -0.2606834173202657]] [2.2822823524475098, 0.4999712109565735, 0.9926578998565674] -2.646388053894043 0.12244495749473572
barrier [[-6.5003662109375, -32.830032348632585, -0.6663501858711101]] [2.030059576034546, 0.3892950713634491, 1.0261662006378174] 0.20809781551361198 0.11904572695493698
barrier [[-17.241092681884993, 5.128887176513672, -1.3851131200790547]] [2.034031391143799, 0.4031822383403778, 0.9962035417556763] 0.10313642024994032 0.1036723405122757
bicycle [[15.323356628417741, 15.093536376952898, -0.5561815500259399]] [0.6451083421707153, 1.6319901943206787, 1.71820867061615] 0.14886176586151276 0.4946308732032776
motorcycle [[-20.90707778930698, 19.340736389160156, -0.18821072578431597]] [0.7548651099205017, 2.0697638988494873, 1.6961495876312256] -0.9193629622459399 0.42816078662872314
bicycle [[-11.88464736938488, -29.01178741455101, -2.177377939224243]] [0.5437580943107605, 1.5127333402633667, 1.0675328969955444] 1.8462489287005823 0.35756590962409973
motorcycle [[41.755081176757585, 20.25517272949196, -0.8835281133651733]] [0.7134973406791687, 1.9411938190460205, 1.5362420082092285] -2.8550457954406743 0.3338222801685333
motorcycle [[23.05467224121071, -42.30602645874046, -2.4998621940612935]] [0.8256703615188599, 2.1774368286132812, 1.7698806524276733] -1.1877007484436022 0.31983405351638794
bicycle [[-10.331733703613509, -36.78155517578125, -2.557157039642334]] [0.5545966029167175, 1.5785601139068604, 1.1442065238952637] -1.829769253730773 0.23811116814613342
bicycle [[6.383518218993913, 20.200485229492188, -0.5478423833846904]] [0.5906522870063782, 1.5995265245437622, 1.1408681869506836] 2.8591101805316366 0.2352077066898346
bicycle [[-22.565090179443587, -14.276260375976562, -0.1978345513343811]] [0.5055389404296875, 1.4429885149002075, 1.0362536907196045] 0.6410883665084849 0.2149454653263092
motorcycle [[-19.477886199951286, 38.723876953125, 0.05943520739674568]] [0.6608937978744507, 2.104656457901001, 1.24690842628479] 1.9445045630084439 0.19455017149448395
bicycle [[3.955776214599382, 27.8760986328125, -0.025341423228397275]] [0.5618276596069336, 1.7226635217666626, 1.1539299488067627] 2.2321651617633265 0.19178396463394165
motorcycle [[22.632904052734375, -42.76210021972656, -2.649953603744507]] [0.9022703170776367, 2.278535842895508, 1.8175197839736938] -1.38481044769287 0.18927504122257233
bicycle [[-23.083826065063704, 18.870635986328125, -0.195625901222229]] [0.6376911401748657, 1.7805984020233154, 1.2091565132141113] 1.2370132207870488 0.18532715737819672
motorcycle [[-38.59602737426769, -0.230136871338118, 1.6630262136459208]] [0.6672912240028381, 1.6021114587783813, 1.3718595504760742] -2.8053941726684575 0.1722247153520584
bicycle [[26.58854675292946, 16.721397399902116, -1.2707803249359415]] [0.5636118054389954, 1.6426036357879639, 1.0662959814071655] 0.23320794105529935 0.1717536449432373
bicycle [[-6.460067749023665, -12.987857818603516, -1.0294147729873657]] [0.5017135739326477, 1.4458048343658447, 1.1442193984985352] 2.1422680060016077 0.17078009247779846
motorcycle [[-50.08666992187523, 26.1561279296875, 0.14575716853141785]] [0.6512501239776611, 2.11150860786438, 1.3907780647277832] -0.1758987903594958 0.17047956585884094
bicycle [[-8.189033508300895, -20.895023345947266, -1.5746798515319966]] [0.6176079511642456, 1.5763051509857178, 1.5566067695617676] 3.100589100514547 0.16483289003372192
bicycle [[-15.416294097900504, -0.13978195190429688, -1.3526437282562256]] [0.39345893263816833, 1.218261480331421, 0.9775919914245605] -1.5669691562652577 0.16267642378807068
bicycle [[-6.467170715332372, -33.14532089233421, -0.7863491773605347]] [0.5492923259735107, 1.603249430656433, 1.1145355701446533] -1.3118951320648182 0.1521226167678833
bicycle [[8.288467407226562, -17.807533264160156, -2.094135761260972]] [0.5084109306335449, 1.5660696029663086, 1.0145182609558105] -1.4639004468917838 0.15163438022136688
motorcycle [[17.603088378906023, -37.54167556762718, -2.695887088775649]] [0.8590197563171387, 2.053757429122925, 1.735804796218872] -1.1428599357604965 0.1489381492137909
motorcycle [[-19.331268310547102, -24.4227294921875, -0.6559539437294148]] [0.6921747326850891, 2.054086208343506, 1.4597692489624023] 0.8088992834091193 0.14721810817718506
motorcycle [[-23.563604354858512, 18.28466033935524, -0.26366066932679644]] [0.6551892161369324, 1.9481526613235474, 1.2720952033996582] -0.778785347938536 0.13744033873081207
bicycle [[4.676212310790902, 24.44482421875, 0.6072022914886475]] [0.5590798258781433, 1.6870588064193726, 1.1868553161621094] 1.8764117399798794 0.13473384082317352
motorcycle [[-23.62825965881359, 17.69306182861328, -0.28427672386170855]] [0.6107272505760193, 1.811751365661621, 1.1808209419250488] -0.03140950202941767 0.13406208157539368
motorcycle [[22.939697265624886, -27.906948089599382, -2.2601966857910156]] [0.679439902305603, 1.9233336448669434, 1.1882092952728271] -1.204399466514586 0.13153216242790222
bicycle [[-2.7533988952638992, 39.341079711913835, 0.8672766685485698]] [0.6390206813812256, 1.7787902355194092, 1.2073460817337036] 1.3878449201583862 0.13121765851974487
motorcycle [[-29.19290924072277, 21.892929077148438, 0.19134634733200073]] [0.6642882823944092, 2.096884250640869, 1.5208446979522705] 1.9830802122699183 0.13093121349811554
bicycle [[0.1495475769040695, 36.380279541015625, 0.11830627173183927]] [0.5950780510902405, 1.690800428390503, 1.143363118171692] 2.345882717763082 0.1279829740524292
bicycle [[23.798576354980355, -18.97271728515625, -2.0540854930877686]] [0.45188963413238525, 1.4253911972045898, 1.049233078956604] -1.2936105728149403 0.1271875649690628
bicycle [[-17.279289245605582, 5.204536437988281, -1.2799606323242188]] [0.5745443105697632, 1.7378580570220947, 1.1139507293701172] 1.5856946150409146 0.1247594878077507
bicycle [[0.4875488281248863, 31.55522918701149, 0.03891346603631973]] [0.5335934162139893, 1.5881589651107788, 1.120251178741455] -1.063728928565978 0.12446898967027664
bicycle [[29.697158813476335, -20.165912628173828, -2.068415880203247]] [0.641862690448761, 1.8761807680130005, 1.257275104522705] -0.5086139440536486 0.12327658385038376
motorcycle [[-26.085466384887923, 50.645767211913835, -0.031530171632795145]] [0.6814286112785339, 1.9573402404785156, 1.235040545463562] -1.3213109970092762 0.12082898616790771
motorcycle [[-14.128036499023665, -9.958087921142805, -1.0554606914520406]] [0.6229389905929565, 1.8256477117538452, 1.1707099676132202] 1.127678751945496 0.11931911110877991
motorcycle [[-5.017738342285156, -29.147314071655046, -1.2265671491622925]] [0.657319962978363, 1.8039864301681519, 1.291334867477417] -3.0553741455078125 0.11931499093770981
motorcycle [[30.17906188964821, 11.195877075195312, -0.18653911352157593]] [0.7385385632514954, 2.3445754051208496, 1.488027811050415] -1.0917325019836408 0.11801804602146149
bicycle [[-5.109130859375114, -39.91144943237282, -3.2759339809417725]] [0.5829890370368958, 1.5349311828613281, 1.2574458122253418] 3.0420478026019495 0.1138700470328331
bicycle [[5.867588043212777, 20.558624267577898, -0.5839329361915588]] [0.559070885181427, 1.5915194749832153, 1.0729856491088867] -3.0952100753784184 0.1122858002781868
bicycle [[23.891128540038835, -19.345401763916243, -2.0312244892120646]] [0.5017204284667969, 1.5147377252578735, 1.059767484664917] 0.3663346767425548 0.1102510467171669
bicycle [[-14.687202453613509, 3.777423858642578, -0.635878801345811]] [0.5851913094520569, 1.6109610795974731, 1.0650770664215088] -0.9599899053573593 0.10830877721309662
bicycle [[-3.430568695068473, -26.632493972778548, -2.144959926605239]] [0.5791124105453491, 1.6519899368286133, 1.100479245185852] -1.6389273405075062 0.10756278038024902
bicycle [[-6.324794769287223, -16.39226531982422, -1.9188780784606934]] [0.5121597647666931, 1.626751184463501, 1.0638537406921387] -1.2600219249725326 0.10658568143844604
bicycle [[0.9088630676269531, -31.406023025512695, -2.6303362846374654]] [0.5356976985931396, 1.59010910987854, 1.1137511730194092] 0.7831012010574347 0.10586226731538773
motorcycle [[-32.58719635009777, 32.72140502929665, 0.3019863665103628]] [0.7832949757575989, 2.235180377960205, 1.4096271991729736] -2.297212600708008 0.10443785786628723
motorcycle [[-19.909568786621207, 38.762786865234375, 0.09977201372383604]] [0.6935410499572754, 2.110546350479126, 1.2691280841827393] 0.4207159280776987 0.10439543426036835
bicycle [[-7.076446533203239, -24.974641799926758, -1.9367356300354004]] [0.48732590675354004, 1.4816912412643433, 1.1204698085784912] -1.666783094406127 0.1032484769821167
motorcycle [[21.695343017577898, 33.252037048339616, 1.1438586711883403]] [0.6524750590324402, 1.867773413658142, 1.2891687154769897] -1.2119995355606068 0.10270719230175018
bicycle [[2.045387268066179, -35.11554718017578, -3.000029087066636]] [0.5848129987716675, 1.6486989259719849, 1.1999871730804443] 1.5506058931350706 0.10252334177494049
bicycle [[10.011077880859148, 19.564407348632585, -0.614791214466095]] [0.6157016754150391, 1.6760188341140747, 1.2392858266830444] -0.4608030319213855 0.10117295384407043
bicycle [[2.6856155395506676, -38.072185516357195, -2.7389163970947124]] [0.5589913725852966, 1.5511515140533447, 1.1479034423828125] 1.397781252861023 0.1008651852607727
bicycle [[-10.386989593505973, -24.331813812256087, -1.8730872869491577]] [0.5710774660110474, 1.5710747241973877, 1.117881178855896] 0.6224578619003303 0.10038340836763382
pedestrian [[-3.680221557617301, -10.681579589843977, -1.177811622619629]] [0.6146520376205444, 0.5519734025001526, 1.8385134935379028] 0.484872460365296 0.821327805519104
pedestrian [[-4.30558013916027, -8.273750305175781, -1.117145538330064]] [0.5790500640869141, 0.5200319290161133, 1.687329649925232] 0.1760150194168104 0.8158096075057983
pedestrian [[-4.950607299804915, -11.05392837524414, -1.1124401092529297]] [0.6013505458831787, 0.5612097382545471, 1.8636280298233032] 0.5539709329605109 0.7774503231048584
pedestrian [[-4.1335334777834305, -8.806205749511719, -1.13389897346498]] [0.5967949628829956, 0.5336052179336548, 1.7541508674621582] 0.39422631263733043 0.7674089074134827
pedestrian [[17.793701171874773, 0.6843414306640625, -1.2508543729782104]] [0.6185798048973083, 0.569042444229126, 1.8429737091064453] 2.1303771177874964 0.7528318166732788
pedestrian [[-5.432537078857649, -9.765300750732422, -1.0479848384857178]] [0.6282597780227661, 0.5829809308052063, 1.8223198652267456] 0.2727071046829234 0.7491189241409302
pedestrian [[6.222988128661996, 18.49967193603493, -0.26813656091690063]] [0.6563089489936829, 0.7600476741790771, 1.7139912843704224] 2.5198286215411585 0.7429546117782593
pedestrian [[-0.5201835632324219, -30.684232711791992, -1.9632601737976074]] [0.714971661567688, 0.8099994659423828, 1.810986042022705] 1.9205158392535606 0.5556022524833679
pedestrian [[-4.944656372070426, -11.474956512451627, -1.1469539403915547]] [0.5929099917411804, 0.565455973148346, 1.8426783084869385] 0.5460635423660287 0.5089831352233887
pedestrian [[-6.47092437744152, -13.026309967041243, -1.105129957199111]] [0.5533943772315979, 0.5421442985534668, 1.5982959270477295] 0.46697032451629744 0.5063456296920776
pedestrian [[18.214973449706804, 0.7294540405273438, -1.185387134552002]] [0.6476301550865173, 0.6130275726318359, 1.871755838394165] 2.018420521412985 0.43858981132507324
pedestrian [[-8.507537841796989, -20.871311187744368, -1.585680603981018]] [0.6312476396560669, 0.6668550968170166, 1.7391387224197388] 3.108974281941549 0.33298996090888977
pedestrian [[-0.11283493042014925, -36.917274475097656, -2.2605495452881]] [0.6200453042984009, 0.5902994871139526, 1.7672263383865356] 0.39086616039276223 0.3273693323135376
pedestrian [[24.401641845702898, 33.772834777831804, 0.9051791429519653]] [0.7883880138397217, 0.6616064310073853, 1.8955531120300293] -2.508131504058838 0.2945113182067871
pedestrian [[-4.684955596923828, -10.675468444824219, -1.1453685760498047]] [0.6038231253623962, 0.5706107020378113, 1.8564152717590332] 0.6016699075698863 0.28812816739082336
pedestrian [[13.066337585449105, 28.95970916748047, 0.7994621396064616]] [0.7074640393257141, 0.6655707359313965, 1.7841402292251587] 2.0234306494342245 0.27786991000175476
pedestrian [[30.967872619628793, 33.123382568359375, 0.8038848638534404]] [0.6540985107421875, 0.6699134707450867, 1.8122682571411133] -3.032949924468994 0.27742162346839905
pedestrian [[31.10397338867176, 34.95060729980469, 1.0001754760742188]] [0.678013265132904, 0.7247552871704102, 1.8420835733413696] -2.890948295593262 0.27209919691085815
pedestrian [[1.8903503417966476, -40.02177047729492, -2.248037099838271]] [0.6039317846298218, 0.5782619118690491, 1.7829079627990723] 0.6362339258193977 0.23911085724830627
pedestrian [[-0.35961532592796175, -36.12554931640625, -2.272986412048354]] [0.6281050443649292, 0.612995982170105, 1.7156240940093994] -0.13466429710388075 0.23460383713245392
pedestrian [[41.665771484374886, 20.19035339355446, -0.7457634210586548]] [0.6953226327896118, 0.7539839744567871, 1.7058274745941162] -2.6995716094970703 0.21497492492198944
pedestrian [[-43.014720916748274, 9.164077758788835, 0.023080132901654338]] [0.6643004417419434, 0.6899901032447815, 1.7536301612854004] 1.644110981618063 0.18756359815597534
pedestrian [[-20.613925933838004, 18.74663543701172, -0.19457443058490753]] [0.6620437502861023, 0.7767655849456787, 1.7953858375549316] -0.9619539976119978 0.185878723859787
pedestrian [[18.696670532226562, 0.7792243957519531, -1.0754801034927368]] [0.6389394402503967, 0.6540360450744629, 1.8444974422454834] 2.0141809622394007 0.1849265694618225
pedestrian [[15.27293395996071, 15.101890563964844, -0.5176622867584229]] [0.7768721580505371, 0.9755289554595947, 1.8177844285964966] 0.2647695541381846 0.1786288321018219
pedestrian [[12.487602233886605, 30.360801696777344, 0.875844359397874]] [0.6692032814025879, 0.62620609998703, 1.7712713479995728] -1.865080833435058 0.17687839269638062
pedestrian [[0.8665275573729332, -40.12104034423851, -2.555784225463867]] [0.5689486861228943, 0.556509792804718, 1.5856459140777588] 0.477836251258851 0.16756188869476318
pedestrian [[6.889106750488054, 19.648345947265398, -0.3321550488472127]] [0.5969532132148743, 0.6214176416397095, 1.6143046617507935] -2.9576444625854497 0.16589465737342834
pedestrian [[-14.763206481933707, 11.782806396484375, -0.4744794964790344]] [0.5384137034416199, 0.529053807258606, 1.5762921571731567] 0.4737535715103159 0.1653611958026886
pedestrian [[-23.21545791625988, 17.7801513671875, -0.4189220368862152]] [0.519888162612915, 0.5271810293197632, 1.3048765659332275] 0.3324933052062999 0.16228201985359192
pedestrian [[2.6734275817869957, -37.87094116210915, -2.594733238220215]] [0.5186440944671631, 0.5149538516998291, 1.3675916194915771] 0.21554100513458338 0.1606210619211197
pedestrian [[3.9909095764156746, 27.743377685546648, -0.12651532888415318]] [0.5008851885795593, 0.5041770339012146, 1.2989863157272339] -2.9040398597717285 0.15641693770885468
pedestrian [[-18.128997802734602, 17.03185272216774, -0.300103098154068]] [0.6000012159347534, 0.6084848642349243, 1.5670037269592285] 0.5028675794601449 0.15069279074668884
pedestrian [[-41.32591629028332, 29.11170196533203, 1.0914990901947021]] [0.626676619052887, 0.6277816891670227, 1.7551910877227783] 0.456440806388856 0.15065838396549225
traffic_cone [[42.92906951904274, 30.82536315917946, 0.37705492973327637]] [0.39803868532180786, 0.39895176887512207, 1.222369909286499] -1.558235764503478 0.14914917945861816
pedestrian [[-15.116489410400618, -43.308677673339844, -1.5453166961670064]] [0.6798989772796631, 0.6267459392547607, 1.9258238077163696] 0.05076444149017461 0.14889447391033173
pedestrian [[10.021995544433366, 19.617759704589616, -0.5223962068557881]] [0.5723063945770264, 0.5932578444480896, 1.4518595933914185] -1.9171472787857047 0.14824557304382324
pedestrian [[45.14986419677723, 8.94632339477539, -0.6739559769630574]] [0.6368675827980042, 0.6425528526306152, 1.671404242515564] 2.8032413164721888 0.1463843286037445
pedestrian [[0.3779449462889488, -38.8442497253418, -2.441826343536377]] [0.5796493291854858, 0.5533791780471802, 1.6811940670013428] 0.2870684862136852 0.14341264963150024
traffic_cone [[-38.15729141235363, 42.82743072509743, 0.2638164460658743]] [0.4907481074333191, 0.4858766198158264, 1.3339976072311401] 0.26934027671814087 0.13905438780784607
pedestrian [[1.650932312011605, -40.3096809387207, -2.379783391952529]] [0.6065984964370728, 0.5867821574211121, 1.7635509967803955] 0.6317530870437631 0.13550086319446564
traffic_cone [[-14.349224090576286, -10.029018402099837, -0.9397166967391968]] [0.35426485538482666, 0.35497334599494934, 0.8008101582527161] -1.120168685913085 0.1350899636745453
traffic_cone [[-4.061939239502067, -28.974607467651367, -2.118382453918443]] [0.40987762808799744, 0.40367910265922546, 1.2787401676177979] -0.7831855416297898 0.13479137420654297
pedestrian [[-5.546009063720817, -10.401275634765625, -1.0955624580383443]] [0.6192275285720825, 0.6079872846603394, 1.7962146997451782] 0.41898453235626343 0.12866531312465668
pedestrian [[-5.170730590820426, -29.14910125732422, -1.614309310913086]] [0.6067435145378113, 0.6313979625701904, 1.7191522121429443] -1.313041567802428 0.12671007215976715
traffic_cone [[-7.0908088684084305, -24.942808151245117, -1.9190888404846334]] [0.3480571508407593, 0.34969663619995117, 0.8518704175949097] -0.07402908802032367 0.12309626489877701
pedestrian [[12.892776489257585, 29.749099731445312, 0.7733467817306376]] [0.6431891322135925, 0.607398509979248, 1.6661250591278076] -1.7337499856948844 0.12273550033569336
traffic_cone [[14.518325805663721, 22.36529541015625, -0.4585503637790822]] [0.39121225476264954, 0.3909599781036377, 0.8408419489860535] -2.473587989807129 0.12039968371391296
traffic_cone [[-19.40957641601574, 38.578330993652116, 0.03585699573159218]] [0.47719618678092957, 0.4830012321472168, 1.3409062623977661] 0.2263867855072031 0.12033866345882416
pedestrian [[-38.53677749633812, -0.2264289855959305, 1.2868170738220073]] [0.6340000629425049, 0.6429248452186584, 1.7236335277557373] 1.899102989827291 0.11819811165332794
pedestrian [[-23.096206665039176, 13.631591796874773, 0.21565139293670654]] [0.5735835433006287, 0.5836499333381653, 1.5822640657424927] 0.8710976839065557 0.11663886159658432
pedestrian [[-5.527881622314567, -11.093704223632812, -1.1188647747039795]] [0.6067984104156494, 0.6133125424385071, 1.7956476211547852] 0.5638748407363898 0.11581191420555115
pedestrian [[-22.653032302856673, 19.35989379882767, -0.24100585281850329]] [0.5353955030441284, 0.5453141927719116, 1.4724409580230713] -0.10922300815582117 0.1157180517911911
pedestrian [[49.9186096191404, 44.536087036132585, 1.67719566822052]] [0.687844455242157, 0.7069064974784851, 1.7744715213775635] -0.5558706521987902 0.11453346908092499
pedestrian [[-23.08412170410179, 19.05527496337868, -0.20160466432572832]] [0.5969369411468506, 0.6100329160690308, 1.5807887315750122] 0.06540811061859235 0.11440236121416092
pedestrian [[-13.465332031250114, -42.74771499633789, -1.9083731174469136]] [0.6008318066596985, 0.6086471080780029, 1.713775396347046] -1.9435389041900628 0.11345718801021576
pedestrian [[6.219718933105241, 20.242530822753906, -0.3973771035671234]] [0.5697451233863831, 0.5932115316390991, 1.3649230003356934] -2.6396310329437256 0.11298950761556625
pedestrian [[5.845371246337663, 43.01395416259743, 1.0408830642700195]] [0.7076146602630615, 0.7533461451530457, 1.7751708030700684] 1.7124369780169884 0.11288086324930191
pedestrian [[-42.12704086303722, 4.697872161865007, 0.7037330865859985]] [0.6926589608192444, 0.7165673971176147, 1.7722116708755493] 0.05344367027282844 0.11272086203098297
pedestrian [[-41.62669754028332, 2.54925537109375, 0.6165205240249634]] [0.6497366428375244, 0.6526634693145752, 1.7049070596694946] -0.2606112957000715 0.11243201792240143
traffic_cone [[-17.43605041503929, 5.857009887695085, -1.2710422277450704]] [0.3892960846424103, 0.38901522755622864, 0.7968811988830566] 0.16721439361572368 0.111768439412117
pedestrian [[-21.783195495605582, 17.188720703124773, 0.3629205226898051]] [0.6241574287414551, 0.6342939734458923, 1.7298603057861328] 0.733822703361512 0.10972820967435837
pedestrian [[24.810607910156136, 29.57853698730446, -0.034438014030470754]] [0.5724208354949951, 0.6038996577262878, 1.4017363786697388] 3.139364782963888 0.10951538383960724
pedestrian [[-29.279563903808707, 8.015380859375, 0.10778848081827164]] [0.654670238494873, 0.617470383644104, 1.8386530876159668] -2.718817710876465 0.1092597171664238
traffic_cone [[17.709648132324105, -44.04139328002907, -2.682290554046631]] [0.38092994689941406, 0.3763507604598999, 1.385197401046753] 0.9177652597427375 0.10838300734758377
pedestrian [[-40.03884506225597, -2.033115386963118, 0.46185940504074097]] [0.570202648639679, 0.5652119517326355, 1.6148030757904053] 0.6418329477310188 0.10779726505279541
traffic_cone [[-6.935356140136832, -11.811607360839844, -1.1631675958633423]] [0.4102841019630432, 0.39697766304016113, 1.2614707946777344] 0.34466826915741083 0.10771524161100388
pedestrian [[37.062492370605355, 31.91211700439476, 0.42229780554771423]] [0.6649827361106873, 0.70082026720047, 1.6321523189544678] -2.3272888660430904 0.10676895827054977
traffic_cone [[-10.280757904052962, -24.115968704223633, -1.844740867614746]] [0.4527795910835266, 0.45282256603240967, 1.257603645324707] 0.07035970687866332 0.10442730784416199
pedestrian [[-33.17878341674816, 32.08061218261719, 0.2043454945087433]] [0.5163158178329468, 0.527299702167511, 1.3969024419784546] -0.41188597679138045 0.10426712781190872
pedestrian [[-31.96549224853527, 33.26419830322243, 0.24836289882659912]] [0.5360912084579468, 0.5550327897071838, 1.3280611038208008] -2.407089233398437 0.10299426317214966
pedestrian [[-13.988937377929801, -33.336479187011946, -1.166400671005249]] [0.6626784801483154, 0.6403886079788208, 1.835327386856079] 1.1728330850601199 0.10273495316505432
pedestrian [[4.010005950927621, -46.4036750793457, -1.682771921157837]] [0.6619836091995239, 0.6311479806900024, 1.8526333570480347] 0.16256630420684934 0.10099577903747559
pedestrian [[-40.54539871215843, -0.1544647216796875, 0.6583901047706462]] [0.6624213457107544, 0.6537895202636719, 1.7402281761169434] -0.4120919704437242 0.10086733847856522
traffic_cone [[2.1729240417478195, 22.02463531494118, -0.37509438395500183]] [0.4118964374065399, 0.4176475405693054, 1.0337769985198975] -2.3947324752807617 0.10050799697637558
traffic_cone [[-9.73439025878929, -18.53662872314453, 0.2456439584493637]] [0.40496787428855896, 0.3946802616119385, 1.3609304428100586] 1.3089126348495486 0.10043036937713623
pedestrian [[-40.07901382446312, 48.390525817871094, 0.3182418942451477]] [0.6195641160011292, 0.6363442540168762, 1.5230456590652466] 0.4415198564529427 0.10039898008108139
pedestrian [[-41.83594131469749, 30.219146728515398, 1.1768736839294434]] [0.5904363989830017, 0.6022786498069763, 1.5651403665542603] -0.7113047838211046 0.10023902356624603
pedestrian [[6.775928497314226, 18.86963653564453, -0.3041144609451436]] [0.6611350774765015, 0.7571424841880798, 1.6916916370391846] 2.5028980414019983 0.10014589130878448
traffic_cone [[-7.414009094238395, -4.341564178466797, -1.1305527687072612]] [0.45159098505973816, 0.44456490874290466, 1.271143913269043] 0.577431321144105 0.10009732842445374
pedestrian [[-3.958072662353743, -12.36543273925804, -1.342720866203308]] [0.5894713401794434, 0.592155396938324, 1.7315773963928223] 0.5216814279556282 0.10002617537975311
614c6962e44240b1b0ebb3eb351fe0eb