car [[16.394752502441293, -23.78508758544899, -2.054558515548706]] [1.8487184047698975, 4.458399772644043, 1.5458794832229614] -1.1856117248535143 0.7487422823905945
car [[7.070049285888786, 12.89605712890625, -0.7936291694641113]] [1.7360305786132812, 4.1690545082092285, 1.442955732345581] -0.38288819789886297 0.7365853190422058
car [[1.7253952026367188, -6.715934753417741, -0.9789107441902161]] [1.8897606134414673, 4.834739685058594, 1.927364706993103] 1.8863485495196741 0.7190669775009155
car [[22.042137145996094, 6.104591369629134, -1.4160139560699463]] [1.8433152437210083, 4.276186943054199, 1.5979632139205933] -2.7165355682373047 0.6958935856819153
car [[-33.23835754394531, 50.57605743408203, 0.4596796929836131]] [1.9891504049301147, 4.786038398742676, 1.819244146347046] 2.1058428923236288 0.5680025815963745
car [[29.639961242675668, 9.178585052490462, -1.1515252590179443]] [1.929919958114624, 4.394279479980469, 1.673701286315918] -2.8256430625915527 0.4491803050041199
car [[50.76145172119129, 31.472152709961392, 0.5108149051666402]] [1.953965663909912, 4.685851573944092, 1.7158734798431396] 1.0748792886734013 0.38591206073760986
car [[7.486743927001953, 39.33947753906273, 0.9284971952438354]] [2.0040926933288574, 4.563579082489014, 1.7480239868164062] -2.9134111404418945 0.3302640914916992
car [[6.359783172607422, 44.59526824951172, 1.4972434043884277]] [2.128695487976074, 4.984711647033691, 1.9359945058822632] -2.773928642272949 0.29861676692962646
car [[-17.079517364502067, 42.85786437988304, 0.31287798285482893]] [1.9170784950256348, 4.488091945648193, 1.689589262008667] -1.1228933334350568 0.18383094668388367
car [[19.512031555175895, -52.008377075195085, -2.8332107067108154]] [1.9526596069335938, 4.510076522827148, 1.7114768028259277] -2.8239762783050537 0.1618279367685318
car [[6.302539825439453, 50.13008880615257, 1.5457755327224731]] [1.9804900884628296, 4.592955589294434, 1.745641827583313] -3.040037631988526 0.15501010417938232
car [[-36.41925811767578, -3.8679733276364914, 0.10698430240154266]] [1.8846327066421509, 4.173419952392578, 1.638142466545105] 3.0197017828570765 0.14178714156150818
car [[-45.31840896606434, -24.351667404174577, 1.4826442003250122]] [1.9282344579696655, 4.48205041885376, 1.7006995677947998] 2.3179891745196737 0.12614096701145172
car [[9.713802337646484, 45.81423950195335, 1.5193825960159302]] [2.067673683166504, 4.861067771911621, 1.7993502616882324] -2.9479823112487793 0.12560130655765533
car [[-0.9390220642088707, -53.141712188720476, -1.7484734058379985]] [2.0116429328918457, 4.7711029052734375, 1.8711389303207397] 1.5745928923236299 0.12365813553333282
car [[36.86027526855469, 25.518737792968977, -0.1979159414768077]] [1.9668065309524536, 4.542647361755371, 1.6921298503875732] 0.1938720941543594 0.10138098895549774
car [[18.241500854492074, -49.534690856933366, -2.7306456565856934]] [1.9885962009429932, 4.589908599853516, 1.7515714168548584] -2.6515016555786133 0.10012691468000412
construction_vehicle [[-4.559230804443246, -22.95159149169899, -1.5209306478500366]] [1.6021974086761475, 3.1087911128997803, 2.119703769683838] 2.6828253904925745 0.2758925259113312
construction_vehicle [[-50.53700637817383, 25.488189697265625, -0.7006962299346924]] [2.128753662109375, 2.8863868713378906, 2.5521163940429688] 3.1187332312213343 0.2603301405906677
truck [[6.361694335937386, 44.67755889892578, 1.3654208183288432]] [2.3771610260009766, 5.627469539642334, 2.167043924331665] -2.7715859413146973 0.21355675160884857
truck [[50.77399444580078, 31.502975463867188, 0.37823671102523804]] [2.014954090118408, 5.211507320404053, 1.9263237714767456] 1.081148743629456 0.18782193958759308
truck [[-33.29018020629883, 50.68073272705101, 0.4469055235385895]] [2.04240345954895, 5.084626197814941, 1.9884264469146729] 2.1270731131183065 0.1715528964996338
construction_vehicle [[-41.69794845581043, -0.8404350280759445, 0.9404599666595459]] [2.9069557189941406, 4.93782901763916, 2.804530620574951] -1.903362870216369 0.12983864545822144
truck [[-0.33979034423828125, -35.0968399047847, -1.494755268096938]] [1.938010573387146, 4.01701545715332, 2.5994873046875] -0.3955758810043319 0.12309970706701279
construction_vehicle [[44.09947967529297, -49.50856781005814, -0.7142252922057963]] [3.3453457355499268, 6.680541038513184, 3.6494386196136475] 0.3906575441360487 0.109825000166893
construction_vehicle [[-23.735782623291016, 18.378532409668423, -0.1399821639060832]] [1.5327014923095703, 2.6700775623321533, 2.132378578186035] -1.0705633163452133 0.10383296757936478
construction_vehicle [[-12.334403991699219, -47.66664505004837, -2.0795748233795166]] [2.8472180366516113, 8.883956909179688, 3.32352876663208] -1.5428657531738268 0.1009511947631836
bus [[24.863128662109375, 10.331489562988736, 0.35663822293282976]] [3.0487637519836426, 12.516494750976562, 4.59532356262207] -2.7806875705719 0.8250517845153809
bus [[8.05615615844738, 45.37194061279342, 1.394563913345337]] [2.792457342147827, 8.610466003417969, 3.304381847381592] -2.818358421325684 0.1320255696773529
trailer [[-11.70248031616211, -9.267932891845476, -0.521787703037262]] [2.560798168182373, 6.925618648529053, 2.6324687004089355] -2.8984827995300297 0.11096366494894028
bus [[-34.54649353027344, 53.82351684570335, -0.04021875187756052]] [2.8401143550872803, 11.969146728515625, 3.509793758392334] 2.0747821966754354 0.1040211170911789
barrier [[-3.280620574951172, -28.264060974120866, -2.1542868614196635]] [2.3125364780426025, 0.33711111545562744, 1.0396168231964111] -0.11667907238006461 0.2401675283908844
barrier [[1.2833824157714844, 22.884689331054915, -0.2792308330536031]] [2.0153799057006836, 0.5362679362297058, 1.0002351999282837] -2.680286407470703 0.15875288844108582
barrier [[-3.739044189453125, -28.36251640319756, -2.083759784698472]] [2.3831543922424316, 0.3506688177585602, 1.0683965682983398] -0.01886832714080673 0.1534842848777771
barrier [[-12.238189697265511, 25.371154785156477, -0.28598040342332354]] [2.172940969467163, 0.48128247261047363, 1.0185602903366089] -2.6114563941955566 0.13892517983913422
barrier [[-15.337066650390625, 0.25601196289107975, -1.6084074974059916]] [1.9991426467895508, 0.37295448780059814, 0.9922975301742554] -0.06444060802459528 0.1184653788805008
barrier [[-2.9370040893554688, -28.34888267517067, -2.2574424743652344]] [2.3413431644439697, 0.3729963004589081, 1.0362738370895386] 0.0054841041564957175 0.10832686722278595
barrier [[-0.2454376220703125, -53.06512832641556, -1.312472105026231]] [2.2411935329437256, 0.4894087314605713, 1.0161387920379639] 0.19123172760009902 0.10176600515842438
barrier [[2.159992218017692, -34.06759643554642, -2.6304783821105815]] [2.2841012477874756, 0.34604525566101074, 0.9893872737884521] 0.0969688892364515 0.10117264091968536
barrier [[24.24148559570301, 28.059745788574446, -0.7227905392646932]] [3.075511932373047, 0.5557697415351868, 0.912701427936554] -1.1701911687850937 0.10018222779035568
motorcycle [[-16.431591033935547, 41.20324707031273, 0.13200442492961884]] [0.8091106414794922, 2.172013998031616, 1.699770212173462] -1.0854566097259506 0.6073522567749023
bicycle [[-17.861682891845703, 13.54762268066429, -0.4454578161239766]] [0.7060661315917969, 1.9581048488616943, 1.7773175239562988] -1.1703070402145372 0.5932272672653198
bicycle [[20.71857452392578, 17.66561889648483, -0.5703055858611918]] [0.6062005758285522, 1.66267728805542, 1.6562293767929077] 0.3689248561859146 0.5464457869529724
bicycle [[-9.699405670166016, -36.42846298217751, -2.231835842132554]] [0.5727527141571045, 1.5859638452529907, 1.100489616394043] -1.654510974884032 0.3413916230201721
bicycle [[-15.413787841796761, -0.21279525756790463, -1.4027371406555176]] [0.5039561986923218, 1.4819141626358032, 1.0540283918380737] 1.3424724340438847 0.2755860686302185
bicycle [[-27.41420173645031, 26.172103881836165, -0.8479820489883423]] [0.6307730674743652, 1.6738502979278564, 1.1356995105743408] 2.153772179280416 0.21767182648181915
bicycle [[21.284156799316406, -16.63017272949196, -2.521161317825303]] [0.4084485173225403, 1.398879051208496, 1.046997308731079] -1.1432523727416977 0.21290075778961182
bicycle [[4.0301666259765625, 19.362289428711165, -0.44179069995880127]] [0.65163654088974, 1.666274070739746, 1.73356294631958] 2.7096627394305624 0.20251943171024323
bicycle [[-29.767265319824105, 13.432655334472884, 0.2881205379962921]] [0.6337423920631409, 1.6932933330535889, 1.421735167503357] -1.1939066648483259 0.19738541543483734
motorcycle [[-23.2736873626709, 18.25096893310547, -0.20654591917991638]] [0.755108118057251, 2.1013104915618896, 1.3868029117584229] 1.3226035833358767 0.18318581581115723
motorcycle [[-35.01309204101551, -4.541065216064226, 0.08614154905080795]] [0.7033228278160095, 2.130291223526001, 1.3616001605987549] -2.2264983654022212 0.17269954085350037
motorcycle [[-4.009258270263558, -39.93258285522438, -3.3460519313812256]] [0.7604251503944397, 1.8030359745025635, 1.5258114337921143] 1.3259688615798952 0.16977784037590027
bicycle [[4.136909484863281, -8.529075622558366, -1.2184393405914307]] [0.6396826505661011, 1.2813220024108887, 1.7097878456115723] 1.040250658988953 0.16162069141864777
motorcycle [[-3.25388336181652, -28.41460990905739, -2.0807251930236674]] [0.6965152621269226, 2.0091140270233154, 1.2081512212753296] -1.5852299928665148 0.15679030120372772
bicycle [[-6.825008392333871, -25.004667282104265, -2.002196788787842]] [0.40636730194091797, 1.3229660987854004, 1.037123203277588] -1.4819260835647567 0.14356347918510437
bicycle [[46.506263732910156, -52.42817687988236, -1.0309789180755473]] [0.6752743124961853, 1.7964032888412476, 1.7097971439361572] -0.9254637956619245 0.14341694116592407
bicycle [[-3.2436599731445312, -27.32850837707474, -1.9125826358795166]] [0.5005627274513245, 1.5331106185913086, 1.1154634952545166] 1.5220538377761843 0.13618092238903046
bicycle [[-0.3304634094238281, 36.30017852783226, -0.0064027365297221195]] [0.5901801586151123, 1.6695306301116943, 1.1195670366287231] 1.2689448595047002 0.13170933723449707
bicycle [[9.295753479003906, 20.66767120361351, -0.3526998758315898]] [0.6196906566619873, 1.6691354513168335, 1.0865013599395752] 1.9319098631488247 0.1272902637720108
motorcycle [[-17.06820678710926, 42.752738952636946, 0.3057175576686717]] [0.7987278699874878, 2.4397265911102295, 1.743622064590454] -1.2339196205139145 0.12672406435012817
bicycle [[45.43334197998047, -48.981166839599155, 0.4979357719421671]] [0.7585052847862244, 1.6540100574493408, 1.8011131286621094] 0.0758776664733905 0.12595398724079132
motorcycle [[0.32266998291026994, -52.53688049316361, -2.0805089473724365]] [0.7153587937355042, 1.8826134204864502, 1.3341776132583618] -1.8769150972366324 0.12429285794496536
motorcycle [[24.88072967529297, 5.033485412597656, -2.1202189922332764]] [0.6758327484130859, 1.897182822227478, 1.1831812858581543] -2.837064743041992 0.12362240254878998
motorcycle [[17.25562286376953, 23.573478698730923, -0.5635920763015747]] [0.653213620185852, 1.9143083095550537, 1.2478418350219727] 1.7909792105304165 0.12357615679502487
bicycle [[-3.3640213012695312, 39.28090667724632, 0.6975008249282837]] [0.6265864372253418, 1.7729871273040771, 1.2100944519042969] 1.2930263280868535 0.12274719029664993
bicycle [[-5.892456054687386, -33.43666458129837, -0.6338546872138835]] [0.5818211436271667, 1.6665199995040894, 1.1634256839752197] -1.2357866764068588 0.11993832141160965
bicycle [[-23.692441940307617, 17.192932128906477, -0.40338581800462237]] [0.6270833611488342, 1.8635278940200806, 1.1822413206100464] 1.7575266996966765 0.11948996782302856
bicycle [[9.810787200927734, 20.082962036133267, -0.4699711203574992]] [0.6617130041122437, 1.6812878847122192, 1.1041827201843262] -2.7827835083007817 0.1178068071603775
bicycle [[-5.650882720947266, -22.543071746825717, -1.4999529123306417]] [0.645129382610321, 1.7110931873321533, 1.2273635864257812] -1.2006491422653183 0.1169392466545105
bicycle [[4.061763763427734, -47.63815307617165, -2.26227188110353]] [0.7107424139976501, 1.8266984224319458, 1.4544079303741455] -0.9836912751197794 0.11672117561101913
motorcycle [[-29.54002571105957, 21.409790039062955, 0.27060431241989136]] [0.7006867527961731, 2.0070812702178955, 1.7350056171417236] -1.0519965887069682 0.11626553535461426
motorcycle [[27.279670715332145, -31.42480850219681, -2.8996448516845703]] [0.5828046798706055, 1.7206318378448486, 1.2540837526321411] -1.462074279785155 0.11451536417007446
bicycle [[-6.218315124511719, -13.458557128906023, -1.015854477882371]] [0.5327609181404114, 1.602160930633545, 1.2748428583145142] -0.8675906658172587 0.11421691626310349
bicycle [[-3.8142585754393394, -29.1446723937986, -2.0466814041137553]] [0.5164791345596313, 1.5943468809127808, 1.1435441970825195] -0.05631291866302347 0.11418116092681885
bicycle [[-12.144390106201172, 25.001029968261946, -0.31603318452835083]] [0.6157471537590027, 1.8720885515213013, 1.1178447008132935] -1.026312708854674 0.11332008987665176
bicycle [[-40.054409027099496, 12.840568542480696, -0.34925922751426697]] [0.7534173727035522, 1.6025406122207642, 1.720375895500183] -1.1474637985229474 0.11285272240638733
bicycle [[-21.946472167968523, -14.496208190917514, 0.03843048959970474]] [0.5447150468826294, 1.5096110105514526, 1.1148852109909058] 0.3034402132034316 0.1127895638346672
motorcycle [[-34.94873046875, -3.419033050536882, 0.12998473644256592]] [0.7159748673439026, 2.0799612998962402, 1.3339799642562866] 2.155343357716695 0.11229386925697327
motorcycle [[25.549072265625, -31.981729507445834, -2.7662746906280375]] [0.6892096996307373, 1.814170479774475, 1.2659332752227783] 2.221472088490621 0.11183831095695496
bicycle [[0.19646453857421875, -36.336814880371094, -2.162071466445923]] [0.6502837538719177, 1.6803144216537476, 1.5263056755065918] 1.063279032707215 0.10822270810604095
motorcycle [[27.839973449707145, 25.472709655761946, -0.04349610209463606]] [0.6670311093330383, 2.1879866123199463, 1.4893594980239868] -1.3893771171569809 0.10736732184886932
bicycle [[36.4405517578125, 32.18611907959007, 0.2517818510532521]] [0.691486120223999, 1.8774434328079224, 1.6650673151016235] -2.496108293533325 0.10715639591217041
motorcycle [[-18.907985687255746, -24.740171432495117, -0.6046137809753418]] [0.7705132961273193, 2.0431313514709473, 1.710108757019043] 0.999950051307679 0.10599832236766815
bicycle [[-3.8453025817871094, -29.599790573119662, -2.05932354927063]] [0.5335395336151123, 1.6122288703918457, 1.1533857583999634] 1.4077609777450564 0.10558155924081802
bicycle [[0.9737052917481606, -30.43756484985329, -2.5986814498901225]] [0.5029566884040833, 1.6054072380065918, 1.104871153831482] -1.2821031808853134 0.10541146993637085
motorcycle [[-7.374343872070199, -39.35886001586891, -0.9970635771751404]] [0.6336101293563843, 1.8991895914077759, 1.2794216871261597] -0.1535989046096787 0.1050339937210083
motorcycle [[-27.31698799133278, 24.79364776611351, 0.8617808818817281]] [0.6776577234268188, 1.8502106666564941, 1.392008900642395] 3.0406909624682825 0.10489186644554138
pedestrian [[17.781433105468864, 0.8960571289067047, -1.3021124601364136]] [0.6060271263122559, 0.5575730204582214, 1.8135484457015991] 2.0827959219561976 0.8408147096633911
pedestrian [[-4.083911895751839, -8.744903564452898, -1.0590341091156006]] [0.601569414138794, 0.551179826259613, 1.7328381538391113] 0.3641825914382945 0.7974472045898438
pedestrian [[-4.934219360351449, -11.215717315673373, -1.0393400192260742]] [0.6043866276741028, 0.5808460116386414, 1.8181835412979126] 0.49507772922515975 0.7435362339019775
pedestrian [[-5.281166076660156, -10.133674621581804, -0.9974125623703145]] [0.6419918537139893, 0.6312472820281982, 1.8373217582702637] -0.5570729970931988 0.7386078834533691
pedestrian [[-0.4853096008300781, -28.635442733764194, -1.8586221933364868]] [0.724158763885498, 0.7929529547691345, 1.8323633670806885] 1.606935326253073 0.7242610454559326
pedestrian [[-3.48940277099598, -10.860343933105241, -1.1163208484649658]] [0.6069517135620117, 0.5545339584350586, 1.8218849897384644] 0.3362078666687026 0.6736676692962646
pedestrian [[-4.243438720703011, -8.344093322753452, -1.0717564821243286]] [0.5693196654319763, 0.5389420390129089, 1.6661518812179565] 0.19650065898895405 0.6195808053016663
pedestrian [[4.093097686767692, 19.324333190918196, -0.3524470031261302]] [0.693881630897522, 0.8463691473007202, 1.7209347486495972] 2.663685146962301 0.595915675163269
pedestrian [[4.255546569824219, -8.43923950195267, -1.216797351837144]] [0.6817525029182434, 0.7772369384765625, 1.6810702085494995] 1.1101752519607548 0.5922240018844604
pedestrian [[18.17840576171875, 0.902744293213118, -1.277773141860962]] [0.6371210217475891, 0.6083900928497314, 1.8471167087554932] 1.9619835058795376 0.49329692125320435
pedestrian [[-4.665302276611328, -11.536083221435092, -1.057232260704012]] [0.6204016804695129, 0.5899262428283691, 1.888363003730774] 0.6584359407424938 0.4834452271461487
pedestrian [[0.4157142639161293, -36.961051940917514, -2.2029459476470947]] [0.6290295124053955, 0.5994605422019958, 1.7110004425048828] 0.32486331462860235 0.4226854741573334
pedestrian [[-14.17935562133789, -43.49958419799759, -1.5263960361480713]] [0.6696479320526123, 0.6620166301727295, 1.8882102966308594] -0.42942225933074796 0.39346370100975037
pedestrian [[-47.86181259155285, 0.9631309509277344, 0.8817968368530273]] [0.7484685778617859, 0.7623388171195984, 1.9611321687698364] -1.4661617279052719 0.38405290246009827
pedestrian [[0.15505599975585938, -36.15745925903275, -2.1641921997070312]] [0.6338720917701721, 0.6051018238067627, 1.7106430530548096] -0.26895868778228565 0.37868428230285645
pedestrian [[2.4509735107421875, -40.3558731079097, -2.172166347503648]] [0.668834388256073, 0.7179260849952698, 1.8047677278518677] -1.195722341537474 0.353087842464447
pedestrian [[-12.969322204589844, -43.005119323730014, -1.8393726348876953]] [0.5879601240158081, 0.6042789220809937, 1.7609893083572388] -1.1012020111083967 0.33487921953201294
pedestrian [[-6.296485900878793, -13.326267242431186, -1.0761400461196757]] [0.5778101682662964, 0.5751356482505798, 1.7020578384399414] 0.08456075191497954 0.29703444242477417
pedestrian [[-42.18953323364258, 4.031352996826399, 0.626896321773529]] [0.6812247633934021, 0.6898362636566162, 1.813119888305664] -1.5637557506561266 0.2900319993495941
pedestrian [[-15.843200683593636, -40.66611480712868, -1.0572612285614014]] [0.7298753261566162, 0.6906161904335022, 1.8824121952056885] -0.5689108371734601 0.28151941299438477
pedestrian [[46.41553497314453, -52.34409332275368, -1.2083114385604858]] [0.6828364729881287, 0.7361135482788086, 1.8328967094421387] -0.8745042085647563 0.27312004566192627
traffic_cone [[-9.45891952514637, -18.791366577148438, 0.3938671350479268]] [0.3641520142555237, 0.35635507106781006, 1.2657936811447144] -2.821371555328369 0.27176687121391296
pedestrian [[-12.391925811767578, 53.15589141845703, 1.59640371799469]] [0.7132440209388733, 0.7564453482627869, 1.8791793584823608] -2.5161540508270264 0.2674159109592438
pedestrian [[45.43253326416027, -48.96652221679642, 0.42900171875956516]] [0.6833906173706055, 0.7088568210601807, 1.8465564250946045] 0.08403098583221548 0.24924598634243011
pedestrian [[-9.84753036499012, -44.825630187988054, -2.094329833984375]] [0.678849458694458, 0.7002915143966675, 1.803222894668579] -0.39126157760619923 0.24687255918979645
pedestrian [[-0.3141136169433594, -37.64414215087868, -2.2138214111328125]] [0.5979046821594238, 0.5649374127388, 1.7590782642364502] 0.3277240991592421 0.24671141803264618
pedestrian [[-40.06422805786133, 12.821723937988281, -0.3287915587425374]] [0.6296019554138184, 0.6315565705299377, 1.789502501487732] -1.1468062400817856 0.24539199471473694
pedestrian [[-29.491083145141488, 7.468921661377408, 0.13186457753182879]] [0.7021791934967041, 0.7153919339179993, 1.8677785396575928] -1.8998049497604361 0.2386312037706375
traffic_cone [[-15.426773071289062, -0.388427734375, -1.522261381149292]] [0.363850861787796, 0.39892205595970154, 0.7493349313735962] 0.3103425502777111 0.23854967951774597
pedestrian [[-37.615501403808594, 6.283061981201627, 0.27713650465010176]] [0.6460850834846497, 0.6568508744239807, 1.8242151737213135] -1.615606665611266 0.23100371658802032
pedestrian [[0.8273658752441406, -38.862976074218295, -2.3330700397491455]] [0.6025346517562866, 0.5924961566925049, 1.6536662578582764] 0.5192815065383923 0.21973231434822083
pedestrian [[-43.4975471496582, 52.56647491455078, 0.33225679397581587]] [0.6817256212234497, 0.7224359512329102, 1.7960700988769531] -2.9716720581054696 0.2106722742319107
pedestrian [[23.8794403076173, 33.93066406250023, 0.7527111768722534]] [0.7683115005493164, 0.7025201916694641, 1.8804242610931396] -2.887028217315674 0.20762363076210022
pedestrian [[-47.7308349609375, 39.965370178222884, 0.555667519569397]] [0.6863335967063904, 0.7064825892448425, 1.850473403930664] -2.1047945022583 0.19925495982170105
pedestrian [[-13.556842803955078, -43.38719177246071, -1.6561690568923808]] [0.6488925218582153, 0.6863420009613037, 1.821173906326294] -0.8937902450561506 0.19276399910449982
pedestrian [[-4.605892181396484, -10.614402770995866, -1.056195616722107]] [0.6241879463195801, 0.6144410967826843, 1.830948829650879] -0.13181269168853618 0.1920255869626999
pedestrian [[-40.68770599365223, 47.65015411376976, 0.3447684943675853]] [0.6932688355445862, 0.736376166343689, 1.8214325904846191] -1.5926872491836535 0.1911085695028305
pedestrian [[-31.365125656127816, 20.248161315918196, 0.8110077381134175]] [0.6808484792709351, 0.6769550442695618, 1.7980248928070068] -1.9636371135711663 0.18252308666706085
pedestrian [[-4.07405853271473, -39.75379562377907, -3.2034573554992676]] [0.6691364645957947, 0.663499653339386, 1.738537073135376] 0.9165848493576056 0.16934636235237122
pedestrian [[-42.36674880981434, 50.221778869629134, 0.4152719974517822]] [0.6803932189941406, 0.7099944353103638, 1.8234297037124634] -1.377688527107237 0.16546127200126648
traffic_cone [[-3.7867851257325356, -29.096017837524187, -2.058274030685439]] [0.4372940957546234, 0.431732177734375, 1.3761934041976929] 0.23444235324859752 0.16209180653095245
pedestrian [[-34.587215423583984, -4.03466415405228, -0.014330405741930008]] [0.6177734136581421, 0.6175299286842346, 1.6720991134643555] -0.8006537556648234 0.16091838479042053
pedestrian [[-50.5895347595216, 49.690231323242415, 1.96021568775177]] [0.6740508675575256, 0.7143673300743103, 1.8154876232147217] -2.3718724250793453 0.1598987877368927
pedestrian [[-29.580923080444336, 21.368591308593977, 0.3715369999408722]] [0.6288286447525024, 0.6257104873657227, 1.6658087968826294] -0.5382674932479835 0.15700097382068634
pedestrian [[6.725307464599609, 19.99189758300804, -0.32894122600554]] [0.6054665446281433, 0.633438229560852, 1.489936351776123] -1.9385340213775624 0.15614551305770874
pedestrian [[-29.726585388183594, 13.363792419433594, 0.23655156791211596]] [0.6911700963973999, 0.728249192237854, 1.6388137340545654] -0.2199306488037093 0.15539853274822235
pedestrian [[-37.70533752441406, 4.479888916015852, 0.017341719940318967]] [0.6443220376968384, 0.6639851331710815, 1.742952585220337] -0.38438379764556696 0.15454916656017303
pedestrian [[-3.3398704528807457, -27.265630722045444, -1.8966474533080913]] [0.46423500776290894, 0.4479193091392517, 1.439557433128357] -0.17675530910491777 0.14842025935649872
traffic_cone [[-7.36293792724598, -4.455890655517351, -1.133480191230774]] [0.41020718216896057, 0.4073590636253357, 1.1468610763549805] 0.2441178560256972 0.14752143621444702
pedestrian [[-12.403636932373047, 53.60752868652344, 1.7186713218688823]] [0.7212252616882324, 0.7726970911026001, 1.8367305994033813] -2.641599178314209 0.14680485427379608
pedestrian [[-41.778182983398324, 1.5391197204594391, 0.5879016518592977]] [0.6657905578613281, 0.6666773557662964, 1.7057294845581055] -2.035702943801879 0.14657367765903473
pedestrian [[7.952690124511605, 19.675231933593977, -0.44280385971070757]] [0.559690535068512, 0.5682281851768494, 1.491741418838501] -2.2500767707824703 0.14572256803512573
pedestrian [[-26.612163543701172, 24.71217346191429, 0.7307740449905396]] [0.5848352909088135, 0.5882987976074219, 1.7218323945999146] -1.3997908830642685 0.1440063714981079
pedestrian [[41.29106140136719, 8.102535247802962, -0.7654581665992737]] [0.6056129336357117, 0.6099966764450073, 1.5718046426773071] 2.570814434682027 0.1439254879951477
pedestrian [[-23.111999511718636, 18.832008361816634, -0.11828643083572388]] [0.6394529938697815, 0.660231351852417, 1.6038501262664795] -0.3133159875869733 0.14130032062530518
pedestrian [[-43.0830841064452, 8.28244018554733, -0.06244860216973791]] [0.6749575138092041, 0.6980870962142944, 1.7957980632781982] -0.8313533067703229 0.1400175541639328
pedestrian [[5.523662567138672, 43.440910339355696, 1.3491973876953125]] [0.6196905374526978, 0.6236540079116821, 1.7371175289154053] 2.976738754902975 0.1399363875389099
pedestrian [[6.719448089599609, 24.18904876709007, 0.1696333885192871]] [0.49471431970596313, 0.4915986657142639, 1.4932777881622314] -2.603719711303711 0.1385517567396164
pedestrian [[-21.998554229736328, 16.88893127441429, 0.391118526458726]] [0.6557450890541077, 0.6662216186523438, 1.7559641599655151] -0.6103109121322615 0.13720883429050446
pedestrian [[36.47101593017567, 32.24349212646507, 0.2826595604419708]] [0.6946659684181213, 0.7443646192550659, 1.7779653072357178] -2.6757764816284184 0.13630744814872742
pedestrian [[1.9663085937502274, -41.123016357421875, -2.2806484699249268]] [0.6198247075080872, 0.6540783643722534, 1.7310738563537598] -0.8990675806999189 0.13586151599884033
traffic_cone [[2.1175270080566406, -34.98809051513649, -2.4774165153503276]] [0.41309651732444763, 0.3991669714450836, 1.2758580446243286] -0.3104192018508892 0.13386476039886475
pedestrian [[-40.536186218261605, -0.7583045959470383, 0.6107888221740723]] [0.6930198073387146, 0.7047698497772217, 1.5643751621246338] -2.307200670242309 0.13275018334388733
pedestrian [[4.988719940185547, 23.256118774414517, -0.06531178206203947]] [0.5284578800201416, 0.5199785232543945, 1.408372402191162] -2.6102700233459473 0.13270287215709686
pedestrian [[44.65504455566395, 10.603981018066634, -0.6910782456397868]] [0.5452675819396973, 0.5580495595932007, 1.455470085144043] 2.2821643988238733 0.13190138339996338
pedestrian [[-8.214111328124886, -37.521072387695085, -1.117542266845689]] [0.6391261219978333, 0.6418542861938477, 1.7162375450134277] 0.13515853881836126 0.13159899413585663
pedestrian [[1.4064140319824219, -40.28791427612282, -2.3635866641998433]] [0.5915837287902832, 0.6153167486190796, 1.6686573028564453] -0.7030627727508532 0.13020864129066467
pedestrian [[-42.23188018798828, 0.9875907897953766, 0.5609272718429423]] [0.6859201788902283, 0.6684556007385254, 1.7176330089569092] -0.5378624200820904 0.12974445521831512
pedestrian [[18.680374145507812, 0.9090995788576492, -1.221799612045288]] [0.6488721370697021, 0.6795865297317505, 1.8287767171859741] 1.945333305989401 0.1290290504693985
pedestrian [[-18.367164611816293, -22.69663810729935, -0.44985711574554443]] [0.6335758566856384, 0.5780737400054932, 1.8160789012908936] -0.08946323394775237 0.12824715673923492
traffic_cone [[-14.204669952392464, -10.374862670897983, -0.9843385219573975]] [0.3728196918964386, 0.37791430950164795, 0.8271955251693726] -1.4143135547637924 0.1265820413827896
pedestrian [[-42.3223876953125, 29.60462188720726, 1.2351927757263184]] [0.694208025932312, 0.7025701999664307, 1.8153107166290283] -2.661189556121826 0.12603524327278137
pedestrian [[19.50189208984375, 31.99519348144554, 0.6025989651679993]] [0.6089075803756714, 0.607548713684082, 1.6995638608932495] -0.6499894261360156 0.12586632370948792
pedestrian [[-40.463104248046875, -13.432369232177507, 0.9767333269119121]] [0.644733726978302, 0.6439255475997925, 1.7605485916137695] -0.8057763576507552 0.1241513192653656
pedestrian [[45.1466064453125, 9.463539123535384, -0.5458821058273173]] [0.6365503072738647, 0.6398959755897522, 1.715387225151062] 2.9806597868548788 0.12355396151542664
pedestrian [[24.121665954589844, 33.54403686523483, 0.6935975551605367]] [0.7095468044281006, 0.6952015161514282, 1.8304959535598755] -2.863754749298096 0.1215876042842865
pedestrian [[17.35002899169922, 0.878055572509993, -1.3558154106140137]] [0.6555434465408325, 0.6549205780029297, 1.7833861112594604] 2.2433789412127894 0.12133193016052246
pedestrian [[-5.73785400390625, -14.217117309570085, -1.215520143508897]] [0.4950719475746155, 0.4876079559326172, 1.5595227479934692] 0.5315138101577772 0.12031592428684235
pedestrian [[0.3739776611328125, -38.79650497436478, -2.249021530151353]] [0.6389512419700623, 0.6435455083847046, 1.7143126726150513] 0.6000710725784314 0.12028662115335464
pedestrian [[12.136436462402344, 30.424797058105696, 0.7537442445755005]] [0.6748687028884888, 0.6440504789352417, 1.8003346920013428] -2.6658201217651367 0.11970534175634384
pedestrian [[-26.610223770141488, -11.589099884032748, 0.7078471779823445]] [0.6143041253089905, 0.6195861101150513, 1.7283565998077393] -1.6876859664916979 0.11927007138729095
pedestrian [[-51.790763854980355, 53.753669738769986, 2.1394286155700684]] [0.7048730254173279, 0.7485755681991577, 1.8581122159957886] -2.4143486022949214 0.11882690340280533
pedestrian [[-42.42917633056629, -24.386056900024187, 1.4680547714233398]] [0.6364827156066895, 0.6572535634040833, 1.7706665992736816] -1.395375728607176 0.11856430768966675
41550a1f0b0548e5823b14d95e807c7d