car [[-3.802928924560831, 14.207809448241903, -0.42641812562944637]] [1.958453893661499, 4.6297993659973145, 1.6892473697662354] -1.6297845840454104 0.8321789503097534
car [[1.062774658202784, -19.54954528808622, -2.387164354324362]] [1.8529084920883179, 4.396772861480713, 1.5830714702606201] 1.6933067480670376 0.800061047077179
car [[4.629703521728288, 40.35238647460898, 1.8063111305236603]] [1.970637559890747, 4.730654716491699, 1.7314213514328003] 1.4749099016189573 0.653749942779541
car [[8.564357757568075, 48.75508880615206, 2.1237173080444194]] [1.9398143291473389, 4.69398307800293, 1.7424392700195312] 1.477833867073059 0.6021322011947632
car [[-0.08568191528348734, 40.43280029296835, 1.6899640560149933]] [1.9698057174682617, 4.751049995422363, 1.717042326927185] -1.6697349548339848 0.5455216765403748
car [[-5.0447463989260655, 34.48519134521467, 1.2617735862731791]] [1.9783077239990234, 4.74888801574707, 1.7094814777374268] -1.7297989130020148 0.41542303562164307
car [[-10.394977569580249, 51.29964447021456, 2.5479140281677033]] [1.9830944538116455, 4.699269771575928, 1.8137099742889404] 1.7599342505084437 0.28840264678001404
car [[-5.773803710937614, 31.49482727050753, 0.9382767081260397]] [1.8389167785644531, 4.323838233947754, 1.599104642868042] -1.8334805965423588 0.17684069275856018
car [[10.977470397948878, 47.182731628417685, 2.0191218852996684]] [1.8429292440414429, 4.41594123840332, 1.6215274333953857] -1.6891212463378913 0.164882630109787
car [[-4.532230377197436, 51.28360748290976, 2.1370515823364045]] [2.064655065536499, 4.781424522399902, 1.8556222915649414] -2.1289129257202157 0.15233293175697327
car [[-41.18706130981468, -8.72005844116245, -2.8542089462280416]] [1.8318527936935425, 4.130459785461426, 1.5778635740280151] -0.32219588756561274 0.13716307282447815
car [[2.0561637878415695, 47.128852844238, 2.0194478034973002]] [1.8630883693695068, 4.3682074546813965, 1.6094701290130615] 1.4259389638900757 0.12178774178028107
truck [[0.1421699523922939, 41.020446777343466, 1.680984258651712]] [2.154787540435791, 6.040981292724609, 1.9587926864624023] -1.6950408220291144 0.22961178421974182
construction_vehicle [[-45.30328369140648, 34.42538452148392, 1.2604969739913798]] [2.319507598876953, 4.034068584442139, 2.556339740753174] -2.1366963386535645 0.22241269052028656
construction_vehicle [[-10.447551727295206, 51.87033843994101, 2.6788611412048056]] [2.3989481925964355, 6.001586437225342, 2.6924800872802734] -1.5468554496765143 0.19558481872081757
construction_vehicle [[-4.445335388183707, 51.208854675292685, 2.3689475059509064]] [2.4156229496002197, 4.342380523681641, 2.723545551300049] 2.7829416433917444 0.14023104310035706
construction_vehicle [[-33.96682739257852, 3.324882507324105, -1.7578357458114766]] [1.8753371238708496, 3.149470806121826, 2.162707567214966] -2.6107327938079843 0.13376595079898834
truck [[-5.05232238769554, 35.04934692382773, 1.3825066089629843]] [2.202238082885742, 5.849567890167236, 2.0048508644104004] -1.708875417709351 0.12348814308643341
construction_vehicle [[8.477180480956747, 47.82533264160128, 2.172833204269395]] [1.8176777362823486, 3.539792537689209, 2.1176042556762695] 1.4787200689315794 0.11880864948034286
construction_vehicle [[14.12823486328108, 12.264999389648153, 0.3215230405330516]] [2.8435311317443848, 6.027085781097412, 3.0881152153015137] 0.18103349208831807 0.11150645464658737
construction_vehicle [[-6.936183929443644, 39.925369262694915, 2.4715921878814413]] [2.5664923191070557, 6.177958011627197, 3.1232404708862305] 2.0338919798480433 0.10013152658939362
trailer [[15.147712707519418, 50.6702804565428, 3.0053803920745708]] [3.060910224914551, 13.268511772155762, 4.049959182739258] 1.4614938497543335 0.17211754620075226
trailer [[-9.863327026367415, 48.99611663818331, 2.462653875350931]] [1.9802049398422241, 2.3195598125457764, 2.919160842895508] -1.2834730148315432 0.13864639401435852
bus [[-10.539012908935774, 53.89950561523398, 2.8495781421661235]] [2.7475967407226562, 10.2087984085083, 3.375049352645874] -1.5087368488311774 0.13212743401527405
trailer [[-34.530937194824446, 4.500438690185092, -1.6746109724045084]] [2.153818130493164, 4.166836738586426, 2.0793538093566895] -1.230975508689881 0.10759316384792328
barrier [[5.547927856445142, -18.995365142822493, -2.5558109283447337]] [2.6684441566467285, 0.45303618907928467, 0.9719310998916626] -3.040256738662721 0.14946910738945007
barrier [[-34.53468322753935, -10.997348785400618, -3.1138103008270477]] [1.630074381828308, 0.5774639844894409, 0.8609883189201355] -1.305660724639893 0.11996345221996307
barrier [[-34.0947074890139, 2.884075164794581, -1.1812769174575948]] [2.14713716506958, 0.5632280111312866, 1.0761730670928955] -1.4509626626968388 0.10417135059833527
bicycle [[12.145263671874659, 22.56349182128878, 0.4362134039401866]] [0.5387082099914551, 1.647575855255127, 1.1234288215637207] -0.14698958396911607 0.3876013457775116
bicycle [[-24.347080230713175, 1.425510406494027, -1.8926035165786885]] [0.552759051322937, 1.5731775760650635, 1.1065711975097656] -1.6200038194656377 0.2664310038089752
bicycle [[-28.495368957519702, -0.8827362060549149, -2.233693361282363]] [0.6866523027420044, 1.8403077125549316, 1.1965184211730957] -1.0112750530242922 0.2415870577096939
motorcycle [[-30.093591690063704, 22.44533538818331, 0.20374770462510128]] [0.6334371566772461, 1.8647042512893677, 1.3806592226028442] -1.6070462465286262 0.23163802921772003
bicycle [[-9.882080078125114, 23.07543945312483, -0.1267705410718989]] [0.5124531388282776, 1.6135435104370117, 1.0545129776000977] -1.4031924009323125 0.21811340749263763
bicycle [[-29.102434158325423, -0.8684272766116692, -2.192029476165793]] [0.7128983736038208, 1.9036378860473633, 1.2103687524795532] -1.6482903957366946 0.21654757857322693
motorcycle [[-22.64168167114292, 1.4713706970210296, -2.2353329658508514]] [0.5442405343055725, 1.7203264236450195, 1.1378406286239624] -2.0724170207977304 0.1836549937725067
bicycle [[10.60463714599581, -2.7881507873538567, -1.7156255245208882]] [0.5330328345298767, 1.5690840482711792, 1.0578863620758057] -1.902788281440735 0.18203121423721313
motorcycle [[-44.853118896484716, 33.90557861328091, 1.5880364179610922]] [0.7245322465896606, 2.0105936527252197, 1.4993737936019897] -1.6792510747909553 0.16552317142486572
bicycle [[8.047546386718523, -6.309631347656534, -1.5166317224502848]] [0.5101304650306702, 1.5289708375930786, 1.1856852769851685] -0.009962916374206203 0.15457572042942047
bicycle [[-10.958045959472827, 31.386131286620696, 0.4235250353812958]] [0.7078678607940674, 1.8407270908355713, 1.3295162916183472] -1.4949994087219245 0.15265867114067078
motorcycle [[-15.372581481933764, 9.962318420409758, -1.1400468349457071]] [0.6285842061042786, 1.747053861618042, 1.2122950553894043] -0.17906248569488512 0.14118438959121704
bicycle [[7.691173553466456, 24.971321105956633, 0.6361750364303447]] [0.5815771222114563, 1.5549609661102295, 1.0797523260116577] 2.0475152174579065 0.14115561544895172
motorcycle [[-5.080234527588004, 32.173828124999716, 0.728204846382134]] [0.7380849123001099, 1.9608432054519653, 1.4701197147369385] -1.971131086349488 0.13614961504936218
bicycle [[1.6196479797361576, 43.40854644775362, 1.0920705795287944]] [0.6854760646820068, 1.789612889289856, 1.4310870170593262] 0.4823147058486942 0.135372132062912
bicycle [[-8.663757324218977, 26.65520477294882, 0.11934588849543104]] [0.5277084112167358, 1.5816422700881958, 1.0398226976394653] -1.6888751983642585 0.1346573382616043
bicycle [[-50.87282562255882, 1.5244255065914558, -1.8910231590271138]] [0.6808714866638184, 1.6176767349243164, 1.6377997398376465] 1.7047622839557093 0.13381414115428925
bicycle [[-16.063236236572493, 26.13677215576132, 0.8388360142707612]] [0.532731294631958, 1.662875771522522, 1.1203291416168213] 1.6196563879596158 0.12461209297180176
bicycle [[-15.312549591064737, 11.057571411132528, -1.1177951097488688]] [0.5128192901611328, 1.5732659101486206, 1.1155873537063599] 2.3728225866900843 0.1221737414598465
motorcycle [[10.404647827148324, 45.978950500488, 1.513955235481241]] [0.711811900138855, 2.019045352935791, 1.2729194164276123] -2.852040767669678 0.1217101663351059
bicycle [[-15.850242614746435, -8.800510406494482, -2.6147613525390696]] [0.49758803844451904, 1.5573296546936035, 1.0804250240325928] -1.7262556552886967 0.11958155781030655
bicycle [[12.747848510741733, 22.588035583495696, 0.4913697540759756]] [0.5588339567184448, 1.7219138145446777, 1.1985375881195068] -1.4761244058609015 0.11839830875396729
motorcycle [[1.6105308532713138, 44.02590942382773, 1.1735135316848542]] [0.804902195930481, 2.044491767883301, 1.4848761558532715] 0.41959941387176536 0.10766114294528961
bicycle [[-18.959228515625227, 17.719039916991903, -0.24207295477393131]] [0.6479877233505249, 1.697248935699463, 1.4039690494537354] 1.4845606088638303 0.10668575763702393
bicycle [[5.781223297119027, -19.520812988281477, -2.4874181747436594]] [0.5546987652778625, 1.558309555053711, 1.0443776845932007] -1.6648554801940925 0.10571353137493134
bicycle [[-9.40105056762701, 23.54101562499983, -0.03159965202213044]] [0.6691887378692627, 1.8244338035583496, 1.1622850894927979] -1.875342845916749 0.10503490269184113
bicycle [[-18.699069976806868, 10.572517395019247, -1.0256439447403167]] [0.5695738792419434, 1.7356624603271484, 1.285926103591919] -0.7901222705841068 0.10363259166479111
bicycle [[-10.501792907715071, -1.352569580078466, -1.1321122646332]] [0.6540501117706299, 1.5101968050003052, 1.8531688451766968] -1.5783358812332162 0.1029660627245903
bicycle [[12.375976562499773, 24.307006835937216, 0.812675058841684]] [0.5645570755004883, 1.6002728939056396, 1.1157405376434326] 2.636048142110006 0.10039918124675751
motorcycle [[-43.50709152221691, -11.698532104492415, -3.2400965690612864]] [0.7226822376251221, 1.795088529586792, 1.369856595993042] -1.8898035287857062 0.10010036826133728
pedestrian [[7.349590301513331, 10.483695983886435, -0.36736470460893855]] [0.7336931228637695, 0.9264052510261536, 1.8164242506027222] -1.6265435218811042 0.8698313236236572
pedestrian [[-11.065662384033317, 16.96773529052706, -0.109148591756842]] [0.6492797136306763, 0.7525051832199097, 1.7869288921356201] -1.7320268154144294 0.8509186506271362
pedestrian [[9.207450866698935, 16.010238647460653, -0.08017144352199779]] [0.6961743831634521, 0.8061137795448303, 1.8328545093536377] 1.3488527536392214 0.8330513834953308
pedestrian [[7.009628295897983, -13.697486877441634, -1.6182035207748626]] [0.6626865267753601, 0.81839519739151, 1.801855444908142] 1.6723383108722132 0.8254671096801758
pedestrian [[-16.648818969726733, 15.43429565429659, -0.34834527969362483]] [0.6100212335586548, 0.6285886764526367, 1.6250076293945312] -0.4623239040374756 0.8112818002700806
pedestrian [[-11.911743164062784, 17.105895996093466, -0.10217172652485829]] [0.6564375162124634, 0.7518607974052429, 1.795753002166748] -1.8448626995086677 0.8093656301498413
pedestrian [[8.68101501464821, 14.221984863280909, -0.0974775403738306]] [0.673403263092041, 0.8207750916481018, 1.7906813621520996] 1.3900262117385862 0.8082937002182007
pedestrian [[9.125869750976278, 19.60747528076132, 0.23006603121756086]] [0.6331907510757446, 0.6937090158462524, 1.7462773323059082] -1.7966361045837411 0.8000239133834839
pedestrian [[5.826286315917514, -13.90364074707054, -1.6340190172195648]] [0.6704877614974976, 0.8329571485519409, 1.7763657569885254] 1.636350456868307 0.7982048392295837
pedestrian [[-8.024288177490462, 13.863967895507528, -0.2942611575126719]] [0.6980143785476685, 0.6619876027107239, 1.7887629270553589] -0.31724822521209706 0.786339521408081
pedestrian [[5.941753387450774, -1.5582809448244461, -0.8671914339065694]] [0.7141644954681396, 0.9182306528091431, 1.8151805400848389] -1.7205613851547246 0.7837265133857727
pedestrian [[8.080448150634481, 19.120704650878622, 0.1430322378873683]] [0.6549501419067383, 0.7345013618469238, 1.749800443649292] -1.7516474723815922 0.7773261070251465
pedestrian [[-10.667625427246264, -5.8337478637698155, -1.425022602081313]] [0.6734076142311096, 0.8622138500213623, 1.7418564558029175] -1.4496874809265141 0.7679967880249023
pedestrian [[8.027530670165731, 16.271392822265227, -0.0466049946844862]] [0.6863692998886108, 0.8040546774864197, 1.7781647443771362] -1.7621812820434577 0.763846755027771
pedestrian [[-10.505084991455135, -1.2815437316897373, -1.107936263084433]] [0.7320605516433716, 0.9414769411087036, 1.7948179244995117] -1.5992233753204352 0.7405445575714111
pedestrian [[-17.512802124023665, 10.328758239745696, -0.9130062460899566]] [0.6793107390403748, 0.6966700553894043, 1.589005470275879] 2.564859215413229 0.714089035987854
pedestrian [[8.736335754394304, 21.815071105956747, 0.42339080572126875]] [0.634167492389679, 0.7077032923698425, 1.7167969942092896] -2.506876707077027 0.702782392501831
pedestrian [[10.09432220458956, 20.88722229003878, 0.4176923930644918]] [0.6617423295974731, 0.7552202939987183, 1.7709903717041016] -2.244259595870972 0.6859263181686401
pedestrian [[-19.024890899658544, 17.069679260253622, -0.25624918937685237]] [0.6408292055130005, 0.6381884813308716, 1.7705984115600586] 1.6758354345904751 0.6643416285514832
pedestrian [[-18.48762512207054, 18.302536010742017, -0.22884827852251277]] [0.6130997538566589, 0.6261916756629944, 1.6721789836883545] -2.510976076126099 0.6325396299362183
pedestrian [[-17.103263854980696, 14.60048675537081, -0.5115258693695282]] [0.5778124332427979, 0.6039779186248779, 1.5057449340820312] 0.5485948324203497 0.6265211701393127
pedestrian [[12.238433837890227, 40.37260437011679, 2.434648036956766]] [0.663064181804657, 0.6779859662055969, 1.7987020015716553] 1.847088638936178 0.614888608455658
traffic_cone [[8.549869537353231, -6.249874114990462, -1.5470871925354146]] [0.3644639551639557, 0.3678708076477051, 0.9835852384567261] 1.08245050907135 0.6068775057792664
pedestrian [[-9.780559539795036, 38.89184570312483, 1.8224227428436066]] [0.6799209117889404, 0.7415025234222412, 1.8516135215759277] 1.7803290526019495 0.5635615587234497
pedestrian [[-28.93256568908714, 20.780540466308423, -0.03657115250827303]] [0.6627622842788696, 0.7093887329101562, 1.768742561340332] 0.9038635492324831 0.5583118200302124
pedestrian [[-15.986286163330476, 14.613464355468466, -0.46453648805619707]] [0.6013197898864746, 0.6685746908187866, 1.4002015590667725] 2.16882831255068 0.5450927019119263
pedestrian [[-13.930286407471101, 15.228927612304517, -0.5356688499450826]] [0.6968286037445068, 0.8275607824325562, 1.0549994707107544] 2.5890477339373987 0.5167838931083679
pedestrian [[-18.46574401855503, 10.460426330566008, -0.9715499877930043]] [0.6305409073829651, 0.656531810760498, 1.5593174695968628] 0.2725731134414676 0.5073606967926025
pedestrian [[-43.71451950073276, 1.0144157409666832, -1.9404878616333079]] [0.6787683367729187, 0.7172659039497375, 1.8496215343475342] -2.687972068786622 0.47730931639671326
traffic_cone [[11.178810119628508, -5.910007476806925, -1.7323205471039103]] [0.3535560369491577, 0.3552272319793701, 0.8617673516273499] 1.1081072092056274 0.47068023681640625
pedestrian [[-6.171802520752294, -46.96072387695352, -4.020380973815939]] [0.6970512270927429, 0.7951552271842957, 1.9080562591552734] -1.4632879495620732 0.4641057252883911
pedestrian [[-16.430744171142805, 14.651885986327727, -0.45488229393961177]] [0.5913786888122559, 0.6493996381759644, 1.4815950393676758] 1.0163758993148808 0.4637242555618286
pedestrian [[-15.22810745239292, 14.543731689452727, -0.4884856939316151]] [0.6240590810775757, 0.7163651585578918, 1.3200610876083374] 2.437674347554342 0.45918047428131104
pedestrian [[-43.6886901855471, -4.08297348022495, -2.586999893188505]] [0.7804783582687378, 0.7838901281356812, 1.9441707134246826] -3.101618051528931 0.45450884103775024
pedestrian [[-37.33110046386753, -8.053627014160611, -2.7227060794830606]] [0.7075596451759338, 0.7317588925361633, 1.8114843368530273] -1.008081436157227 0.4496031105518341
traffic_cone [[-9.82675170898466, 22.937110900878622, -0.019080433994538737]] [0.39706331491470337, 0.39783602952957153, 1.2466826438903809] 0.9850741624832154 0.44459518790245056
pedestrian [[-49.53594970703159, -6.232765197754134, -2.880631208419807]] [0.7407625317573547, 0.7620823383331299, 1.9105112552642822] -3.0313348770141606 0.4348770081996918
pedestrian [[10.644813537597372, 23.91204833984358, 0.7069327235221721]] [0.6418731808662415, 0.6296963095664978, 1.682030439376831] -1.5845516920089726 0.43140122294425964
pedestrian [[-16.00433349609409, 15.353431701659872, -0.399395674467101]] [0.5867679119110107, 0.6324616074562073, 1.5052473545074463] -2.80660104751587 0.4291834831237793
traffic_cone [[8.270114898681413, -6.2537612915041905, -1.513128995895407]] [0.3538095951080322, 0.3626856803894043, 0.9439236521720886] 1.0622693300247192 0.4255756139755249
pedestrian [[-5.065853118896655, -50.618984222412394, -4.301646709442146]] [0.6776359677314758, 0.7473734617233276, 1.8465925455093384] 1.6101239363299769 0.42363500595092773
pedestrian [[-18.977680206299112, 17.716094970702727, -0.27071768045427547]] [0.6218773126602173, 0.629557728767395, 1.689884066581726] 2.5222466627704065 0.41107574105262756
pedestrian [[-4.931152343750284, -53.116474151611726, -4.319951057434118]] [0.6723873019218445, 0.7244961261749268, 1.7634601593017578] 1.7782095114337366 0.39430078864097595
traffic_cone [[-15.447616577148665, 0.3446846008299076, -2.0234920978546214]] [0.3449256122112274, 0.34695205092430115, 0.7560814619064331] 0.048661112785339584 0.3904036581516266
pedestrian [[-39.34737777709995, -8.703586578369368, -2.939030170440695]] [0.6141873598098755, 0.6350820064544678, 1.586490273475647] 3.016166035329 0.3633435368537903
pedestrian [[-18.301914215088175, 10.058868408202727, -1.0668566226959513]] [0.586798906326294, 0.602689266204834, 1.5021873712539673] 0.9897671937942504 0.353905588388443
pedestrian [[-40.52846527099621, -0.9821281433107742, -2.419549942016623]] [0.6595544815063477, 0.6662482023239136, 1.68381667137146] -0.15156161785125713 0.3510967791080475
pedestrian [[-51.45554351806675, -8.042648315430142, -3.2152085304260396]] [0.7270570993423462, 0.7580168843269348, 1.9029924869537354] -1.3376063108444218 0.34309887886047363
pedestrian [[-18.366947174072607, 10.963699340819915, -0.9267928004265045]] [0.6274433135986328, 0.6491169333457947, 1.50864839553833] -0.6247728466987613 0.3137483596801758
pedestrian [[-31.615348815918367, 17.82154846191372, -0.6659675836563324]] [0.5837827324867249, 0.5970962047576904, 1.6096744537353516] 0.3034062385559085 0.313657283782959
pedestrian [[-14.83848190307657, 14.586547851562102, -0.49114257097247105]] [0.5983070135116577, 0.6637716293334961, 1.1570794582366943] 2.461318318043844 0.29841312766075134
pedestrian [[-30.09688568115257, 22.416610717773153, 0.17119327187535305]] [0.6827338933944702, 0.727112889289856, 1.6840426921844482] -1.664467930793763 0.29531329870224
pedestrian [[-50.760890960693644, -10.36897659301792, -3.367010354995749]] [0.6090048551559448, 0.6192053556442261, 1.7436463832855225] -2.0593233108520512 0.2841690480709076
pedestrian [[-20.672855377197493, 24.824699401855185, 0.7510553598403789]] [0.6460687518119812, 0.6730182766914368, 1.7973675727844238] -0.7361382842063904 0.28408923745155334
pedestrian [[13.12342071533169, 23.20124816894503, 0.6198375225066997]] [0.5538384914398193, 0.58452308177948, 1.501208782196045] -2.713821887969971 0.2752377390861511
pedestrian [[12.321159362792741, 22.463729858398267, 0.40040594339369306]] [0.5924187302589417, 0.6433374285697937, 1.4407906532287598] -1.3259040117263796 0.2693311870098114
pedestrian [[-4.534229278564794, -50.20589447021513, -4.311419486999519]] [0.6715813875198364, 0.7367812395095825, 1.8172247409820557] 1.5803154150592253 0.2692038416862488
pedestrian [[-39.87659454345743, -8.048862457275732, -2.8906931877136515]] [0.6223276257514954, 0.6691838502883911, 1.5407131910324097] -1.9631636142730717 0.2594790458679199
pedestrian [[-17.685913085937727, 10.973396301269247, -0.9496053457260345]] [0.6272556781768799, 0.6707785129547119, 1.4347167015075684] -2.464578151702882 0.25234395265579224
pedestrian [[-5.501647949219034, -51.18502807617227, -4.312428474426291]] [0.6715235710144043, 0.7260038256645203, 1.8302717208862305] 1.6269739309894005 0.24988135695457458
pedestrian [[-20.32682800292997, 8.096469879150106, -1.270972013473532]] [0.5527390241622925, 0.5564543008804321, 1.6257296800613403] 0.8997398614883427 0.24560940265655518
pedestrian [[8.69007492065407, 16.338134765624716, -0.06478247791530833]] [0.6772536039352417, 0.799739420413971, 1.7828928232192993] -1.0533957481384282 0.24031133949756622
traffic_cone [[7.613006591796477, -6.249145507812841, -1.5619540214538858]] [0.33877667784690857, 0.34071412682533264, 0.8557705879211426] 1.4234017133712769 0.233864888548851
pedestrian [[-18.44641494750988, 17.89212036132784, -0.23877617716791377]] [0.6321319341659546, 0.6528264284133911, 1.695062279701233] -3.003781318664551 0.22736993432044983
pedestrian [[-22.593236923218, 9.81128692626936, -1.4016977548599456]] [0.6165587306022644, 0.6800706386566162, 1.355140209197998] -2.8208756446838383 0.21215933561325073
pedestrian [[-51.31537246704141, -10.367855072021825, -3.3611731529236124]] [0.6315918564796448, 0.6434720754623413, 1.7792036533355713] -0.49453747272491455 0.21107546985149384
traffic_cone [[5.803745269775163, -19.41145324707071, -2.5084917545318817]] [0.34869393706321716, 0.34888190031051636, 0.8653002977371216] -1.884154319763184 0.20612739026546478
pedestrian [[-51.348846435547046, -11.863594055175895, -3.524113178253195]] [0.619723916053772, 0.6265990138053894, 1.7203105688095093] 0.7756284475326541 0.20177389681339264
pedestrian [[12.34713745117159, 24.37154388427706, 0.8127424716949321]] [0.5828111171722412, 0.5962298512458801, 1.6054999828338623] -2.1414806842803955 0.20158065855503082
pedestrian [[8.582916259765284, 19.072463989257415, 0.1445266306400086]] [0.6739357709884644, 0.7734308242797852, 1.7581055164337158] -1.754653215408326 0.20110191404819489
pedestrian [[11.854995727538665, 40.12254333496054, 2.3863046169280793]] [0.6794434189796448, 0.7335358262062073, 1.7492876052856445] 2.272250000630514 0.1999090313911438
pedestrian [[-51.34194946289085, -8.50211715698265, -3.27692747116091]] [0.6624184250831604, 0.6917622089385986, 1.8194353580474854] -1.3941528797149663 0.19756793975830078
pedestrian [[-24.33021354675327, 1.5150756835935226, -1.9811356067657684]] [0.6443628668785095, 0.6942896246910095, 1.3584131002426147] -0.3875739574432374 0.19724243879318237
pedestrian [[-47.22267150878929, -8.678436279297216, -3.165268659591689]] [0.6414240598678589, 0.673646092414856, 1.6987367868423462] -1.475606203079224 0.19689545035362244
pedestrian [[8.863239288329737, 19.906929016112883, 0.22592988610264797]] [0.6384273767471313, 0.7074697017669678, 1.7158528566360474] -1.8565192222595217 0.19083425402641296
pedestrian [[-19.338928222656477, 18.117004394530966, -0.2825931310653971]] [0.6543720960617065, 0.6871017217636108, 1.7391070127487183] -0.7755509018898012 0.18874508142471313
pedestrian [[13.049201965331804, 23.556922912597372, 0.7201808691024638]] [0.5724612474441528, 0.5972761511802673, 1.5627734661102295] -2.451224803924561 0.1868065595626831
pedestrian [[7.952850341796648, 24.384521484374716, 0.8020360469817973]] [0.6652121543884277, 0.7192639112472534, 1.7594881057739258] -2.861833572387696 0.18471844494342804
pedestrian [[-4.66589736938505, -53.57030487060592, -4.137486457824728]] [0.7269193530082703, 0.7931464910507202, 1.8005491495132446] 1.6292179266559048 0.1828710436820984
pedestrian [[11.806030273437159, 22.58908081054659, 0.38156402111051335]] [0.5440553426742554, 0.5797332525253296, 1.294047236442566] -1.3759737014770514 0.1826903522014618
pedestrian [[-47.605850219726676, -8.164688110351676, -3.2307887077331756]] [0.6378846168518066, 0.6673096418380737, 1.6968623399734497] -1.9249550104141244 0.1822490394115448
pedestrian [[-49.05820083618181, -11.894176483154524, -3.317302703857443]] [0.66193026304245, 0.7070212364196777, 1.6715972423553467] -0.7322133183479312 0.1799541413784027
pedestrian [[12.699905395507471, 22.522285461425497, 0.4185173511504985]] [0.5801332592964172, 0.6292873620986938, 1.4518495798110962] -2.0878324508667 0.17740005254745483
