car [[-8.118785858154524, 10.498855590820085, -0.4654548168182515]] [1.9421532154083252, 4.736413478851318, 1.8229482173919678] -1.574974298477173 0.8712416887283325
car [[-8.289417266845852, 4.559833526611101, -0.8093847632408284]] [1.9233062267303467, 4.783900737762451, 1.6588356494903564] -1.552109479904175 0.8654817342758179
car [[8.012046813964808, -6.352157592773665, -1.2565526962280273]] [1.9302136898040771, 4.5948567390441895, 1.6107233762741089] 3.1159027258502414 0.8416895866394043
car [[7.6325721740722265, 7.050811767578125, -0.49772289395332336]] [1.9180303812026978, 4.541591167449951, 1.6838722229003906] -3.078473091125488 0.8149033188819885
car [[8.494758605956939, -3.8525581359865555, -0.9733481407165527]] [2.128675937652588, 5.087890625, 1.9252705574035645] -3.1175475120544425 0.8146259784698486
car [[-7.633987426757969, -10.087238311767805, -1.4565845727920532]] [1.9681296348571777, 4.770923614501953, 1.8280209302902222] -1.5614447593688965 0.8052888512611389
car [[8.105030059814332, -17.624969482422102, -1.640190601348877]] [1.9762907028198242, 4.6357598304748535, 1.7486040592193604] 0.0020533800125114884 0.8049553632736206
car [[20.670463562011584, -3.82435607910179, -1.362119793891921]] [1.944410800933838, 4.472428798675537, 1.6375534534454346] 0.061559557914732804 0.8046609163284302
car [[-7.949836730957255, -21.728763580322493, -2.1342732906341553]] [1.9431824684143066, 4.748595714569092, 1.6531982421875] -1.522177338600159 0.7950544357299805
car [[-7.923500061035384, -16.056812286376953, -1.7462346553802632]] [1.8974225521087646, 4.42461633682251, 1.7442859411239624] -1.5913150310516362 0.7894386649131775
car [[7.675624847412063, 9.926979064941179, -0.5137689113616943]] [1.8659238815307617, 4.370760917663574, 1.5284898281097412] -3.0693776607513423 0.7865387201309204
car [[8.287155151366978, -36.81331634521507, -2.3431167602539205]] [2.070387840270996, 4.822328090667725, 1.9125425815582275] 0.021651029586791347 0.7810688018798828
car [[20.627510070800678, -20.139720916748274, -2.0162606239318848]] [1.9303460121154785, 4.495649337768555, 1.6601535081863403] -0.02057826519012582 0.7608723640441895
car [[20.192840576171776, 8.279266357421648, -0.7489151358604431]] [1.8211411237716675, 4.298421859741211, 1.525054931640625] 3.1084883848773406 0.7554011344909668
car [[19.987915039062393, 1.7085838317866546, -1.006533980369582]] [1.9333574771881104, 4.572189807891846, 1.7266881465911865] 0.05524802207946658 0.7517073750495911
car [[8.308208465576136, -14.791217803955078, -1.5329924821853638]] [1.9552831649780273, 4.589385509490967, 1.7820638418197632] -3.1025557518005367 0.7374377846717834
car [[-7.900001525879063, -29.04858779907272, -2.541238307952895]] [1.9736758470535278, 4.801347732543945, 1.62632155418396] -1.606290698051453 0.73581862449646
car [[-7.543846130371211, -2.8837776184084305, -0.8003322482109212]] [2.143171787261963, 5.620335102081299, 2.4082887172698975] -1.5664891004562382 0.7181504368782043
car [[-7.859947204589982, 22.67314147949196, -0.06294895708562365]] [1.926056981086731, 4.704732894897461, 1.5672807693481445] -1.5858597755432131 0.6694775819778442
car [[-7.515003204345888, -48.427787780761946, -3.6001336574554443]] [1.8579497337341309, 4.31097936630249, 1.6409931182861328] -1.6230406761169434 0.6694209575653076
car [[-3.4117889404298296, -32.57437515258789, -2.6432690620422363]] [1.9417451620101929, 4.732696533203125, 1.6282423734664917] -1.5873389244079592 0.6296608448028564
car [[-0.20197677612311082, -37.549186706543196, -2.611845016479492]] [2.005190849304199, 4.572462558746338, 1.7702717781066895] 1.5702458620071407 0.607604444026947
car [[-6.448348999023608, 40.998435974120866, 0.9536094069480896]] [1.8431742191314697, 4.434653282165527, 1.574159860610962] -1.3797172307968144 0.5761252641677856
car [[14.807189941406133, 39.20968627929665, 1.1476141214370728]] [1.871982455253601, 4.302051544189453, 1.6122480630874634] 0.025181889533995663 0.5336912274360657
car [[8.149230957031133, -44.80573272705101, -2.711398124694824]] [1.9574235677719116, 4.565913200378418, 1.8034884929656982] 0.017101883888243605 0.4757078289985657
car [[8.001403808593686, -39.430152893066634, -2.6061201095581055]] [2.064866542816162, 4.788474082946777, 1.8146543502807617] -3.137921810150146 0.47152039408683777
car [[20.723304748535035, -11.885677337646712, -1.5588319301605225]] [2.014162063598633, 4.666549205780029, 1.7794442176818848] -0.10153257846832368 0.44957900047302246
car [[20.546531677246, -14.80563735961914, -1.702926754951477]] [2.0157382488250732, 4.7099103927612305, 1.7996424436569214] -0.023511171340943653 0.418544739484787
car [[20.19506835937489, -22.95595932006836, -2.1892306804656982]] [1.9820475578308105, 4.557126998901367, 1.6978310346603394] -0.04185485839843858 0.4091608226299286
car [[13.980613708496072, 49.577415466308594, 1.7092704772949219]] [1.9881882667541504, 4.661550045013428, 1.734470248222351] -3.095094919204711 0.39191341400146484
car [[8.171306610107237, -50.58912658691406, -3.1515519618988037]] [1.9388785362243652, 4.498915672302246, 1.6634668111801147] -3.0690107345581046 0.34148573875427246
car [[14.664680480956935, 44.60487365722656, 1.56579744815825]] [1.9330592155456543, 4.506326198577881, 1.6660023927688599] -3.084544420242309 0.31207266449928284
car [[20.5808639526366, -9.179466247558821, -1.5890759229660034]] [1.9926599264144897, 4.605971336364746, 1.7014234066009521] -0.016318082809449005 0.2851901948451996
car [[14.73925018310528, 41.759765625, 1.3418138027191162]] [1.8831515312194824, 4.398492813110352, 1.6351661682128906] -3.0924892425537105 0.2613547444343567
car [[8.175399780273345, -47.68653869628952, -2.9895501136779927]] [1.9051629304885864, 4.388095378875732, 1.6469238996505737] -3.0654244422912593 0.25905030965805054
car [[27.3384017944336, 25.432861328125, 0.5080672502517842]] [2.132474660873413, 5.125985622406006, 1.9797152280807495] -1.543366074562073 0.24022771418094635
car [[-8.169467926025433, 16.524917602539062, -0.219225734472289]] [2.075775384902954, 5.76371955871582, 1.9103145599365234] -1.5413544178009035 0.23877641558647156
car [[-7.4858398437501315, -36.89839935302757, -2.37133526802063]] [2.3861312866210938, 5.988918781280518, 2.778347969055176] -1.5823985338211062 0.22655430436134338
car [[14.116943359374943, 47.059288024902344, 1.629692792892456]] [1.9251959323883057, 4.543522834777832, 1.6743133068084717] -3.0825419425964347 0.22002437710762024
car [[26.768692016601502, 41.6092834472654, 1.5030646324157715]] [1.9430818557739258, 4.570053577423096, 1.7401533126831055] -1.7109007835388184 0.21237945556640625
car [[8.071704864501818, -53.66276168823288, -3.1982994079589986]] [2.0770504474639893, 4.863921165466309, 1.8044414520263672] -3.127318382263183 0.20088058710098267
car [[8.128482818603342, -42.24760437011764, -2.888849973678603]] [1.9032886028289795, 4.40288782119751, 1.638188123703003] -3.122947454452514 0.1752658486366272
car [[27.332130432128814, 39.864662170410156, 1.3684725761413432]] [1.9588615894317627, 4.594094276428223, 1.7491285800933838] -2.8023967742919917 0.1703849732875824
car [[-7.509922027588029, -42.257553100586165, -3.027219772338867]] [1.9654488563537598, 4.603339672088623, 1.648811936378479] -1.5994793176651003 0.15830852091312408
car [[20.144981384277308, -25.52174949646019, -2.367464065551772]] [1.944695234298706, 4.44080114364624, 1.6635627746582031] -0.0250072479248057 0.13185317814350128
car [[20.742889404296754, -6.405975341797102, -1.5202510356903218]] [1.8791248798370361, 4.365708351135254, 1.5454742908477783] 0.042568087577819005 0.12216898798942566
car [[32.10829162597645, 39.262161254882585, 1.596709966659546]] [1.957066535949707, 4.5440754890441895, 1.7609732151031494] 1.151487231254577 0.11760512739419937
car [[29.139587402343594, 39.931129455566406, 1.497757077217102]] [1.9583792686462402, 4.576222896575928, 1.8077362775802612] 1.7777045408831997 0.11086815595626831
car [[12.393440246581914, 50.728950500488054, 1.6672769784927368]] [1.8629262447357178, 4.350458145141602, 1.6516952514648438] -1.775436878204346 0.1081981286406517
car [[-7.519695281982596, -53.07788467407249, -3.201603651046767]] [1.8719232082366943, 4.4646711349487305, 1.6015301942825317] -1.9796223640441895 0.10336190462112427
car [[18.905838012695156, -51.30105209350609, -3.506842613220229]] [1.9188745021820068, 4.481553554534912, 1.6990556716918945] -0.07434880733490097 0.1001383513212204
truck [[-7.47618103027358, -36.8848571777346, -2.4048588275909566]] [2.400660991668701, 5.938983917236328, 2.7349939346313477] -1.5685223340988161 0.7769164443016052
truck [[-8.148571014404489, 16.51781463623047, -0.22692617774009705]] [2.0612497329711914, 5.614527702331543, 1.8920296430587769] -1.526041626930237 0.737001359462738
truck [[27.349014282226463, 25.99144744873024, 0.4811960458755493]] [2.3665695190429688, 6.307541370391846, 2.173264265060425] 2.1786959807025363 0.28016191720962524
truck [[8.104907989501918, -44.808082580566634, -2.6119203567505025]] [1.9902962446212769, 4.842342853546143, 1.936350703239441] 0.004118442535399535 0.2581457197666168
truck [[14.733963012695153, 44.586082458495866, 1.5739680528640747]] [1.9135775566101074, 4.848715782165527, 1.7467617988586426] 0.05310094356536794 0.19886964559555054
truck [[8.115047454833814, -39.41345977783226, -2.5316784381866597]] [2.1241002082824707, 5.24432897567749, 1.956905484199524] 0.005129575729368994 0.18411698937416077
truck [[-7.530750274658352, -2.8631172180178055, -0.8004900813102722]] [2.1106185913085938, 5.577602386474609, 2.2648403644561768] -1.555166006088257 0.18187198042869568
truck [[15.251564025878707, 39.21727752685524, 1.3337697982787944]] [2.0069189071655273, 4.998472213745117, 1.8602149486541748] -0.016623258590699547 0.17141790688037872
truck [[8.647720336913942, -50.5850639343264, -3.2732884883880615]] [2.0353610515594482, 5.280820846557617, 1.8532447814941406] -0.019567012786866175 0.16266295313835144
truck [[27.909378051757713, 39.36065673828125, 1.2056711912155151]] [2.2585320472717285, 6.219951629638672, 2.171921968460083] 2.8604963461505344 0.16260378062725067
truck [[14.12242126464843, 46.99358367919899, 1.7312506437301494]] [1.9896636009216309, 5.266582489013672, 1.7912092208862305] 1.0775827169418328 0.1454559713602066
truck [[14.152908325195305, 49.58251953124977, 1.8052369356155396]] [1.9988389015197754, 4.970821380615234, 1.850577473640442] -3.074933767318725 0.14446324110031128
truck [[8.126693725585827, -21.2439689636235, -1.053122639656067]] [2.2113144397735596, 4.9695143699646, 3.0000805854797363] 2.975483004246848 0.1287923902273178
truck [[27.30374145507797, 41.683128356933594, 1.429955244064331]] [2.1802587509155273, 5.751873016357422, 2.198526382446289] -2.2368705272674556 0.12589767575263977
truck [[20.597480773925618, -22.95691871643089, -2.168062925338745]] [2.1067466735839844, 5.4380998611450195, 1.8967154026031494] 3.0599506537066863 0.12382212281227112
truck [[15.219612121581914, 41.78813934326149, 1.5519555807113505]] [2.0011961460113525, 5.077450752258301, 1.8705193996429443] 0.01554548740386871 0.12298867851495743
construction_vehicle [[11.073127746581932, 27.345130920410156, 0.5439877510070801]] [2.1340341567993164, 5.25385046005249, 2.2774529457092285] -1.701740026473999 0.11513077467679977
truck [[20.657608032226438, -11.856346130371321, -1.6041072607040547]] [2.0234756469726562, 5.2176079750061035, 1.8647277355194092] 3.0901811758624484 0.11112798750400543
truck [[8.118640899658164, -53.15954971313499, -3.3770685195922994]] [2.028433084487915, 5.213554859161377, 1.8450281620025635] -0.04192936420440759 0.10825895518064499
construction_vehicle [[45.325576782226534, 37.568359375, 3.179389476776109]] [2.7516541481018066, 4.556468486785889, 3.252666711807251] -1.7386620044708252 0.10554520040750504
trailer [[-9.908302307129045, 49.550071716308366, 2.5274996757507324]] [2.629505157470703, 7.199031352996826, 3.4944472312927246] -0.8524518013000496 0.11550603806972504
trailer [[-4.515773773193448, 53.77008056640625, 2.883317232131972]] [2.998345375061035, 15.758011817932129, 4.212775707244873] -2.136665821075439 0.10258887708187103
barrier [[-13.009948730468803, -33.3455619812014, -1.852102518081665]] [2.413337469100952, 0.27995938062667847, 1.0229460000991821] -0.21579241752624664 0.24625219404697418
barrier [[-13.311416625976754, -33.361568450927734, -1.940131902694688]] [2.369633436203003, 0.29505985975265503, 1.0201120376586914] 0.05181574821472036 0.17790207266807556
barrier [[-13.508384704590004, -35.07027435302757, -2.096374750137329]] [2.141918182373047, 0.3333454132080078, 1.0169603824615479] -0.13780510425567727 0.11577286571264267
barrier [[-24.305261611938644, -6.259490966797102, 0.22275806963443756]] [2.316612482070923, 0.4954855144023895, 0.8971875309944153] 1.1908441781997674 0.10112941265106201
bicycle [[-14.15286636352544, 12.273025512695085, -0.413079679012327]] [0.5158545970916748, 1.562971830368042, 1.0727286338806152] -0.9277431964874275 0.22430311143398285
bicycle [[-23.14901542663596, 0.21770477294899138, -0.9214724302292012]] [0.5780825614929199, 1.6579704284667969, 1.2217233180999756] 2.2775362173663547 0.20035359263420105
bicycle [[-13.476020812988445, -34.48237609863304, -1.9132943153381348]] [0.5217286944389343, 1.6225790977478027, 1.218103289604187] 1.156475901603698 0.18329110741615295
bicycle [[17.747398376464766, 4.5225830078125, -1.331210494041457]] [0.506396472454071, 1.5440189838409424, 1.0889004468917847] 1.6681044737445279 0.15797632932662964
bicycle [[-23.58268356323256, -0.2574615478515625, -0.9124107360839844]] [0.5890824198722839, 1.6679476499557495, 1.1907989978790283] -2.791896820068359 0.15242081880569458
motorcycle [[24.83788299560542, 38.069480895995866, 0.5116276741027832]] [0.9015832543373108, 2.337001323699951, 1.7193524837493896] -1.149500966072083 0.1351352334022522
bicycle [[-13.043930053711101, 2.049205780029297, -0.5506581664085388]] [0.5002795457839966, 1.5036102533340454, 1.052890658378601] -2.84076452255249 0.1245400682091713
bicycle [[-36.8020782470705, 29.053413391113054, 0.22779196500778198]] [0.6426177024841309, 1.6875747442245483, 1.3016235828399658] 2.5187609831439426 0.11491256952285767
traffic_cone [[11.11083221435532, -0.6973266601564774, -1.37270188331604]] [0.38017672300338745, 0.3839889466762543, 0.7433854341506958] 2.879608456288474 0.8379731178283691
pedestrian [[-3.985946655273601, 29.47713470458939, 0.5540924668312073]] [0.7293944358825684, 0.8518861532211304, 1.8052419424057007] -2.9113574028015132 0.7297470569610596
traffic_cone [[17.721397399902305, 4.591182708740007, -1.2656958103179932]] [0.35479745268821716, 0.3585592806339264, 0.7446935176849365] -2.8920521736145015 0.5620221495628357
traffic_cone [[-23.222005844116392, -0.07349777221702425, -1.0443677902221822]] [0.38808155059814453, 0.39354705810546875, 1.113110065460205] -0.5759866237640388 0.2145950198173523
traffic_cone [[10.490699768066381, 29.66278076171875, 0.3151027262210846]] [0.3832700550556183, 0.3784472942352295, 0.8651266694068909] -2.4796009063720703 0.1939968466758728
traffic_cone [[25.630996704101484, 39.97390747070267, 1.2657185792922974]] [0.6639882326126099, 0.6752715110778809, 1.5368256568908691] -1.8274279832839968 0.1388789862394333
traffic_cone [[-13.306205749511886, -34.276248931884766, -2.1094729900360107]] [0.3909825384616852, 0.3953530192375183, 1.2921215295791626] 2.755000416432517 0.13642190396785736
traffic_cone [[7.711170196533086, -31.281349182129134, -1.8092291355133057]] [0.3869642913341522, 0.37976282835006714, 1.431766152381897] 1.7430861631976526 0.1298566460609436
traffic_cone [[-6.450359344482564, -33.87774658203125, -2.8181796073913574]] [0.4260607063770294, 0.41352972388267517, 1.3036361932754517] -1.683746933937073 0.12913884222507477
traffic_cone [[24.13143920898425, -0.9528961181642899, -1.0255687236785889]] [0.3768346309661865, 0.365192711353302, 0.8625029921531677] -3.0249185562133785 0.11661700904369354
traffic_cone [[-13.418235778808697, -0.24933624267578125, -0.955623209476471]] [0.39773619174957275, 0.3955782353878021, 1.1755868196487427] -0.09774029254913437 0.11317260563373566
pedestrian [[-7.5523796081544, -0.3165931701660156, -1.0736198425292969]] [0.5619994401931763, 0.5919017791748047, 1.4006452560424805] -1.6004160642623904 0.11295006424188614
traffic_cone [[24.142623901367113, -6.436149597168196, -0.7162497639656209]] [0.4548960328102112, 0.45806199312210083, 1.4185388088226318] 2.632776085530417 0.1084713488817215
traffic_cone [[10.996383666992042, 37.067543029785156, 0.8129456639289714]] [0.40796780586242676, 0.4109309911727905, 1.2606686353683472] 2.381820503865378 0.1033889427781105
traffic_cone [[24.091384887695256, -1.4272689819335938, -1.151221513748169]] [0.37721797823905945, 0.3689934015274048, 0.8337286114692688] -3.1084511280059806 0.10327336192131042
traffic_cone [[10.426261901855373, 28.42522430419922, 0.39024242758752337]] [0.4035094976425171, 0.3995254337787628, 1.0775249004364014] -3.030187606811523 0.1024019867181778
pedestrian [[-13.053234100341978, 6.706020355224609, -0.4329591691493988]] [0.4705478847026825, 0.4664740264415741, 1.3764309883117676] -0.07580459117889501 0.10190238058567047
