car [[15.240592956543125, -2.7820320129396805, -1.5133798122405864]] [1.9248173236846924, 4.496491432189941, 1.6941063404083252] 0.020519733428955435 0.8618049621582031
car [[14.777076721191577, 17.07328796386696, -0.9261689186096049]] [1.845647931098938, 4.340343475341797, 1.5570555925369263] -3.0503478050231942 0.8304365277290344
car [[15.240539550781477, 12.397888183593523, -1.2422091960906698]] [1.854257345199585, 4.3060760498046875, 1.53676176071167] 3.111592117940084 0.8288726210594177
car [[-5.679294586181484, -0.49137115478515625, -0.9327162504195883]] [1.8555257320404053, 4.701328277587891, 1.5197489261627197] -1.583810329437256 0.8239101767539978
car [[-7.930961608886491, -18.70928192138672, -1.5057891607284262]] [1.8822704553604126, 4.693787097930908, 1.5383214950561523] -1.641517162322998 0.7958700656890869
car [[14.802696228027457, 9.883495330810547, -1.3095047473907186]] [1.868123173713684, 4.3121795654296875, 1.5126453638076782] -3.1357331275939946 0.7944362163543701
car [[15.371070861816577, 14.825019836425781, -1.1002166271209575]] [1.7540026903152466, 4.018590927124023, 1.4818073511123657] -2.9929695129394536 0.7663167715072632
car [[14.842391967773622, -0.23691177368164062, -1.5303666591644145]] [1.8801759481430054, 4.3155646324157715, 1.5549473762512207] -3.1262159347534184 0.7650624513626099
car [[-8.51663589477522, -31.019224166870345, -1.6549237966537191]] [1.9786186218261719, 4.712899208068848, 1.8340190649032593] -1.5809510946273806 0.7515639066696167
car [[7.31699371337902, -32.02587509155251, -2.231617450714097]] [1.8896543979644775, 4.379795074462891, 1.5679705142974854] -3.114012718200684 0.7447993755340576
car [[14.180389404296989, 4.870429992675781, -1.2999286651611186]] [1.9946296215057373, 4.620746612548828, 1.6535592079162598] -3.135243892669678 0.7412104606628418
car [[14.278167724609546, 7.448829650878906, -1.2314450740814067]] [1.9008160829544067, 4.358708381652832, 1.6532331705093384] 3.1002832094775594 0.7410378456115723
car [[7.496524810791186, -45.83058929443382, -2.696625232696533]] [2.0132265090942383, 4.641033172607422, 1.7761261463165283] -3.139480113983155 0.7363312244415283
car [[27.869262695312756, -1.9593086242678055, -1.8752121925353862]] [1.9873290061950684, 4.5292487144470215, 1.784167766571045] -0.033386111259460324 0.7356817722320557
car [[14.65008544921892, 22.04942321777321, -0.8059337735175944]] [1.9230282306671143, 4.510530471801758, 1.6027684211730957] -3.0706179141998295 0.734161376953125
car [[14.50002288818375, 2.2961845397946945, -1.5364842414855957]] [1.77305006980896, 4.179483413696289, 1.4836804866790771] -3.1073517799377446 0.7335338592529297
car [[19.41332244873064, -40.54214096069313, -3.0514848232269003]] [1.9400460720062256, 4.567632675170898, 1.702577829360962] 0.01732456684112573 0.7304903268814087
car [[-0.790248870849382, -34.61138916015625, -1.985267639160142]] [1.9633970260620117, 4.541741847991943, 1.715212106704712] 1.5397733449935913 0.7248655557632446
car [[15.230850219726705, 27.324180603027344, -0.5037504434585287]] [1.930485725402832, 4.442331314086914, 1.6374613046646118] 3.086673800145284 0.7164782285690308
car [[13.992874145507969, -26.146596908569336, -2.01848196983336]] [2.0070366859436035, 4.653018951416016, 1.7038198709487915] 3.082064930592672 0.686028778553009
car [[46.39532470703146, 20.032546997069858, -1.0394730567931987]] [2.0211293697357178, 4.603034973144531, 1.758384108543396] -0.07273697853088354 0.6826349496841431
car [[7.387187957763771, -34.95972442626953, -2.2288885116576864]] [2.018693447113037, 4.700206756591797, 1.759798288345337] -3.104368925094605 0.6811851859092712
car [[15.228462219238523, 19.614959716796648, -1.0007587671279623]] [1.8556239604949951, 4.257868766784668, 1.5323872566223145] -2.989697694778443 0.6781736016273499
car [[15.228103637695583, 24.813934326171875, -0.6909724473953105]] [1.9176254272460938, 4.404300689697266, 1.61990225315094] -3.1399059295654297 0.6758953928947449
car [[27.87457275390645, 3.982463836669922, -1.5529155731200888]] [1.9886878728866577, 4.562444686889648, 1.7861502170562744] 3.1140301863299764 0.6684812307357788
car [[15.171379089355582, 32.58946990966797, -0.3936539888381816]] [1.9224169254302979, 4.469298362731934, 1.586205244064331] -3.09536361694336 0.6597101092338562
car [[-8.287982940673587, -44.57924652099632, -1.7628113031387045]] [2.1884446144104004, 5.739958763122559, 2.4473490715026855] -1.5664077997207644 0.6297215223312378
car [[27.439224243164247, 1.0944976806638351, -1.7165315151214315]] [1.974492073059082, 4.4945292472839355, 1.7537943124771118] 3.086898390446798 0.6106575727462769
car [[-8.780376434326001, -37.4736633300779, -2.0386486053466513]] [2.0062670707702637, 4.933098793029785, 1.7792229652404785] -1.5616081953048708 0.6014198660850525
car [[27.353424072265838, -16.003692626953352, -2.092015743255601]] [1.9910860061645508, 4.636708736419678, 1.8193665742874146] 1.5783041159259241 0.5920817852020264
car [[14.837745666504077, 35.05748748779274, -0.11993116140362758]] [1.894614577293396, 4.367937088012695, 1.6587159633636475] -3.1000971794128422 0.5665239095687866
car [[32.594642639160355, -4.513465881348111, -1.9308402538299418]] [1.9137167930603027, 4.4382476806640625, 1.6404063701629639] 0.07459616661071841 0.5565800070762634
car [[43.69001007080104, -16.979633331298828, -2.2159039974212362]] [1.911706805229187, 4.4907121658325195, 1.7444714307785034] -1.577739477157593 0.5450619459152222
car [[46.53331756591814, -16.408710479736555, -2.3547480106353476]] [1.9898548126220703, 4.714417457580566, 1.7246233224868774] -1.5335214138031008 0.5184813737869263
car [[21.188575744629134, -15.992172241211165, -2.179351329803467]] [1.9414726495742798, 4.472437858581543, 1.6849075555801392] 1.6698372999774378 0.5149248838424683
car [[24.294326782226747, -15.955413818359602, -2.1217460632324077]] [1.9594447612762451, 4.575115203857422, 1.7125672101974487] 1.6177409330951138 0.5111259818077087
car [[27.82419586181659, 6.887645721435547, -1.6579602956771566]] [2.0357086658477783, 4.731714725494385, 1.8233792781829834] -3.057579040527344 0.4906582832336426
car [[45.98216247558611, 17.52193450927757, -1.0222948789596273]] [1.9480867385864258, 4.322640419006348, 1.7025219202041626] -0.043836116790771124 0.48856472969055176
car [[30.225624084472784, -15.832042694091797, -2.1598427295684672]] [2.020947217941284, 4.770359516143799, 1.7857578992843628] 1.5790489355670374 0.4688117206096649
car [[19.945198059082102, -46.33357620239258, -3.1964106559753134]] [2.044890880584717, 4.743067741394043, 1.8146405220031738] -0.09802770614624044 0.44271060824394226
car [[38.13184356689476, -16.010345458984602, -2.2944839000701904]] [1.8691457509994507, 4.303246974945068, 1.6366896629333496] 1.6238043943988245 0.4317018985748291
car [[29.10591888427753, 23.12986755371071, -1.1352455615997172]] [1.928627610206604, 4.3708577156066895, 1.6701304912567139] 3.08006459871401 0.42495518922805786
car [[33.869682312011975, 3.837085723876953, -1.5156534910201884]] [2.0435380935668945, 4.785283088684082, 1.7780916690826416] 3.102704826985494 0.42492416501045227
car [[28.4985809326174, 12.240089416503679, -1.4187201261520244]] [1.9748094081878662, 4.583738803863525, 1.7044845819473267] -0.007292628288268822 0.4145421087741852
car [[29.727371215820455, 25.905426025390398, -0.9431823492050029]] [2.0363574028015137, 4.558481693267822, 1.8022706508636475] 0.022347927093505814 0.4138573706150055
car [[33.156295776367415, -15.432037353515625, -2.327726840972886]] [1.8990139961242676, 4.399031639099121, 1.6492455005645752] -1.4083566665649414 0.40714752674102783
car [[18.967498779297074, -51.44474792480469, -3.4961991310119487]] [1.8628361225128174, 4.331254959106445, 1.5741033554077148] -0.08163070678710943 0.40166133642196655
car [[15.385391235351747, 29.82380676269554, -0.5326793193816997]] [1.826173186302185, 4.193078994750977, 1.5549983978271484] -3.1333427429199223 0.36570635437965393
car [[44.65560913085953, -2.0275611877441406, -1.8069905042648173]] [1.9770758152008057, 4.601321220397949, 1.7572077512741089] 3.1154578367816366 0.3616424798965454
car [[46.589378356933764, -6.958675384521484, -2.2125434875487997]] [1.9408503770828247, 4.428226470947266, 1.722229242324829] 0.17024815082550046 0.3269810676574707
car [[45.261436462402514, 3.914447784423828, -1.7020162343978598]] [1.9406038522720337, 4.43402624130249, 1.6979916095733643] -3.1164348125457773 0.31734567880630493
car [[50.110626220703296, -0.24979400634765625, -1.7828650474548056]] [1.8965487480163574, 4.39166259765625, 1.63656485080719] -2.889280796051026 0.28771376609802246
car [[7.401435852050938, -48.41865539550804, -2.8187808990478374]] [1.9558521509170532, 4.589393615722656, 1.6845883131027222] -3.1398715972900395 0.2810489535331726
car [[-8.612197875976364, -51.37238311767578, -2.295523643493624]] [1.9771597385406494, 4.651811599731445, 1.739927887916565] -1.6177090406417847 0.26184868812561035
car [[7.385704040527486, -38.71034240722679, -2.557775020599351]] [1.963543176651001, 4.57674503326416, 1.669083833694458] -3.1257753372192383 0.24000757932662964
car [[19.389007568359645, -38.017814636230696, -3.1573121547698833]] [1.9797630310058594, 4.603994369506836, 1.6768323183059692] 0.007743120193481511 0.2315835803747177
car [[14.787643432617301, 37.581436157226335, -0.050407059490666484]] [1.8624413013458252, 4.3034563064575195, 1.6165094375610352] -3.127110242843629 0.2074653059244156
car [[-4.455879211425568, 33.875823974609375, 0.6319150328636312]] [2.301532030105591, 5.877984046936035, 2.4207839965820312] -1.6397321224212649 0.206041157245636
car [[52.44860839843773, -17.01634979248047, -2.4080381393432475]] [1.9892449378967285, 4.564465522766113, 1.7513513565063477] -1.283693552017212 0.19959543645381927
car [[-19.509582519531065, 30.302749633788835, 0.49054595828057757]] [1.8914366960525513, 4.408864974975586, 1.6384114027023315] 0.007394671440124473 0.19366328418254852
car [[28.541175842285327, 20.629707336425327, -1.2694506645202495]] [1.9938267469406128, 4.510826587677002, 1.686310052871704] 3.0953791777240194 0.19000013172626495
car [[6.375305175781392, -42.99145126342796, -2.70270085334775]] [1.8937952518463135, 4.454368591308594, 1.600671648979187] -3.083652496337891 0.18748754262924194
car [[45.87116241455102, 14.673721313476562, -0.9164901971816874]] [1.979127049446106, 4.52668571472168, 1.7345060110092163] -0.02829754352569561 0.18423207104206085
car [[28.52256774902372, 28.6380615234375, -0.8646875023841858]] [1.966322660446167, 4.612154006958008, 1.7512356042861938] 0.014575600624084611 0.17474034428596497
car [[51.351341247558665, 8.171916961669695, -0.9940459728240825]] [1.9664747714996338, 4.460123538970947, 1.7510699033737183] -0.09946620464324982 0.16106568276882172
car [[49.42582702636729, -16.53818130493164, -2.4088673591613485]] [1.9185528755187988, 4.452282428741455, 1.685503602027893] -1.5578076839447024 0.14405497908592224
car [[-8.486473083495909, -24.93135643005371, -1.5068665742874003]] [2.132059097290039, 5.7134857177734375, 2.019662618637085] -1.586219668388367 0.1307290941476822
car [[28.491088867187727, 9.334770202636491, -1.647463798522935]] [1.9611008167266846, 4.5771684646606445, 1.7221789360046387] 3.0739329496966756 0.1291603446006775
car [[43.467247009277614, -3.2067146301271805, -2.0201699733733847]] [2.003582239151001, 4.681846618652344, 1.7992236614227295] 2.74062425294985 0.1264355629682541
car [[45.26801300048838, 25.538757324218523, -0.8862437605857707]] [2.0500662326812744, 4.709364891052246, 1.7900233268737793] 3.1238754431353963 0.12515141069889069
car [[-3.2128562927244957, 41.057693481445085, 0.1332870125770853]] [1.8904948234558105, 4.498749256134033, 1.6310783624649048] 0.020669579505920334 0.1250564157962799
car [[7.455581665039219, -51.33351898193382, -2.6158661842345907]] [1.9700939655303955, 4.559656143188477, 1.7046189308166504] 3.1231363455401815 0.12399359047412872
car [[19.500572204590014, -48.96471405029297, -3.2289705276488974]] [1.897631287574768, 4.3740763664245605, 1.6314764022827148] -0.17171978950500486 0.1212044358253479
car [[-18.393871307372834, 31.5125732421875, 0.5651257634163045]] [1.8355005979537964, 4.273035049438477, 1.5783119201660156] -0.868702709674835 0.12044015526771545
car [[45.32699584960952, 10.514183044433594, -1.1150221824645854]] [1.9714276790618896, 4.461360454559326, 1.725975513458252] -0.0712963342666625 0.11736457794904709
car [[-3.8702735900876775, 50.09574127197243, 0.6418217420578287]] [1.894508719444275, 4.449176788330078, 1.693027377128601] -1.4522550106048584 0.11657899618148804
car [[6.882061004638871, -53.94953918457031, -2.3300404548644735]] [1.9583556652069092, 4.592541217803955, 1.7036433219909668] 2.9827955404864706 0.11460812389850616
car [[14.743011474609574, -23.620000839233626, -1.8945790529250957]] [1.8174437284469604, 4.1382670402526855, 1.5822172164916992] -0.5968810319900509 0.11383663862943649
car [[53.77517700195327, -15.934837341308821, -2.536706924438448]] [2.005642890930176, 4.583645820617676, 1.7394880056381226] -0.3867686986923215 0.11346985399723053
car [[20.011337280273636, -43.43040084838867, -3.1941366195678427]] [1.956191897392273, 4.540720462799072, 1.675816535949707] 0.07775557041168259 0.1099952980875969
car [[-45.92873382568345, -6.294147491455078, 0.38061445951463213]] [1.9480078220367432, 4.370718002319336, 1.7184245586395264] 2.317909542714254 0.10241405665874481
construction_vehicle [[-10.584686279296761, 28.29925537109375, 0.8062155246734903]] [2.623087167739868, 7.596441268920898, 2.7934515476226807] 3.122544113789693 0.8396412134170532
truck [[-8.329910278320199, -24.9626522064209, -1.5063304901123047]] [2.0667622089385986, 5.618228912353516, 1.8983526229858398] -1.5678298473358157 0.6598789691925049
truck [[-4.457218170165831, 33.9775390625, 0.6921467781067179]] [2.298628091812134, 6.0603132247924805, 2.5584263801574707] -1.6402491331100466 0.4919188320636749
truck [[27.374076843261932, -16.443744659423828, -2.1474370956420756]] [2.0992112159729004, 5.438427925109863, 1.8980765342712402] 1.5844658056842251 0.27728408575057983
truck [[24.265983581543168, -16.432193756103516, -2.079658031463609]] [2.068110227584839, 5.408772945404053, 1.847426176071167] 1.5924027601825157 0.24440276622772217
truck [[28.401504516601747, 6.931995391845703, -1.6755924224853231]] [2.180168390274048, 5.747692108154297, 1.970339298248291] -3.0696268081665044 0.215953066945076
truck [[44.770317077636875, -2.0664634704589844, -1.7349370718002035]] [2.0454468727111816, 4.947059631347656, 1.9326555728912354] 2.967029873524801 0.2020406872034073
truck [[20.078125000000128, -46.38158798217796, -3.08554363250731]] [2.076415538787842, 5.049639701843262, 1.947335124015808] 3.034573380147115 0.18384647369384766
truck [[-8.636749267577926, -51.885490417480696, -2.331228971481309]] [2.1251251697540283, 5.3790812492370605, 1.913642406463623] -1.621763348579407 0.16680186986923218
construction_vehicle [[-45.258651733398295, -21.895183563232195, -0.589559495449052]] [1.9128649234771729, 3.3418374061584473, 2.5067028999328613] -2.94407606124878 0.16047793626785278
truck [[19.54893493652358, -40.542762756347656, -3.0591402053832866]] [2.010684013366699, 4.950559616088867, 1.8346271514892578] -3.132373094558716 0.15625031292438507
truck [[15.279304504394759, 35.07823944091774, -0.126596093177767]] [2.008103370666504, 5.0588202476501465, 1.8050172328948975] -3.0991683006286626 0.15559649467468262
truck [[28.511398315429886, 12.218772888183594, -1.3137862682342245]] [1.9858227968215942, 5.163611888885498, 1.810731053352356] -0.015943884849548375 0.1467309594154358
truck [[27.943862915039205, 3.9898605346677414, -1.6278358697891093]] [2.034670829772949, 5.013288497924805, 1.9043906927108765] 3.1328547636615194 0.14349257946014404
truck [[38.100387573242344, -16.465473175048828, -2.253068923950181]] [2.0705466270446777, 5.315489768981934, 1.8990263938903809] -1.4728249311447146 0.14322228729724884
construction_vehicle [[-12.237861633300511, -35.03514862060547, -1.1449354887008525]] [1.5358070135116577, 2.4417264461517334, 2.3349740505218506] -0.03923404216766369 0.14245884120464325
truck [[14.136215209961122, -26.157461166382063, -2.1146631240844584]] [2.0219526290893555, 5.010987758636475, 1.8134005069732666] 3.06833249727358 0.13128623366355896
truck [[21.240165710449403, -16.467266082763672, -2.150529623031602]] [2.0529887676239014, 5.377878189086914, 1.8649827241897583] 1.634059254323141 0.1301528811454773
truck [[30.23579406738301, -15.928771972656477, -2.153858423233004]] [2.005218029022217, 5.146892547607422, 1.8796968460083008] 1.5936926046954554 0.12298579514026642
truck [[28.536834716797117, 23.150421142578125, -1.11983478069304]] [1.9262537956237793, 4.6878557205200195, 1.7928638458251953] -3.097267627716065 0.12154877185821533
construction_vehicle [[-18.9189643859861, 41.72385406494118, 2.209718227386489]] [1.8291362524032593, 3.642068386077881, 2.493147611618042] 2.7355893293963827 0.12131083011627197
truck [[7.48346710205098, -48.80163955688499, -2.802004814147921]] [2.081611156463623, 5.317655563354492, 1.9530401229858398] 0.032284140586852514 0.11928921937942505
truck [[47.076011657715014, -6.948143005371094, -2.199573516845689]] [2.0499935150146484, 5.197779655456543, 1.946876049041748] -3.0143880844116215 0.11354802548885345
construction_vehicle [[28.403343200683764, -23.165086746215593, 0.45512387156489353]] [2.2928943634033203, 3.9476559162139893, 2.957300901412964] 2.710419480000631 0.11099177598953247
truck [[29.052772521972855, 28.609909057617188, -0.7179443240165426]] [2.0610666275024414, 5.37291955947876, 1.8932420015335083] 0.019220590591430865 0.10647562891244888
truck [[19.488006591797088, -51.475914001464844, -3.365783929824815]] [1.9061943292617798, 4.824843883514404, 1.7712078094482422] -0.0182029008865353 0.10505136847496033
bus [[5.27949523925794, 21.37531280517578, 0.43662583827973833]] [2.887150526046753, 9.461945533752441, 3.5728631019592285] 1.5137082338333128 0.7419232726097107
bus [[5.865501403808693, 30.870918273925554, 0.8098599910736368]] [3.0135693550109863, 10.684273719787598, 3.48569917678833] 1.5244847536087034 0.5620133280754089
barrier [[-2.1783561706540553, 39.917625427245866, -0.25624290108677883]] [1.9837603569030762, 0.5372223854064941, 0.9693121910095215] -0.11859977245330766 0.11340732127428055
barrier [[-6.228183746337734, -42.214454650879134, -2.794404029846177]] [2.5651912689208984, 0.5188974738121033, 0.9719709157943726] 0.055109381675720555 0.1038307324051857
barrier [[-2.6054840087888493, 39.889884948730014, -0.22994929552076826]] [2.041539430618286, 0.5544675588607788, 0.9763975143432617] -0.0837196111679076 0.10244026780128479
bicycle [[-11.635635375976378, -34.680168151855696, -0.8191029429435588]] [0.592707633972168, 1.6952162981033325, 1.338474988937378] 0.09116888046264626 0.26229771971702576
bicycle [[-8.136199951171747, -1.6234931945803055, -1.0735728740691854]] [0.5318804383277893, 1.5332814455032349, 1.077073335647583] -1.5330102443695068 0.2604753077030182
bicycle [[-6.705665588378665, 34.63744354248024, -0.4515760540961935]] [0.6217162013053894, 1.6264150142669678, 1.1416511535644531] -1.239015817642212 0.24090465903282166
motorcycle [[-24.89819335937483, -5.1511116027834305, 0.25238418579102984]] [0.810265302658081, 2.316297769546509, 1.597273588180542] -1.2888681888580322 0.19404980540275574
bicycle [[-12.80168151855446, 15.948135375976562, 0.10519427806141834]] [0.6400970220565796, 1.826949954032898, 1.2167506217956543] -0.7372908592224119 0.18926751613616943
bicycle [[-12.345661163329979, 12.779876708984148, 0.12490891665221682]] [0.5708794593811035, 1.6266076564788818, 1.1558560132980347] -0.5719237327575684 0.18701475858688354
bicycle [[-7.397781372070099, 31.509361267089844, 0.3145118355751322]] [0.6204099655151367, 1.6675870418548584, 1.1702914237976074] -0.9399659037590025 0.1777344048023224
motorcycle [[-24.370826721191264, -5.190341949462891, 0.352626293897643]] [0.6942678093910217, 2.042781352996826, 1.4998130798339844] -0.9538229703903196 0.17723122239112854
motorcycle [[44.78459930419935, -6.910339355468977, -2.345853805541978]] [0.7236710786819458, 1.9487895965576172, 1.4048351049423218] -1.6440354585647585 0.15535221993923187
motorcycle [[27.846115112304886, -23.585058212280273, 0.7050842046737813]] [0.6455167531967163, 1.8147740364074707, 1.1980512142181396] 1.901598278676168 0.15270784497261047
bicycle [[12.80821990966811, -17.71923446655296, -1.318558573722811]] [0.5569380521774292, 1.674575686454773, 1.1460260152816772] -2.9670672416687016 0.1461431384086609
motorcycle [[-13.532939910888402, 8.818695068359602, -0.3399640321731425]] [0.5259995460510254, 1.8317744731903076, 1.1658419370651245] 1.833698574696676 0.1452208310365677
bicycle [[13.41323089599625, 19.37620544433571, -1.194001197814913]] [0.5500924587249756, 1.5059726238250732, 0.9858385324478149] 1.687782112752096 0.1339995265007019
bicycle [[13.379966735840057, -22.629423141479492, -1.779947161674471]] [0.5366030335426331, 1.5495610237121582, 1.0973632335662842] -1.8733243942260744 0.13142400979995728
bicycle [[-8.541961669921676, -1.9850120544435867, -1.0214024782180786]] [0.6329729557037354, 1.7726444005966187, 1.2465770244598389] -1.1124829053878782 0.12806260585784912
bicycle [[-5.155086517333814, 29.76889801025368, -0.32891732454298506]] [0.5101286172866821, 1.5421123504638672, 1.0742878913879395] -0.41541624069213834 0.12386764585971832
bicycle [[-7.7071304321287215, -2.00978088378929, -1.073145866394043]] [0.655166506767273, 1.6614596843719482, 1.067800521850586] -1.8265368938446047 0.11533325910568237
motorcycle [[-18.394260406493984, 41.58665466308594, 2.1450834274292134]] [0.6885857582092285, 1.8037580251693726, 1.2710834741592407] -0.7338182330131529 0.11486928910017014
bicycle [[-8.598739624023239, 33.85920715332031, -0.21776077151297102]] [0.601959228515625, 1.6680830717086792, 1.1221513748168945] -1.6774520874023438 0.11233343183994293
motorcycle [[-19.9929771423338, -0.8313140869142899, -0.12291306257245083]] [0.9040403962135315, 2.6385605335235596, 1.7401199340820312] -1.6496872901916504 0.10843146592378616
bicycle [[-2.2250137329099857, 38.85504913330078, -0.5270350575446798]] [0.6044517755508423, 1.6936148405075073, 1.1042275428771973] 1.8647964636432093 0.10194732248783112
bicycle [[10.542137145996264, -25.421586990356445, -1.6666421890258647]] [0.5889824628829956, 1.6848620176315308, 1.142303705215454] 1.938869301472799 0.10129518806934357
pedestrian [[-10.643383026122848, -13.424564361572266, -0.9657540917396403]] [0.6430040001869202, 0.7621966600418091, 1.7215502262115479] -2.3508300781250004 0.8213958740234375
traffic_cone [[-8.052223205566278, 20.194274902343523, -0.42474588751791487]] [0.34822022914886475, 0.3606725335121155, 0.7638102769851685] -2.812853336334229 0.7616499662399292
traffic_cone [[-8.741600036620866, 20.155548095703125, -0.39119452238081465]] [0.3471359610557556, 0.3577492833137512, 0.7546945214271545] -2.834304809570313 0.744190514087677
traffic_cone [[-7.568778991699034, 20.154434204101562, -0.431851744651766]] [0.3517300486564636, 0.3682524263858795, 0.7401551008224487] -2.9542453289031987 0.7152947187423706
traffic_cone [[-9.168334960937287, 20.179412841796875, -0.36306357383726606]] [0.35055315494537354, 0.3585672676563263, 0.7359556555747986] -2.8617229461669926 0.6877901554107666
traffic_cone [[10.537796020507969, -12.427551269531477, -2.068655967712388]] [0.3729783296585083, 0.37037548422813416, 0.7401354312896729] 2.8203662077533163 0.6533064246177673
traffic_cone [[-7.312995910644332, 26.63275146484375, -0.33424115180966396]] [0.34983256459236145, 0.3529856204986572, 0.7793798446655273] -1.316043496131897 0.6060301065444946
pedestrian [[-11.127639770507642, -34.585006713867415, -1.4638304710388184]] [0.6170470714569092, 0.6713907718658447, 1.840930700302124] 1.2804981470108032 0.4670931100845337
pedestrian [[-11.676300048827855, -34.89690017700195, -1.3471916913986064]] [0.6303339600563049, 0.6856580376625061, 1.8704917430877686] -0.19090270996093767 0.4598492980003357
pedestrian [[-12.440258026122876, -34.478752136230696, -1.270663738250704]] [0.5780484676361084, 0.6032175421714783, 1.7770466804504395] 0.44938862323761014 0.4289461374282837
traffic_cone [[-5.157497406005675, 29.780822753906023, -0.20887252688406477]] [0.3843070864677429, 0.39113008975982666, 0.8891380429267883] -1.1076620817184446 0.41906145215034485
traffic_cone [[-7.115638732909986, 20.06927490234375, -0.47042828798292646]] [0.3617399036884308, 0.37342092394828796, 0.740842878818512] 3.0309682528125204 0.4104861617088318
traffic_cone [[-8.008808135986143, 26.83747100830078, -0.25665700435635586]] [0.3496805429458618, 0.35171401500701904, 0.8791988492012024] -1.5144468545913699 0.3894522488117218
traffic_cone [[-5.51766967773429, 29.750701904296875, -0.22259673476216335]] [0.37242886424064636, 0.37121346592903137, 0.9538562297821045] -0.3389680385589598 0.34875375032424927
traffic_cone [[-2.3201408386229048, 35.626716613769304, -0.23080912232397566]] [0.3712541162967682, 0.3758503794670105, 0.7859910726547241] -1.5817987918853762 0.2876409888267517
traffic_cone [[10.968650817871236, -12.337867736816634, -2.0588111877441264]] [0.38364678621292114, 0.4004584550857544, 0.7451101541519165] 2.679475132619039 0.2637087404727936
traffic_cone [[-6.328918457031065, -40.93824768066429, -2.7135450839996196]] [0.3731330633163452, 0.3779788613319397, 0.8678072094917297] 1.76239520708193 0.2507861256599426
pedestrian [[-12.147312164306456, -34.88211822509811, -1.2516561746597148]] [0.6299065351486206, 0.6731469035148621, 1.7947618961334229] -1.199369788169861 0.23046323657035828
traffic_cone [[17.68791961669932, -7.662147521972656, -2.010558128356905]] [0.41429978609085083, 0.389838844537735, 1.179421067237854] -0.23442924022674555 0.22567006945610046
traffic_cone [[-4.708778381347514, 29.75878143310524, -0.2302972376346446]] [0.3968888223171234, 0.39694488048553467, 0.9052650928497314] -1.541043281555176 0.20792260766029358
traffic_cone [[17.928298950195497, -6.887729644775391, -1.9843637943267538]] [0.3915405869483948, 0.37882721424102783, 1.152539849281311] -0.8828209042549136 0.20546811819076538
pedestrian [[-13.944133758544751, -17.738197326660156, -0.8002548813819743]] [0.5942515730857849, 0.5956327319145203, 1.757919192314148] -0.08670914173126204 0.19551953673362732
pedestrian [[-7.626228332519432, 32.01877593994118, 0.37699013948441973]] [0.6151323914527893, 0.6175662875175476, 1.6912089586257935] -0.5380088090896605 0.19199205935001373
pedestrian [[-10.57905960082985, 46.013687133788835, 1.158072948455839]] [0.6531462073326111, 0.6507828235626221, 1.734686017036438] -1.717446088790894 0.1866745799779892
traffic_cone [[-8.070823669433409, 20.42432403564453, -0.3871968388557434]] [0.36289143562316895, 0.37716954946517944, 0.7889837026596069] 2.916948858891622 0.18635883927345276
traffic_cone [[-2.2941017150877627, 39.11340332031227, -0.1775446981191351]] [0.4221791625022888, 0.4289376139640808, 0.8445663452148438] 0.1016751527786254 0.18133500218391418
traffic_cone [[-8.640613555907962, 30.27738952636696, 0.049277115613250544]] [0.42147913575172424, 0.41980570554733276, 1.2216699123382568] -0.9783144593238833 0.1775132715702057
pedestrian [[-7.0628051757810795, 31.32757568359375, 0.07802148908379536]] [0.49579209089279175, 0.5019518136978149, 1.3512681722640991] -0.221714735031128 0.17168700695037842
traffic_cone [[-9.20439147949206, 20.412361145019304, -0.3338378071784831]] [0.3643397390842438, 0.3764592111110687, 0.7653918266296387] 2.9753921667682093 0.16716808080673218
traffic_cone [[11.724349975586065, -11.806674957275618, -2.056324481964083]] [0.3526478707790375, 0.3605138659477234, 0.7312995195388794] 2.393878761922018 0.16585353016853333
pedestrian [[-13.609043121337706, -34.976131439208984, -1.4047420024871826]] [0.5396109819412231, 0.551300585269928, 1.4706547260284424] -0.016469240188598598 0.16429603099822998
traffic_cone [[-8.726398468017393, 20.44279479980446, -0.36345207691189785]] [0.3630964756011963, 0.3781479001045227, 0.7773003578186035] 2.9155865351306356 0.1628149300813675
traffic_cone [[-7.99132537841777, 27.126693725585938, 0.04133964329960804]] [0.3825421929359436, 0.38694921135902405, 1.198213815689087] -1.2844429016113281 0.15713557600975037
traffic_cone [[-12.19403076171858, 19.72000885009743, -0.10180411487814922]] [0.34857577085494995, 0.34746596217155457, 0.8578690886497498] 0.71872341632843 0.1567896604537964
pedestrian [[-14.295783996581918, -12.9598197937014, -0.705833375453949]] [0.5676003098487854, 0.5529912710189819, 1.7804608345031738] 1.0548487901687622 0.1537882685661316
pedestrian [[-12.439468383788807, -34.096229553222884, -1.2305476665496684]] [0.6279366612434387, 0.6669238805770874, 1.8088711500167847] 0.7279599905014037 0.14878055453300476
traffic_cone [[10.977355957031406, -12.823371887207259, -2.005789041519151]] [0.3981073200702667, 0.4179649353027344, 0.7624567747116089] 2.6743338743792933 0.14628680050373077
traffic_cone [[-8.578220367431427, 26.827163696289062, -0.19717657566067714]] [0.3387300372123718, 0.3443315625190735, 0.9724952578544617] -1.6881575584411623 0.14587435126304626
traffic_cone [[-7.144950866699077, 26.419418334960938, -0.2978960573673106]] [0.4065600633621216, 0.4122401475906372, 0.8661424517631531] -1.7585352659225468 0.14445403218269348
traffic_cone [[-7.591567993163977, 20.426292419433366, -0.40119558572766323]] [0.38966765999794006, 0.40951770544052124, 0.7939941883087158] 2.858951870595113 0.14168766140937805
traffic_cone [[17.65522766113297, -9.379402160644531, -2.0889182090759135]] [0.35844358801841736, 0.3181055784225464, 1.133278489112854] 1.087341904640198 0.14148658514022827
pedestrian [[-7.286468505859133, 31.057632446289062, 0.03714948892594805]] [0.5216726660728455, 0.5476568937301636, 1.3670952320098877] -0.6668522953987119 0.14131459593772888
traffic_cone [[-7.577575683593508, 27.22296142578125, -0.09230621904131908]] [0.3941384553909302, 0.40008115768432617, 1.064734697341919] -1.1490975618362427 0.14109796285629272
pedestrian [[-14.772277832031008, -12.270450592041016, -0.6938267350196696]] [0.574409544467926, 0.560128390789032, 1.6916372776031494] -0.39257740974426253 0.14023518562316895
pedestrian [[-6.8373451232908025, 34.97776794433571, -0.1811406463384344]] [0.6040115356445312, 0.6207213401794434, 1.3729652166366577] -0.5814551115036007 0.13694509863853455
traffic_cone [[11.618263244629077, -12.199249267578352, -1.9864248037338115]] [0.38015228509902954, 0.38987261056900024, 0.7654638886451721] 2.6307142416583456 0.13614675402641296
pedestrian [[-6.46246719360326, 34.37797546386696, -0.16757991909979353]] [0.5990216135978699, 0.6093544960021973, 1.3514115810394287] -0.18475902080535866 0.13579373061656952
traffic_cone [[-6.965198516845518, 19.599822998046875, -0.38966184854506025]] [0.3512413799762726, 0.35559403896331787, 0.7734929323196411] -3.0568027496337895 0.13333411514759064
traffic_cone [[-2.668365478515497, 33.17625427246094, -0.1338033080100729]] [0.37119218707084656, 0.363077849149704, 0.9407639503479004] -1.6629621982574465 0.13292324542999268
traffic_cone [[17.038024902343906, -11.87159729003929, -1.9909987449645712]] [0.3931673467159271, 0.3840969502925873, 0.9813883304595947] 0.594304919242859 0.13219280540943146
traffic_cone [[17.62633514404324, -9.795150756835938, -2.104063034057603]] [0.3522416353225708, 0.3081204295158386, 1.0578759908676147] 1.810209099446432 0.13138148188591003
pedestrian [[8.762092590332173, -20.03896331787132, -1.0895760059356547]] [0.5091640949249268, 0.5249533653259277, 1.3242180347442627] -2.304557800292969 0.13040949404239655
traffic_cone [[-5.143589019775206, 30.073143005370866, -0.19964417815207014]] [0.4079183340072632, 0.41078364849090576, 0.9711067080497742] -0.984680712223053 0.1298438310623169
traffic_cone [[-9.632164001464716, 20.148956298828352, -0.3049931526183798]] [0.36219286918640137, 0.3729497790336609, 0.7476709485054016] -3.1010415554046635 0.12909530103206635
traffic_cone [[-17.61210632324193, 30.1278076171875, 0.29812997579577427]] [0.46607422828674316, 0.47541186213493347, 1.3319073915481567] -0.30878531932830827 0.12694820761680603
traffic_cone [[17.143302917480582, -37.63543319702171, -3.4316706657409526]] [0.37275978922843933, 0.3536279499530792, 1.150252342224121] 3.1384368578540243 0.12525588274002075
traffic_cone [[17.533988952636875, -10.643108367919922, -2.1053667068481303]] [0.36992400884628296, 0.33187687397003174, 1.020190954208374] 2.101733986531393 0.12355391681194305
traffic_cone [[17.482086181640852, -10.913375854492188, -2.1052494049072124]] [0.3719213604927063, 0.3601056933403015, 0.9640277624130249] 1.3192731142044067 0.12246264517307281
traffic_cone [[12.313056945800994, -11.785224914551009, -1.9912705421447754]] [0.3680262863636017, 0.37271052598953247, 0.7785163521766663] 2.3246105352984823 0.12037865817546844
pedestrian [[-8.152736663818246, -1.7053031921386719, -1.071691274642916]] [0.5933046340942383, 0.6841331720352173, 1.3759068250656128] -1.5850116014480593 0.11690590530633926
pedestrian [[-18.25422286987289, 41.255035400390625, 2.0392603874206685]] [0.65073162317276, 0.6700238585472107, 1.7341277599334717] -1.8500779867172243 0.11675265431404114
traffic_cone [[-11.890846252441264, 19.628082275390398, -0.08975626528261671]] [0.35939884185791016, 0.3614448010921478, 0.8838117122650146] 0.08021330833435034 0.11526446789503098
pedestrian [[-10.054538726806456, -13.439304351806868, -1.031334042549119]] [0.6261714696884155, 0.7362885475158691, 1.6639481782913208] -2.2663877010345463 0.11471660435199738
pedestrian [[-11.092689514159957, -34.097709655761946, -1.4328882694244243]] [0.676108717918396, 0.7642374634742737, 1.8630009889602661] 1.5047968626022337 0.11125922948122025
traffic_cone [[-5.5972404479978906, 30.079971313476562, -0.1550219953060008]] [0.3956100344657898, 0.3994784951210022, 1.0617961883544922] -0.2771095037460327 0.10808621346950531
pedestrian [[-14.658927917480312, -13.46200942993164, -0.685378313064561]] [0.5886197090148926, 0.5788904428482056, 1.7612909078598022] 0.5615388154983522 0.1053301990032196
pedestrian [[44.75762176513683, -7.311973571777571, -2.3528640270233154]] [0.6469861268997192, 0.662987232208252, 1.5641337633132935] -2.833770513534546 0.10135798156261444
pedestrian [[-15.134517669677606, -12.197788238525618, -0.6851803064346029]] [0.5964049100875854, 0.5877200961112976, 1.6786282062530518] -0.43673551082611084 0.1006522849202156
traffic_cone [[-7.068305969238111, 27.19797515869118, -0.19915494322773952]] [0.40903615951538086, 0.4222513735294342, 0.9651634693145752] -1.2335991859436033 0.10031774640083313
