car [[-5.677494049072237, -12.927070617676009, -1.630680322647109]] [1.8233304023742676, 4.503213405609131, 1.5328714847564697] -1.547294855117798 0.893941342830658
car [[15.147399902343793, 2.655403137206804, -1.2206330299377726]] [1.7685588598251343, 4.134194850921631, 1.5150957107543945] 0.026791572570801135 0.806740403175354
car [[14.794677734375036, 7.335369110106967, -1.154715418815627]] [1.8021585941314697, 4.150529384613037, 1.4673839807510376] -3.0492067337036137 0.8022609949111938
car [[-7.592475891113203, -31.367845535278548, -2.5928211212158345]] [1.9668564796447754, 4.855260848999023, 1.6954569816589355] -1.6168100833892824 0.8018576502799988
car [[14.16473388671885, -4.638523101806868, -1.5192615985870503]] [1.884240746498108, 4.3689985275268555, 1.6669398546218872] -3.141318798065186 0.7910570502281189
car [[14.16656494140625, 9.916450500488054, -0.9071463346481323]] [1.9865448474884033, 4.632032871246338, 1.6540697813034058] -3.1163301467895517 0.788548469543457
car [[14.088035583496072, -7.294635772705533, -1.6915606260299825]] [2.0202929973602295, 4.690230846405029, 1.6785523891448975] -3.0924835205078134 0.7839107513427734
car [[14.501358032226598, -9.780040740967024, -1.8757280111313008]] [1.8821688890457153, 4.417889595031738, 1.5669218301773071] -3.082808017730714 0.7735639810562134
car [[14.896980285644645, 0.24509429931617888, -1.4826585054397583]] [1.8334331512451172, 4.181491851806641, 1.5076090097427368] 3.10678464571108 0.7694161534309387
car [[15.344688415527322, -14.904064178467024, -2.0235056877136515]] [1.9740755558013916, 4.574054718017578, 1.775376319885254] 0.06436216831207284 0.764807403087616
car [[14.589744567871136, -2.3071899414064774, -1.5586143732071207]] [1.8546206951141357, 4.329865455627441, 1.5338789224624634] 3.1240540186511434 0.7643297910690308
car [[15.11176300048836, -12.30499649047897, -1.9080021381378316]] [2.027831554412842, 4.7802510261535645, 1.7547730207443237] -3.1039466857910165 0.7601890563964844
car [[14.311302185058608, 4.914978027343523, -1.0329558849334717]] [1.8458186388015747, 4.242472171783447, 1.5914499759674072] -3.0843501091003427 0.7159712314605713
car [[44.25066375732414, -28.48963546752975, -2.3876352310180806]] [1.9379136562347412, 4.508240699768066, 1.7081142663955688] -1.4784886837005617 0.7071245312690735
car [[28.348312377929688, 0.3458251953122726, -1.6917220354080484]] [1.986616611480713, 4.575857162475586, 1.7508842945098877] 0.03437554836273237 0.6640655398368835
car [[8.10031890869137, -44.27750396728561, -3.259332895278945]] [1.9237267971038818, 4.456172466278076, 1.7166798114776611] -3.0351090431213383 0.6517566442489624
car [[-0.09135437011715908, -34.418075561523665, -2.628750324249282]] [1.944763422012329, 4.560142993927002, 1.6658258438110352] 1.5644093751907346 0.6371352076530457
car [[8.040405273437479, -47.09829711914085, -3.3936820030212402]] [2.039525032043457, 4.710498809814453, 1.7470452785491943] -3.072261333465577 0.628091037273407
car [[27.855407714843814, -2.5645103454592117, -1.8145036697387837]] [2.0125207901000977, 4.635335445404053, 1.6790962219238281] 3.0496962706195268 0.5935463309288025
car [[45.25707244873046, 2.8113288879389984, -0.9616495966911316]] [1.9655693769454956, 4.511259078979492, 1.799646019935608] 0.04966127872467069 0.5756480097770691
car [[-7.864498138427706, -43.634418487549055, -2.9346017837524556]] [1.9603029489517212, 4.630467891693115, 1.7234028577804565] -1.5409317016601565 0.5728757381439209
car [[27.81736755371101, -13.903419494629361, -1.9453439712524698]] [2.015833616256714, 4.585132598876953, 1.7313898801803589] -0.031177878379821344 0.5620430707931519
car [[45.78444671630867, 8.692787170409702, -0.8171956539154195]] [1.9171992540359497, 4.417370319366455, 1.6567457914352417] -0.09734511375427211 0.5374290943145752
car [[27.86293029785155, -7.954238891602017, -1.6241927146911763]] [2.0728912353515625, 4.780102729797363, 1.8906611204147339] 3.0876110235797323 0.5251209735870361
car [[27.40470886230473, 11.273826599120866, -1.1695966720581197]] [1.9852288961410522, 4.582476615905762, 1.8024678230285645] 3.1314986387835897 0.5051469802856445
car [[27.283447265625, 3.1786155700679046, -1.4742764234542989]] [2.1573119163513184, 5.004749298095703, 1.8897175788879395] -3.1365771293640146 0.499096155166626
car [[27.81155395507821, 8.638759613036882, -1.3216427564621256]] [1.9338598251342773, 4.385897159576416, 1.6678855419158936] 3.1091974417315877 0.4890696108341217
car [[20.18872070312502, -52.51253890991234, -3.401948451995864]] [1.880845069885254, 4.324185848236084, 1.615455150604248] 0.031324386596680104 0.48458367586135864
car [[-26.852064132690465, 23.52953338623024, 0.7657929658889628]] [2.099229574203491, 4.890393257141113, 1.90643310546875] 2.5531390349017538 0.48426002264022827
car [[14.65382385253907, 12.494949340820085, -0.8003934621811055]] [1.9221071004867554, 4.437476634979248, 1.6390550136566162] 3.0866425673114217 0.4755581021308899
car [[29.057159423828175, 14.114799499511264, -0.810812830925002]] [1.961441993713379, 4.433494567871094, 1.7223827838897705] 0.020542263984680766 0.4745977818965912
car [[27.42546081542961, -5.175216674804915, -1.8085421323776387]] [1.9320544004440308, 4.513330936431885, 1.6456573009490967] 3.039666000996725 0.4666713774204254
car [[46.98284149169923, -27.845312118530728, -2.3537197113037394]] [1.9711886644363403, 4.641871452331543, 1.7258626222610474] -1.5027717351913452 0.4565560817718506
car [[27.88327026367186, 16.658088684081804, -0.732497036457076]] [1.889545202255249, 4.369797229766846, 1.6271167993545532] 0.12007319927215598 0.4513348937034607
car [[27.258888244628942, 5.879119873046648, -1.5253465175628662]] [1.9934159517288208, 4.608695030212402, 1.6899689435958862] 3.1049998442279256 0.4357675015926361
car [[27.812683105468743, -29.576581954956282, -2.5603795051574707]] [1.9688427448272705, 4.571408748626709, 1.7719216346740723] -1.511334300041199 0.3555946350097656
car [[-7.9903106689453125, -50.019733428955305, -3.2354044914245748]] [1.8790998458862305, 4.488666534423828, 1.6248059272766113] -1.550697207450867 0.3375176191329956
car [[21.20777893066405, -27.964094161987532, -2.749082088470473]] [1.9024721384048462, 4.393424034118652, 1.695192813873291] -1.620958209037781 0.3247779905796051
car [[-4.426715850830128, 28.45145416259743, 0.24150092899797926]] [1.8256149291992188, 4.419824123382568, 1.5290014743804932] 1.5445288419723509 0.3229101300239563
car [[51.22605895996098, -1.5268898010258454, -0.8159407377243184]] [1.998154878616333, 4.573846817016602, 1.7698543071746826] 0.04357194900512713 0.3168522119522095
car [[51.1927871704102, 5.070789337157976, -0.6115876436233663]] [2.031740665435791, 4.6684417724609375, 1.7910375595092773] 0.0743193626403813 0.30784276127815247
car [[44.80886840820311, -2.047489166259993, -1.469777107238798]] [1.9352880716323853, 4.445355415344238, 1.6775671243667603] -0.0020984411239618676 0.2932059168815613
car [[14.58088684082032, -38.232055664062955, -3.610301017761259]] [1.9367954730987549, 4.613625526428223, 1.6664588451385498] 0.02254736423492493 0.24497774243354797
car [[36.837242126464815, -2.1899986267092117, -1.929090499877944]] [1.9514764547348022, 4.576895713806152, 1.6732712984085083] 1.8391960302935997 0.2418227344751358
car [[45.27375793457037, -0.2899284362797516, -1.2921394109725952]] [2.0456459522247314, 4.715359687805176, 1.7800766229629517] -3.0123357772827153 0.23980313539505005
car [[-29.150074005126875, 21.378387451171648, 0.6972141861915304]] [1.837185263633728, 4.125418663024902, 1.6211453676223755] 2.6972425619708456 0.23538994789123535
car [[32.693206787109325, -16.54555511474655, -2.1028194427490234]] [1.9706367254257202, 4.508133888244629, 1.7087256908416748] -3.076676845550538 0.2327325940132141
car [[27.871116638183594, -10.988830566406705, -1.807230353355422]] [2.0585646629333496, 4.733479022979736, 1.8423928022384644] 3.1224978605853475 0.22615617513656616
car [[14.64271545410164, 15.231834411620866, -0.7477836608887003]] [1.9339572191238403, 4.50301456451416, 1.6297749280929565] -3.0911726951599126 0.22441250085830688
car [[-7.998649597167962, -53.09030151367233, -3.316417455673232]] [1.8988704681396484, 4.515356063842773, 1.642121434211731] 1.596454922352926 0.2191067337989807
car [[45.330924987792905, 5.767322540282976, -0.9825261831283569]] [1.8922215700149536, 4.340057849884033, 1.6909829378128052] -0.03904831409454313 0.21608811616897583
car [[8.141559600830085, -50.02735900878929, -3.4928832054138326]] [1.9915294647216797, 4.570560455322266, 1.7093507051467896] 3.1158679167376913 0.2073177695274353
car [[-7.936576843261662, -37.47395324707077, -2.710887670516982]] [2.042965888977051, 5.122042655944824, 1.906646490097046] -1.6093188524246218 0.20429681241512299
car [[33.83892059326173, -7.539031982422102, -1.6347330808639668]] [2.035344123840332, 4.669528007507324, 1.7764778137207031] 3.1397054831134232 0.19891619682312012
car [[-4.476154327392543, 33.3085021972654, 0.37087365984915266]] [1.840456485748291, 4.4472432136535645, 1.5944955348968506] 1.702416721974508 0.183185875415802
car [[8.084270477294908, -52.493427276611555, -3.6575865745544576]] [1.8926286697387695, 4.408062934875488, 1.6231597661972046] -1.2988901138305664 0.17234604060649872
car [[53.70262908935538, -27.853265762329556, -2.3892271518707275]] [2.058119535446167, 4.669963836669922, 1.7889134883880615] -0.5404936075210566 0.15540732443332672
car [[29.634788513183686, -28.543512344360806, -2.3970415592193604]] [2.095527172088623, 5.055819988250732, 1.9069719314575195] -0.2830990552902216 0.1547728329896927
car [[45.33785247802736, 22.507408142089616, 0.46555182337759504]] [1.952251672744751, 4.426087379455566, 1.719693660736084] -0.0026216506958005917 0.15173876285552979
car [[50.708381652831946, -3.1765174865727204, -1.1449661254882955]] [2.055975914001465, 4.736264228820801, 1.8206710815429688] -0.5801829695701594 0.15100233256816864
car [[33.281906127929744, -11.032161712646712, -1.7167968750000142]] [2.044194221496582, 4.708125114440918, 1.7643318176269531] 3.0405262152301225 0.1496277004480362
car [[-17.017570495605412, 54.10468292236283, 1.8384368419647075]] [1.8947594165802002, 4.4134697914123535, 1.6766221523284912] -0.35856807231903 0.1444830447435379
car [[33.266181945800824, -27.898160934448697, -2.5160007476806783]] [2.0991053581237793, 4.892841815948486, 1.8910342454910278] -1.3221067190170288 0.14339324831962585
car [[19.4629516601563, -53.795204162597884, -3.7770471572875977]] [1.9867424964904785, 4.623924255371094, 1.7339928150177002] -0.509369015693664 0.13921575248241425
car [[24.860633850097607, -27.866333007812727, -2.7469677925110005]] [1.8886511325836182, 4.388589859008789, 1.6300039291381836] 1.2447193861007688 0.13342322409152985
car [[-20.04147720336919, 37.421897888183366, 2.0426983833312846]] [2.06396484375, 4.838445663452148, 1.8260055780410767] -0.4235874414443965 0.13053222000598907
car [[53.807586669921896, -26.135774612426985, -2.2725858688354776]] [2.0062756538391113, 4.545015811920166, 1.7525393962860107] 0.33024322986602805 0.12522828578948975
car [[-5.732898712158189, 35.76683807373024, 0.4900166392326071]] [1.8063591718673706, 4.214356899261475, 1.5083438158035278] 0.1875860691070561 0.12394130229949951
car [[-38.15021514892576, -2.129764556884993, -0.7002291679382466]] [1.9168057441711426, 4.331750869750977, 1.67454993724823] 3.028868500386373 0.11955273151397705
car [[11.127876281738274, -38.62501525878929, -2.9002809524536275]] [2.1034462451934814, 4.835945129394531, 1.8403918743133545] 0.05586326122283998 0.11890587210655212
car [[51.982917785644545, -28.475078582764127, -2.507427215576186]] [1.9096689224243164, 4.377099990844727, 1.6922190189361572] -1.5563094615936282 0.10542195290327072
car [[-5.623394012451065, 32.12628173828102, 0.5429301261901713]] [1.845741629600525, 4.355677604675293, 1.6008355617523193] 2.6468480269061483 0.10196244716644287
construction_vehicle [[-11.175914764404304, 15.465385437011491, 0.3906068205833293]] [2.417348623275757, 7.826667785644531, 2.83813214302063] 3.1412726084338582 0.8552111983299255
construction_vehicle [[-5.329151153564318, 21.792381286620866, 0.5589805841445781]] [2.556588649749756, 6.848962306976318, 2.667344808578491] -1.6597236394882204 0.7336883544921875
truck [[-7.9576835632323935, -37.56172180175827, -2.691755294799833]] [2.1359758377075195, 5.488284587860107, 1.8364650011062622] -1.6442199945449831 0.5080181360244751
truck [[27.399642944335938, 3.172489166259311, -1.458083510398879]] [2.145872116088867, 5.298439979553223, 1.9336754083633423] -3.1217145919799814 0.35525649785995483
truck [[27.82431793212892, 11.25065612792946, -1.068596482276945]] [1.9721574783325195, 5.037506103515625, 1.8427571058273315] -0.13179671764373763 0.27655887603759766
truck [[27.805107116699276, -28.510892868042447, -2.5296754837036275]] [2.1434123516082764, 5.112405776977539, 2.0525076389312744] 1.5954683462726038 0.2668514549732208
construction_vehicle [[-27.23030281066888, 23.736640930175554, 0.8397107124328329]] [2.4256579875946045, 5.715294361114502, 2.494171380996704] -0.44197785854339516 0.20880138874053955
truck [[20.643234252929773, -52.52622604370163, -3.465284585952773]] [2.1522059440612793, 5.502120018005371, 2.020371437072754] -3.1390395164489755 0.20603960752487183
truck [[27.95063781738275, -7.9517707824709305, -1.6725779771805094]] [2.1021127700805664, 5.1833720207214355, 1.9210680723190308] 3.0864670912372034 0.1908821165561676
truck [[14.723869323730433, -38.234107971191634, -3.7031276226043985]] [1.9011077880859375, 5.036375045776367, 1.8655085563659668] 0.012649536132813236 0.18643662333488464
truck [[45.36418151855474, 2.7755203247065765, -0.9227980971336649]] [2.026334762573242, 4.780261993408203, 1.9330275058746338] -3.099244832992554 0.18261387944221497
truck [[20.777259826660185, -28.43769073486351, -2.6502366065979004]] [2.1775805950164795, 5.597599983215332, 1.9540327787399292] -1.7184505462646487 0.16736972332000732
truck [[8.187107086181697, -47.097633361816634, -3.352693557739272]] [1.999408483505249, 4.937204360961914, 1.7953423261642456] 0.09550452232360897 0.16679301857948303
truck [[-4.455970764160128, 29.053970336914062, 0.12571528553961286]] [2.104346513748169, 5.5411272048950195, 1.842230200767517] 1.598962132130758 0.16576704382896423
truck [[-37.6005020141601, -14.732398986816861, -1.124201297760024]] [2.162912368774414, 5.670561790466309, 2.030366897583008] 1.4823909997940061 0.15560007095336914
construction_vehicle [[-16.484046936035043, 54.02828216552689, 1.7927172183990336]] [2.2586002349853516, 4.319583415985107, 2.215508460998535] -0.4144254922866817 0.14599573612213135
construction_vehicle [[30.873794555664034, 39.3634338378904, 2.5525527000427104]] [2.7594099044799805, 5.80210018157959, 3.1546759605407715] -2.7528462409973153 0.1441994607448578
truck [[27.889434814453168, 14.092750549316179, -0.9577648639679239]] [1.9408557415008545, 4.873049259185791, 1.8146085739135742] -3.0764262676239023 0.14252236485481262
truck [[46.969017028808615, -27.95677566528343, -2.3773612976074503]] [1.9921555519104004, 5.10044527053833, 1.8492079973220825] 1.6847971121417444 0.13313128054141998
truck [[51.29647064208986, 22.544281005859148, 0.1544549763202383]] [2.056696891784668, 4.81005859375, 1.9666602611541748] -0.06757938861846857 0.12245555222034454
truck [[28.39244842529299, 16.69759368896439, -0.7073984742164754]] [2.0215344429016113, 5.3038482666015625, 1.8464314937591553] -3.1166410446167 0.12174765020608902
truck [[45.292289733886726, -0.2568893432619461, -1.3436458110809326]] [2.105853796005249, 5.463052749633789, 1.9231690168380737] -3.0953121185302743 0.11793443560600281
truck [[11.132461547851612, -38.13493728637741, -2.8128411769867085]] [2.208050012588501, 5.686248302459717, 2.2926104068756104] 1.9203608671771446 0.11658522486686707
construction_vehicle [[-9.298404693603544, 19.47563934326149, 0.5603653788566589]] [1.9661999940872192, 3.21225643157959, 2.2198832035064697] -0.18834328651428175 0.11289510875940323
truck [[14.580116271972713, 9.967887878417514, -0.9204065799713419]] [2.0478835105895996, 5.535305976867676, 1.8368020057678223] -3.1139349937438974 0.11203021556138992
truck [[-20.06043243408203, 37.527236938476335, 2.069343328475938]] [2.293367862701416, 5.549891948699951, 2.143803119659424] -0.44943010807037287 0.10836085677146912
truck [[28.428192138671854, 8.616455078124545, -1.226809620857253]] [2.08436918258667, 5.285761833190918, 1.857226014137268] 3.1024854818927206 0.10544770956039429
truck [[51.35887908935538, 5.095970153808139, -0.6166333556175374]] [2.034822702407837, 4.98935604095459, 1.859269380569458] 0.1158630847930912 0.10010559111833572
bus [[4.6942443847655895, 8.734500885009538, 0.2005845159292079]] [2.8087735176086426, 8.646989822387695, 3.449026107788086] 1.5312458276748655 0.7134388089179993
bus [[5.04682922363294, 18.294128417968523, 0.7584798336028911]] [3.105799913406372, 10.462512969970703, 3.6704142093658447] 1.5916789213763636 0.6716961860656738
bus [[33.31166076660155, 40.54832458496071, 2.697677373886094]] [2.8141186237335205, 10.450789451599121, 3.491011381149292] -2.771589756011964 0.13737383484840393
trailer [[-22.437925338745053, 39.351829528808366, 2.3872039318084575]] [2.947227954864502, 12.478307723999023, 3.815406322479248] -0.5923516154289244 0.11865702271461487
barrier [[13.547203063964822, -37.493930816650845, -3.701767206192031]] [2.139906167984009, 0.4767417311668396, 1.0153093338012695] 1.5413902997970579 0.25423815846443176
barrier [[-3.318218231201108, 27.847167968749773, 0.018013957887873744]] [2.7505879402160645, 0.5040079951286316, 0.9238928556442261] 0.04588067531585703 0.151532843708992
barrier [[-4.921318054199148, 37.00029754638649, 0.1717132329940796]] [2.929537773132324, 0.557786226272583, 0.9707399606704712] -2.7473094463348398 0.13551880419254303
barrier [[-5.791812896728516, 39.258247375488054, 0.09685216844079036]] [2.3548808097839355, 0.5894924402236938, 1.0185365676879883] 0.03261649608612106 0.13335660099983215
barrier [[5.81762313842782, 43.992378234863054, 0.2844603657722331]] [2.3450748920440674, 0.6128429770469666, 1.13363778591156] 3.031723324452535 0.13169518113136292
barrier [[6.28111648559576, 45.19170379638649, 0.30149388313290615]] [2.477281332015991, 0.600448727607727, 1.0945534706115723] -2.3228864669799814 0.12090800702571869
barrier [[-3.983993530273409, 26.663879394530795, -0.047616370022311116]] [2.0645999908447266, 0.487374871969223, 0.9799346923828125] 0.439925312995911 0.1127827912569046
barrier [[-4.076389312744098, 36.29879760742165, 0.11457209289072523]] [1.8230897188186646, 0.5607078671455383, 0.9356762170791626] 0.052550792694092026 0.10704447329044342
barrier [[-4.619228363037038, 37.34352111816361, 0.17656856775282392]] [3.124810218811035, 0.6288891434669495, 0.9510204792022705] -0.2699207067489616 0.10491401702165604
barrier [[-3.8324508666991832, 28.398132324218295, 0.05230013281105528]] [3.1756184101104736, 0.6068821549415588, 0.8870658874511719] 0.07137489318847659 0.10134509205818176
bicycle [[-14.213390350341705, -0.8222961425785797, -0.8711685538292073]] [0.4878051280975342, 1.605306625366211, 1.0920149087905884] -1.6210941076278689 0.46046286821365356
motorcycle [[13.462577819824226, -37.57357406616234, -3.6779041290283345]] [0.8670099973678589, 2.328984022140503, 1.436173677444458] -0.019773364067077418 0.2630607783794403
motorcycle [[-19.07121276855468, 28.471641540527116, 1.4248933792114258]] [0.7617220878601074, 1.6431958675384521, 1.431841254234314] 0.12155115604400685 0.21483241021633148
bicycle [[30.763641357421932, -16.584426879883267, -2.33712744712831]] [0.5482465624809265, 1.5820543766021729, 1.186474323272705] -1.6328405141830447 0.2051982581615448
bicycle [[-9.756256103515561, 24.267036437987827, 0.07346385717390547]] [0.6300036907196045, 1.7333887815475464, 1.36565363407135] -0.557182431221008 0.19121980667114258
bicycle [[-9.293724060058516, -24.359783172607877, -2.4219880104065084]] [0.4193744659423828, 1.357801914215088, 1.0702167749404907] -1.5880591869354252 0.1634981334209442
motorcycle [[-14.191593170165909, -7.505355834961392, -1.0687910318374776]] [0.6667956709861755, 1.9061799049377441, 1.2061501741409302] -3.1192722320556645 0.1614675521850586
bicycle [[30.854728698730533, -17.514240264892805, -2.416007757186904]] [0.5738850235939026, 1.697188138961792, 1.1948872804641724] 2.231673542653219 0.1432153880596161
motorcycle [[27.918540954589893, -34.627983093261946, -0.20958687365056505]] [0.6992358565330505, 1.7348681688308716, 1.387128233909607] 2.150749985371725 0.14221177995204926
bicycle [[26.66838073730466, -30.439857482910384, -3.5448799133300923]] [0.4803347885608673, 1.4816336631774902, 1.1070202589035034] -2.5795483589172368 0.1393805891275406
bicycle [[-14.183811187744176, -26.641986846924055, -1.35164058208467]] [0.5936181545257568, 1.705106496810913, 1.2357456684112549] -1.7900830507278447 0.13659143447875977
bicycle [[26.722274780273487, -30.74349021911644, -3.623976230621352]] [0.525597870349884, 1.574320912361145, 1.1497496366500854] 2.0325549284564417 0.13571035861968994
bicycle [[-15.816215515136612, -16.47458648681686, -1.0253037214279317]] [0.6680304408073425, 1.9227180480957031, 1.3189308643341064] -1.0663596391677852 0.1319756954908371
motorcycle [[-17.2451972961425, -24.15202140808151, -0.45924001932147007]] [0.8555482029914856, 2.6217546463012695, 1.753332495689392] -1.7694859504699707 0.1318453550338745
bicycle [[-13.472614288330114, -30.801845550537337, -1.5673278570175313]] [0.5809383988380432, 1.6350624561309814, 1.1711299419403076] -0.25171375274658175 0.13086587190628052
bicycle [[11.656661987304702, -37.42797470092796, -2.091752052307143]] [0.6629548668861389, 1.8567161560058594, 1.308482050895691] 0.19513130187988328 0.12949177622795105
bicycle [[-13.718513488769545, -0.8981361389164704, -0.873938322067275]] [0.6527965068817139, 1.8223168849945068, 1.1682764291763306] -1.1636435985565186 0.12484996020793915
motorcycle [[-7.376121520996136, -35.14736938476585, -2.733139753341689]] [0.7338072061538696, 2.0718536376953125, 1.3549964427947998] -0.8046885728836055 0.12440092861652374
motorcycle [[-16.61206436157226, -15.329395294189908, -0.2680046558380269]] [0.6500891447067261, 1.687741756439209, 1.3587195873260498] 0.4422100782394414 0.12347504496574402
motorcycle [[-27.850996017456026, 20.809318542480014, 0.7722595334052897]] [0.7166134715080261, 1.9520641565322876, 1.5224204063415527] -1.3936502933502197 0.11482453346252441
bicycle [[-3.995174407958906, 35.791618347167514, -0.1825532466173172]] [0.5696584582328796, 1.6824212074279785, 1.084043025970459] 2.036532704030172 0.11461976170539856
bicycle [[-11.704608917236271, 33.26950073242165, 0.8611420989036418]] [0.6192726492881775, 1.705548882484436, 1.1434681415557861] -0.3902584314346308 0.11211428046226501
motorcycle [[20.734451293945277, -26.6096000671389, -2.9319305419921875]] [0.7187092900276184, 1.9224785566329956, 1.277282953262329] 1.1290248632431028 0.11197972297668457
motorcycle [[-3.9505538940428835, 26.631858825683366, 0.032782308757290934]] [0.7053591012954712, 1.9843266010284424, 1.2666606903076172] -0.027963161468505204 0.1081390455365181
bicycle [[1.510478973388686, 42.2587051391597, -0.08882933110001545]] [0.6148151159286499, 1.6679184436798096, 1.111659049987793] -1.6064782142639162 0.10442231595516205
bicycle [[17.76615905761716, -18.926254272461392, -1.4806677103042745]] [0.6050510406494141, 1.7010929584503174, 1.1793533563613892] 1.309907078742981 0.10247959941625595
motorcycle [[-16.599399566650376, -31.374275207519986, -0.9538497328758382]] [0.7043396234512329, 1.9731547832489014, 1.469487190246582] 0.06047654151916513 0.10234174877405167
bicycle [[-14.059547424316442, 2.674453735351335, -0.7682217359542989]] [0.5458576679229736, 1.706831932067871, 1.1278516054153442] -1.4264941215515137 0.10101787745952606
traffic_cone [[-8.688072204589837, 7.555175781249773, -0.878163814544692]] [0.3337656855583191, 0.3429409861564636, 0.7394707202911377] 3.022612396870748 0.8382999897003174
traffic_cone [[-9.336917877197251, 7.516357421874545, -0.837278485298171]] [0.3463415801525116, 0.35560593008995056, 0.7456796169281006] -3.1242003440856942 0.8373737335205078
traffic_cone [[-7.66449737548826, 7.509662628173373, -0.9270101785659932]] [0.3456701636314392, 0.3556646704673767, 0.7202434539794922] 2.097421948109762 0.8276786208152771
traffic_cone [[-8.117652893066449, 7.527984619140398, -0.8956216573715352]] [0.3413408696651459, 0.35684746503829956, 0.7267279028892517] 2.6654670874225057 0.8260951638221741
traffic_cone [[-9.713069915771399, 7.476280212402116, -0.8165815472602986]] [0.3548159599304199, 0.3577718734741211, 0.7408886551856995] -3.073732852935792 0.8100371360778809
traffic_cone [[-7.950290679931598, 13.927650451659929, -0.6734758615494059]] [0.3369360566139221, 0.33758294582366943, 0.7425417900085449] -1.1869752407073972 0.6925258636474609
traffic_cone [[-5.714923858642493, 17.18675231933571, -0.6057996749878072]] [0.3655669689178467, 0.3753184974193573, 0.7669598460197449] 0.3192448616027836 0.6760225296020508
traffic_cone [[-3.1749839782714133, 23.044143676757358, -0.3367366194725321]] [0.3747265636920929, 0.3871569037437439, 0.7423794269561768] -2.42957878112793 0.6711441278457642
pedestrian [[-11.150169372558544, -45.39721679687523, -2.6265971660614014]] [0.6257340908050537, 0.6988914012908936, 1.8331842422485352] 1.5967996756183067 0.5881737470626831
traffic_cone [[-8.647094726562543, 14.209854125976108, -0.5526164770126485]] [0.32720065116882324, 0.3217087984085083, 0.827863335609436] -1.4250755310058594 0.5715746283531189
pedestrian [[-10.333469390869105, -45.25521850585983, -2.7037854194641397]] [0.6179375052452087, 0.6820436716079712, 1.8170095682144165] 1.6114328543292444 0.5556036829948425
traffic_cone [[-3.2404785156250284, 26.5332412719722, 0.060879472643108556]] [0.37190425395965576, 0.36831286549568176, 1.0529698133468628] 1.7404673735248009 0.44895267486572266
traffic_cone [[-6.0771331787109375, 17.13591766357399, -0.5890424847602844]] [0.36231788992881775, 0.37050557136535645, 0.7726230025291443] 0.34848427772522017 0.40527600049972534
traffic_cone [[11.327331542968665, -17.05165100097679, -2.145464420318632]] [0.35774827003479004, 0.354347825050354, 1.1087892055511475] 0.7388564348220825 0.38129350543022156
pedestrian [[-12.09226226806637, -26.227327346801985, -1.8672921657562256]] [0.6181160807609558, 0.6518473625183105, 1.7582333087921143] 3.1200621763812455 0.3515258729457855
pedestrian [[-13.053020477294943, 19.505035400390398, 0.7470616698264791]] [0.5872383117675781, 0.5924845337867737, 1.657771348953247] -0.18581843376159649 0.3015863299369812
traffic_cone [[-4.0685768127440625, 35.858276367187045, 0.23479124903676052]] [0.38284698128700256, 0.3802148699760437, 0.8272503018379211] 1.2996188402175903 0.2785889804363251
traffic_cone [[-5.359329223632727, 17.19577026367142, -0.610826373100295]] [0.38366520404815674, 0.3871155381202698, 0.7747137546539307] 0.7591465711593627 0.26513147354125977
traffic_cone [[-5.812561035156257, 38.24811553955033, 0.218073710799203]] [0.39035260677337646, 0.3864003121852875, 0.873045802116394] 0.41706824302673395 0.2489069104194641
pedestrian [[-13.636749267578026, -30.454845428467024, -1.8936489820480347]] [0.5675550103187561, 0.5541414618492126, 1.6007905006408691] 0.10954093933105494 0.2070898860692978
traffic_cone [[-5.701633453369055, 17.43222808837868, -0.5962448716163777]] [0.37439700961112976, 0.37667614221572876, 0.7748192548751831] 0.609774470329285 0.20048661530017853
pedestrian [[-19.294399261474524, 28.448181152343523, 1.3613547086715414]] [0.6383366584777832, 0.6590715646743774, 1.717888593673706] -0.8555206060409544 0.1904272735118866
pedestrian [[-27.81933784484859, 20.778808593749773, 0.6868175268173076]] [0.6368362903594971, 0.6741828918457031, 1.7332242727279663] -1.2237815856933594 0.18812401592731476
pedestrian [[-9.496841430664134, 24.184684753417514, 0.1080099269747592]] [0.6529732942581177, 0.7211136221885681, 1.4583977460861206] -0.7762916088104246 0.18463456630706787
traffic_cone [[-9.119571685791009, 14.222831726073764, -0.5173799395561502]] [0.33038127422332764, 0.3255837857723236, 0.959679901599884] -1.5199804306030276 0.18012505769729614
traffic_cone [[49.06102752685549, -1.6814460754396805, -1.0535877943039083]] [0.4217410683631897, 0.41047805547714233, 1.30519700050354] 3.0889876524554643 0.17290134727954865
traffic_cone [[-8.652122497558587, 14.525779724120639, -0.16281220316888323]] [0.3750140070915222, 0.3798133134841919, 1.1486198902130127] -1.3227052688598633 0.16615721583366394
traffic_cone [[-3.249416351318331, 22.782112121581804, -0.29646605253221026]] [0.3820769786834717, 0.3978833258152008, 0.7597873210906982] -2.1941151618957524 0.1648794412612915
traffic_cone [[-8.098045349121136, 7.843479156493913, -0.8849403262138367]] [0.35297107696533203, 0.3685086965560913, 0.7437528371810913] 2.5408132711993616 0.15347814559936523
traffic_cone [[-7.575187683105447, 18.834594726562273, -0.21054677665235033]] [0.3622400164604187, 0.35316628217697144, 0.9545607566833496] -0.5189416408538813 0.15117564797401428
pedestrian [[-8.75825500488272, 18.99613189697243, 0.2655952274799205]] [0.5319256782531738, 0.5387451648712158, 1.526412844657898] -0.2966271638870232 0.148965984582901
traffic_cone [[-8.691127777099574, 7.805263519286655, -0.8540290594101236]] [0.343463659286499, 0.35827264189720154, 0.7579180002212524] 2.8700936476336874 0.14891232550144196
traffic_cone [[-7.4561309814452414, 17.148506164550327, -0.4073687195778035]] [0.3458264172077179, 0.34647685289382935, 0.750564455986023] 0.3149663209915164 0.1471898853778839
pedestrian [[-16.687923431396463, -15.32057189941429, -0.5321969389915608]] [0.5951084494590759, 0.616055965423584, 1.7698068618774414] 1.4919410943984985 0.14286161959171295
pedestrian [[-10.513790130615241, -45.65034484863327, -2.6746928691864156]] [0.6718958020210266, 0.7639959454536438, 1.863692283630371] 1.5815771261798306 0.14006805419921875
pedestrian [[27.858276367187436, -34.691474914551236, -0.03752127662303906]] [0.6368019580841064, 0.6237423419952393, 1.760038137435913] 2.358721558247701 0.13893871009349823
traffic_cone [[-4.939273834228459, 26.54759216308571, 0.0831087976694107]] [0.36806780099868774, 0.3661043345928192, 1.0869477987289429] -1.1484742164611816 0.1365375816822052
traffic_cone [[-9.293071746826087, 7.832622528075717, -0.8170329332351969]] [0.35447609424591064, 0.36501461267471313, 0.7649523019790649] 2.9969287554370316 0.1360732614994049
traffic_cone [[-8.143779754638658, 14.63711547851517, -0.29074668884278765]] [0.40644097328186035, 0.4184035062789917, 1.0294759273529053] -1.1336188316345215 0.1359466314315796
traffic_cone [[-6.932102203369162, 17.17611694335892, -0.48072388768197527]] [0.34955334663391113, 0.35441499948501587, 0.7538644075393677] 0.38658499717712436 0.12894894182682037
traffic_cone [[-7.62881851196294, 7.8177261352534515, -0.9203444719314717]] [0.36217010021209717, 0.3782252371311188, 0.7376500964164734] 2.0066235701190394 0.12777671217918396
traffic_cone [[-7.582603454589851, 7.151889801025391, -0.9008862972259521]] [0.3416411578655243, 0.3545447289943695, 0.7165819406509399] 2.1840413252459925 0.12766800820827484
pedestrian [[51.25959014892583, 38.665924072265625, 0.49364876747129927]] [0.6794564723968506, 0.694440484046936, 1.7937955856323242] 2.5664532820331014 0.12639909982681274
pedestrian [[-11.70170593261723, 33.24723815917946, 0.9439604878425456]] [0.5402729511260986, 0.541815996170044, 1.4922059774398804] 0.01429343223571825 0.12540116906166077
traffic_cone [[-16.529411315917926, 17.90847015380814, 0.7802761793136597]] [0.4294436573982239, 0.41546735167503357, 1.3441128730773926] -2.717475414276124 0.12147427350282669
traffic_cone [[-16.121368408203075, 7.536148071288835, -0.48663151264192095]] [0.408782422542572, 0.4082471430301666, 1.1997630596160889] 0.789974331855774 0.12070195376873016
pedestrian [[-50.876525878906115, -25.999807357788313, -1.1413615942001485]] [0.6028085350990295, 0.6214740872383118, 1.8032374382019043] 0.6108504533767701 0.11911296099424362
pedestrian [[-11.504207611083999, -45.71685028076217, -2.5690851211547994]] [0.6750025749206543, 0.7650207281112671, 1.8678927421569824] 1.6467536131488245 0.11509524285793304
pedestrian [[-9.17853164672848, 18.962974548339616, 0.4887923002242758]] [0.5925477743148804, 0.6345190405845642, 1.6872754096984863] 1.7447469870196741 0.11369884014129639
traffic_cone [[30.703704833984425, -17.00416183471725, -2.36436510086061]] [0.3973996639251709, 0.40012988448143005, 1.1430386304855347] -3.056174516677857 0.11257162690162659
traffic_cone [[-6.165508270263707, 17.47475433349564, -0.5298913717270182]] [0.35637933015823364, 0.3631736636161804, 0.8126646876335144] 0.6756592988967898 0.10997001081705093
traffic_cone [[-3.39551544189451, 31.64286804199196, 0.034371860325322245]] [0.383478581905365, 0.3681265115737915, 0.9293668270111084] 1.3497399091720579 0.10849925875663757
pedestrian [[-8.034099578857301, 15.283149719238054, 0.4596096277236654]] [0.5582404136657715, 0.5603604316711426, 1.575317144393921] -1.1730054616928098 0.10562990605831146
traffic_cone [[-2.971576690673828, 26.57479858398392, 0.023751473054275607]] [0.41312241554260254, 0.4160812795162201, 1.0621637105941772] 1.5557979345321653 0.10447193682193756
pedestrian [[-11.047859191894467, -44.921310424804915, -2.579362392425537]] [0.6679637432098389, 0.788772702217102, 1.8785345554351807] 1.6140497366534632 0.10326507687568665
traffic_cone [[-9.776424407958977, 7.208686828613054, -0.7888870239257955]] [0.36344707012176514, 0.37113434076309204, 0.7452898025512695] -2.9355449676513676 0.1027839258313179
traffic_cone [[-8.063133239745987, 7.152133941650163, -0.8678238391876363]] [0.3390815258026123, 0.35021477937698364, 0.7145557403564453] 3.0307341257678426 0.10227999836206436
traffic_cone [[1.494148254394588, 42.16214752197243, 0.32883808016774196]] [0.46786874532699585, 0.4735518991947174, 1.2227598428726196] -0.11019980907440156 0.10191162675619125
traffic_cone [[-7.708015441894489, 14.597869873046875, -0.4206337332725667]] [0.40601757168769836, 0.42595136165618896, 0.8955855965614319] -0.88077038526535 0.1014106273651123
ff007cb7b78443e6887401d694f0d369