car [[14.772254943847699, -7.676181793213118, -1.618805527687087]] [1.8957860469818115, 4.560866832733154, 1.626561164855957] -0.08252847194671649 0.8012880682945251
car [[-19.30464172363274, -1.547824859619368, -0.25368767976760864]] [2.2222673892974854, 5.678830146789551, 2.356894016265869] -0.6119849085807803 0.756858229637146
car [[-20.79412841796868, -4.035270690918196, -0.73602694272995]] [1.9136245250701904, 4.529380798339844, 1.5893512964248657] -0.5648174285888677 0.7380101084709167
car [[-27.15764999389647, -14.68299865722679, -0.8920338153839111]] [2.0114080905914307, 4.752834796905518, 1.7672977447509766] 2.5170114676104944 0.7292895317077637
car [[-0.9040985107421591, -36.411926269531705, -2.389392614364624]] [1.956057071685791, 4.542469024658203, 1.6806004047393799] 1.509889721870422 0.6831204891204834
car [[24.53899383544932, -3.3944244384770172, -1.6357889175415323]] [1.9219484329223633, 4.622246265411377, 1.7250148057937622] -1.5312608480453493 0.680705726146698
car [[27.80752563476564, -3.27931213378929, -1.6632405519485616]] [1.993992567062378, 4.669460296630859, 1.7063653469085693] 1.6710193792926233 0.6801484823226929
car [[-22.447948455810547, -7.122138977051009, -0.7070338129997253]] [2.02380108833313, 4.949570655822754, 1.8089600801467896] -0.6482206583023072 0.6718398332595825
car [[35.1759033203125, 34.036682128905795, 0.326367527246461]] [1.9901453256607056, 4.730304718017578, 1.8067127466201782] 3.1244154612170623 0.665001392364502
car [[13.669113159179716, -13.57084274292015, -1.80678391456604]] [1.9134060144424438, 4.450308322906494, 1.5716283321380615] 3.10524827638735 0.6624658107757568
car [[-6.9150238037109375, -51.74452590942428, -3.247003793716445]] [1.943867564201355, 4.696028709411621, 1.6652560234069824] -1.5741361379623415 0.660077691078186
car [[14.500358581543011, -10.924789428711392, -1.7284491062164449]] [2.07542085647583, 4.854353904724121, 1.7141810655593872] 3.1156018416034144 0.6476325988769531
car [[13.627029418945355, -16.12853622436546, -1.824678182601943]] [1.9070340394973755, 4.436697006225586, 1.6107937097549438] -3.1212220191955566 0.6471536159515381
car [[-2.831329345702997, 23.850837707519077, 0.3086593747138977]] [1.9674283266067505, 4.604619979858398, 1.7050204277038574] -1.6052030324935915 0.6300449371337891
car [[13.656852722167983, -18.821090698242642, -2.2143230438232564]] [1.8177733421325684, 4.215131759643555, 1.4967197179794312] 3.134836737309591 0.6210888028144836
car [[13.982650756835909, -23.76402664184593, -2.301539897918701]] [1.9624242782592773, 4.565306663513184, 1.6783795356750488] 3.1059978644000457 0.6195279359817505
car [[13.528877258300795, -29.039247512817838, -2.547177553176894]] [1.944151520729065, 4.468014240264893, 1.6435513496398926] -3.1319375038146977 0.618093729019165
car [[-24.175638198852525, -9.715415954590071, -0.9569341540336751]] [1.9277454614639282, 4.451837539672852, 1.5850937366485596] -0.6429973840713505 0.6064270734786987
car [[-29.009840011596665, -17.02929306030319, -1.1454557180404805]] [1.9328715801239014, 4.4966654777526855, 1.6241354942321777] -0.6850798130035402 0.5614227056503296
car [[44.72682952880862, -17.22163391113304, -1.642716646194458]] [1.9546959400177002, 4.450612545013428, 1.7530375719070435] -1.6400028467178345 0.5376219749450684
car [[-26.258634567260813, -11.710182189941634, -1.034553408622756]] [1.8386754989624023, 4.206185817718506, 1.550431728363037] -0.7040476202964785 0.5354660153388977
car [[13.99076843261713, -26.510362625122298, -2.396051645278945]] [1.944197654724121, 4.4807963371276855, 1.6556512117385864] 3.0641327540027063 0.5332472324371338
car [[35.062034606933636, 36.92351531982399, 0.2747572064399577]] [1.9851268529891968, 4.593975067138672, 1.7198113203048706] -3.102443218231201 0.5325750708580017
car [[14.036781311035142, -34.32503509521507, -2.6658141613006734]] [2.106024742126465, 4.825521945953369, 1.8206843137741089] -0.0009609460830691103 0.4982864558696747
car [[14.195983886718778, -21.267848968506314, -2.2148423194885254]] [1.8289375305175781, 4.1223578453063965, 1.5669736862182617] 3.12561542192568 0.49668794870376587
car [[32.181900024414134, -17.152957916259993, -2.143551826477065]] [1.9713674783706665, 4.541778564453125, 1.7585088014602661] 2.985638920460836 0.436844140291214
car [[35.04856109619142, 42.24806976318314, 0.6901540756225444]] [2.0476274490356445, 4.867395401000977, 1.959945797920227] 3.095844570790426 0.42999279499053955
car [[-53.60094070434573, 28.494895935058594, 1.4813072681427002]] [2.1516807079315186, 5.110800743103027, 1.9609657526016235] -2.0884945392608647 0.4228516221046448
car [[14.005294799804716, -31.60441970825218, -2.782077312469468]] [1.8936870098114014, 4.385965347290039, 1.6167809963226318] -3.050570487976074 0.402055561542511
car [[44.821403503417926, -20.187332153320312, -1.8293843269348145]] [1.8170546293258667, 4.089504241943359, 1.5682368278503418] 3.06482965150942 0.40038377046585083
car [[8.732017517089929, 50.58129119873024, 1.4580140113830566]] [2.0191433429718018, 4.795140266418457, 1.836984395980835] 3.0854094664203084 0.3844839334487915
car [[35.02545166015628, 39.77024841308548, 0.3627936840057373]] [1.938185214996338, 4.466131210327148, 1.6865378618240356] -3.1139440536499023 0.3636687397956848
car [[50.76916503906257, -17.243652343750227, -1.7369124889373921]] [2.035625457763672, 4.837082386016846, 1.9031909704208374] 3.097901169453756 0.3626575469970703
car [[44.70935058593753, 32.11029052734352, 0.8338385224342204]] [2.4032206535339355, 5.916021823883057, 2.588439464569092] -1.1006798744201662 0.3300800621509552
car [[45.21772003173834, -31.01874923706123, -2.008426189422636]] [2.0630571842193604, 4.74660587310791, 1.778596043586731] -3.119457483291626 0.31544315814971924
car [[44.14857482910169, -44.80146789550827, -2.6554286479950093]] [1.9359965324401855, 4.447357177734375, 1.6971664428710938] -0.01223993301391621 0.2930911183357239
car [[-30.843305587768512, 21.83774566650368, 0.7008558511734009]] [2.0933032035827637, 5.025960922241211, 2.023627996444702] 2.533599678670065 0.259521484375
car [[35.003112792968835, 45.315826416015625, 0.8142747282981873]] [2.040961742401123, 4.772430419921875, 1.7844947576522827] 3.090251747761862 0.22428569197654724
car [[44.10764312744155, -23.08602714538597, -1.957566738128662]] [1.942179799079895, 4.492685317993164, 1.7050368785858154] -2.422655820846558 0.20007920265197754
car [[45.1603622436523, -34.02071380615257, -2.3218579292297363]] [2.0153069496154785, 4.668663501739502, 1.7272543907165527] -0.04800462722778344 0.19201791286468506
car [[42.23992919921878, -2.0803833007814774, -1.7857805490493774]] [1.9286004304885864, 4.420772552490234, 1.6670634746551514] -0.07352912425994879 0.19115768373012543
car [[50.14893341064456, -20.149509429932095, -1.352072834968581]] [1.945924162864685, 4.470682144165039, 1.7363309860229492] 3.010184113179342 0.18825972080230713
car [[-30.906011581420785, -18.89771270751976, -1.0306062698364258]] [1.9510098695755005, 4.544760227203369, 1.7031807899475098] -1.794185757637024 0.17605440318584442
car [[44.56235504150392, -36.84118652343773, -2.477171897888198]] [2.0412373542785645, 4.704705715179443, 1.7826517820358276] 3.0122903029071253 0.16665339469909668
car [[30.345878601074162, -3.255966186523665, -1.763007998466506]] [1.915461540222168, 4.477193355560303, 1.6564631462097168] 1.5476824045181272 0.16076260805130005
car [[44.05072784423825, -39.29148101806686, -2.5594506263733052]] [1.9516568183898926, 4.512618064880371, 1.7150015830993652] 3.1230273882495325 0.14372171461582184
car [[43.439964294433665, -53.820095062256314, -2.8258264064789103]] [2.023939847946167, 4.689729690551758, 1.7635592222213745] 2.485812489186422 0.1391085684299469
car [[6.279170989990263, -38.75305938720726, -2.6742634773254537]] [1.891677975654602, 4.429592609405518, 1.6651949882507324] 1.7255185286151333 0.13855654001235962
car [[43.03476715087892, -21.382919311523665, -1.8364571332931519]] [1.8426685333251953, 4.306526184082031, 1.6257044076919556] 1.8159540335284632 0.1264558583498001
car [[-8.846469879150376, 51.90588378906227, 1.4805688858032227]] [1.8681429624557495, 4.414177894592285, 1.6605613231658936] -1.7398785352706911 0.12362450361251831
car [[50.74686431884771, 0.3589019775388351, -1.8018848896026753]] [2.0079658031463623, 4.595534801483154, 1.7621091604232788] -2.2305486202239995 0.11726801097393036
car [[44.67794799804692, -41.75880050659248, -2.786729574203491]] [1.9719433784484863, 4.543642997741699, 1.7161370515823364] -3.093645572662354 0.11213050037622452
car [[27.2957305908203, -22.538547515869595, -2.023677349090576]] [2.0231595039367676, 4.591222763061523, 1.7572273015975952] 3.1303439776050017 0.10786077380180359
car [[-43.506614685058494, 14.053382873534702, 0.8184159994125366]] [1.8994426727294922, 4.323391914367676, 1.6898314952850342] -2.5214583873748784 0.10530613362789154
construction_vehicle [[-11.816989898681626, -22.989500045776595, -1.1420148611068868]] [2.239114999771118, 7.701498985290527, 2.281871795654297] 3.127951447163717 0.8075838685035706
construction_vehicle [[-5.801132202148409, -16.687492370605696, -1.1442832946777486]] [2.6847622394561768, 6.9041852951049805, 2.7237002849578857] -1.607126593589783 0.7956064939498901
truck [[50.829689025878906, -17.30052566528343, -1.8317247629165792]] [2.071556568145752, 5.003681659698486, 1.960450530052185] -0.0057932138442997475 0.39636826515197754
truck [[35.060005187988395, 42.270408630370866, 0.6670616865158081]] [2.0574138164520264, 5.292797088623047, 1.9811770915985107] -0.03605067729949975 0.39521199464797974
truck [[32.66930389404294, -17.199466705322266, -2.255312442779541]] [2.122267007827759, 5.5903472900390625, 1.8775904178619385] -0.14702045917511003 0.37754398584365845
construction_vehicle [[-31.480049133300767, 22.49033355712845, 0.9316878318786479]] [3.0222487449645996, 7.025569438934326, 3.347623825073242] -0.41837406158447255 0.3171002268791199
truck [[8.148529052734432, 50.641609191894304, 1.4611407518386699]] [2.164824962615967, 5.695667266845703, 1.9789247512817383] -3.1353216171264644 0.2526087462902069
truck [[-53.83068847656246, 28.480133056640398, 1.2617965936660624]] [2.357034206390381, 5.469628810882568, 2.1472861766815186] 0.9754306077957152 0.23848780989646912
truck [[-2.8364677429198792, 24.275466918944858, 0.3107649087905884]] [2.096707820892334, 5.527126789093018, 1.988605260848999] -1.6002620458602907 0.21724502742290497
truck [[14.14830017089838, -34.33927536010765, -2.6383528709411763]] [2.109536647796631, 5.277704238891602, 1.8952956199645996] 0.0413969755172725 0.18243780732154846
truck [[35.191879272460966, 36.946601867675554, 0.3767397701740265]] [2.0185651779174805, 4.878651142120361, 1.8533834218978882] -3.1016936302185063 0.17209932208061218
truck [[44.75086975097665, 32.11219787597656, 0.6402496099471904]] [2.530289649963379, 6.2651166915893555, 2.8850488662719727] -1.1149806976318362 0.1713533252477646
truck [[14.016693115234347, -29.033514022827376, -2.53087425231935]] [2.023954391479492, 5.250973224639893, 1.8560550212860107] 3.1308556238757532 0.16834095120429993
truck [[35.10550689697263, 39.78991699218727, 0.41513118147850037]] [2.017068386077881, 4.873528003692627, 1.842510461807251] -3.115541934967041 0.1623694896697998
truck [[44.671264648437514, -44.792205810546875, -2.7777674198150635]] [2.0186471939086914, 5.264588356018066, 1.8623906373977661] 0.0031007528305050896 0.13730834424495697
truck [[-22.537160873413, -7.054161071777344, -0.7562427520751953]] [1.9903064966201782, 5.182323932647705, 1.8374476432800293] -0.6541345119476326 0.13554689288139343
construction_vehicle [[-9.22760391235343, 53.092353820800554, 1.8233311176299907]] [2.9841537475585938, 6.90238618850708, 3.316324234008789] -1.6083045005798342 0.1349392831325531
construction_vehicle [[42.89765930175783, -53.84269332885788, -2.9680199623108052]] [2.5060582160949707, 4.908942699432373, 2.601806402206421] 1.9773877302752894 0.12765924632549286
truck [[35.60324859619142, 34.053245544433366, 0.25278130173681745]] [2.1451754570007324, 5.487782955169678, 1.9504764080047607] 3.1398718992816375 0.12569193542003632
truck [[35.11985015869145, 45.307579040527344, 0.8402107357978821]] [2.0984764099121094, 5.2168073654174805, 1.9429165124893188] 3.1039617697345174 0.11908677965402603
truck [[44.82945251464852, -17.197093963623274, -1.5886564254760742]] [2.0234482288360596, 4.590296268463135, 1.987380027770996] 3.1081894079791472 0.11589697003364563
construction_vehicle [[-50.10889816284168, -20.035861968994595, -0.4453232288360738]] [2.793642997741699, 6.162481784820557, 2.4897685050964355] -0.20793938636779763 0.11302250623703003
truck [[-19.295318603515582, -1.5216598510744461, -0.27187907695770264]] [2.208503007888794, 5.762583255767822, 2.244729518890381] -0.5971384048461919 0.10738132148981094
truck [[27.792770385742188, -3.267322540283658, -1.5347689390182495]] [2.039534091949463, 5.070522308349609, 1.8524606227874756] -1.6763854026794436 0.10601769387722015
truck [[-0.8834266662597514, -36.923141479492415, -2.3526716232299947]] [2.0686516761779785, 5.512955188751221, 1.8302669525146484] 1.5177673101425169 0.1043458878993988
construction_vehicle [[-11.683856964111328, 53.11996459960915, 2.2257423400878906]] [2.9703314304351807, 6.902402877807617, 3.303191661834717] -0.6663218736648558 0.10397905111312866
bus [[4.044509887695398, -30.209178924561, -1.434628486633315]] [2.913322687149048, 7.979241371154785, 3.447988986968994] 1.511438488960266 0.8541046380996704
bus [[4.478649139404297, -20.763446807861555, -1.0488090515136719]] [3.04247784614563, 10.599203109741211, 3.562056064605713] 1.5249990224838255 0.7550960779190063
trailer [[-11.517711639404297, 15.752204895019304, 0.9925942420959615]] [2.200059413909912, 1.883392333984375, 3.5153138637542725] -1.3011095523834233 0.7272641062736511
bus [[45.23004150390638, 31.48954010009743, 0.7238279581069946]] [2.807325839996338, 7.370646953582764, 3.2175066471099854] -1.1009045839309697 0.2837247848510742
bus [[-31.533864974975486, 22.49918365478493, 0.6030083894729472]] [2.785858154296875, 7.134971618652344, 3.1413583755493164] -0.5412840843200689 0.15365275740623474
barrier [[9.197124481201115, 49.74369049072243, 1.0306129455566264]] [3.172494888305664, 0.5652130246162415, 0.9598932862281799] -1.517676591873169 0.146253302693367
barrier [[11.295158386230469, -1.4657745361330399, -1.4611496925354004]] [2.495809555053711, 0.4912935495376587, 1.0094728469848633] 2.0978553930865687 0.13729025423526764
barrier [[-9.127464294433622, -19.497257232666243, -0.9015196561813354]] [2.299835681915283, 0.441323846578598, 1.056043267250061] -0.7032967209815981 0.12573760747909546
bicycle [[15.361633300781378, 35.021385192870866, -0.1543596088886261]] [0.5651995539665222, 1.6442328691482544, 1.019653081893921] -1.535843372344971 0.2612777054309845
bicycle [[20.206069946289148, 15.279434204101335, -1.560587525367751]] [0.560625433921814, 1.5792105197906494, 1.0976412296295166] 1.745694462453024 0.19146369397640228
bicycle [[-9.758380889892578, 18.82042694091774, -0.044180337339639664]] [0.5966500043869019, 1.6393146514892578, 1.0443768501281738] -0.18931210041046181 0.17454013228416443
bicycle [[8.637008666992244, -14.79680252075218, -1.585478663444519]] [0.48723775148391724, 1.5614099502563477, 1.063509225845337] -1.5139173269271855 0.16043192148208618
motorcycle [[-15.225643157958984, 35.64544677734352, 0.9680898189544678]] [0.7220809459686279, 2.0854365825653076, 1.3669873476028442] -2.5393409729003906 0.14361673593521118
bicycle [[35.13143920898436, -0.848880767822493, -2.207078456878662]] [0.5501545071601868, 1.5767549276351929, 1.2818119525909424] -1.1315299272537234 0.12631425261497498
bicycle [[4.515293121337933, 18.831367492675554, -0.9393024444580078]] [0.5000963807106018, 1.4806512594223022, 1.0333101749420166] -1.5831764936447148 0.11377127468585968
bicycle [[28.359100341796946, -14.147994995117415, -1.827683448791504]] [0.561589241027832, 1.5737453699111938, 1.1372772455215454] 0.6296206712722777 0.11334918439388275
motorcycle [[42.7176132202149, -17.16512298584007, -1.8546828031539917]] [0.6865533590316772, 2.032504081726074, 1.3974721431732178] 1.3725022077560425 0.10813958942890167
bicycle [[15.269134521484375, 46.019844055175554, 0.16260832548140058]] [0.7091593146324158, 1.7176915407180786, 1.2688473463058472] -2.043258666992188 0.10777287185192108
bicycle [[-20.022102355957003, 17.127449035644304, 0.028287366032600403]] [0.5931037664413452, 1.625325083732605, 1.1635593175888062] 2.732245270405905 0.10549423843622208
motorcycle [[6.205005645752053, -41.62222671508812, 1.1874293088912822]] [0.7991544604301453, 1.918047547340393, 1.6324570178985596] 2.843567673360006 0.1048763319849968
bicycle [[29.119293212890653, 17.77389526367142, -0.9680898189544678]] [0.6149101257324219, 1.7545320987701416, 1.1831399202346802] -0.3963819742202757 0.10257618129253387
motorcycle [[40.42510986328128, -2.054965972900618, -1.776175379753127]] [0.6439328193664551, 1.8587119579315186, 1.2652124166488647] 2.560705486928122 0.1013912633061409
traffic_cone [[-7.641132354736399, -0.3448410034181961, -1.2337620258331299]] [0.3695180416107178, 0.3733190894126892, 0.7437081336975098] 1.9761336485492151 0.8911775946617126
traffic_cone [[-5.90835952758782, -0.41501998901389925, -1.368147611618042]] [0.38114938139915466, 0.38777053356170654, 0.7376343011856079] 1.7655585447894495 0.870204746723175
traffic_cone [[-3.71421813964848, -7.051425933838118, -1.6791999340057515]] [0.3768480718135834, 0.3811233937740326, 0.7287328243255615] 1.4880348443984983 0.8518417477607727
traffic_cone [[-8.83754730224615, -0.6950111389160156, -1.2302547693252421]] [0.3639313280582428, 0.3659254312515259, 0.7412698268890381] 2.1081112066852015 0.8420210480690002
traffic_cone [[-4.14319229125968, -2.8589782714848297, -1.4924440383911133]] [0.38104507327079773, 0.3875701129436493, 0.7650516033172607] 1.7976916472064415 0.8286177515983582
traffic_cone [[-8.047767639160156, -0.4254646301271805, -1.2211613655090474]] [0.3693714141845703, 0.37654948234558105, 0.767636239528656] 2.11082107225527 0.8236821889877319
traffic_cone [[-3.5390014648436505, -12.197872161865462, -1.8625645637512207]] [0.39642399549484253, 0.3970410227775574, 0.7425699234008789] 1.0967408418655396 0.7127807140350342
traffic_cone [[-5.55318069458005, 18.457511901855014, -0.31990599632264605]] [0.40776461362838745, 0.407031774520874, 0.9296599626541138] 1.4639996290206907 0.7037910223007202
traffic_cone [[-5.618789672851591, 16.13481903076149, -0.6238946914672852]] [0.40991461277008057, 0.41347891092300415, 0.7661089897155762] 1.4626141786575315 0.6720613837242126
pedestrian [[-13.084465026855469, -13.538513183593977, -0.8680037260055542]] [0.5738097429275513, 0.5482845902442932, 1.6922906637191772] -2.900812149047852 0.6710680723190308
traffic_cone [[-3.6326789855956036, -15.70610427856468, -2.0100255012512207]] [0.3564918041229248, 0.3610825836658478, 0.7666603326797485] -1.4989448785781863 0.6678776741027832
traffic_cone [[-8.618949890136676, -0.5587348937990555, -1.2255923748016357]] [0.3622743487358093, 0.36443307995796204, 0.7374768257141113] 2.026637856160299 0.6607370972633362
pedestrian [[-13.644245147705107, -19.58097457885765, -1.1871200799942017]] [0.6439749002456665, 0.661551833152771, 1.752825140953064] -0.6300225257873535 0.6295464038848877
traffic_cone [[-5.525970458984318, 20.857078552245866, -0.28950929641725054]] [0.3851471543312073, 0.38842785358428955, 0.7390817999839783] 1.2309919595718382 0.6206651926040649
traffic_cone [[-5.483039855957003, 23.60776519775345, -0.016324002295732498]] [0.4037112891674042, 0.4004935026168823, 0.836040198802948] -0.6640109419822694 0.5837780237197876
pedestrian [[-12.228664398193388, -20.016838073730696, -1.3460649251938008]] [0.5811119079589844, 0.5946415662765503, 1.7047758102416992] -0.6463211774826054 0.5391881465911865
pedestrian [[-11.662895202636705, -19.45506668090843, -1.396092414855957]] [0.5724247097969055, 0.5920150279998779, 1.5677955150604248] -1.9551582336425783 0.5255749225616455
pedestrian [[-9.942386627197266, -20.31725311279297, -1.3806846141815186]] [0.6328405737876892, 0.6527157425880432, 1.7995041608810425] 0.8176223039627071 0.4623805284500122
traffic_cone [[-19.49545669555667, -6.745906829834212, -1.1479018926620341]] [0.35143935680389404, 0.3497435450553894, 0.7665448784828186] -0.3309903144836428 0.4567100703716278
traffic_cone [[-8.21755981445311, -0.621498107910611, -1.2506129741668701]] [0.38436445593833923, 0.3895171880722046, 0.7393481731414795] 2.203671757374899 0.25916922092437744
pedestrian [[6.248241424560575, 43.01466369628861, 1.146161079406724]] [0.6288692951202393, 0.6487293243408203, 1.7378571033477783] -2.9379854202270512 0.23992645740509033
traffic_cone [[-6.126346588134766, -21.374523162842024, -2.254643440246582]] [0.39423176646232605, 0.39644163846969604, 0.8000588417053223] -1.308062553405762 0.2306428849697113
pedestrian [[-16.349800109863253, 23.099792480468523, 1.3876380920410156]] [0.5768030881881714, 0.56887286901474, 1.7015306949615479] -0.36739981174469016 0.22796425223350525
pedestrian [[-11.290538787841726, -19.39752960205101, -1.5024869441986226]] [0.5801404714584351, 0.615337610244751, 1.5166319608688354] -1.1529421806335451 0.22454644739627838
traffic_cone [[15.330085754394602, 34.893203735351335, 0.10836203396318922]] [0.412455290555954, 0.4130454659461975, 1.2161576747894287] 1.921500031148092 0.2083028256893158
pedestrian [[-32.526779174804616, -22.05994415283226, -1.4972800016403056]] [0.651848316192627, 0.7071663737297058, 1.7563892602920532] -2.1460688114166264 0.1906834840774536
pedestrian [[-15.922142028808594, 34.457656860351335, 1.1412271261215068]] [0.6138113141059875, 0.5902347564697266, 1.7022427320480347] 1.4073537588119505 0.1886216402053833
pedestrian [[5.020629882812457, 43.63735961914017, 1.3511240482330038]] [0.6406171321868896, 0.6635375022888184, 1.7359788417816162] -2.434167861938477 0.18132361769676208
pedestrian [[-35.88049316406244, 18.299560546874773, 0.4668409228324748]] [0.6368687748908997, 0.6430693864822388, 1.7439424991607666] -1.5483371019363406 0.17137856781482697
pedestrian [[-35.259208679199205, 16.907241821288608, 0.6794897317886353]] [0.6568796038627625, 0.6322561502456665, 1.8031123876571655] -2.2943027019500732 0.17027437686920166
traffic_cone [[-5.529033660888572, 23.352012634277116, -0.0041380049660944]] [0.41277801990509033, 0.41594982147216797, 0.8493714332580566] -0.7655736207962042 0.16302451491355896
pedestrian [[-12.968093872070341, -19.57983779907272, -1.2332103252410889]] [0.6414865255355835, 0.6774470806121826, 1.719693660736084] -0.514649391174317 0.15846523642539978
traffic_cone [[15.202293395996207, 46.07206726074173, 0.6859502196311809]] [0.5799089670181274, 0.5770536661148071, 1.3899004459381104] -0.4193757772445682 0.15275423228740692
pedestrian [[-12.769466400146442, -20.008544921875227, -1.2499234676361084]] [0.6519758105278015, 0.7080746293067932, 1.7676186561584473] -0.6405944824218752 0.14565658569335938
pedestrian [[-12.315151214599595, -20.620822906494595, -1.4001296758651876]] [0.5651490688323975, 0.595913290977478, 1.6619040966033936] -0.8817347288131714 0.14268630743026733
traffic_cone [[-9.052078247070256, -0.565345764160611, -1.2092369794845723]] [0.40290406346321106, 0.40294313430786133, 0.6927270293235779] 2.07607347169985 0.14165031909942627
traffic_cone [[5.831043243408132, -36.930061340332486, -3.089841604232788]] [0.39133012294769287, 0.3971640467643738, 1.2305198907852173] 1.6194484869586392 0.1412481963634491
traffic_cone [[-5.361412048339773, 21.057716369628906, -0.23667415976524353]] [0.39633482694625854, 0.4102076590061188, 0.7389914989471436] 0.9937349557876581 0.14038467407226562
pedestrian [[-10.972885131835952, -18.973747253418423, -1.6025147438049459]] [0.5679299831390381, 0.6004316806793213, 1.2359254360198975] -0.9682660698890688 0.1403808742761612
pedestrian [[37.39178466796882, 50.146621704101335, 1.3305879831314087]] [0.6741195321083069, 0.6977206468582153, 1.8251781463623047] -2.695177555084229 0.1362881362438202
pedestrian [[20.163948059082145, 15.48065185546875, -1.5028356313705586]] [0.4919441044330597, 0.5100990533828735, 0.924750566482544] 1.8249290625201624 0.1331695318222046
pedestrian [[-31.29107666015622, -30.190719604492415, -1.6831641197204732]] [0.5948033332824707, 0.6337859034538269, 1.3527737855911255] 1.863556210194723 0.13295018672943115
pedestrian [[43.4977722167969, -53.800258636475064, -2.156883716583266]] [0.6847760677337646, 0.7132872939109802, 1.7980701923370361] 2.3149579207049773 0.1320759356021881
pedestrian [[-10.625209808349496, -18.929794311523665, -1.7013095617294312]] [0.5214205384254456, 0.5458531975746155, 1.1287626028060913] -0.4172701835632324 0.1296207308769226
pedestrian [[40.28865051269541, -1.9041213989260086, -1.9884988069534302]] [0.56780606508255, 0.5863332748413086, 1.4753566980361938] -2.7879309654235844 0.1273595094680786
pedestrian [[-13.60954666137701, -19.138656616210938, -1.2561196088791036]] [0.6720777153968811, 0.7268422842025757, 1.713753581047058] -0.5031077861785891 0.12320086359977722
pedestrian [[27.968391418457074, 33.42397308349564, -0.11559907346965304]] [0.6146783232688904, 0.6456459760665894, 1.473921775817871] -2.79509711265564 0.12058402597904205
pedestrian [[-12.23404312133789, -18.976970672607877, -1.4305264949798726]] [0.5950456261634827, 0.6239289045333862, 1.4551945924758911] -1.2446144819259646 0.1196390762925148
traffic_cone [[-7.093498229980511, -0.3338394165041336, -1.3074824810028218]] [0.39563897252082825, 0.4009864926338196, 0.7259386777877808] 1.8226402441607876 0.11781765520572662
pedestrian [[-7.873477935790987, -19.310993194580533, -0.4577646255493164]] [0.5647745728492737, 0.5535857081413269, 1.700944185256958] -1.3545175790786745 0.11771803349256516
traffic_cone [[-11.793968200683494, 15.134681701659702, -0.45782527327537537]] [0.39767348766326904, 0.44042766094207764, 0.8222780227661133] -1.272378206253052 0.11765067279338837
pedestrian [[5.863597869873104, -41.588939666748274, 0.6282073855400085]] [0.6837219595909119, 0.7121042013168335, 1.733367681503296] 2.321892563496725 0.11754662543535233
pedestrian [[27.22867584228527, -5.016323089599837, -1.6285562515258931]] [0.6361697912216187, 0.646379292011261, 1.6550896167755127] -2.7492666244506836 0.11700643599033356
pedestrian [[-34.032386779785156, -22.514326095581282, -0.7190927267074585]] [0.6546425819396973, 0.6933101415634155, 1.7917678356170654] -1.0682734251022343 0.1169343814253807
pedestrian [[-9.520645141601577, -20.140663146972884, -1.3257254362106181]] [0.6674413084983826, 0.7157254219055176, 1.7926661968231201] 0.33519113063812256 0.11467989534139633
pedestrian [[-11.097816467285142, -20.67805480957054, -1.525089740753188]] [0.5430476665496826, 0.5721138119697571, 1.5129033327102661] -2.9002470970153813 0.11465691030025482
traffic_cone [[-5.390228271484347, 16.30986785888649, -0.5787740349769877]] [0.4059990644454956, 0.4191204309463501, 0.7628173232078552] 1.5386241674423216 0.1124594658613205
traffic_cone [[18.168945312500057, -0.08006668090865787, -1.5595179796218872]] [0.3854416012763977, 0.3857761025428772, 1.2163095474243164] 0.9369341135025021 0.11199633777141571
traffic_cone [[-10.96146011352539, 15.349792480468523, -0.42751580476760864]] [0.39353951811790466, 0.49926501512527466, 0.7434492707252502] -1.2894842624664309 0.11148713529109955
pedestrian [[-15.382087707519432, 35.3069229125972, 0.9649917483329631]] [0.5675529837608337, 0.5783346891403198, 1.4691921472549438] -0.4360501766204833 0.11142899096012115
pedestrian [[-9.236213684082031, -19.49752807617233, -1.2563254833221578]] [0.5899189114570618, 0.6150494813919067, 1.7295167446136475] -0.11365592479705845 0.1111595630645752
pedestrian [[-10.34178161621098, -20.516445159912564, -1.4210683107376099]] [0.6608613133430481, 0.710919201374054, 1.7324953079223633] 2.118969742451803 0.11015445739030838
traffic_cone [[-9.44413375854488, 18.78478240966797, -0.055828094482421875]] [0.3966350555419922, 0.4150133430957794, 0.7914144992828369] 1.460331320762634 0.10954269766807556
traffic_cone [[-7.635005950927692, -0.5981254577641266, -1.266008853912382]] [0.38998132944107056, 0.38978439569473267, 0.7091451287269592] 2.0146201292621058 0.10838550329208374
traffic_cone [[8.684776306152415, -17.20995712280296, -1.4986383914947652]] [0.41434356570243835, 0.40158694982528687, 1.393127202987671] 2.6209810415851034 0.10808196663856506
pedestrian [[-11.11142730712892, -20.143684387207486, -1.4974209070205688]] [0.6228368878364563, 0.6568639874458313, 1.6633942127227783] -1.3806698322296145 0.10220031440258026
728e3e32df3c413389cb7e233de96ac4