car 0.0 463.42582467535124 250.1040498933771 560.8760134121507 
car 254.48144089533307 456.63616575277746 545.1340570942795 573.8122215885488 
car 141.45508309347125 455.44689870588763 447.6104365065514 566.339221702722 
car 600.0292532398722 459.88631682716607 773.803292952639 536.499256321802 
car 1204.53529939545 422.7196043565705 1521.0982523446755 535.2083335130694 
car 0.0 470.0250514724528 110.08688801823992 536.3979159483323 
car 1153.2797178258586 479.5067278458393 1477.0600378283275 596.2038558581157 
car 1224.4617297381917 459.90937793150556 1548.716368851783 574.6040258788423 
car 0.0 467.1979764345168 58.20141275564968 529.934309367035 
movable_object 657.3018081442643 515.7887507876711 726.7185766832099 624.8666180336468 
car 0.0 457.4390211698932 173.0235349133278 547.0021256406334 
car 50.2248000186043 470.5100106842432 353.881191392223 570.1391458411 
car 517.6942692303019 456.53928790270646 679.2835880602318 528.4401738126289 
