car 828.243820989108 366.5298270869733 1180.4378157785297 515.0554306820677 
bicycle 426.94360648351955 444.96934716819254 591.4277711649827 560.7394762582283 
car 1281.1858738441624 365.2005213224605 1600.0 543.1701701456412 
car 1259.6692646757926 360.0962935483683 1597.577950336431 493.9291756738708 
car 643.6715479543847 373.87418186134704 1147.6629225802583 590.9425516207946 
car 756.2992457530277 355.3430339428941 1192.1157265333309 536.8164774117881 
car 1374.6237294360528 351.95638908812134 1600.0 503.7598578258087 
car 0.0 438.106431499626 164.79987784887558 697.5239128273085 
car 0.0 412.8221051047277 776.7110426455152 846.9421012738578 
bicycle 768.5075739490923 475.97671205367675 985.0351288631871 622.9660242018625 
car 674.6249404842085 322.2288296202526 1600.0 900.0 
car 1296.6834016938762 366.9427617198879 1578.1144246651188 470.07670376103323 
