pedestrian 940.4616137774735 464.0608890750671 1093.3056062598405 736.6893053723143 
pedestrian 202.62367495702264 540.9359764151126 235.71060047629112 606.8319861448156 
pedestrian 573.8628202676088 552.2011774431311 618.9936249674705 635.5063416771933 
pedestrian 1059.075122036175 506.88832878441275 1125.4797422920874 632.9547987507436 
pedestrian 701.7797482580967 529.7327895179253 748.93669274377 628.5181234994067 
car 1165.2523474470029 514.5451912659438 1373.401186124646 612.7866331956681 
pedestrian 885.5511909419506 516.7996476402625 963.4787023248648 648.4549809129159 
pedestrian 381.41135870026295 539.5782780952138 414.9365415438631 606.3025301638685 
pedestrian 747.6301614952749 534.9400414592717 800.8713005975746 638.714584925031 
pedestrian 1122.9500843829098 492.74734677822596 1260.4245031561384 744.2555479655232 
car 1397.2750375130884 428.1637553825879 1524.4116296412135 559.9145326176322 
pedestrian 603.5050227138097 526.6360624998781 632.4780036856083 578.8396532032478 
car 1028.169107431068 518.404715921646 1236.5779805974696 604.5583688919401 
pedestrian 1481.8448564689968 472.7811522837554 1559.4243323124476 610.6476833808263 
pedestrian 145.97723252153048 552.8778799508334 183.41888761518584 618.3513991055703 
pedestrian 458.9627402625688 539.6757722559156 517.2598114976528 645.4103993716856 
pedestrian 566.4018825251395 544.0740757313894 613.7918777590271 639.305989580055 
car 246.90109967004932 388.8802395708426 1600.0 900.0 
pedestrian 482.3160143597128 552.8658683523826 537.8570727168371 640.1730155747481 
pedestrian 629.4862906862501 538.1758946703238 688.9768622743893 642.7532818082508 
pedestrian 530.8644420465538 524.86954293297 561.2320371857803 580.1540567597206 
pedestrian 877.1975234868083 521.3740895553061 934.8642206403429 638.2166419998189 
pedestrian 221.31819066397648 536.4776396291321 253.35185355457145 600.1024215527804 
car 1384.8713308677052 501.6139552321634 1541.5491760554926 577.0180146086391 
pedestrian 505.68037693888664 549.4414991731144 543.851079558784 638.553391772694 
pedestrian 540.4423647433235 545.013286251865 580.6348041725125 633.7490655145399 
pedestrian 135.82499692794894 550.8051630442026 167.85393881879477 612.0099300027375 
pedestrian 427.9967222860001 544.7817264463134 489.9579446151203 650.7568872118129 
pedestrian 788.0127420768214 528.4838717978729 840.2765957390625 629.9945597121513 
pedestrian 418.0990914368641 539.1816983596785 460.3835201762942 601.7521112463264 
