pedestrian 1263.0564193615958 442.74405471624897 1464.6840871775314 763.3181476948427 
pedestrian 197.97370348339683 537.1671212331465 233.99369585984527 608.018282835418 
pedestrian 537.8942260840505 552.2823560699156 582.1144028173833 633.7011947815861 
pedestrian 1447.9303204941093 495.1219267927343 1540.9286141162274 662.1527450753453 
pedestrian 692.5753500876579 531.5468224796618 737.2281344107593 625.5949010783974 
car 1275.2066965395513 501.21446007173586 1482.0687293865174 604.631171063107 
pedestrian 1272.8027017212705 488.5845480715629 1367.7299739175685 651.4186909063458 
pedestrian 452.09237709883854 526.3269723746173 486.1218107911225 591.9578127144838 
pedestrian 735.2551557663076 534.1920851070029 786.5118976597425 634.1594808037399 
pedestrian 1495.1806762948547 476.3499129033163 1600.0 769.3741371503959 
car 1369.716506002445 382.77802238453665 1569.5002049628722 561.5385091981483 
pedestrian 551.4460863638275 521.3619257919717 583.8821025328502 579.5581619366436 
car 1128.3083384818708 509.1980307270429 1336.6973685012222 600.3327882750378 
pedestrian 68.91179123983014 547.3067982422664 113.23524765954015 624.9911704772437 
pedestrian 398.5701248903771 534.1254595035339 451.8475563782572 635.0889550336194 
pedestrian 590.4768299416146 545.9747929181024 632.8192479659666 636.2487379305643 
car 242.72392516594977 543.8691037829557 508.0203576392719 786.7384290941538 
pedestrian 448.73470653768464 552.7234945368202 505.00423082573855 639.2389362180407 
pedestrian 623.7358375096364 538.4564465430628 680.7450227218364 638.4181250786552 
pedestrian 519.2294386320224 542.3936196645429 551.6970024218094 621.9098807922338 
pedestrian 482.6673546622096 520.599346448063 516.413589049608 581.7511827273261 
pedestrian 1138.8508130403864 494.5819572313616 1212.785189034496 638.5279529843249 
pedestrian 192.1183536588069 540.4169182980155 227.2628329228573 609.5904051894358 
car 1493.5752870174547 489.4420575425767 1600.0 568.6706600620321 
pedestrian 599.1342610325306 522.6790135729905 623.8218777322571 578.4915002305211 
pedestrian 557.2288780092732 534.8836962924903 588.7466799993197 620.3589528538041 
pedestrian 585.331565501067 533.0003944916156 619.7677546653381 617.1848697788522 
pedestrian 22.216670710687797 545.9264756669912 59.25928282608445 616.2844134754005 
pedestrian 616.8190748450047 540.6680528816206 650.5958058311711 616.3330785864556 
pedestrian 384.2633579117067 543.7696224861576 446.0575225107867 646.7843408683649 
pedestrian 775.8582370035685 530.0259037152795 826.4578946900633 628.5248239394607 
pedestrian 504.6315815057179 526.7686959266632 547.2862175287007 589.406047015486 
