pedestrian 1118.7197971684066 457.16637591276634 1299.2548202742973 756.1815038234023 
pedestrian 185.41206890914947 546.8718495984594 220.86393524501264 616.4614544573017 
pedestrian 523.4842633196382 559.6653386822524 567.7869892050024 640.7970578468677 
pedestrian 1298.0900126377219 505.24173698548526 1383.6252085141646 659.8905864230433 
pedestrian 679.3713989045685 534.6960001696028 724.4873388980951 628.6865654216971 
car 1225.9897940353492 504.55535628070794 1434.1661216711268 606.4339582956584 
pedestrian 1141.0973385661027 498.2403445174428 1231.5958554634256 650.6980900601104 
pedestrian 430.6383742444662 534.6070238234402 464.60321869668456 600.0553755236074 
pedestrian 720.4217805192774 538.6727471720723 771.8205289565856 638.0386024629705 
pedestrian 1336.6085372172622 485.9988359435547 1500.8913506786575 763.2325566915858 
car 1365.2457442202983 395.41844310911546 1541.1018702775532 563.8259243887472 
pedestrian 558.5965818644486 526.6957866469053 590.3537064982971 583.3757980478754 
car 1085.827185243865 512.2518902295233 1294.8553568602993 602.190386547395 
pedestrian 85.28553583699419 555.1502978257472 125.52500153605251 629.3437131237201 
pedestrian 399.2962864402002 540.4942701274556 454.26860670623586 641.2234618293846 
pedestrian 575.9580664617795 549.8586526276147 617.1948301852253 640.4404913308582 
car 143.72972149028337 539.6247718992622 495.63127215440625 823.8726408551332 
pedestrian 440.19715006015 558.3604885399676 496.02759126323593 643.794248120181 
pedestrian 612.221086491204 542.5483843022212 669.5493617777008 642.4837305311501 
pedestrian 500.4348318879998 550.1477895256377 532.7688606248024 629.5477526297501 
pedestrian 488.29779138181465 529.328656130457 521.419558244301 589.08513677884 
pedestrian 1059.4770836192276 503.6604672077482 1129.031125724935 639.4730898909523 
pedestrian 192.22190973014938 547.736826839006 226.69614835400716 615.3697208866799 
car 1448.7922204531553 491.5471362686454 1592.109144268949 569.785158370617 
pedestrian 577.1249219569398 529.6255231663569 601.2411119893839 584.5277847007948 
pedestrian 532.1079979136126 544.8060751905081 563.5221711969406 630.4527656824841 
pedestrian 562.1221689525354 540.6513604726256 594.1789424977758 624.7620445437301 
pedestrian 43.62040214522913 553.9747535023124 79.36734049290212 621.6934354663682 
pedestrian 592.8091182478374 549.0866392008684 627.6714987130399 625.4808140292047 
pedestrian 392.8334503164754 549.4628052970078 456.54656272082025 651.3681392444373 
pedestrian 760.6335610387422 533.8094715378458 811.4776363508814 631.8655047739394 
pedestrian 481.7731301498493 533.0797578131837 524.2800250225454 595.3239061537006 
