car 0.0 377.4123654091863 213.8005846730414 745.8338745523728 
pedestrian 1086.749937162864 445.23818327750814 1146.7084325149667 590.4797277406908 
pedestrian 954.3461238907873 369.17885872925854 1001.973727409331 472.0123704263215 
pedestrian 1015.3866074698652 437.1382406881322 1071.936742638438 589.0972348018058 
pedestrian 277.8692505048157 435.9975302758944 369.1978294592461 556.4131596729992 
pedestrian 1422.0022917888484 353.063891476387 1499.374065186576 457.25772707743874 
car 725.6446851018145 419.9482623290804 1023.1568603657644 521.8340203924776 
car 0.0 452.71149231740435 413.971788328102 634.9510836711236 
car 2.466106106502483 326.60748581487064 609.2962684986685 623.9877299961192 
pedestrian 1154.4590875551626 444.9778664746501 1216.8382610879357 580.0588552192336 
bicycle 1440.5540495018552 445.9539788070153 1600.0 532.4968339065271 
