pedestrian 155.18255625919147 478.6126468095736 195.66293361605548 538.1491254233722 
car 121.7137495145346 488.1212573414351 229.65081802808947 519.5465305095067 
pedestrian 367.37323485898276 480.09500142305404 405.3138169933101 534.8301867707889 
pedestrian 96.92697857587348 477.0598506286407 131.5590297584304 539.5912319943524 
pedestrian 344.59670823390644 483.4944387826507 371.4152628606638 521.8423421009685 
movable_object 0.0 516.0124312630605 43.11837719804043 612.7977370116015 
movable_object 277.3974531882856 565.4154317179443 350.2076762161833 658.7430620135956 
movable_object 0.0 519.2177592362863 67.22954294355736 628.6696411089066 
pedestrian 130.6384643651456 477.47228959249713 170.48515565238299 542.200043159212 
movable_object 0.0 520.9806147292086 115.80695765378677 615.8917428942154 
pedestrian 42.935457659945946 480.93966781658617 77.1568499141849 535.1769876265276 
car 0.0 485.5665659530859 73.21410122729955 522.890780030947 
movable_object 96.94445270579527 523.1012016310341 292.1943106706286 656.8097641914694 
car 66.38297918524187 486.9902153470147 170.9141996215999 516.6868578229469 
pedestrian 75.86604254885694 485.6781369463517 110.16662178075619 541.3290588938355 
pedestrian 118.50289870316698 481.20224687808127 157.00365890681798 539.5444407003974 
movable_object 202.54943764741208 526.6225857294243 400.90533065553797 643.3306761126382 
movable_object 0.1619656918321271 522.9776696012615 168.70372362003135 646.3296344149007 
