pedestrian 1028.760813908386 470.15892458173187 1195.3054136948974 756.4043472464516 
pedestrian 184.07346792862415 547.8849081426547 218.4299551011141 616.0021158657919 
pedestrian 527.9288131916654 560.9422542939407 571.9510465886226 642.0660811074956 
pedestrian 1203.923096913685 513.1854773454252 1282.3475491117988 657.8441756050571 
pedestrian 672.7454494190198 535.9896578072829 717.7917079579208 630.2652172209185 
car 1190.7927496800482 512.3392267129987 1398.9552417051905 612.3224483828653 
pedestrian 1042.3850796232493 508.90670819467147 1128.1587131648405 653.5719590894655 
pedestrian 413.1136190838206 538.8872249694874 446.4022425161172 604.176939135788 
pedestrian 711.4520068891562 541.7115769834187 762.283898849281 640.5602276005928 
pedestrian 1233.6348099222205 498.726519296076 1384.2717548711462 762.7796201059829 
car 1365.4921785325814 412.091931508616 1517.009699755369 570.6105603604689 
pedestrian 567.9512331229143 529.2735425566258 598.7099884798015 584.4828928527328 
car 1054.726009144381 518.6883727595905 1263.4218883704928 606.8311027684499 
pedestrian 104.39980548445386 555.7408839761193 139.58004847177307 626.9712964825923 
pedestrian 407.47726335447237 542.4705808801806 463.21645450298905 643.0422061066957 
pedestrian 555.1124758784754 549.628704546033 598.8738538303232 640.7794716341983 
car 98.37363788180087 527.530495696362 535.7523824416324 875.3068506627745 
pedestrian 451.86690925126203 559.6435230871649 506.8753009284882 644.5629900376701 
pedestrian 607.6400319813241 544.3011154186456 664.8246703815086 644.5852414392065 
pedestrian 486.5338912891015 554.4797432599328 518.428802536567 634.2692310362576 
pedestrian 496.17555055849044 534.5021476581572 528.3487844434928 592.914217392839 
pedestrian 989.3442090726371 510.33888315778415 1053.0811159377286 638.594347749004 
pedestrian 194.02100686074124 548.905373054106 227.4984687302921 615.2300199814281 
car 1415.2484165784806 499.3447565014993 1563.6689467789818 576.0974676569193 
pedestrian 561.1283636383226 533.8620665923027 584.376243617495 587.822091506867 
pedestrian 511.24033954842275 551.610696162747 542.0967830089262 637.6652349888678 
pedestrian 543.9885568414057 545.211886954653 576.7682470335648 629.994277185554 
pedestrian 64.7900253428306 554.5153869136016 99.04364565123434 619.9732379654347 
pedestrian 582.640424269292 552.4515165953471 617.8495356586069 628.7286203947835 
pedestrian 397.1493324625369 551.1845220230583 461.22338249136595 652.3420600887496 
pedestrian 754.201883529839 536.4191572634483 804.7653570026749 634.4656368942469 
pedestrian 460.2656272020158 537.7156363460991 502.35666803677896 599.6627927869499 
