car 930.794950961379 477.877175141363 1367.901946500852 630.0510741805671 
car 123.38852417074031 504.6233929828402 296.58675320973066 596.151994356276 
car 1046.3130034728333 481.3999354111783 1438.4695956555545 604.3342361181477 
car 176.2818204386373 519.548027192994 462.62583471475193 666.9475737181083 
car 1303.050950167231 449.29086750507093 1469.6087636341913 497.9758024658048 
car 1273.9339129519044 429.9725607093208 1576.9159613884758 542.6332307974892 
car 695.0239671831758 480.2915444645133 943.4954016214956 576.2199940855219 
car 1173.9159750711087 469.02383931584575 1521.31411673827 577.774694302295 
car 1245.8463578162791 469.6546637890572 1566.0759029527917 570.5429699843668 
car 467.8553562744963 486.91743634706626 612.805634712969 549.9393586364592 
car 1195.9770468088868 453.52226743291936 1363.3488387116508 506.97896743357586 
car 893.2257035302875 447.7630979088091 1039.0955714357465 510.8187771030747 
car 1547.295293849535 432.7852412896553 1600.0 485.73831913051225 
car 935.9936770262075 461.123653414342 1163.2319186608631 540.5799502327255 
car 630.6502560224128 470.0927713189829 768.9381951521722 530.8897048134738 
car 4.344587685661852 523.0619572276205 161.50876370114733 608.262208489096 
car 1375.8586982799975 435.07253000719464 1600.0 526.8971714726754 
car 0.0 518.134579701173 8.773792482613887 607.3314310777971 
car 1101.7016080395347 455.6522236594734 1278.0798133695616 520.2536324406348 
car 847.8405850326976 476.7053049074766 1277.3057960611009 656.4550144952968 
car 492.7389831876719 488.192968298233 753.4486575152581 604.8477571584513 
car 613.6133314307247 487.3165659719103 862.0071237328231 579.4308477438464 
