car 0.0 357.1484158367268 235.51546098774176 598.8130943450377 
car 1539.4677097468564 428.2110780030492 1600.0 682.2307947428503 
movable_object 1361.7977418891649 541.0659627480318 1600.0 723.5241446454702 
movable_object 534.6811904766873 647.8391952966844 1513.7926275724624 900.0 
movable_object 1172.752993317372 581.6844619832459 1235.8612740411745 678.8478532453389 
car 1352.657973432196 0.0 1600.0 900.0 
car 299.0893500249537 310.17889228915766 1130.2351401225537 635.9879063301596 
car 1270.9321832412404 484.16523346844883 1600.0 645.7968667946544 
car 499.5256113128201 481.9352643063467 1002.3742195741688 655.8539728584267 
movable_object 1451.6791359654867 676.3947957353938 1600.0 900.0 
movable_object 610.42726099353 569.8725999771499 672.3720523078189 656.5200748869404 
movable_object 461.66204643882804 646.7937402184207 700.8380503799781 737.703451201801 
movable_object 169.670834308248 566.652052500948 226.10227087811623 640.8732046919852 
