movable_object 1481.657530602961 538.4951087196768 1600.0 681.7953668926763 
car 1166.1227509710052 423.15154402344507 1600.0 669.2031301024704 
pedestrian 1169.593472381943 433.689723652416 1340.3248694967178 702.6882912990301 
movable_object 1206.7147428855867 536.7026476364111 1490.8932977083848 691.3119715152205 
movable_object 949.2499355361467 526.8769068299392 1217.0069099343498 683.8985892148931 
movable_object 0.0 607.9714096114268 580.4096039363219 900.0 
movable_object 804.2745413878138 565.5181749798659 857.4030215025699 651.1114104835489 
car 659.1497256889816 0.0 1600.0 900.0 
car 37.32256532235297 315.6778404529954 846.279713662896 616.8097016037644 
car 972.803598681737 477.6592562814064 1344.6258578439606 623.9138151277876 
car 208.243627041308 474.5519236915979 699.3622228279255 634.0516045550905 
movable_object 1224.1518912846998 617.1850273893891 1600.0 900.0 
movable_object 515.5445008585206 620.3851724567859 1281.497129555357 900.0 
movable_object 302.35442160339215 556.8739874557283 366.8776278058815 637.3811710521767 
pedestrian 1083.4244102475734 434.12924234255223 1260.322413683355 722.1484354430056 
