pedestrian 241.46379668939844 477.4265679592014 284.1833729144649 540.59876608916 
car 179.39374405160376 486.7943516201506 289.1535683780745 519.5086353662138 
pedestrian 493.14472552761055 479.1407306651922 534.1465105735414 538.4395154895955 
pedestrian 182.68619019232014 475.8250773918576 219.39552105471768 542.1140378609734 
pedestrian 400.72666105060966 483.8558690782167 428.7848242471825 524.1784930317341 
movable_object 395.0010814307484 530.4492014910779 583.7716010024046 677.8542171775467 
movable_object 93.95293944589268 517.8618125805872 246.53168803382235 634.914594893356 
movable_object 722.41900131169 594.3154259066973 803.0457357239112 719.6038406694976 
movable_object 140.9600235905027 524.260542099568 335.9307529968028 662.1448348169745 
pedestrian 215.99458032162028 476.40673393330593 258.1245101437779 544.9474394680776 
movable_object 185.1580972414536 525.9285065213224 351.5780582938465 640.3778671155711 
pedestrian 120.0722373650622 477.93994455138693 155.583811095722 535.0378895726667 
pedestrian 78.82128562569493 483.6329894334159 108.51868137285035 533.3678473684539 
car 0.0 483.09229013154277 131.8422857845299 523.1441249438395 
movable_object 421.7436030359033 531.1621805466923 695.9300284888545 707.9194939555181 
movable_object 48.982210244046996 517.7711136467478 215.46342701532132 641.9138877217192 
car 121.44961628761892 482.0944715565796 227.36491668702587 512.8270581210752 
pedestrian 151.22874987380862 481.4280399731247 187.51132457839023 540.0828994041007 
pedestrian 203.5094871075797 480.29115518788427 244.3706832453151 542.1309086641758 
movable_object 0.0 513.7215770924398 64.50449436810122 605.7316116823016 
movable_object 520.4996579268193 538.9074507601249 785.3037983127202 689.9880783820136 
movable_object 0.0 514.8256017029121 123.34523587610961 626.6714580241156 
movable_object 0.0 513.8062126024275 43.400240866728105 615.1550830606707 
movable_object 286.96689244538817 529.011087328983 454.4489750519062 653.9135311277228 
movable_object 268.0240380656739 527.454815531657 494.07420662003403 684.8243592396252 
movable_object 5.7244387774158945 519.0282051559942 137.6653325189197 618.4142189418258 
car 0.0 483.6807104651253 22.988453329332664 513.7993689010061 
