car 4.560695648193473 23.06568145751953 0.01916319504380226 1.911332368850708 4.753274917602539 1.5958290100097656 1.571120087300436 0.8677241802215576 
car -3.9756851196288494 -15.33643722534174 -1.6147556304931499 1.839080572128296 4.489024639129639 1.5790271759033203 -1.5596921443939218 0.8528695106506348 
car -7.499294281005689 7.673091888427791 -0.9175789356231654 1.8876261711120605 4.715740203857422 1.5025620460510254 -1.5959584712982187 0.8512927293777466 
car -7.451389312744141 24.30033874511713 -0.001528231427069926 1.9036390781402588 4.601227760314941 1.704927682876587 0.23164725303649863 0.8060593008995056 
car 22.415084838867188 -10.332672119140568 -1.178539514541626 1.9490611553192139 4.583745002746582 1.576416015625 -0.004282593727112081 0.7672399282455444 
car 0.3071174621584305 -29.158256530761662 -1.63172698020934 1.8308656215667725 4.369596481323242 1.563378930091858 1.6314085165606897 0.7654963731765747 
car -14.202762603759595 22.433013916015852 -0.18600071966647036 1.7767969369888306 4.127566814422607 1.5982725620269775 0.19253230094909687 0.7446006536483765 
car 1.610969543457145 41.841369628906364 1.1525902748107981 1.8515487909317017 4.292478084564209 1.6139540672302246 1.554473042488098 0.6882953643798828 
car -3.7974815368652344 34.59253692626959 0.7556834220886266 1.8200434446334839 4.2867021560668945 1.5770622491836548 -1.642337679862977 0.6497161984443665 
car -1.4172782897947513 -41.24578475952143 -1.8972177505493093 1.8795099258422852 4.466587066650391 1.6629685163497925 -1.373852729797364 0.5580790042877197 
car -8.69048690795887 38.12782287597656 0.9823145270347666 1.8476412296295166 4.39851713180542 1.6119356155395508 -1.558696985244752 0.4805852174758911 
car -8.278186798095476 44.076515197753906 1.4141436815261912 1.8881531953811646 4.584427833557129 1.6815688610076904 -1.6256215572357187 0.4622777998447418 
car 31.969062805175838 -10.583278656005803 -0.6985344886779714 2.1521639823913574 5.385428428649902 2.0788722038269043 -0.07331883907318126 0.26155006885528564 
car -8.078643798827898 53.720802307128906 1.954883098602302 1.9652175903320312 4.626822471618652 1.6796687841415405 1.6696093718158167 0.21694007515907288 
car 6.874492645263786 -39.83316040039051 -1.8242182731628347 1.953574776649475 4.628637313842773 1.702946662902832 1.631864372883932 0.18263880908489227 
car 5.169445037841967 53.99303436279297 1.7924422025680613 1.8861664533615112 4.421996593475342 1.631299376487732 2.9186905066119584 0.17665773630142212 
car -8.735874176025277 35.100738525390625 0.79619753360749 1.7861839532852173 4.255661964416504 1.5721464157104492 -1.6075965166091926 0.15879926085472107 
car 5.731197357177905 43.553077697753906 0.9614742398262095 1.8085708618164062 4.276984214782715 1.5875253677368164 1.5338851213455198 0.13141468167304993 
car 27.256835937500114 -10.531108856201058 -0.9049285650253225 1.8649039268493652 4.172302722930908 1.6748621463775635 0.27065563201904297 0.11748380959033966 
car -8.71752929687483 41.05656433105469 1.2219231128692734 1.8090486526489258 4.227087497711182 1.574257731437683 1.6231315771686003 0.11457446217536926 
car 39.285850524902514 -9.951267242431527 -0.8381254076957596 1.9721059799194336 4.530908584594727 1.7022576332092285 -3.138495445251466 0.11090394854545593 
car -8.600566864013615 46.467002868652344 1.344071865081787 1.8416929244995117 4.413549900054932 1.650589108467102 1.4020966291427612 0.10835129022598267 
car -39.270698547363224 -39.9075851440428 -3.2063064575195206 1.993964433670044 4.60532808303833 1.7550936937332153 -2.0027327537536634 0.10674639791250229 
car -8.717720031738054 32.1918182373048 0.2645617425441813 1.8049540519714355 4.317212104797363 1.5532711744308472 -1.58433508872986 0.10306321084499359 
car 5.700103759765739 40.48838806152344 0.9137167334556615 1.8645648956298828 4.434929370880127 1.6474964618682861 1.5349782705307005 0.10201478004455566 
car 32.00961303710943 -10.582267761230412 -0.7343755960464406 2.1487905979156494 5.503722190856934 1.985393762588501 -0.060796856880188176 0.5968512296676636 
car -40.46522903442383 -17.614803314208928 -1.7618473768234253 2.2280924320220947 3.830981731414795 2.940614700317383 0.867733836174011 0.26278436183929443 
car -18.34420776367176 2.69066238403326 -0.04346450418233516 2.6351089477539062 6.55349588394165 3.3678314685821533 -0.02858757972717273 0.18020400404930115 
car -14.610977172851335 22.445114135742244 -0.26517009735106356 1.9709564447402954 4.874047756195068 1.861954689025879 0.17987716197967518 0.16135652363300323 
car 0.33236694335943184 -29.68073844909651 -1.7575068473815811 2.015974998474121 5.365538597106934 1.7655932903289795 1.6297929922686978 0.14610235393047333 
car 6.271228790283374 53.98168182373047 1.75528275966645 2.1175036430358887 3.269723415374756 2.1979594230651855 2.313907448445455 0.1317266821861267 
car -8.21379089355463 44.627159118652344 1.6920437812805211 2.021860361099243 5.560807228088379 2.0097343921661377 -1.6053837537765516 0.1279318779706955 
car -8.12191009521456 53.83851623535156 2.0351512432098424 2.1739084720611572 6.07174825668335 2.2460408210754395 1.8386109511004844 0.1141507476568222 
car -48.920593261718636 -39.23255920410156 -2.6999845504760636 2.234527826309204 4.414867401123047 2.3883907794952393 1.216034531593323 0.11195531487464905 
car -19.37773132324213 40.51274108886719 2.0547523498535263 2.460024833679199 2.8302536010742188 3.6195590496063232 -1.58539640903473 0.15573850274085999 
car 12.161430358886946 38.73804473876959 1.148694276809696 1.403282642364502 2.0610976219177246 2.4414751529693604 -1.7011030912399303 0.1505526602268219 
bicycle -30.501928329467603 -7.034828186035099 -1.325652003288262 0.7217578291893005 1.735982060432434 1.8095457553863525 -0.22025883197784465 0.25317448377609253 
bicycle -15.349033355712947 -12.7579727172851 -1.8045523166656494 0.7671700716018677 1.8533892631530762 1.369699478149414 0.4417721033096314 0.2277342677116394 
bicycle -1.3405036926269531 33.40577697753906 -0.09486719220876694 0.6382763981819153 1.650890827178955 1.0938348770141602 -1.5075573921203622 0.20176595449447632 
bicycle -27.120386123657056 -5.825061798095703 -1.3922859430313075 0.7437143325805664 2.128835439682007 1.365757942199707 1.9558571020709434 0.2007903754711151 
bicycle 27.209457397461108 -11.19816589355463 -0.732325673103329 0.6856446266174316 2.164374589920044 1.3092765808105469 3.0962727705584916 0.19174724817276 
bicycle -11.714000701904297 -27.848264694213754 -2.05201768875121 0.5322011709213257 1.5838395357131958 1.103019118309021 -1.5826904773712167 0.17871174216270447 
bicycle -12.893760681152287 -26.786172866821232 -2.031009912490841 0.6782640218734741 1.9425928592681885 1.2795485258102417 -2.9115924835205087 0.17040185630321503 
bicycle 8.616573333740405 -15.269886016845533 -1.570536851882924 0.46595823764801025 1.4654377698898315 1.0762512683868408 1.737972561513082 0.16228878498077393 
bicycle -13.444156646728459 -23.82464027404768 -2.024723529815656 0.6727275252342224 1.9892973899841309 1.27732253074646 -0.08696842193603525 0.1569436490535736 
bicycle 6.338558197021598 -38.039386749267635 -1.7439088821411062 0.6708373427391052 1.8768194913864136 1.308931589126587 1.2513121366500852 0.15456083416938782 
bicycle -28.942804336547795 -21.387836456298714 -2.4264020919799663 0.8324273228645325 1.973572015762329 1.450909972190857 1.5885966459857388 0.14370861649513245 
bicycle -7.001296997070085 -36.800468444824105 -2.1917271614074707 0.5657888054847717 1.6422044038772583 1.1060373783111572 1.6500194708453575 0.14210201799869537 
bicycle -13.55884552001936 6.363719940185661 -1.084984779357896 0.6555614471435547 1.6409270763397217 1.2183244228363037 -0.20455145835876457 0.14162960648536682 
bicycle -27.23067092895485 15.287780761718693 -1.2941994667053187 0.6192615628242493 1.7546215057373047 1.1900134086608887 -0.580526411533356 0.13781887292861938 
bicycle -15.760623931884709 -20.76348495483387 -0.8102163672447098 0.4952012896537781 1.4980964660644531 1.0878647565841675 2.603711430226461 0.13606293499469757 
bicycle -7.626712799072266 48.88520050048817 0.8829818964004588 0.7579496502876282 1.9036399126052856 1.327851414680481 1.8551290670977991 0.1357373744249344 
bicycle -14.685298919677678 19.421371459960938 0.8127226233482432 0.6440034508705139 1.3783124685287476 1.3757693767547607 1.753420654927389 0.1348658800125122 
bicycle 5.809162139892692 -33.902175903320085 -2.0019154548644877 0.6281107068061829 1.722705364227295 1.2001022100448608 -1.7698092460632335 0.1348627209663391 
bicycle -19.082241058349382 39.721359252929915 0.864651799201976 0.6741883754730225 1.8991234302520752 1.2403613328933716 -3.083488702774049 0.12903732061386108 
bicycle 31.598083496093864 -12.354747772216797 -1.26263940334319 0.5327476263046265 1.573661208152771 1.1456292867660522 2.1709778944598592 0.12657371163368225 
bicycle 24.179946899414176 -17.13625717163069 -0.8804093003272975 0.6050678491592407 1.7134895324707031 1.2205339670181274 -1.3138519525527963 0.12528717517852783 
bicycle 26.732551574707202 -11.559795379638558 -0.7211378812789846 0.6620489358901978 1.9505960941314697 1.28490149974823 2.7253626028644 0.12371958792209625 
bicycle 8.773963928222713 -27.935533523559627 -1.7285892963409317 0.48892703652381897 1.4978289604187012 1.043730616569519 1.1576446294784546 0.11993511021137238 
bicycle 27.849624633789006 -11.729354858398438 -0.39374461770057323 0.6189860105514526 1.9296379089355469 1.249456763267517 1.4807678461074827 0.11825183033943176 
bicycle -31.440881729125806 -7.44963455200201 -1.4958695173263479 0.7183743715286255 1.9855449199676514 1.437330961227417 -1.859295487403871 0.11551552265882492 
bicycle -4.484329223632756 -11.087142944335938 -1.6746076345443655 0.5051701068878174 1.623774766921997 1.0614523887634277 -1.227546930313111 0.11500180512666702 
bicycle -11.819068908691293 -30.276823043823242 -2.0575861930847026 0.619823157787323 1.834514856338501 1.198947787284851 0.24278330802917492 0.11236059665679932 
bicycle -26.69729995727539 3.939636230468693 0.012835960835229088 0.7041321992874146 1.8201777935028076 1.4137091636657715 -0.7226148247718813 0.10947226732969284 
bicycle 12.384185791015682 7.330955505371151 0.6666086912155151 0.7359046936035156 2.067416191101074 1.2489275932312012 -1.7795201539993295 0.10827517509460449 
bicycle -21.876884460449048 -3.9089317321776775 -1.2728071212768484 0.5724764466285706 1.603715181350708 1.370324730873108 0.7271193265914916 0.10799994319677353 
bicycle 12.190788269043026 38.82274627685547 0.893632173538208 0.5902613997459412 1.5427147150039673 1.0931968688964844 0.11407256126403796 0.10708765685558319 
bicycle -19.537734985351506 11.096443176269588 -1.5831096172332622 0.538066029548645 1.6403844356536865 1.1182491779327393 1.5413824319839473 0.10494711250066757 
bicycle -15.410549163818132 -23.184017181396428 -1.6165727376937795 0.5472083687782288 1.6037956476211548 1.141380786895752 -1.8560581207275408 0.1046753078699112 
bicycle 6.232021331787337 53.13985443115246 1.5083103179931712 0.7772667407989502 2.158214569091797 1.3808764219284058 -3.0038061141967787 0.10399620980024338 
pedestrian 8.06129455566412 -6.929496765136719 -1.201992273330685 0.6027974486351013 0.6800090670585632 1.7267062664031982 1.5670233964920044 0.8476948738098145 
pedestrian -8.306194305419808 -13.550834655761491 -1.4620679616927923 0.651239812374115 0.5948185920715332 1.7843788862228394 0.14238941669464125 0.8436014652252197 
pedestrian 7.432907104492131 -7.046356201171761 -1.2176370620727468 0.6083157062530518 0.6807249784469604 1.7553949356079102 1.546557545661926 0.8386320471763611 
pedestrian 6.777343750000227 -20.099800109863168 -1.3069887161254812 0.7066914439201355 0.8387221097946167 1.812846064567566 -1.474255323410035 0.8360406160354614 
pedestrian 7.413040161132869 -8.216892242431697 -1.2324116230010915 0.624350905418396 0.6902235746383667 1.7419140338897705 -1.5711934566497812 0.8321020603179932 
pedestrian -20.04097747802723 -10.659263610839844 -1.4651558399200333 0.6049932241439819 0.5664918422698975 1.6550520658493042 1.4671634435653687 0.7833514213562012 
pedestrian 6.437126159668082 -6.523605346679631 -1.2348806858062709 0.5949326753616333 0.6877065896987915 1.5803197622299194 -1.7106279134750377 0.7809780836105347 
pedestrian 6.47782135009777 -31.6341609954834 -1.4663531780242849 0.746484100818634 0.8596367835998535 1.882022738456726 -1.4981364011764535 0.768052339553833 
pedestrian -19.8710746765135 -9.88129806518549 -1.4427442550659144 0.6102097034454346 0.5776550769805908 1.6666462421417236 -1.9680736064910895 0.7557327747344971 
pedestrian -12.116615295410156 -13.866325378417855 -1.4172800779342651 0.6517333984375 0.7795189619064331 1.7477322816848755 -1.479415178298951 0.753477931022644 
pedestrian 8.917907714843864 19.031555175781307 0.15840050578117726 0.6571326851844788 0.7926071882247925 1.7333694696426392 1.7614429632769983 0.7505855560302734 
pedestrian 8.277996063232536 -5.331863403320369 -1.0937559604644775 0.6689304113388062 0.8057815432548523 1.7476081848144531 1.6544840971576136 0.7475730180740356 
pedestrian -17.211688995361328 -12.196014404296875 -1.6706258058547903 0.6803036332130432 0.7500824928283691 1.3514117002487183 -2.2084438800811776 0.7337366938591003 
pedestrian -13.004455566406023 -13.861919403076001 -1.416933894157399 0.6493337750434875 0.7672786712646484 1.7629646062850952 -1.4506081342697152 0.7310019731521606 
pedestrian 6.742233276367301 -11.952468872070312 -1.3088607788085866 0.6770265698432922 0.7834770679473877 1.7305567264556885 -1.5858799219131479 0.7102866172790527 
pedestrian 8.066169738769588 -35.672927856445256 -1.5358496904373133 0.6801161170005798 0.7646450996398926 1.851833462715149 1.6930373350726529 0.7083858847618103 
pedestrian -10.029022216796761 -32.24440765380854 -1.7074475288391042 0.7047988176345825 0.7885456085205078 1.8572405576705933 -1.3800723552703866 0.694677472114563 
pedestrian -8.723110198974496 -37.052890777587834 -1.8343641757965088 0.6440346240997314 0.7355685830116272 1.7806017398834229 -1.214307427406312 0.6762104034423828 
pedestrian -19.044456481933423 -12.699714660644418 -1.6352531909942485 0.604996919631958 0.6167875528335571 1.6878794431686401 0.9831951856613163 0.6673699617385864 
pedestrian -12.453765869140682 15.240303039550668 -0.46440786123275757 0.618782103061676 0.6833425760269165 1.705240249633789 1.6090734640704556 0.6665270924568176 
pedestrian 6.536483764648494 -8.925331115722543 -1.2665007114410365 0.6212074756622314 0.7130180597305298 1.67138671875 -1.4547098875045785 0.6512479782104492 
pedestrian 8.843666076660327 30.681961059570312 0.5485495924949682 0.6310755014419556 0.69837486743927 1.7008908987045288 -1.775552272796632 0.6474096179008484 
pedestrian 9.337402343750057 37.28759765625006 1.0198624134063756 0.6909951567649841 0.7508985996246338 1.79550039768219 1.7101071516620079 0.6356214284896851 
pedestrian -21.383277893066293 -4.883502960205078 -1.1144614219665527 0.6682630777359009 0.663079023361206 1.7894076108932495 -0.02397727966308606 0.6159342527389526 
pedestrian -14.825809478759595 -12.448589324951115 -1.6881510019302333 0.6332888603210449 0.7324042916297913 1.125139832496643 -2.345065593719484 0.6127323508262634 
pedestrian -18.173069000244084 -17.521099090576058 -1.8763301372528076 0.6585054993629456 0.7284421920776367 1.5041767358779907 2.456227127705709 0.5509669780731201 
pedestrian 7.033302307128849 -6.940856933593636 -1.208626508712765 0.6146194934844971 0.7011643648147583 1.7218583822250366 -1.6830711364746107 0.5452299118041992 
pedestrian -18.993003845214787 -17.17507171630848 -1.8727320432662857 0.6320895552635193 0.6795786619186401 1.5294992923736572 -0.3677648305892951 0.5341153740882874 
pedestrian -15.8955459594726 -13.028724670410156 -1.7295221090316772 0.5711216926574707 0.6158875823020935 1.2817604541778564 1.7035744825946253 0.5300699472427368 
pedestrian -15.343193054199048 -17.654449462890568 -1.7685972452163554 0.6946870684623718 0.7714218497276306 1.318528652191162 -3.1248202323913588 0.5239728689193726 
pedestrian -17.01905059814436 -13.340621948242188 -1.7398136854171753 0.6172914505004883 0.6697543263435364 1.419402837753296 2.0387046972857874 0.49751991033554077 
pedestrian -47.10266876220692 -35.19734954833979 -2.6939280033111537 0.7118641138076782 0.7228647470474243 1.8201253414154053 -3.074530124664308 0.4778182804584503 
pedestrian -46.941886901855355 -30.965614318847543 -2.5747537612914897 0.6868422627449036 0.686587929725647 1.838055968284607 -2.597607612609864 0.4731906056404114 
pedestrian -31.417705535888558 -9.731437683105469 -1.689770936965946 0.603734016418457 0.6147931814193726 1.6922646760940552 0.922312617301941 0.46773761510849 
pedestrian 26.650794982910043 -4.634693145751896 -0.7024990916252101 0.6460346579551697 0.6964438557624817 1.7812155485153198 2.1129005591021937 0.45700860023498535 
pedestrian -30.40069580078125 -7.067481994628906 -1.212406992912296 0.6841608285903931 0.6961493492126465 1.7494828701019287 0.11267411708831783 0.4095688462257385 
pedestrian -44.065876007079794 -27.10863304138178 -2.480321407318108 0.6594763994216919 0.6798044443130493 1.850810170173645 0.09944844245910621 0.39755159616470337 
pedestrian -11.150634765624716 42.79026031494152 1.4344295263290512 0.6260619163513184 0.6584912538528442 1.7275264263153076 -1.6615899801254284 0.391715943813324 
pedestrian -44.168571472168026 -28.092449188232365 -2.5353331565856827 0.6572686433792114 0.6915048360824585 1.847992181777954 0.15953159332275327 0.38027745485305786 
movable_object 6.126361846923828 20.222610473632756 -0.3460257947444916 0.3611409664154053 0.3687002658843994 0.8018370866775513 2.6313775221454057 0.37196338176727295 
pedestrian 7.6203956604004475 -35.75811767578125 -1.5346977710723841 0.6754166483879089 0.7627626657485962 1.833724856376648 1.67504865327944 0.3712543845176697 
pedestrian -20.509712219238168 -10.400051116943189 -1.500179767608639 0.6043999195098877 0.6155548095703125 1.6713672876358032 0.5647712945938111 0.3323207199573517 
pedestrian -19.311161041259595 -17.468490600585938 -1.8521293401718033 0.6215757131576538 0.6557992100715637 1.671743631362915 -0.1656243801116945 0.3318752944469452 
pedestrian 7.090915679931811 -36.22392654418945 -1.5788928270339895 0.6425951719284058 0.7049047946929932 1.791153907775879 1.6776145140277308 0.32629483938217163 
pedestrian -15.347892761230412 -12.800224304199332 -1.698911070823673 0.6111871600151062 0.7181215882301331 1.1895389556884766 2.5907171408282674 0.3193604648113251 
pedestrian -52.937435150146314 -37.61502838134743 -3.012415885925286 0.6817496418952942 0.6939717531204224 1.8596659898757935 -3.000894308090211 0.30374523997306824 
pedestrian -16.677398681640454 -12.347297668456974 -1.703737854957577 0.5948545336723328 0.6311985850334167 1.3138549327850342 -3.078315258026124 0.3021696209907532 
pedestrian 8.114372253417969 -6.431007385253963 -1.1441900730133021 0.6247849464416504 0.7536541223526001 1.736307144165039 1.5906088987933555 0.2787068784236908 
pedestrian -29.02110481262207 -21.992137908935376 -2.348963737487786 0.6168018579483032 0.633350133895874 1.5337398052215576 1.4142044782638548 0.27759671211242676 
pedestrian 7.243854522705135 -20.088283538818303 -1.366169929504391 0.6591377258300781 0.7870131731033325 1.7661899328231812 -1.4330658912658698 0.26183369755744934 
pedestrian -16.464286804199105 -12.911842346191463 -1.7233349084854055 0.5988275408744812 0.6695890426635742 1.3858528137207031 2.4533556143390096 0.2578650712966919 
pedestrian 8.554267883300838 -35.72404479980469 -1.572331309318539 0.6531862616539001 0.7354097962379456 1.7936819791793823 1.6690805594073694 0.2533606290817261 
movable_object 8.589199066162053 -31.929088592529126 -1.8360558748245168 0.6641705632209778 0.6700468063354492 1.395072340965271 2.6772039572345174 0.2466442584991455 
pedestrian -18.85868835449213 -15.825386047363224 -1.8175473213195765 0.6899901628494263 0.7518496513366699 1.4966331720352173 -0.6497691273689273 0.24199292063713074 
pedestrian -21.74020385742176 -3.836574554443189 -1.1131612062454153 0.604591965675354 0.6327680945396423 1.685041904449463 -0.4215724468231204 0.2411605268716812 
pedestrian -16.631927490234375 -13.382938385009595 -1.6942813396453822 0.635378897190094 0.7003835439682007 1.495187520980835 2.144550625477926 0.24071583151817322 
movable_object 10.680427551269759 -11.092849731445312 -1.6727744340896606 0.3552432656288147 0.3452472388744354 0.8336670398712158 2.7090180555926713 0.2298862338066101 
pedestrian 6.392002105712891 -37.9374732971192 -1.9317938089370656 0.6629161238670349 0.7194626927375793 1.7054698467254639 1.5270179510116577 0.22724197804927826 
pedestrian -20.816112518310263 1.9265708923342686 -0.4628825485706187 0.5862956047058105 0.5782843828201294 1.6579594612121582 0.5369952917098996 0.22175735235214233 
pedestrian -40.0220947265625 -16.11229705810564 -2.0276646614074707 0.6555077433586121 0.6562645435333252 1.8065176010131836 -1.1481852531433112 0.2206960916519165 
movable_object -7.594577789306413 49.484870910644645 1.2791885137558126 0.48164305090904236 0.4896116852760315 1.204437494277954 -0.8737750053405768 0.21917207539081573 
pedestrian -13.291423797607195 6.290958404541129 -1.0262981653213359 0.660165548324585 0.7218669652938843 1.1031780242919922 0.47575294971466053 0.2178107053041458 
pedestrian -18.4094429016111 -12.941871643066406 -1.667836546897874 0.6175245046615601 0.6466241478919983 1.6363757848739624 0.9529863595962526 0.21739865839481354 
pedestrian -28.567630767822266 -20.81898880004877 -2.334900379180908 0.6134242415428162 0.6357101202011108 1.5295071601867676 -2.4591245651245135 0.21543952822685242 
pedestrian -17.61717224121071 -12.79351425170887 -1.7014180421829117 0.6518458724021912 0.7240623235702515 1.4586927890777588 1.233630299568176 0.21540333330631256 
movable_object -7.688884735107251 48.831230163574105 1.2497012615203893 0.5132213830947876 0.5182526707649231 1.2787976264953613 0.40188014507293707 0.20437908172607422 
movable_object -7.518478393554517 48.368186950683594 1.2562714815139842 0.49694979190826416 0.49159955978393555 1.2873985767364502 1.5140770673751829 0.19879058003425598 
movable_object -11.628711700439283 -27.415519714355355 -2.1584854125976562 0.3777743875980377 0.36812642216682434 0.8666716814041138 2.0419548193561 0.19200170040130615 
pedestrian -18.845046997070256 -16.667213439941236 -1.8747261762618912 0.6469364166259766 0.7169474959373474 1.484372615814209 -0.5238326787948611 0.18946895003318787 
pedestrian -39.76934814453102 -17.766185760497933 -1.8055818080901993 0.6988394856452942 0.7300240993499756 1.8488712310791016 1.4476720094680786 0.18373480439186096 
pedestrian -15.808261871338004 -17.18687820434559 -1.8894923925399674 0.6872959136962891 0.7822733521461487 1.331697940826416 3.0211089293109334 0.1818418800830841 
pedestrian 6.485324859619311 -20.492336273193303 -1.3649300336837733 0.6624627113342285 0.7979816198348999 1.7478828430175781 -1.5054934024810802 0.18156039714813232 
pedestrian -20.741596221923828 -20.240642547607365 -1.9261112213134695 0.6198744177818298 0.6411277651786804 1.7213134765625 -2.0862562656402606 0.17904554307460785 
pedestrian 6.750308990478686 -37.62589263916021 -1.7578841447830094 0.6725907325744629 0.73237544298172 1.7765896320343018 1.5715864340411585 0.17567723989486694 
movable_object 12.388618469238224 39.106231689453125 0.8768193721771276 0.6066485047340393 0.6114203929901123 1.148826003074646 -1.3918646574020397 0.17372307181358337 
pedestrian 7.540309906005859 -6.429557800293082 -1.1940830945968557 0.6230502128601074 0.7310974597930908 1.7404589653015137 1.7206671873675745 0.16464151442050934 
pedestrian -8.302696228027287 -36.995830535888786 -1.8946468830108572 0.6846343278884888 0.7832292318344116 1.7856870889663696 -1.1511965990066535 0.1623556911945343 
movable_object 9.16970062255865 -2.88322830200201 -1.259007453918457 0.361412912607193 0.35318949818611145 0.9983241558074951 -2.6677885055542006 0.16030463576316833 
pedestrian -39.45759582519531 -17.1124649047851 -1.7631504535674907 0.6806715130805969 0.7052386999130249 1.8226488828659058 1.5788124243365689 0.1594761162996292 
pedestrian -14.64796066284174 19.319686889648438 0.7024492025375366 0.537329912185669 0.5449694395065308 1.6892223358154297 -0.11098420619964616 0.15882886946201324 
pedestrian -30.82961273193348 -7.358379364013615 -1.314424157142625 0.7123569250106812 0.7604169845581055 1.7708921432495117 -0.4493249654769899 0.15837861597537994 
pedestrian -31.42489242553694 -7.585056304931584 -1.4943200349807668 0.5843939781188965 0.6117261648178101 1.5542818307876587 -0.020781517028808767 0.15805459022521973 
pedestrian -16.491947174072152 -17.66462326049799 -1.9374819993972672 0.6702573299407959 0.7198426723480225 1.415090560913086 1.5292836427688596 0.157462939620018 
