car -3.343795776367301 0.4749717712397796 -1.07174396514894 1.900319218635559 4.821738243103027 1.5051075220108032 1.6217344442950645 0.85695481300354 
car 14.257232666015511 20.05849456787064 0.5924810171127177 1.9551284313201904 4.683300971984863 1.6527431011199951 0.07130098342895477 0.7956957817077637 
car -46.613674163818246 36.84233093261673 0.37464213371275434 1.9465786218643188 4.561232566833496 1.7606593370437622 -3.1339144706726088 0.7429918646812439 
car -9.37704086303711 19.84881591796818 -0.16570085287096248 1.9121952056884766 4.454906940460205 1.579019546508789 -0.11024928092956601 0.6357290744781494 
car -52.60249710083019 36.933975219725994 0.39419955015181785 1.9033033847808838 4.303205490112305 1.7085462808609009 3.01825172105898 0.5293413996696472 
car -0.1405181884766762 -8.062744140625682 -1.1135264635086202 2.171869993209839 5.2674479484558105 2.2003445625305176 1.574733082448141 0.3123387098312378 
car 30.921310424804574 21.972579956054005 1.2083070278167511 1.9768773317337036 4.680615425109863 1.7485684156417847 0.07511007785797076 0.3002258837223053 
car 27.86502075195301 22.02635192871037 1.1637336015701152 1.9226264953613281 4.523348331451416 1.6660573482513428 0.0817443132400508 0.2834315598011017 
car 50.7383575439452 15.285583496093068 1.6112297773360922 1.9156160354614258 4.4820427894592285 1.6717573404312134 0.2883452177047727 0.2575346827507019 
car -40.97325515747093 -13.400878906250568 -0.6301577091217254 2.016726016998291 4.641936302185059 1.7885305881500244 -1.610077500343324 0.2434760332107544 
car 17.138648986816406 -54.02762222290096 -4.005702972412131 1.8920422792434692 4.350400924682617 1.6867074966430664 -1.0259072780609142 0.22783735394477844 
car 50.75740051269531 13.572959899901662 1.577313184738145 1.8914308547973633 4.431471824645996 1.6643202304840088 -0.0799013376235967 0.16893351078033447 
car -26.756923675537223 30.995422363280795 -0.6309981346130513 1.8295037746429443 4.196706295013428 1.5537879467010498 1.5584491491317745 0.1504059135913849 
car 3.3365859985351562 50.13771820068314 1.236457586288438 1.877793788909912 4.374125003814697 1.6775658130645752 1.0900474786758423 0.12731201946735382 
car -42.18669891357433 -11.322544097900845 -0.6123951077461385 2.089512825012207 4.700910568237305 1.8284237384796143 -3.1204798221588153 0.12704531848430634 
car 18.302520751952898 -53.132713317871776 -3.9513063430786346 1.9389443397521973 4.541210174560547 1.6633256673812866 -0.3733680248260507 0.12056885659694672 
car 28.48715209960949 20.77639007568291 1.096946835517862 1.9651498794555664 4.588853359222412 1.7028851509094238 -0.07134807109832782 0.1136195957660675 
car 35.60821533203102 22.492721557616505 1.1491665840148784 1.9640865325927734 4.569510459899902 1.7064273357391357 -3.0527400970458993 0.10948925465345383 
car -39.914546966552734 37.48835754394486 0.1872638165950633 1.975338101387024 4.493193626403809 1.7139421701431274 -2.8587946891784686 0.10460364818572998 
car -3.4718589782713707 -8.054958343506428 -0.3789315223694061 2.7699642181396484 6.850368499755859 3.851339101791382 1.608455959950582 0.6561887264251709 
car -0.15203094482433244 -8.088615417481037 -1.124720096588149 2.2233288288116455 5.401188373565674 2.102302074432373 1.5682262182235716 0.6470721960067749 
car -40.971984863281364 -13.46580505371162 -0.6665836572647308 2.126770496368408 4.983723163604736 1.9533603191375732 -1.5779917240142838 0.3171748220920563 
car 16.015708923339844 41.18768310546818 2.074632883071871 2.6854586601257324 10.246598243713379 3.4293835163116455 3.021529022847309 0.2722246050834656 
car 30.954132080078125 22.457565307616505 1.4191942214965607 2.215419292449951 6.17106294631958 2.127953052520752 0.09892427921295134 0.1376001238822937 
car -53.02701568603504 37.45352172851517 0.5290055274963166 2.1439731121063232 5.29095458984375 2.007270336151123 2.9320457617389115 0.11329919844865799 
car -3.201766967773665 -15.998226165772053 -0.37893131375314226 2.9473681449890137 14.381689071655273 4.216580867767334 1.5998876730548304 0.8066256642341614 
car 17.04077911376953 -19.391571044922443 -1.6733503341675018 2.512004852294922 4.591004371643066 2.002070188522339 -1.5344396829605118 0.402601957321167 
car 7.503368377685433 45.92052459716729 1.9831938743591166 2.7894606590270996 11.461008071899414 3.513301372528076 1.0230232477188104 0.12453140318393707 
car 43.51788330078125 45.30446624755791 1.2520041465759064 2.6929965019226074 8.212580680847168 3.6210625171661377 -1.6075476408004776 0.10834735631942749 
car 7.528190612792855 46.46262359619061 2.05526828765867 2.842210292816162 12.435821533203125 3.6463241577148438 -0.39005613327026417 0.10441933572292328 
car 13.452110290527116 -23.740274429322085 -1.9869389533996795 2.0665550231933594 3.8406925201416016 2.129392385482788 2.811470095311299 0.10293297469615936 
movable_object 16.42843627929676 -3.155952453613736 -1.0452299118042134 3.2639145851135254 0.5180415511131287 0.9872266054153442 2.499620262776509 0.4602607488632202 
movable_object 11.538772583007812 -18.388587951660725 -2.460931777954123 3.2671213150024414 0.5278757810592651 0.9403681755065918 3.0828626791583447 0.43137991428375244 
movable_object 18.384117126464844 -0.7073249816901352 -0.8753219246864461 3.072683572769165 0.4891299903392792 0.9093590378761292 2.5029380957232865 0.42091453075408936 
movable_object 11.326591491699105 -21.84081268310615 -2.631875276565573 3.2791781425476074 0.49717608094215393 0.9387981295585632 3.0875361601458935 0.3575541377067566 
movable_object 11.875808715820085 -15.207229614258267 -2.170249938964858 3.2250282764434814 0.4598935842514038 0.9185218214988708 2.966185394917622 0.3473752439022064 
movable_object -1.4485778808594887 48.21978759765557 0.6067738533019806 2.241936445236206 0.7145565152168274 1.068345308303833 -2.8802318572998065 0.33577388525009155 
movable_object 13.597137451171875 -8.878311157227245 -1.5128122568130706 3.164419412612915 0.43631798028945923 0.8812671899795532 2.751988236104146 0.32509490847587585 
movable_object 11.317863464355128 -25.42130851745651 -2.9166238307953023 3.2487316131591797 0.4906783103942871 0.8777615427970886 -3.0596952438354506 0.32425814867019653 
movable_object 14.854118347167741 -5.899627685547443 -1.2052662372589324 3.2025346755981445 0.4479585886001587 0.9449582099914551 2.7637384573565873 0.30606281757354736 
movable_object -9.497211456298828 46.02226257324162 0.23708075284956465 1.9668771028518677 0.4879457950592041 0.9985148906707764 -1.430077552795411 0.2927401065826416 
movable_object -1.9706687927246094 49.54841613769463 0.6208464503288056 1.3387329578399658 0.5633456707000732 0.9436070322990417 -2.7616863250732435 0.28120577335357666 
movable_object 12.655044555663835 -12.12388610839912 -1.8613302707672261 3.3357796669006348 0.47923707962036133 0.9354023933410645 2.8986046949969686 0.24085158109664917 
movable_object -1.6195640563964844 50.05673980712811 0.5142568945884491 2.0163965225219727 0.6032167673110962 1.066422939300537 3.0622127691852 0.23812010884284973 
movable_object -0.9014434814453125 51.27361297607354 0.49268287420270696 2.2036077976226807 0.5415242314338684 1.0934231281280518 -2.989817142486574 0.22640377283096313 
movable_object -2.063568115234375 50.60617065429631 0.5657160282134797 2.20358943939209 0.6185764670372009 1.0672193765640259 -3.0203914642334 0.21428674459457397 
movable_object -0.8755989074707031 49.51834106445256 0.6184804439544465 2.1023921966552734 0.5714967846870422 1.0496392250061035 -3.1043152809143084 0.19405630230903625 
movable_object -1.4100303649902344 51.24004364013604 0.5347294807433869 2.3875203132629395 0.594816267490387 1.0827137231826782 -2.969668865203859 0.18798649311065674 
movable_object -0.3379821777346024 49.57279968261662 0.6006851196288849 2.280543088912964 0.5477436780929565 1.0452001094818115 -3.022408723831178 0.17858141660690308 
movable_object 11.545944213867188 -29.101766586304166 -3.36873841285707 3.194931745529175 0.48897433280944824 0.9289050102233887 -3.0683684349060076 0.17584693431854248 
movable_object -1.0076141357424149 47.16928863525334 0.5087802410125519 1.4013769626617432 0.542905867099762 0.9680996537208557 -2.525573253631593 0.16904060542583466 
movable_object -0.40584564208995744 51.28114318847611 0.44364815950391545 2.190798759460449 0.5574899911880493 1.0949963331222534 -3.1094129085540785 0.16010761260986328 
movable_object 3.84481048583973 23.671554565429233 0.4721548557281352 2.230987548828125 0.3953297734260559 0.9659473299980164 -2.983893871307375 0.1390881985425949 
movable_object -2.502532958984375 50.09912872314396 0.5219207406043793 2.1697583198547363 0.5485624074935913 1.0069024562835693 -2.706734657287599 0.1369364857673645 
movable_object -10.991752624511719 47.110862731933025 0.32397878170012007 2.1523146629333496 0.5063493847846985 1.0580675601959229 3.1079967657672314 0.1337735652923584 
movable_object 11.690689086913949 -31.451551437378612 -3.27877521514894 3.2037453651428223 0.4807509183883667 0.9225053191184998 -3.128705501556398 0.1327131688594818 
movable_object 3.4251365661621094 25.374481201171534 0.542254328727708 2.612255096435547 0.4556509554386139 0.9330674409866333 -2.985217094421388 0.12078264355659485 
movable_object 3.7862243652342613 25.38604736328068 0.5613703727722026 2.553454637527466 0.4722744822502136 0.9330031275749207 3.1232202688800244 0.1196962520480156 
movable_object -39.28997039794922 26.68266296386662 -0.7465142011642527 2.985445976257324 0.5671147704124451 0.9292005300521851 -1.5907770395278942 0.111186683177948 
movable_object 1.6397514343259445 45.9449386596674 0.4831297397613312 2.731171131134033 0.5655001997947693 0.9829760789871216 -2.655175209045412 0.11096447706222534 
movable_object -10.635227203369254 47.097389221190724 0.3405681848525788 2.294434070587158 0.5667087435722351 1.0569618940353394 3.1224148909198193 0.10543395578861237 
movable_object 1.5818634033200851 47.69223022460869 0.6986752748489167 2.2487375736236572 0.5306216478347778 1.0112757682800293 3.0998821894275097 0.1039372906088829 
movable_object -8.146945953369254 46.34462738037041 0.28505510091779485 2.0942296981811523 0.5283253192901611 1.0246208906173706 -1.4375211000442518 0.10384643077850342 
movable_object 0.13972091674804688 49.53732299804619 0.5390700101852204 2.4201717376708984 0.5359585881233215 1.0156872272491455 -2.867582321166994 0.10075580328702927 
movable_object -2.614456176757926 51.21428680419854 0.6177211999892904 2.387357234954834 0.5541568994522095 1.0287072658538818 -2.8215875625610365 0.1004631295800209 
bicycle 3.8004417419433594 24.298660278319858 0.48826509714124455 0.586391031742096 1.591469407081604 1.1229474544525146 -1.1796835660934457 0.28189077973365784 
bicycle 1.357822418212777 8.312789916991619 -0.6722595095634603 0.6730051040649414 1.6920139789581299 1.7319140434265137 -0.23074436187744174 0.22682756185531616 
bicycle 12.856742858886491 -8.080181121826854 -0.5379657745361541 0.4645193815231323 1.5253939628601074 1.1240053176879883 2.4709742704974564 0.22239194810390472 
bicycle 11.582473754882585 -12.38134384155319 -1.6064869165420674 0.5264371633529663 1.605142593383789 1.0732883214950562 -1.7908753156662 0.1935800313949585 
bicycle 11.070716857909929 -20.725532531738963 -2.166301727294943 0.4780838191509247 1.5355627536773682 1.0963037014007568 0.5358442068099974 0.19099943339824677 
bicycle 3.7061080932614914 7.865932464599155 -0.5641039013862823 0.6444353461265564 1.6843959093093872 1.637109637260437 -0.03622698783874552 0.18440766632556915 
bicycle 4.340534210205078 24.300643920897983 0.6390686631202556 0.6687053442001343 1.8486045598983765 1.2176432609558105 -1.9740600585937518 0.1748049557209015 
bicycle -21.918304443359375 -31.35706901550327 -0.7614706158638072 0.6712325811386108 1.8734996318817139 1.3312931060791016 -1.0834124088287365 0.16142530739307404 
bicycle -21.279109954834098 -19.54433059692451 -2.441826105117812 0.48772239685058594 1.4613298177719116 1.08378005027771 0.2792837619781494 0.12669232487678528 
bicycle 11.053703308105469 -21.15775299072311 -2.17328786849977 0.5065016746520996 1.6870664358139038 1.1442230939865112 -0.33932125568389976 0.11839660257101059 
bicycle 12.834358215331804 -8.524921417236897 -0.6814708709716939 0.5256511569023132 1.7241101264953613 1.1452524662017822 -2.128907442092897 0.11290064454078674 
bicycle 42.44487762451149 3.8849754333489273 -0.8238435983657979 0.7170495986938477 1.981964111328125 1.3513070344924927 0.23784124851226743 0.11127737164497375 
bicycle 19.556770324706918 2.1748619079583023 -0.20969727635385738 0.5678637027740479 1.6975477933883667 1.1378450393676758 2.3286283651935014 0.11016613245010376 
bicycle -39.27861404418945 40.55183410644486 1.2243536710738923 0.7280291318893433 1.9661509990692139 1.3172519207000732 -1.7373590469360365 0.10888279974460602 
bicycle 20.095458984374773 2.655616760253338 -0.25372353196145525 0.6409699320793152 1.838216781616211 1.1874805688858032 -2.5589642524719256 0.10771620273590088 
bicycle 48.792602539062386 14.248710632323423 1.2690545320510722 0.7362067699432373 2.074923515319824 1.7806143760681152 0.01780188083648613 0.10303431004285812 
pedestrian -2.721122741699105 7.043182373046307 -0.6439619064331268 0.7022325396537781 0.8928130865097046 1.7575631141662598 0.006585001945494984 0.8718889355659485 
pedestrian -2.7809753417971024 8.039150238036541 -0.5729796290397857 0.7262767553329468 0.9221489429473877 1.823314905166626 -0.040193796157837615 0.8647034764289856 
pedestrian -1.10782623291027 8.866775512694744 -0.4520985186100148 0.743695855140686 0.9705927968025208 1.785714030265808 0.055818080902099526 0.7966412901878357 
pedestrian -4.727973937988509 8.127223968505405 -0.5664377808571004 0.7362346053123474 0.9355097413063049 1.806206464767456 0.010599613189697172 0.7395169734954834 
pedestrian 3.0757751464842613 6.504505157470135 -0.5681564807892059 0.7163252234458923 0.9153082370758057 1.7692205905914307 -0.13085973262786915 0.7201959490776062 
pedestrian 3.2993850708007812 7.673870086669467 -0.5553899407386993 0.7011975049972534 0.9323664903640747 1.7706904411315918 -0.12842810153961223 0.7131756544113159 
pedestrian 1.3340530395506676 8.290393829345248 -0.5718410015106343 0.708419919013977 0.9271592497825623 1.6806104183197021 -0.21792733669281042 0.5275335907936096 
pedestrian 3.8194389343259445 7.87834930419865 -0.5258251428604339 0.7040042281150818 0.8951742649078369 1.738325595855713 -0.06687343120574961 0.45313581824302673 
pedestrian -29.303607940673942 53.022109985350994 1.8270046710967804 0.7220518589019775 0.7701598405838013 1.9034465551376343 -1.1629003286361708 0.433586061000824 
movable_object 9.494464874267578 23.76062774658135 0.7350825667381073 0.4012795090675354 0.3974784314632416 1.3219857215881348 -1.7505389451980606 0.3869067430496216 
pedestrian 3.730972290038949 24.40795898437443 0.4293106198310639 0.6161760091781616 0.6457054615020752 1.6567035913467407 -1.4057567119598402 0.3281916081905365 
pedestrian 2.2004165649412926 48.469558715819744 1.0659158229827597 0.6437227725982666 0.6707603335380554 1.7524440288543701 -2.634123325347902 0.29276347160339355 
pedestrian -0.702972412109375 50.50214385986283 0.804882228374467 0.6542140245437622 0.6590453386306763 1.7427855730056763 -2.290239810943605 0.25311699509620667 
movable_object -26.08787345886242 9.113506317138103 0.42179125547407637 0.3991682529449463 0.3901093602180481 1.2788358926773071 0.6743389368057247 0.23159146308898926 
movable_object -9.176734924316406 40.51255798339798 0.6129267215728618 0.501449465751648 0.5126226544380188 1.5680077075958252 -0.067540049552918 0.20032939314842224 
movable_object -1.9421844482421875 49.503715515136264 0.6103516221046306 0.44636261463165283 0.4439588189125061 0.9962977766990662 2.288206879292623 0.198049858212471 
movable_object 8.278751373290902 39.91682434081963 1.0789599418639853 0.4192686676979065 0.4230039715766907 1.302191972732544 -1.0314823389053354 0.19252149760723114 
movable_object -1.0955543518067543 47.11373901367131 0.5949567556380941 0.4673393964767456 0.4761364459991455 1.0113557577133179 1.919676605855123 0.18009944260120392 
movable_object 16.656929016113168 -52.397655487061 -4.095362663269057 0.5837274193763733 0.6099662780761719 1.4816638231277466 1.5084601640701287 0.165961354970932 
pedestrian 10.527938842773438 40.71797180175736 1.4972897768020417 0.6503421068191528 0.6256425380706787 1.7727407217025757 -1.9632581472396868 0.16506679356098175 
pedestrian 6.685016632080078 42.29012298583916 1.1152052879333283 0.6147333383560181 0.6272091269493103 1.724605679512024 -2.4474854469299334 0.16457539796829224 
movable_object 2.5744361877441406 44.65142822265568 0.7315603494643881 0.40328285098075867 0.4047163128852844 1.1942607164382935 -2.746988296508791 0.15892861783504486 
movable_object 24.499855041503793 -21.405857086182436 -1.7328768968582366 0.33815500140190125 0.3320537209510803 1.3432797193527222 3.0509436766253852 0.1510920524597168 
movable_object 2.269207000732422 44.779281616210255 0.5675787925720002 0.41356196999549866 0.419059157371521 1.0170315504074097 -2.764920473098756 0.14438720047473907 
pedestrian -29.250360488891715 53.64160919189385 1.850248813629129 0.7092722654342651 0.7593511939048767 1.8468058109283447 -1.252708911895753 0.13570621609687805 
pedestrian 48.874473571777116 14.25208282470635 1.392904758453362 0.6930118203163147 0.7654261589050293 1.8143062591552734 0.08804893493652344 0.13497626781463623 
movable_object 21.830291748046648 -3.8325920104985016 -0.8586343526840352 0.38315194845199585 0.3711874485015869 1.07047700881958 -2.929470062255861 0.13194012641906738 
pedestrian 1.978366851806527 8.186962127684865 -0.6661052107811187 0.6242542862892151 0.7472480535507202 1.5464049577713013 -0.21608853340148998 0.13001525402069092 
pedestrian -3.1162185668947586 7.5012893676753265 -0.6468064188957356 0.7293619513511658 0.9437742233276367 1.8198212385177612 -0.012885451316833586 0.1295146495103836 
movable_object 11.32186126708973 -13.06396102905319 -1.4683558940887664 0.36425888538360596 0.36925578117370605 1.2827268838882446 2.56356364885439 0.12511157989501953 
movable_object 11.76834869384777 -11.756004333496662 -1.6777170896530365 0.31757673621177673 0.3767740726470947 0.9721448421478271 3.0260971228228954 0.12457750737667084 
movable_object 15.375671386718636 -3.2445983886724434 -1.0228440761566375 0.3673097491264343 0.4398987889289856 0.9125644564628601 2.2671235243426713 0.12421032041311264 
pedestrian 2.8716354370118324 7.959194183349041 -0.6075702309608602 0.6197031736373901 0.7501118183135986 1.6258370876312256 -0.16836583614349374 0.12300577014684677 
movable_object 4.554332733154297 41.022567749022755 0.9247635602950908 0.4289992153644562 0.43289393186569214 1.3141250610351562 -2.0147047042846693 0.1226329356431961 
movable_object 7.463291168212777 39.80253601074162 1.1363418102264191 0.48151329159736633 0.4861602187156677 1.3999873399734497 -1.0780864953994762 0.1197471022605896 
movable_object 12.844009399413949 11.2364425659174 -0.6027195453644012 0.3611295521259308 0.3368881344795227 0.6277536153793335 0.7063800096511839 0.10894060879945755 
pedestrian 12.875045776367188 -8.154724121094432 -0.7233278751373433 0.48198771476745605 0.5335889458656311 1.4690678119659424 1.3296543359756468 0.10891643911600113 
movable_object -11.151618957519645 47.7598800659174 0.40691858530043135 0.4392085671424866 0.44511619210243225 1.088806390762329 -2.723574161529543 0.10795918852090836 
movable_object 22.495216369628906 -6.488372802734943 -1.5632382631302093 0.3704257905483246 0.3649965524673462 1.1218392848968506 -3.1176156997680677 0.10503830015659332 
movable_object -8.061454772949332 8.120574951171307 -1.3727215528488301 0.3660319149494171 0.32683315873146057 0.4833246171474457 1.920742336903707 0.1031956821680069 
d2ae3c5bbb5343a393882b44d56f8da3