car -19.422298431396513 -21.337619781494027 -1.4319981336593557 1.8281991481781006 4.298736095428467 1.6050142049789429 2.6515701452838343 0.7907876968383789 
car 0.07389831542965908 -12.4912490844726 -1.487325906753533 2.0171761512756348 4.6668381690979 1.7316464185714722 1.5475701093673704 0.5916604399681091 
car -17.893581390380717 -1.9755744934081463 -0.6909479498863149 1.8966444730758667 4.744951248168945 1.6601721048355103 1.1563416719436643 0.520973265171051 
car -8.528518676757685 -17.240882873535043 -1.321781158447262 2.1724965572357178 5.411701202392578 1.9409611225128174 1.4374948740005493 0.40058010816574097 
car -26.7558460235595 -19.565933227539006 -1.2675049304962087 1.8509433269500732 4.307751178741455 1.5951542854309082 1.2793155908584595 0.3307066857814789 
car -1.6392822265624716 -28.4780082702635 -1.7043560743331874 2.1649699211120605 5.149382591247559 2.0382204055786133 1.6590841452227991 0.266177773475647 
car 13.581954956054744 52.52558135986334 1.6176542043685949 1.9321978092193604 4.55466890335083 1.7366293668746948 1.5031877756118772 0.24593904614448547 
car -27.86392211914054 -29.094230651855355 -1.5936021804809535 1.9658231735229492 4.634462833404541 1.7740888595581055 2.0728276411639612 0.22323240339756012 
car 38.108612060546875 -8.066146850585824 -2.8020048141479457 2.0147366523742676 4.605870723724365 1.7503613233566284 0.48748743534088135 0.16380876302719116 
car -27.302230834960923 -38.7628097534178 -1.641451358795159 2.173586845397949 5.362860679626465 2.208876371383667 2.6816867033587855 0.14629307389259338 
car 18.926277160644602 42.766212463378906 2.526050329208374 2.0124528408050537 4.759289741516113 1.848411202430725 1.1151691675186155 0.14463374018669128 
car -27.280570983886747 -26.778976440429574 -1.6515332460403407 1.9404911994934082 4.621465682983398 1.752685546875 1.41920530796051 0.13172738254070282 
car -7.499889373779297 -44.15210342407221 -2.836360454559319 1.917551875114441 4.447751045227051 1.688106894493103 1.4076775312423704 0.12968766689300537 
car 5.071147918701172 -39.21729278564442 -3.0153698921203578 1.9614633321762085 4.604376316070557 1.6265685558319092 1.5133160352706907 0.1261361539363861 
car 44.593132019043054 -8.068805694579964 -3.7838094234466517 1.9542298316955566 4.467014312744141 1.696950912475586 1.3427549600601194 0.12406754493713379 
car -10.999744415283118 -32.17255401611317 -2.618322849273678 1.973946452140808 4.675010681152344 1.6481900215148926 1.7317717711078089 0.11787314713001251 
car 35.78004455566409 -9.926361083984318 -2.7106194496154714 1.9808251857757568 4.622954368591309 1.7180726528167725 -2.235197067260743 0.11399591714143753 
car 14.718284606933622 50.254432678222656 1.7266026735305786 1.9815235137939453 4.676431179046631 1.8001691102981567 2.7352488676654256 0.10681480169296265 
car -8.71957778930664 -42.92499542236311 -2.8727436065673757 1.9586206674575806 4.475838661193848 1.6938997507095337 0.5515168905258183 0.1050729751586914 
car 34.38988494873058 21.249931335449332 1.3640401363372838 1.9846231937408447 4.5527849197387695 1.776917576789856 1.8848164717303675 0.10491631925106049 
car -5.718662261962876 -43.535873413085824 -2.906801462173455 1.9708597660064697 4.569499969482422 1.7130151987075806 1.5028785467147825 0.1035519540309906 
car 14.13177490234385 47.68816375732422 1.0048336982727086 1.8910341262817383 4.406959533691406 1.665518879890442 -3.0917353630065922 0.1017688661813736 
car 5.829677581787195 14.620803833007812 -0.2477969527244568 2.2114317417144775 5.026937961578369 2.438387393951416 1.4970241785049438 0.5272154211997986 
car -8.52072143554689 -17.280334472656136 -1.3939508199691737 2.1727819442749023 5.691252708435059 1.996192455291748 1.49486768245697 0.4829496741294861 
car -1.5849494934081463 -29.096965789794808 -1.621185183525082 2.31013822555542 6.021249771118164 2.193521022796631 1.6341245810138145 0.3022461533546448 
car -18.083992004394503 -2.2151794433592045 -0.7687078118324244 2.0236499309539795 5.450138092041016 1.8848248720169067 1.1379405260086057 0.28734758496284485 
car 20.244499206543097 13.57822418212902 0.13146820664406533 2.246023654937744 5.769108295440674 2.2460508346557617 -1.5196516513824465 0.22564584016799927 
car 36.896003723144545 21.926147460937557 0.986693143844608 4.138556480407715 7.9021711349487305 3.617392063140869 0.3674522638320922 0.18398115038871765 
car 9.322319030761818 29.088409423828182 1.1174782514572215 2.427736520767212 6.494771480560303 2.9177329540252686 0.9736458063125608 0.14451853930950165 
car 18.95571899414064 42.890785217285156 2.5126965045928955 2.1590943336486816 5.103999137878418 2.352642059326172 1.1357377767562866 0.14036855101585388 
car 34.57229614257804 -50.082656860351506 -0.08148807287215476 2.9456870555877686 10.132420539855957 3.838944435119629 1.5140060186386104 0.13010947406291962 
car -27.899200439453068 -38.64905166625965 -1.7473087310790945 2.5677120685577393 6.461852073669434 2.6192400455474854 2.562590901051656 0.12993307411670685 
car -32.08809280395492 -52.467956542968636 -0.06668447703122382 2.969541311264038 6.9499406814575195 3.6973400115966797 1.5085598230361936 0.12351624667644501 
car -27.836412429809513 -28.510793685912972 -1.5576175451278615 2.277012825012207 6.13029670715332 2.259518623352051 0.7756272554397583 0.11907729506492615 
car 13.600440979003963 53.08485412597656 1.8530808687210083 2.3074378967285156 6.066849231719971 2.4900522232055664 1.5555769205093382 0.11604903638362885 
car 15.301368713378949 50.11821746826172 2.0843911170959473 2.475759744644165 6.589754104614258 2.766754150390625 -1.2722918987274172 0.10782027989625931 
car 5.9163093566894815 4.578338623046932 -1.0447634458541835 0.752370297908783 1.597192406654358 1.1348848342895508 1.9754007498370567 0.10086458921432495 
car 34.48185729980479 -53.09894943237299 -0.6768788099288869 3.092637062072754 14.128116607666016 4.259621620178223 1.501654267311096 0.2214866280555725 
car 17.777488708496108 40.546722412109375 2.320911645889284 2.194746971130371 3.614871025085449 2.9645066261291504 -2.3815340995788583 0.16437560319900513 
car 34.479026794433736 21.278793334960994 1.317008018493656 2.6462295055389404 4.978221893310547 2.8240740299224854 -0.17818748950958213 0.1608261913061142 
car -33.28456497192373 -3.283439636230412 1.7524379491806066 3.162893295288086 17.10974884033203 4.2970757484436035 -0.3742781877517698 0.1254105269908905 
car 19.57307434082047 44.1026229858399 2.5355176925659215 2.7087955474853516 7.540855884552002 3.241269111633301 1.1529332399368286 0.1110507994890213 
car 20.696350097656293 41.031707763671875 2.316977977752689 2.8860936164855957 9.493046760559082 3.703324317932129 2.811090294514791 0.10269057750701904 
movable_object 8.618770599365277 -6.31880950927723 -1.459085345268246 2.2753982543945312 0.5482698082923889 1.0232723951339722 3.0916369597064413 0.26773935556411743 
movable_object -19.051425933837862 -20.767379760742074 -1.55798244476318 3.450984239578247 0.5359822511672974 0.9665480852127075 1.1283766031265259 0.214972123503685 
movable_object -28.53333473205568 -36.91153717041004 -1.7541038990020716 1.9838502407073975 0.5216420292854309 1.1188243627548218 1.548762202262878 0.1970985233783722 
movable_object -26.20584678649898 -38.31311798095692 -1.9146502017974818 2.8848299980163574 0.5931934118270874 1.0242538452148438 0.8767670392990112 0.18157905340194702 
movable_object 15.27731323242196 26.716041564941463 0.003914602100852704 2.7726871967315674 0.5391541719436646 0.9245378971099854 -2.4290595054626474 0.17705735564231873 
movable_object 10.665740966796946 19.582000732421932 -0.7835870385169947 2.322983741760254 0.37493568658828735 0.9688702821731567 0.030083298683166525 0.15920138359069824 
movable_object 13.393539428711023 24.335922241210994 -0.3636418282985687 3.1056909561157227 0.5110974311828613 0.8362094759941101 3.104003016148702 0.1511119157075882 
movable_object 10.697044372558679 17.669670104980526 -0.7749642133712769 2.730654239654541 0.3918946385383606 0.9293828010559082 -0.09485697746276857 0.1482166349887848 
movable_object -30.287855148315316 -36.31984710693342 -1.6052106618881155 2.1664838790893555 0.5368813872337341 1.1115784645080566 1.2395654916763306 0.14324471354484558 
movable_object -27.899816513061438 -37.419651031494084 -1.8469974994659388 2.220182180404663 0.5695944428443909 1.1258147954940796 3.017319981251852 0.13532939553260803 
movable_object 10.69822692871098 17.11997222900402 -0.786558985710144 2.2372307777404785 0.3745782673358917 0.9700460433959961 -2.3438212871551523 0.13143400847911835 
movable_object -28.47491073608397 -37.29547119140619 -1.7254836559295619 2.2532663345336914 0.6013525724411011 1.142187237739563 2.462261978779928 0.1235574334859848 
movable_object 13.45008087158206 26.702941894531307 -0.2344985157251358 2.615464687347412 0.42198386788368225 0.9053308963775635 -3.0342030525207524 0.12071245908737183 
movable_object 13.064315795898509 24.843109130859375 -0.5337802767753601 2.8512566089630127 0.4756648540496826 0.885862410068512 3.0290437380420125 0.11973889172077179 
movable_object -3.1830711364745525 40.40695190429693 0.07787926495075226 2.7580699920654297 0.5829563140869141 0.9501901865005493 -1.2929865121841433 0.119364894926548 
movable_object -29.591865539550696 -36.79754638671858 -1.5522140264511037 2.385432720184326 0.605297327041626 1.1346920728683472 1.9004071394549766 0.11930790543556213 
movable_object 6.387165069580206 -35.61580657958967 -3.222044944763173 3.019724130630493 0.4912852942943573 0.8862942457199097 3.040729824696676 0.10851401090621948 
movable_object 10.935096740722642 21.353149414062557 -0.6922118663787877 2.1220664978027344 0.43132275342941284 0.9750567674636841 -0.10291850566863975 0.10742028057575226 
movable_object -27.20764350891109 -37.98668670654291 -1.9232499599456752 2.687778949737549 0.65028977394104 1.0870277881622314 -0.15815865993499745 0.10733932256698608 
movable_object 10.663856506347685 21.302993774414176 -0.7131241559982264 2.0780818462371826 0.37923502922058105 0.9756248593330383 -0.00434100627899116 0.10496529191732407 
movable_object 14.7793807983399 26.189323425293082 -0.19171389937400463 2.8999977111816406 0.5704438090324402 0.907755434513092 -2.6985745429992685 0.102826327085495 
movable_object -21.26116943359378 -17.12037277221674 -1.6559323072433472 2.7379560470581055 0.5429683327674866 0.893129825592041 -0.48444426059722856 0.10267844796180725 
movable_object 12.917320251464915 18.223388671875114 -0.6624330878257716 2.9135632514953613 0.4445287883281708 0.9081363677978516 3.078872505818502 0.10114482045173645 
bicycle 12.474006652832003 -17.80317306518549 -1.7421168088912928 0.4653477370738983 1.5086857080459595 1.0913565158843994 -1.5911169052124028 0.2301015853881836 
bicycle 8.741275787353572 -4.469062805175724 -1.3223683834075892 0.5327133536338806 1.6072206497192383 1.075250267982483 -1.6379197835922248 0.19210264086723328 
bicycle 12.394943237304688 47.1086044311524 0.12318643182516098 0.7160625457763672 1.8031303882598877 1.331779956817627 -1.99515724182129 0.1600068062543869 
bicycle -9.214744567871051 5.873638153076172 -0.6656908392906118 0.5281397700309753 1.5821166038513184 1.1027212142944336 1.2076393365859985 0.13945850729942322 
bicycle 21.824501037597642 -6.303596496581974 -2.2780823707580566 0.8095847368240356 2.165231466293335 1.4129772186279297 -0.20348072052001942 0.13797055184841156 
bicycle 4.63327026367196 16.499359130859432 -0.3040877282619441 0.5808318257331848 1.7114582061767578 1.1514087915420532 1.5655528306961057 0.1303810030221939 
bicycle 5.076854705810632 12.42152404785162 -0.3805604279041255 0.6245115995407104 1.760982871055603 1.2059097290039062 2.8894723097430624 0.12754082679748535 
bicycle 8.647441864013814 29.150794982910213 1.6447772979736328 0.7362768650054932 1.2976847887039185 1.5963953733444214 0.011246919631957838 0.1269129365682602 
bicycle -25.670717239379783 -18.280426025390568 -1.3812738656997645 0.5335497856140137 1.553161859512329 1.0913199186325073 1.3175584077835079 0.12103316187858582 
bicycle 7.461704254150462 -14.779190063476449 -1.7312508821487391 0.5439066886901855 1.6184872388839722 1.1122721433639526 -1.722366333007813 0.12102054059505463 
bicycle -5.153121948242173 24.33562469482422 -0.35864326357841136 0.6313143372535706 1.7001597881317139 1.1406574249267578 -1.8898563385009775 0.11894209682941437 
bicycle 12.958854675293054 50.73883819580084 1.6435431241989171 0.7334247827529907 1.9415571689605713 1.4969909191131592 2.540108982716695 0.11850887537002563 
bicycle -26.773962020873938 -28.55778694152815 -1.0327451229095352 0.6844993233680725 1.894294261932373 1.383967399597168 -2.260344266891481 0.11752329766750336 
bicycle 8.718276977539134 -2.172588348388558 -1.5290112495422328 0.5357818603515625 1.627751111984253 1.0758850574493408 1.4319041967391963 0.10879658907651901 
bicycle 16.477264404297017 -7.548480987548714 -1.8532737493514944 0.5603830814361572 1.650994896888733 1.245565414428711 -0.16256010532379123 0.10628800094127655 
bicycle 36.261489868164134 -8.571655273437386 -2.8986792564392054 0.7288875579833984 1.823549747467041 1.7334508895874023 1.2308973073959348 0.1050550565123558 
bicycle -23.13567161560057 -21.348266601562386 -1.9354984760284424 0.6048014163970947 1.7024693489074707 1.1004440784454346 1.6006019751178187 0.10500095784664154 
bicycle 3.896404266357493 6.392494201660213 -0.850683450698849 0.5803589224815369 1.672831416130066 1.1742665767669678 2.552402798329488 0.10236279666423798 
bicycle 7.460750579834055 27.307319641113395 0.24065631628036854 0.6192476749420166 1.6825062036514282 1.283585786819458 2.661451164876119 0.10144788026809692 
bicycle 6.243144989013743 -42.34345626831049 -2.5768294334411586 0.6950114965438843 1.790292739868164 1.7552151679992676 1.3469852209091187 0.10137342661619186 
bicycle -33.88625335693352 -41.017730712890454 1.1810986995697146 0.8038895130157471 1.8468642234802246 1.680672526359558 0.7707189321517943 0.10118238627910614 
movable_object 2.8464279174805966 10.470397949218864 -0.8696630001068044 0.6217670440673828 0.6249512434005737 1.1066179275512695 2.0021446386920374 0.8067129850387573 
movable_object 2.4644355773926208 -5.267337799072152 -1.56526684761047 0.5053179264068604 0.510996401309967 1.1544278860092163 1.5612205266952515 0.724645733833313 
movable_object 3.223331451416101 -5.652572631835881 -1.577980518341061 0.452279657125473 0.4559441804885864 1.2134895324707031 0.9927896261215211 0.6044032573699951 
movable_object 4.640567779541058 -5.906101226806584 -1.624599575996399 0.4598017930984497 0.5100443363189697 1.1711902618408203 1.0271781682968137 0.5220195055007935 
pedestrian 7.405143737793082 27.33396911621105 0.2688252627849579 0.5506948232650757 0.5566325187683105 1.6515767574310303 2.6350286642657674 0.3004184365272522 
movable_object 3.2989768981935015 -5.289772033691293 -1.5524936914443934 0.4447006583213806 0.44294679164886475 1.2456530332565308 0.9462193250656129 0.27301904559135437 
movable_object 6.295364379882955 -6.993877410888615 -1.614922046661377 0.47780394554138184 0.5146390199661255 1.1450201272964478 1.9637320677386683 0.26771241426467896 
movable_object 4.588455200195398 16.530342102050838 -0.43261924386024475 0.4261699616909027 0.42034950852394104 1.2595454454421997 1.7977927366839805 0.2578766644001007 
movable_object -18.1189422607422 -11.75179290771473 -1.207670927047726 0.39229047298431396 0.38578516244888306 1.2522417306900024 -0.5202952623367307 0.24015803635120392 
pedestrian 8.622611999511733 29.154174804687557 1.4729826450347971 0.6472162008285522 0.6956554651260376 1.8316442966461182 1.3897501230239864 0.23924992978572845 
movable_object -17.778007507324077 -10.875492095947209 -1.2272795438766444 0.4217536449432373 0.41745051741600037 1.2433477640151978 -0.7260513305664061 0.2268849015235901 
movable_object 2.8029022216797443 10.854316711425838 -0.830183446407311 0.6019641160964966 0.6240155696868896 1.1227002143859863 2.2522276083575643 0.22648660838603973 
pedestrian 43.463439941406364 -9.31594085693348 -3.5012097358703578 0.6526055932044983 0.6554485559463501 1.8018603324890137 2.0801661650287073 0.2232879400253296 
movable_object -17.23708343505858 -9.480178833007756 -1.1415427923202444 0.44872936606407166 0.4381070137023926 1.302664041519165 -1.199774742126465 0.22067400813102722 
pedestrian 36.19877624511723 -8.540412902831974 -2.8503625392913783 0.6411305069923401 0.6643904447555542 1.6955795288085938 1.3459564447402954 0.2026599794626236 
pedestrian 13.559669494628977 16.463127136230526 0.42305976152420044 0.5860669612884521 0.5469738245010376 1.7585656642913818 3.129969422017232 0.20065349340438843 
movable_object -8.766716003417812 6.349391937255916 -0.7468166351318324 0.36908572912216187 0.36584270000457764 0.9810284376144409 0.11376035213470438 0.19458352029323578 
pedestrian 13.060768127441435 50.54914093017584 1.5309491157531774 0.6553270816802979 0.6823453903198242 1.770000696182251 3.063437048588887 0.19227637350559235 
movable_object 8.70862197875978 -1.883598327636662 -1.4765318632125854 0.38406482338905334 0.4198354482650757 0.7704758644104004 2.8832047621356405 0.18282225728034973 
movable_object -5.6766319274901775 -7.665763854980355 -1.2551600933074951 0.34499073028564453 0.3443790674209595 1.1094441413879395 1.6374457518206993 0.1623496413230896 
movable_object 4.981254577636776 16.973480224609432 -0.3920884430408478 0.4472086429595947 0.44117146730422974 1.3253334760665894 1.5099571943283077 0.16048076748847961 
movable_object 13.431762695312557 25.672882080078125 -0.3742676377296412 0.3962010443210602 0.39862391352653503 1.0905203819274902 3.0491746107684534 0.1601228415966034 
movable_object 3.8433113098145384 13.397201538086051 -0.5665433406829798 0.38286787271499634 0.3780817985534668 1.3120347261428833 1.604642693196432 0.15764358639717102 
pedestrian 29.32451629638672 0.8304176330566406 -0.9850994944572484 0.4887181520462036 0.49136120080947876 1.55084228515625 -2.5652501583099374 0.15446589887142181 
movable_object 6.784175872802763 12.859191894531307 -1.0476446151733363 0.39938274025917053 0.39302024245262146 0.8950587511062622 1.693472210560934 0.1537059098482132 
movable_object 3.80938720703125 -5.193920135497933 -1.533179879188534 0.4658294916152954 0.47812914848327637 1.302269458770752 0.7359951734542847 0.152755007147789 
pedestrian 12.709274291992273 51.24542236328131 1.53974807262421 0.6735965609550476 0.7020746469497681 1.6904590129852295 1.6970503965960904 0.14902779459953308 
pedestrian 6.206008911132926 -42.346435546874886 -2.743952274322499 0.6934211254119873 0.7431598901748657 1.8524351119995117 1.6158903280841272 0.14891274273395538 
movable_object 3.748714447021541 -5.632926940917912 -1.5857397317886281 0.49832290410995483 0.5897900462150574 1.1923508644104004 0.7271887063980103 0.14754855632781982 
pedestrian -33.70388793945301 -30.154243469238168 -1.309531807899468 0.6230491399765015 0.6337324976921082 1.7680244445800781 -0.6952145695686339 0.1444065272808075 
movable_object -10.547409057617188 15.42824554443365 -0.37078198790549877 0.39765459299087524 0.3900899291038513 0.9568953514099121 -0.5273504257202146 0.14022059738636017 
movable_object 4.653537750244112 16.011955261230582 -0.573298573493954 0.4072405993938446 0.4117630124092102 1.1560877561569214 1.440638422966003 0.14009574055671692 
movable_object -25.695049285888643 -18.12283325195301 -1.3683418035507202 0.47445958852767944 0.4883885979652405 1.3137719631195068 0.49120867252349865 0.14003662765026093 
pedestrian 16.320915222167997 -7.465766906738224 -1.8625838756561208 0.575417160987854 0.6066892147064209 1.6643141508102417 -0.33718323707580533 0.13821737468242645 
pedestrian 13.986526489257884 33.43376159667969 1.4988150596618652 0.6416202783584595 0.6746070981025696 1.7987785339355469 0.6483646631240847 0.13742695748806 
movable_object 33.796707153320355 -4.543376922607308 -3.0121059417724574 0.35038185119628906 0.3640461564064026 1.0714961290359497 -3.0495038032531747 0.13734760880470276 
movable_object 6.790824890136719 3.764369964599666 -1.223776936531067 0.36017096042633057 0.33194661140441895 0.8152496814727783 2.448804680501119 0.1365736424922943 
movable_object 3.2523918151856464 -6.071846008300724 -1.6268950700759852 0.46173393726348877 0.4955531358718872 1.1701972484588623 1.062710881233215 0.13384602963924408 
movable_object -5.293621063232322 23.88459777832037 -0.3072221875190735 0.36808261275291443 0.3695772588253021 0.7618171572685242 0.6205638647079466 0.13377632200717926 
movable_object -18.773746490478402 -12.417812347411996 -1.1172821521758998 0.414732962846756 0.40725165605545044 1.3284653425216675 -0.5467544794082644 0.1326501965522766 
movable_object 4.670490264892635 16.86402893066412 -0.33341163396835327 0.4602571725845337 0.45810467004776 1.347151279449463 1.7611044088946741 0.13233141601085663 
pedestrian -26.796785354614215 -28.601533889770394 -1.3261675834655655 0.6176370978355408 0.6197160482406616 1.7295582294464111 0.5678139925003051 0.13118226826190948 
movable_object 12.401496887207145 47.121086120605526 0.34066054224967957 0.4846089482307434 0.49342846870422363 1.5162653923034668 -2.2158000469207773 0.13034139573574066 
pedestrian 16.38759613037108 26.084228515625057 0.7856607437133825 0.6712337136268616 0.685539960861206 1.8379098176956177 -2.8930578231811532 0.1299147754907608 
movable_object 3.1148567199707884 6.187252044677791 -1.0070768594741786 0.3615252673625946 0.3552204370498657 1.0906656980514526 2.5927475134478963 0.12930691242218018 
movable_object 11.692283630371136 -11.179851531982365 -1.7503712177276576 0.3886539936065674 0.3872199058532715 0.9297322034835815 2.4052961508380335 0.12434375286102295 
movable_object 2.671802520751953 -4.691146850585881 -1.5364021062850917 0.4300059378147125 0.4328537881374359 1.179563045501709 2.2484543959247034 0.12389099597930908 
movable_object -16.518302917480327 3.456886291503963 -0.8674871921539236 0.3351615071296692 0.3231576681137085 0.8174827694892883 -0.32660436630249 0.12283389270305634 
movable_object -18.421134948730412 -12.150791168212834 -1.2070877552032435 0.3982451856136322 0.39909276366233826 1.276657223701477 -0.3058291673660274 0.12160789966583252 
pedestrian -7.290233612060504 -42.45967864990223 -3.0603933334350515 0.49094700813293457 0.5014750957489014 1.539550542831421 1.310574650764465 0.12062610685825348 
movable_object -9.229690551757784 5.732444763183651 -0.731472492218014 0.4212190508842468 0.43703052401542664 1.0908936262130737 0.49443829059600847 0.11987017095088959 
movable_object 6.427486419677777 12.872360229492244 -0.9295251369476283 0.43221211433410645 0.42604753375053406 1.0577826499938965 1.0561147928237915 0.11975901573896408 
movable_object 3.9279708862305256 12.980278015136832 -0.6059010028839076 0.39568793773651123 0.3957429826259613 1.3103132247924805 1.846453015004293 0.11906293779611588 
movable_object 7.351940155029368 -14.807537078857308 -1.8366163969039881 0.37536564469337463 0.36132699251174927 1.1503933668136597 -1.9941520690917975 0.11743737012147903 
pedestrian 16.520133972168026 -11.189220428466683 -1.399870634078976 0.53401780128479 0.5520280599594116 1.4650850296020508 2.881858650838033 0.11595267057418823 
movable_object 11.763900756836051 -11.67430114746088 -1.7340013980865443 0.3837946653366089 0.38364866375923157 0.9749408960342407 2.2533534208880823 0.11519596725702286 
movable_object -9.098155975341754 6.1376075744629475 -0.6666353344917262 0.43414101004600525 0.4522181749343872 1.1892955303192139 0.3895080089569091 0.11509807407855988 
movable_object 8.224872589111413 -8.10085296630848 -1.7102954387664724 0.3479962944984436 0.3667776882648468 0.9916695356369019 -1.6283590793609624 0.11263653635978699 
movable_object -19.987396240234347 -14.827545166015511 -1.515167355537411 0.3560125529766083 0.34756290912628174 0.8041003346443176 -0.2922762632369994 0.11101287603378296 
movable_object 4.894279479980497 16.576194763183707 -0.48168581724166515 0.4655110836029053 0.4665646255016327 1.2765755653381348 0.7607384920120238 0.10984274744987488 
movable_object 4.020050048828168 6.510002136230469 -0.8804368972778285 0.41614964604377747 0.41612309217453003 1.2827584743499756 2.8722847143756307 0.10953081399202347 
movable_object 8.693653106689439 -7.426322937011662 -1.5187679529190063 0.4237770140171051 0.4444660544395447 1.208842396736145 -3.0220742225646977 0.10890237241983414 
pedestrian 22.0820312500001 1.1262016296387856 -1.1117858886718714 0.45959988236427307 0.45565736293792725 1.5785298347473145 -2.430742263793946 0.10836536437273026 
movable_object -20.102951049804673 -15.125156402587777 -1.5360431671142507 0.3428143858909607 0.3296716809272766 0.8391830921173096 0.08319950103759788 0.10779394209384918 
movable_object 8.140144348144531 -7.526470184326172 -1.662508487701416 0.3643670082092285 0.3904116451740265 1.0108366012573242 -2.9799168109893808 0.10618653893470764 
movable_object 3.141521453857507 10.111442565918082 -0.8756104111671448 0.5890223383903503 0.6057927012443542 1.21055006980896 2.505025211964742 0.10533281415700912 
movable_object -4.688385009765597 26.082641601562557 0.1336525976657903 0.4011853337287903 0.3948233127593994 1.0330345630645752 -0.14954435825347903 0.10485637933015823 
pedestrian 5.904895782470774 -51.65879058837879 -2.661466360092156 0.6560809016227722 0.6864120364189148 1.77017080783844 2.093488518391744 0.10454604029655457 
pedestrian -18.430011749267408 -1.0180969238280113 -0.775008082389828 0.4852280020713806 0.46494653820991516 1.4432380199432373 0.2751002311706541 0.10243259370326996 
