car 0.7297096252441975 -5.900074005126896 -1.249712467193607 2.0131866931915283 4.630588531494141 1.7457971572875977 1.6250889937030237 0.7687103748321533 
car -7.445243835449091 22.082359313964872 0.3637417256832123 1.9623217582702637 4.765836715698242 1.6888419389724731 2.9156091848956516 0.7100958824157715 
car -14.585762023925753 -32.185714721679574 -3.4163537025451713 1.9535675048828125 4.40920877456665 1.6345733404159546 1.319986224174499 0.656761646270752 
car -12.25524902343733 18.702346801757898 0.36399450898170826 2.266359329223633 5.787536144256592 2.2595126628875732 -0.21939063072204604 0.5916271805763245 
car 21.3259658813478 12.304733276367301 -0.04504800215362792 1.8928558826446533 4.506999492645264 1.5930047035217285 -0.2408519983291629 0.4631858766078949 
car -14.024223327636633 -52.49252319335932 -4.108109474182129 1.995065689086914 4.6528472900390625 1.7139849662780762 1.1409763097763057 0.29371488094329834 
car 7.521980285644702 -32.79196548461903 -1.3822145462036115 1.8902336359024048 4.416905879974365 1.6417725086212158 -1.7206740379333496 0.17637813091278076 
car 23.711853027343835 15.303619384765682 0.4873965382575989 2.016793727874756 4.71827507019043 1.8131718635559082 2.865256134663718 0.14736442267894745 
car -15.396675109863097 39.24649810791027 2.1936688423156774 1.898061990737915 4.420310974121094 1.6812975406646729 3.0574165026294167 0.12609653174877167 
car -15.937377929687415 22.526077270507898 0.1655293405055982 1.949589490890503 4.665036201477051 1.6409094333648682 -3.1097452640533443 0.1254281997680664 
car 18.346496582031364 12.91349029541027 0.06609470397233963 1.8463892936706543 4.4106903076171875 1.6138410568237305 2.9571507612811496 0.1103699803352356 
car 5.038066864013757 -11.613349914550668 -1.3372855186462385 2.5753822326660156 4.607358455657959 2.3771886825561523 -1.5991381406784055 0.7172142267227173 
car 8.784229278564567 18.428886413574332 0.7112771868705803 2.3409719467163086 6.453403472900391 2.5349769592285156 2.923001591359274 0.7097116708755493 
car -1.4530639648436363 -13.550540924072209 -1.0913491249084437 2.724555253982544 8.67098617553711 3.301623582839966 1.8306477705584925 0.6634002327919006 
car -12.323341369628878 18.71142578125003 0.3563400804996508 2.2521629333496094 5.851383686065674 2.165018320083618 -0.2262971401214601 0.3400455713272095 
car -5.713024139404183 39.91525268554696 2.839479446411138 2.8312430381774902 9.718968391418457 3.8867883682250977 1.6975691954242151 0.31343042850494385 
car -12.371131896972543 35.09929656982433 1.6336208581924527 1.6311805248260498 2.6552109718322754 2.1013407707214355 -1.6321015357971191 0.1591344177722931 
car 27.295188903808736 -8.045322418212834 -0.3965397775173187 2.462862968444824 7.382058143615723 2.5750370025634766 0.7579423189163204 0.15486596524715424 
car -7.436019897460795 22.084358215332145 0.363772869110111 1.890860915184021 4.9685211181640625 1.7898615598678589 2.9148023764239714 0.10789969563484192 
car 17.708511352539233 -20.09892272949213 -1.227831244468689 2.2085788249969482 5.372570037841797 2.1596107482910156 1.3995341062545774 0.1069045215845108 
car -12.914119720458899 41.7344512939454 2.4042980670928955 2.8726754188537598 7.621631622314453 3.4426143169403076 1.4950965642929075 0.10024981200695038 
car -5.81043243408196 41.7419891357423 3.0490255355834996 2.9685919284820557 13.584030151367188 3.7553346157073975 1.6594780127154751 0.36557817459106445 
car -12.369750976562386 35.02452087402352 1.8924254179000837 2.1275365352630615 2.4083685874938965 3.2006616592407227 -1.3785489797592163 0.1440334916114807 
movable_object 16.564582824707173 10.942451477050838 -0.5913870930671656 2.461268901824951 0.5633133053779602 0.9057602286338806 1.5831130186664024 0.506155252456665 
movable_object 19.572044372558736 10.65046691894537 -0.5305031538009608 3.0124363899230957 0.5534147620201111 0.9010002613067627 1.4143451452255245 0.40322765707969666 
movable_object 21.994995117187585 10.380416870117244 -0.4972142577171361 2.8696365356445312 0.5613675117492676 0.9140477776527405 1.42203938961029 0.3439886271953583 
movable_object 26.12199401855483 9.387504577636832 -0.4513583481311727 3.0734219551086426 0.556294858455658 0.912267804145813 1.3471499681472774 0.289895236492157 
movable_object 11.760421752929858 -18.78636550903309 -1.9500955343246442 2.3905282020568848 0.5471203923225403 1.0252526998519897 1.7006896177874964 0.23941141366958618 
movable_object 23.691123962402486 9.976562500000057 -0.5917962193489075 2.4125308990478516 0.5064910054206848 0.9268777966499329 1.3588722944259641 0.22465914487838745 
movable_object 27.914001464843864 8.789924621582088 -0.4505371451377904 2.7677650451660156 0.6205376982688904 0.9454976916313171 1.3598731756210323 0.1606082320213318 
movable_object 28.463867187500085 9.250255584716854 -0.2698491811752355 2.9668703079223633 0.6087989807128906 0.9198082089424133 1.4909881353378291 0.12844857573509216 
movable_object 22.084335327148494 -34.57832336425781 -3.669727325439453 2.1335301399230957 0.46255144476890564 1.1002490520477295 -3.0854134559631343 0.12380894273519516 
movable_object 26.17610168457037 8.908542633056697 -0.5005570650100744 3.0449113845825195 0.5614389181137085 0.9245685935020447 1.4648820161819454 0.12312386929988861 
movable_object 24.21251678466811 10.343559265136832 -0.4813141822814906 2.408694267272949 0.5090945959091187 0.9549145698547363 1.379298329353332 0.1020907387137413 
bicycle 22.031944274902457 -34.409927368164006 -3.767093896865841 0.6556834578514099 1.7696607112884521 1.285244107246399 -0.9179531335830688 0.31698721647262573 
bicycle -7.50141906738267 -22.504171371459904 -2.6438035964965767 0.626690149307251 1.7570369243621826 1.217164158821106 -1.7764636278152464 0.30709898471832275 
bicycle 36.25714874267595 -12.86733245849598 0.911333382129671 0.691604733467102 2.2862260341644287 1.398603916168213 -3.0692310333251953 0.15126940608024597 
bicycle -1.9955101013182457 -17.613914489746037 -2.076298236846922 0.7002009153366089 1.8366031646728516 1.2822182178497314 1.226877093315124 0.1434324085712433 
bicycle 5.680515289306726 -18.977108001708928 -2.632152795791626 0.5500859022140503 1.6213970184326172 1.0821529626846313 1.8003090063678189 0.14073772728443146 
bicycle 18.76438140869155 -8.692317962646484 0.13580641150474726 0.7737404108047485 2.3612377643585205 1.5861232280731201 1.3992699384689329 0.1381748616695404 
bicycle -7.885929107665902 -23.042797088622933 -2.408280849456782 0.6241487264633179 1.7693979740142822 1.2310847043991089 -0.7480989694595337 0.1345822811126709 
bicycle 16.93082427978527 -18.97753524780262 -1.2256814241409302 1.050580382347107 2.8077151775360107 1.6653624773025513 2.2170251051532195 0.1339012086391449 
bicycle -1.5366134643554403 -17.201404571533146 -2.0510067939758354 0.576290488243103 1.6771889925003052 1.1808478832244873 2.124595944081442 0.13032349944114685 
bicycle -17.63438415527331 30.80353546142581 0.7741653919219953 0.6781264543533325 2.0140764713287354 1.380079746246338 2.854490343724387 0.127335786819458 
bicycle 24.81801605224615 9.736110687255973 0.32322427630424855 0.5386676788330078 1.5870437622070312 1.1133147478103638 -3.0394825935363765 0.12300854921340942 
bicycle 21.940925598144588 -33.489303588867074 -3.7539827823638916 0.6689757108688354 1.834523320198059 1.2891623973846436 -1.481825351715088 0.12152387946844101 
bicycle -11.689731597900291 41.77033233642584 1.676644682884218 0.6053905487060547 1.78154718875885 1.1082940101623535 0.9118667840957633 0.10449208319187164 
bicycle 17.66543579101571 -31.344211578369084 -2.1669247150421214 0.6533706188201904 1.8185768127441406 1.3464938402175903 -2.6310749053955083 0.10034947097301483 
movable_object 6.830799102783345 -6.935226440429574 -1.3693096637725777 0.41176366806030273 0.4164734482765198 1.323737621307373 2.448891941701071 0.7362107038497925 
movable_object 5.664100646972798 -8.779815673828011 -1.981619834899897 0.45230531692504883 0.9353114366531372 0.4172099828720093 -1.5325002670288086 0.5577800273895264 
pedestrian 24.17301177978524 8.097202301025504 -0.326298385858534 0.6723943948745728 0.7250692844390869 1.784917950630188 2.9899833838092253 0.5129161477088928 
movable_object 5.823650360107479 -9.211360931396428 -2.0054826736450178 0.47622600197792053 0.795972466468811 0.4871293008327484 -1.743194818496704 0.3513825833797455 
movable_object 6.183071136474695 -8.654647827148324 -1.9286819696426374 0.44284552335739136 0.6857544183731079 0.5231577157974243 -2.4252488613128658 0.33365121483802795 
movable_object 6.090736389160185 -9.255950927734318 -1.9498234987258911 0.4081825315952301 0.5384145975112915 0.5586203336715698 -2.2823741436004634 0.23236718773841858 
movable_object 6.399230957031364 -8.24828720092762 -1.724997878074646 0.3983767032623291 0.5068828463554382 0.6952048540115356 2.2327764670001433 0.21644841134548187 
movable_object 24.48833465576189 9.748279571533317 -0.09587205946444932 0.474023699760437 0.48300522565841675 1.4087035655975342 2.6499460379229953 0.2065705507993698 
movable_object 3.35971832275402 -13.089229583740178 -1.482535481452942 0.3267391324043274 0.31559184193611145 1.2349328994750977 1.4694429636001582 0.1904824674129486 
movable_object 5.377101898193558 -8.753456115722543 -1.9450206756591726 0.43980467319488525 0.7801194787025452 0.4395434260368347 -1.39586329460144 0.16489964723587036 
pedestrian 17.821678161621264 -31.011299133300668 -2.410766124725342 0.6620140075683594 0.7141232490539551 1.6499719619750977 2.6833708922015593 0.15723185241222382 
movable_object -19.45822143554676 -49.04449081420893 -4.366402626037599 0.4341537356376648 0.4180815517902374 1.3572046756744385 -0.010526537895203109 0.14985427260398865 
movable_object 7.617244720458984 -22.988355636596623 -2.596870660781864 0.32914024591445923 0.3248926103115082 0.8126065135002136 -2.7233858108520503 0.13800856471061707 
movable_object -1.593120574951115 -17.161201477050724 -2.2716283798217756 0.4864281415939331 0.5136615037918091 1.0376042127609253 1.6929476896869107 0.13702568411827087 
movable_object 5.042831420898608 2.6563148498535725 -1.1058486700057983 0.33855652809143066 0.35139793157577515 0.8961257338523865 2.5105126539813445 0.12842634320259094 
pedestrian 21.96370697021493 -33.920795440673714 -3.6280465126037527 0.5313251614570618 0.5204406380653381 1.5583469867706299 -3.0812613964080806 0.12617166340351105 
movable_object -11.613357543945128 41.8239288330079 1.7213224172592234 0.49990156292915344 0.5049276351928711 1.4235377311706543 -0.15410041809082053 0.12459290027618408 
movable_object -7.34700775146473 -22.032470703124943 -2.7855100631713885 0.4055323600769043 0.383108913898468 1.0921719074249268 -0.9625186324119568 0.1243358850479126 
movable_object 6.7921218872071165 -7.284324645996037 -1.4200257062911934 0.45443326234817505 0.47735854983329773 1.2175167798995972 2.5634864012347625 0.12095877528190613 
movable_object -7.390438079833871 -22.373239517211857 -2.7101149559020996 0.4523198902606964 0.4265379309654236 1.3122425079345703 -0.5385141372680664 0.12036749720573425 
movable_object -7.611949920654212 -23.070611953735295 -2.6478414535522514 0.49769559502601624 0.4736911654472351 1.4784512519836426 0.677486538887023 0.12034370005130768 
pedestrian -13.523597717285014 -23.17257499694813 -2.3686642646789515 0.5091508030891418 0.4854637086391449 1.536220669746399 -0.057927012443543 0.10819263011217117 
movable_object 3.842918395996179 -9.915222167968636 -1.764485955238344 0.3723882734775543 0.37878701090812683 0.9480289220809937 -1.13746452331543 0.10726294666528702 
pedestrian -13.503936767577954 34.47268676757824 1.4506735801696777 0.6160661578178406 0.6063551306724548 1.7204039096832275 -0.6710231900215148 0.10643532127141953 
pedestrian 45.146217346191605 -14.00364685058588 0.27842244505882263 0.6540334224700928 0.6512746214866638 1.748274326324463 -2.978323936462402 0.1047670841217041 
pedestrian 23.858093261718835 7.720382690429744 -0.4561652243137324 0.6875724196434021 0.754423975944519 1.7366513013839722 3.10553247133364 0.10086040943861008 
movable_object -7.456817626952983 8.269985198974666 -0.8356260061263985 0.35556772351264954 0.33680909872055054 1.000527024269104 1.6756513754474085 0.10076708346605301 
