car 0.7243957519532387 -5.774696350097599 -1.2074475288391024 2.0498690605163574 4.804644584655762 1.7570290565490723 1.6386745611773887 0.8604282140731812 
car -8.578201293945341 17.882797241210938 0.3793801069259697 2.1239395141601562 5.53375244140625 2.167518138885498 -0.21144461631774936 0.5394928455352783 
car -14.187171936035156 -32.10900878906256 -3.347762346267695 1.9445942640304565 4.44211483001709 1.6261504888534546 1.4407716989517207 0.4810701310634613 
car 21.92657470703128 12.321525573730526 0.11066897213459725 1.914940357208252 4.586517333984375 1.7278165817260742 -0.26450896263122586 0.28358882665634155 
car -11.076309204101506 23.0701904296875 0.32383781671524936 1.978769063949585 4.723534107208252 1.7287230491638184 2.9251430670367644 0.2700662612915039 
car -6.2794456481933025 21.89093780517581 0.38336801528932263 1.9300941228866577 4.609277248382568 1.674238681793213 -0.23385798931121887 0.25811922550201416 
car 25.450668334960938 11.707046508789006 0.072452753782283 1.977242350578308 4.678890228271484 1.7261854410171509 -0.24922442436218292 0.22127699851989746 
car -2.0626945495604616 -11.082832336425838 -0.8839210271835238 2.9320640563964844 8.253536224365234 3.255026340484619 1.804539028798239 0.14319118857383728 
car 21.894248962402287 15.839370727539062 0.41267442703247603 2.040445327758789 4.769554138183594 1.8315279483795166 2.9037500063525603 0.14219169318675995 
car -15.947109222412053 23.090736389160156 0.021745318546900094 1.960796594619751 4.689131736755371 1.6571812629699707 0.03923928737640355 0.11043396592140198 
car 5.736709594726591 19.08164215087885 0.7399202585220426 2.3747315406799316 6.706578254699707 2.449218273162842 2.9236004988299773 0.7283563613891602 
car -2.065895080566463 -11.149826049804688 -0.9398455619811923 2.7733426094055176 8.87336254119873 3.3188817501068115 1.7933905760394497 0.7242088913917542 
car 5.062347412109489 -11.598114013671932 -1.3056879043579013 2.5069186687469482 4.487316608428955 2.3834471702575684 -1.5678855180740354 0.6826723217964172 
car -8.667015075683594 17.888008117675724 0.3123497962951749 2.084567070007324 5.655509948730469 2.0782759189605713 -0.20846509933471696 0.3708609342575073 
car -5.73141860961907 42.9123458862305 2.8548054695129537 2.8361434936523438 8.672561645507812 3.878385305404663 1.6778643766986292 0.30933400988578796 
car -12.868774414062528 33.30568695068362 2.4017212390899765 3.461909294128418 8.556446075439453 3.6901865005493164 -1.4690508842468262 0.13232246041297913 
car -13.500106811523438 29.69530487060547 1.268295645713815 2.8566055297851562 5.508910179138184 2.99605655670166 -0.13089668750762984 0.11583340167999268 
car -6.264778137206918 21.93243408203125 0.4711375236511355 2.0965614318847656 5.356982231140137 1.9254858493804932 -0.22433042526245173 0.11174553632736206 
car -11.099449157714787 23.07739257812497 0.40798109769822233 2.2089953422546387 6.043959140777588 1.99435555934906 2.9325538317309783 0.10932980477809906 
car 23.116439819336023 15.387954711914062 0.3022299408912765 2.1203322410583496 5.488165855407715 1.937870979309082 2.9908102194415496 0.10352089256048203 
car -5.78719329833973 45.338897705078125 3.1718807220459055 3.001516342163086 13.809553146362305 3.8184561729431152 1.6417749563800261 0.40391552448272705 
car -18.306434631347628 30.94806671142578 1.4814342260360789 2.904082775115967 12.486138343811035 3.7984185218811035 -0.1787052154541017 0.13776342570781708 
car -12.812835693359375 34.52082061767578 2.4010307788848984 2.451185464859009 5.116137981414795 3.147730827331543 -1.5203224420547485 0.11046873033046722 
movable_object 16.544990539550838 10.987762451171818 -0.5639019012451101 2.5748748779296875 0.5783140659332275 0.9137482643127441 1.5509363412857051 0.6400807499885559 
movable_object 19.508277893066463 10.678031921386719 -0.5651502609252841 2.9886059761047363 0.5628054141998291 0.9118325114250183 1.4061547517776487 0.5572213530540466 
movable_object 21.979873657226648 10.36589050292963 -0.5547605752944911 2.9099457263946533 0.57606041431427 0.9170780181884766 1.4135044813156123 0.4288244843482971 
movable_object 26.63746643066412 9.186664581298771 -0.49374401569365745 2.6059927940368652 0.5924256443977356 0.9364595413208008 1.396197915077209 0.3600365221500397 
movable_object -1.6489181518554261 39.99581909179685 1.160398960113529 2.0115017890930176 0.42708519101142883 0.9927780032157898 -2.9515585899353027 0.23410701751708984 
movable_object 28.376564025879077 9.194267272949219 -0.4227070510387314 2.883255958557129 0.6736451387405396 0.9160079956054688 1.537993550300598 0.2229122817516327 
movable_object 23.587181091308594 9.925796508789062 -0.5215740799903728 2.3416337966918945 0.49347564578056335 0.9614719152450562 1.4645372629165643 0.19152413308620453 
movable_object -12.473949432373004 43.42413330078131 1.381070494651805 3.0989603996276855 0.48208409547805786 0.8965705633163452 0.10446321964263859 0.13920088112354279 
movable_object 22.066856384277457 -34.38677978515625 -3.7940659523010183 3.0237908363342285 0.5241169929504395 0.902417778968811 -3.0697197914123526 0.12612397968769073 
movable_object 23.606811523437557 10.352294921874943 -0.4574613273143662 2.3806886672973633 0.5070384740829468 0.9469980001449585 1.4941323995590208 0.11914362013339996 
movable_object 26.631500244140767 9.687747955322209 -0.4621292948722733 2.904358148574829 0.5800615549087524 0.9172373414039612 1.5342365503311153 0.10173291712999344 
movable_object 44.2609481811524 -9.457954406738338 0.2232627719640803 2.1467323303222656 0.49808448553085327 1.1227738857269287 -3.0972924232482906 0.10120213776826859 
movable_object 23.704956054687585 9.391082763671818 -0.5214833021163834 2.2195379734039307 0.5061066746711731 1.0025324821472168 1.5313028097152706 0.10063251107931137 
bicycle -22.536779403686495 31.637985229492216 0.9598500728607267 0.7478197813034058 1.9722529649734497 1.6950441598892212 0.13815939426422016 0.2791065275669098 
bicycle -11.691905975341783 41.67140197753906 1.794568538665784 0.7399766445159912 1.9534590244293213 1.6296322345733643 -1.5904822349548338 0.2222115397453308 
bicycle 3.415935516357507 -12.90843582153326 -1.1689150333404488 0.44516944885253906 1.5979351997375488 1.0725353956222534 -1.5630607604980469 0.1562020480632782 
bicycle -7.44967269897451 42.95339965820315 1.1909229755401718 0.5542035698890686 1.592331051826477 1.11430025100708 0.22482776641845614 0.15554717183113098 
bicycle -13.418849945068246 17.1448974609375 -0.9576950073242081 0.6009435653686523 1.6395057439804077 1.1154035329818726 0.15170943737030007 0.14521415531635284 
bicycle -2.066246032714787 -17.05004501342779 -2.096972942352295 0.5334987640380859 1.5680060386657715 1.0589624643325806 2.89987308183779 0.14151640236377716 
bicycle 36.248725891113395 -12.856121063232479 0.9534404277801602 0.6534876823425293 2.3187458515167236 1.3415701389312744 3.1094229857074187 0.12441198527812958 
bicycle 7.912616729736413 -25.599256515502873 -2.911651134490956 0.4902946650981903 1.5213512182235718 1.0562230348587036 -2.0465526580810547 0.11912087351083755 
movable_object 6.83679962158206 -6.946540832519531 -1.347809433937062 0.4238104820251465 0.42977821826934814 1.33622145652771 2.583473984395163 0.7666442394256592 
movable_object 5.666961669921875 -8.760177612304744 -2.0766627788543612 0.5071675777435303 1.2949974536895752 0.35364699363708496 -1.5148977041244505 0.5693588256835938 
movable_object 13.536552429199247 20.2983779907226 0.205673709511764 0.3446013331413269 0.3419327139854431 0.7280035614967346 -2.805354833602905 0.5016157031059265 
pedestrian 23.788635253906307 9.343517303466797 -0.234667748212809 0.6359269022941589 0.6757168769836426 1.7529945373535156 2.9177270571338103 0.45486611127853394 
pedestrian -11.641578674316321 41.70980834960935 1.845812797546392 0.666569709777832 0.7034330368041992 1.7618534564971924 -1.3851832151412962 0.3698928654193878 
movable_object 6.133007049560547 -8.684875488281307 -2.0148885250091517 0.48345911502838135 0.819085955619812 0.4700220227241516 -2.5017557144165035 0.2612483501434326 
pedestrian 24.333923339843835 9.769039154052734 -0.1289203613996417 0.5577881932258606 0.594674825668335 1.6575045585632324 2.5688346068011687 0.21265678107738495 
movable_object 6.06671142578125 -9.256820678710994 -2.0076763629913312 0.46007242798805237 0.6569344997406006 0.5075899958610535 -2.3597879409790035 0.16599977016448975 
pedestrian 23.740524291992273 8.87929534912115 -0.2913478314876432 0.6868476271629333 0.7272999882698059 1.8171855211257935 2.859240357075827 0.16425536572933197 
movable_object -2.0085716247558025 -16.964740753173828 -2.3060617446899307 0.4343840181827545 0.4876316487789154 0.7436481714248657 2.9213264624225066 0.1543954759836197 
movable_object -7.4073371887206605 42.93553924560547 1.4369652271270805 0.4512123465538025 0.4585704207420349 1.1594741344451904 1.7916815916644497 0.15339381992816925 
movable_object -11.71176910400385 38.13568115234372 1.2046089172363352 0.42996495962142944 0.43131041526794434 1.2983460426330566 0.5767711400985708 0.14231908321380615 
pedestrian -11.70791244506826 41.30609893798828 1.8214217424392771 0.6164121627807617 0.6510335206985474 1.6256654262542725 -1.2831810712814329 0.14077544212341309 
movable_object 6.7975502014160725 -7.273693084716854 -1.3816074132919223 0.4691803455352783 0.49294334650039673 1.2417072057724 2.6580117384540007 0.13378077745437622 
movable_object 6.344448089599638 -8.21904373168951 -1.7400801181793142 0.44990429282188416 0.6273369789123535 0.6428302526473999 2.229188267384665 0.12323078513145447 
pedestrian -22.37227439880371 31.62427520751953 0.9663482904434328 0.7145382165908813 0.7792117595672607 1.8277199268341064 -0.1995048522949223 0.12303699553012848 
pedestrian 45.1535720825195 -13.963790893554688 0.7759924530982989 0.6891232132911682 0.6546421051025391 1.8812365531921387 2.8571594397174285 0.11431850492954254 
movable_object -12.292137145996094 34.66886901855463 1.9787122011184692 0.5649682283401489 0.5477876663208008 1.5822234153747559 -1.828237771987915 0.11135118454694748 
movable_object 3.8617973327637003 -9.882549285888729 -1.8291683197021449 0.36725303530693054 0.3689195215702057 0.9430800676345825 -1.1336153745651245 0.11024800688028336 
pedestrian 24.145240783691378 8.113670349121094 -0.3366497755050606 0.6514919996261597 0.6785584092140198 1.8027749061584473 2.6864698568927214 0.10837787389755249 
