car 0.7576751708984943 -5.699058532714901 -1.2061958312988281 2.0436244010925293 4.853892803192139 1.7789149284362793 1.6231458822833462 0.8926316499710083 
car 7.309551239013729 14.642532348632756 0.0013327272608893992 1.8707616329193115 4.457033157348633 1.5936872959136963 -0.12144684791564998 0.7537900805473328 
car 0.11942672729492188 20.104980468750057 0.4041825830936432 1.997172474861145 4.882365703582764 1.653587818145752 2.9429157415973113 0.7497947216033936 
car -14.121692657470618 -32.069644927978516 -3.4095973968505895 1.9058212041854858 4.145525932312012 1.5789388418197632 1.3750826120376582 0.6566413640975952 
car -12.830394744873075 22.91539764404294 0.350929111242289 2.005537271499634 4.788235664367676 1.7621700763702393 2.93568474451174 0.6295627355575562 
car 21.322158813476648 12.401000976562443 0.05971311032771176 1.9072682857513428 4.517865180969238 1.620012640953064 -0.19624054431915366 0.5740987062454224 
car -11.824298858642408 -51.8021240234375 -4.142258644104006 1.9127159118652344 4.447535037994385 1.660103440284729 2.931218210850851 0.5175996422767639 
car 34.4847869873048 12.435325622558537 0.035761814564466476 1.9738107919692993 4.553770542144775 1.7135772705078125 2.998140160237448 0.39937686920166016 
car -2.109470367431669 -45.30316162109381 -3.7240042686462473 1.931857943534851 4.500978469848633 1.682361364364624 1.587109390889303 0.3869403302669525 
car 18.370300292968864 12.885818481445312 0.10024043172598063 1.840941071510315 4.391107559204102 1.6329903602600098 2.972309652959005 0.17102140188217163 
car 24.253616333007926 11.782669067382756 0.0006198920309508082 1.9474890232086182 4.480053424835205 1.66415274143219 -0.3097735643386847 0.10894772410392761 
car -0.3873023986816406 -45.3045272827149 -3.6442303657531827 1.9860384464263916 4.665118217468262 1.7171337604522705 1.9113143126117151 0.10442425310611725 
car -3.39337158203125 0.7809829711913494 -0.5973144769668615 2.6293914318084717 8.500448226928711 2.938277244567871 1.6784537474261683 0.808466911315918 
car 5.079746246338033 -11.568756103515682 -1.268546819686895 2.357565402984619 4.303198337554932 2.3363375663757324 -1.612892508506775 0.6897121667861938 
car -12.916442871093722 22.934677124023438 0.33073610067367554 1.9387547969818115 5.18797492980957 1.8220328092575073 2.921493832265036 0.19450105726718903 
car -7.490982055664006 44.07684326171875 2.3523812294006277 2.3907225131988525 5.193718910217285 2.879495143890381 -1.530057191848755 0.1937943696975708 
car -12.3593749999999 35.04261016845706 1.773596763610838 1.659386157989502 2.843292236328125 2.2818264961242676 -1.5994526147842407 0.14062702655792236 
car 35.03990173339841 12.394889831542912 -0.028361789882193733 2.0404937267303467 5.331878662109375 1.8888542652130127 2.9876034895526336 0.13406501710414886 
car -12.337978363036953 32.10801696777341 1.811973333358761 3.3290998935699463 9.447956085205078 3.711850643157959 -1.6808902025222776 0.13229356706142426 
car -12.907821655273438 41.73467254638669 2.064305305480948 2.950050115585327 6.646910190582275 3.3125410079956055 1.6123164335833948 0.12785862386226654 
car 28.497795104980526 -6.980998992919979 0.22906228899955927 2.2652251720428467 5.668152809143066 2.1859829425811768 0.5294624567031853 0.11053162813186646 
car -3.4117431640624147 0.7365684509277344 -0.8274062275886589 2.858541965484619 8.545434951782227 3.414611577987671 1.6850670019732872 0.11353549361228943 
movable_object 21.89531707763689 10.386123657226506 -0.4587465524673462 2.909071922302246 0.6291871070861816 0.935651421546936 1.3610514402389522 0.4583701193332672 
movable_object 26.643791198730526 9.136993408203068 -0.5319574475288427 2.509803533554077 0.6738107204437256 0.9987531900405884 1.474165558815002 0.4182724058628082 
movable_object 19.498588562011776 10.657165527343693 -0.6092425584793091 2.9578521251678467 0.5732297897338867 0.8898218870162964 1.4391897916793819 0.35240864753723145 
movable_object 28.34694671630868 9.237045288085938 -0.4923031628131902 2.8000833988189697 0.616237998008728 0.92378169298172 1.672406498585836 0.3361249566078186 
movable_object 24.233360290527372 9.850299835205078 -0.48323747515678406 2.1606502532958984 0.6188929677009583 1.0647594928741455 1.3644951581954954 0.30833899974823 
movable_object -12.482036590576058 43.41606903076172 1.2577395439147931 2.876744270324707 0.4303101897239685 0.9305490255355835 0.12068676948547327 0.14541742205619812 
movable_object 16.497138977050838 10.99460601806635 -0.5907640457153338 2.186923027038574 0.5288336873054504 0.9757229685783386 1.5107432603836055 0.12983956933021545 
movable_object 18.332031250000114 -30.97350692749029 -2.3113312721252406 2.0251402854919434 0.4447438716888428 0.9455022215843201 1.6646354834186 0.10274536907672882 
movable_object -7.480854034423814 43.421211242675724 1.2303154468536341 2.0778963565826416 0.6166107058525085 0.9742621183395386 -2.799452304840088 0.10016848146915436 
bicycle -9.89384078979488 25.07134246826169 0.6768317222595215 0.7207565903663635 1.8768396377563477 1.8578931093215942 2.952911917363302 0.7741658091545105 
bicycle -7.378173828124886 42.80450439453128 0.9107038378715551 0.5974996089935303 1.732986569404602 1.1574373245239258 -1.166084170341492 0.2915915846824646 
bicycle 3.4110755920411293 -12.828575134277457 -1.1026520729064924 0.433439701795578 1.5749787092208862 1.0219348669052124 -1.5024054050445559 0.228709876537323 
bicycle 32.81845092773446 12.839836120605412 -0.041387952864170074 0.8967446684837341 2.227370500564575 1.6618093252182007 -2.699947834014892 0.22095531225204468 
bicycle -11.593826293945327 41.67303466796869 1.4878141880035365 0.6610031127929688 1.7116127014160156 1.1576181650161743 1.0542670488357537 0.2094191461801529 
bicycle -9.314830780029268 -8.744056701660156 -2.368673324584961 0.3746616244316101 1.2927885055541992 0.9757106304168701 -1.548805356025696 0.15025594830513 
bicycle -7.537887573242074 -22.563062667846737 -2.3907508850097674 0.571271538734436 1.6489759683609009 1.157943844795227 -0.0021960735321048495 0.13649791479110718 
bicycle -12.30253601074206 28.424583435058565 0.2092025429010409 0.7002437710762024 1.9958114624023438 1.3390847444534302 0.01741373538970919 0.11765574663877487 
bicycle -11.792015075683537 34.6649475097656 1.5568305253982526 0.7108222246170044 1.7590396404266357 1.5473246574401855 -1.103989362716675 0.11104033887386322 
bicycle 35.21014404296881 11.610809326171818 -0.04327223077416775 0.6422727108001709 1.9225010871887207 1.2938613891601562 -0.5906582474708559 0.10499676316976547 
bicycle -9.755828857421761 -8.735286712646541 -2.346598863601683 0.5033271312713623 1.5419460535049438 0.9851764440536499 -0.608667969703675 0.10482825338840485 
bicycle 7.292194366455135 -20.819404602050895 -2.489108562469493 0.42179083824157715 1.4721522331237793 1.0089993476867676 -1.6059411764144895 0.1047510951757431 
bicycle 17.79762268066412 -17.775524139404354 -1.2462563514709544 0.6668888330459595 1.9509226083755493 1.271392822265625 1.6159995237933555 0.10278596729040146 
pedestrian 15.272430419921932 9.87815856933588 -0.2019916772842496 0.7037832736968994 0.8201540112495422 1.8539525270462036 2.882850948964254 0.7883890867233276 
pedestrian 15.381958007812557 10.42388916015625 -0.24979928135872065 0.6345739364624023 0.7087704539299011 1.7533671855926514 2.8804207483874724 0.7763514518737793 
movable_object 6.845436096191463 -6.921478271484489 -1.364407062530523 0.4326774477958679 0.43514809012413025 1.3221442699432373 2.625341717396872 0.7624852657318115 
movable_object 5.663463592529354 -8.771762847900447 -2.019179582595827 0.5039705634117126 1.191158652305603 0.3761357367038727 -1.6332397460937498 0.5891112089157104 
movable_object 13.514503479003963 20.298614501953125 0.1666384935378975 0.366390585899353 0.3659372329711914 0.7356740832328796 -2.8200101852416988 0.5605119466781616 
movable_object 6.1926994323730185 -8.685981750488281 -1.968068838119514 0.4520029127597809 0.744787871837616 0.4947736859321594 -2.480333805084228 0.43873631954193115 
pedestrian 14.973693847656335 9.426959991455021 -0.2562199234962481 0.726888120174408 0.8632298707962036 1.8849459886550903 2.8366120497332976 0.3439157009124756 
movable_object -11.595985412597571 41.148651123046875 1.3657550811767596 0.46539872884750366 0.46941182017326355 1.2356817722320557 0.3201645612716667 0.2507491707801819 
movable_object -7.366142272949162 42.74451446533203 1.219448447227478 0.4835986793041229 0.4961525499820709 0.9758639335632324 -2.8362722396850586 0.24937334656715393 
movable_object 6.087486267089844 -9.206073760986328 -1.9807432889938354 0.4397960305213928 0.618128776550293 0.5125810503959656 -2.324097156524658 0.2331736981868744 
movable_object -12.1519775390624 44.68149566650388 1.507016062736506 0.518147885799408 0.5253691673278809 1.3317493200302124 -0.665070533752442 0.21670812368392944 
pedestrian 15.461288452148466 10.897186279296818 -0.3811556696891838 0.5006745457649231 0.5411683320999146 1.3650389909744263 2.790940825139181 0.21133339405059814 
movable_object -11.631965637206989 41.672508239746065 1.4926147460937447 0.5120363831520081 0.5161174535751343 1.328904151916504 -0.14469444751739555 0.18075814843177795 
movable_object 6.372383117675895 -8.261272430419922 -1.7420320510864276 0.4296453595161438 0.5834247469902039 0.6523996591567993 2.2888925711261194 0.17982646822929382 
pedestrian 15.75734710693365 9.385101318359318 -0.24910277128219427 0.7291972637176514 0.8657745718955994 1.8551006317138672 2.8321793715106414 0.14577047526836395 
movable_object 3.831352233886804 -9.810840606689453 -1.7765076160430926 0.38206616044044495 0.3895740807056427 0.9954777359962463 -1.2342988252639773 0.14496023952960968 
pedestrian -11.833229064941335 34.512535095214844 1.5535725355148315 0.6048297882080078 0.6061971187591553 1.6917459964752197 -0.29903459548950245 0.12942221760749817 
pedestrian 14.925460815429744 10.40598297119135 -0.29174542427063876 0.6892281770706177 0.8127657175064087 1.729151964187622 2.7277866045581263 0.1288689374923706 
movable_object -10.987644195556527 3.0951385498046307 -0.8430057168006897 0.4250616729259491 0.4397939145565033 1.251841425895691 -0.5471576452255252 0.12397301197052002 
pedestrian -12.972919464111314 33.99505615234369 1.2542592287063528 0.5229454040527344 0.49276456236839294 1.5227837562561035 0.38533389568328785 0.12157507985830307 
pedestrian 45.14436340332037 -13.964736938476562 0.5862659215927124 0.6740016937255859 0.650929868221283 1.8528622388839722 2.9549239317523406 0.11972834914922714 
movable_object 14.218635559082145 12.514312744140625 -0.5792207717895526 0.3314136266708374 0.34148281812667847 0.7195805311203003 2.6725686232196253 0.1184764951467514 
movable_object -12.154968261718636 -18.86952209472662 -3.0027544498443586 0.39758753776550293 0.3882061243057251 0.8630895614624023 0.13899409770965523 0.11411690711975098 
movable_object 6.786235809326257 -7.306282043457031 -1.4113088846206665 0.48581820726394653 0.5098899602890015 1.2056528329849243 2.6326988379107874 0.11387113481760025 
movable_object 35.89064025878909 -36.952987670898494 -0.8620339632034391 0.36892518401145935 0.3631064295768738 1.2892100811004639 2.9928558508502405 0.11212413012981415 
pedestrian -13.436042785644432 34.50194549560541 1.522596120834347 0.603080153465271 0.5612142086029053 1.7280945777893066 -0.1928368806838996 0.11000604927539825 
movable_object -9.816776275634638 30.45738220214838 0.35283774137496593 0.3778042793273926 0.397038072347641 0.7693516612052917 -0.24805200099945132 0.10919088870286942 
movable_object -7.409980773925753 -21.98600387573248 -2.6690227985382133 0.44158807396888733 0.4241834878921509 1.198466181755066 0.05905842781066828 0.1024266928434372 
movable_object -13.025997161865149 -50.60636901855469 -4.397768497467045 0.34807088971138 0.350988507270813 1.0263311862945557 1.154357552528381 0.10063278675079346 
73ccc9c10a3547849b8ff130d50bac98