car 0.7407417297363281 -5.714248657226619 -1.2084583044052177 2.0424938201904297 4.870580673217773 1.7883689403533936 1.6251824537860313 0.8880449533462524 
car -14.172462463378906 -32.10131072998047 -3.3450703620910627 1.9157919883728027 4.209580421447754 1.5900360345840454 1.3976346254348753 0.6686819195747375 
car -11.755554199218722 18.809089660644474 0.3120885193347913 1.927484154701233 4.532471179962158 1.7751681804656982 -0.3312968015670776 0.6574549674987793 
car 23.069900512695284 12.2938613891601 0.03162088245153427 1.8691606521606445 4.437306880950928 1.6299744844436646 -0.16019833087921137 0.5101725459098816 
car -11.825370788574162 -51.83086013793945 -4.243278026580807 1.9069435596466064 4.42281436920166 1.6559360027313232 2.9052210489856156 0.4960635304450989 
car 8.84795761108407 18.708503723144474 0.5477864742279088 2.182736396789551 5.280717372894287 2.006793737411499 2.919784847890035 0.432142049074173 
car -2.1047172546387287 -45.2931365966798 -3.7670497894287127 1.937403917312622 4.527339935302734 1.6920535564422607 1.5551601648330686 0.33062878251075745 
car -17.094413757324176 23.727973937988224 0.6464346051216108 1.9984608888626099 4.738358974456787 1.7355129718780518 2.9110720793353475 0.22966624796390533 
car 23.09178161621091 15.338264465331918 0.4766864478588033 1.977898359298706 4.64141845703125 1.820814847946167 2.960832897816793 0.20795966684818268 
car -15.343254089355412 -50.6540260314942 -4.069300174713131 1.941023349761963 4.544846057891846 1.6898154020309448 -1.71634864807129 0.11226266622543335 
car -6.948440551757784 44.65904998779291 1.7828451395034808 1.9184277057647705 4.458333969116211 1.7116358280181885 -1.4829114675521857 0.10950443148612976 
car 9.290069580078097 -27.267211914062557 -2.3898837566375715 1.9272202253341675 4.597771167755127 1.652979850769043 -1.7486596107482917 0.10483557730913162 
car -0.3950805664062784 -45.30352783203131 -3.6775035858154332 1.9933220148086548 4.694653034210205 1.7282354831695557 2.003148857747213 0.10215942561626434 
car 19.530303955078125 12.83061218261713 0.116685211658476 1.8425872325897217 4.365462303161621 1.6301287412643433 2.8139837423907674 0.10162977129220963 
car -3.4049797058105185 0.7825736999511719 -0.6053057909011805 2.6269500255584717 8.466806411743164 2.9477274417877197 1.6796248594867151 0.7631791830062866 
car 4.968425750732365 -11.281013488769588 -1.3091822862625122 2.6363797187805176 4.523446559906006 2.3305373191833496 -1.6118029356002814 0.6197768449783325 
car 9.171863555908317 18.51720428466797 0.4748791456222552 2.0410890579223633 5.742240905761719 1.966604471206665 2.9317706266986288 0.4517200291156769 
car -12.300666809082088 35.03936767578122 1.9505360126495326 1.4802911281585693 2.4616801738739014 2.1440610885620117 -1.9183970689773568 0.17950314283370972 
car -12.280418395996065 18.845100402832003 0.33248472213745117 2.0357210636138916 5.503762245178223 2.0129141807556152 -0.2971364259719852 0.12749971449375153 
car -17.097526550292983 23.73551940917966 0.563794732093811 2.160649299621582 5.464657783508301 1.9962666034698486 2.9212454001056107 0.12528125941753387 
car 22.501426696777315 15.374908447265568 0.4049709737300855 2.1271777153015137 5.466217041015625 1.94129478931427 2.9784546534167684 0.12038471549749374 
car -3.418952941894503 0.7334785461425781 -0.8176723718643117 2.8378961086273193 8.53677749633789 3.370117425918579 1.6827276388751429 0.19050566852092743 
movable_object 16.574974060058565 10.96396636962885 -0.5223367214202899 2.540102481842041 0.5877333879470825 0.9348329305648804 1.5795601050006312 0.586056649684906 
movable_object 19.45379638671878 10.643424987792912 -0.5465412139892578 2.9807991981506348 0.5583691596984863 0.8980370163917542 1.407519698143005 0.5298927426338196 
movable_object 21.896202087402287 10.387580871581974 -0.48760032653808594 2.9483985900878906 0.5800095200538635 0.9128245115280151 1.3964389562606814 0.5283846855163574 
movable_object 26.613525390625057 9.18250656127924 -0.4907930493354762 2.6082122325897217 0.6305895447731018 0.9561067223548889 1.3977335691452022 0.3575858771800995 
movable_object 28.357154846191463 8.797977447509766 -0.42652988433837535 2.845752000808716 0.6394401788711548 0.9302883148193359 1.5367640256881714 0.29667171835899353 
movable_object 24.263977050781307 9.848571777343693 -0.46523749828338623 2.2274084091186523 0.5733341574668884 1.0186349153518677 1.3860448598861692 0.2824074327945709 
movable_object -12.445465087890582 43.424087524414006 1.295283436775204 3.0907411575317383 0.49673351645469666 0.9053769707679749 0.09408617019653334 0.11717090010643005 
movable_object -12.889423370361342 30.95878601074213 0.932089686393736 2.259127378463745 0.41775211691856384 1.0260307788848877 -0.010445475578308229 0.1157359927892685 
bicycle -11.570701599121023 41.72487640380854 1.7208793163299578 0.6347978115081787 1.7449307441711426 1.2318929433822632 1.4934312105178833 0.24472032487392426 
bicycle -7.399703979492202 42.88475799560538 0.9154004454612679 0.6300594806671143 1.7734743356704712 1.1126774549484253 -1.5016599893569953 0.20963703095912933 
bicycle 3.410572052001953 -12.824058532714844 -1.1011021137237442 0.4132646918296814 1.5759222507476807 1.0126537084579468 -1.517995357513428 0.18433383107185364 
bicycle 12.920883178710909 10.040954589843693 -0.49649658799171803 0.5773940086364746 1.6605956554412842 1.118454933166504 0.9402278661727904 0.15745285153388977 
bicycle 17.00602722167966 -18.20421218872076 -1.3122320175170916 0.7903319001197815 2.398622512817383 1.3654446601867676 -3.121442317962648 0.1329791247844696 
bicycle 17.773880004882784 -17.789432525634766 -1.2611311674118006 0.6958879232406616 1.978036642074585 1.2921476364135742 1.8821714560138147 0.1099729835987091 
bicycle -9.302665710449276 -8.720592498779354 -2.260712623596195 0.4153064787387848 1.3384203910827637 0.9703406691551208 -1.2816720008850104 0.10218790173530579 
movable_object 6.851470947265653 -6.93572998046875 -1.3455126285552979 0.42677366733551025 0.4359474182128906 1.337971568107605 2.4175556341754354 0.7587869763374329 
movable_object 5.666538238525391 -8.796630859375 -2.0311450958251953 0.47838127613067627 1.0374524593353271 0.3995038866996765 -1.608561038970948 0.524502158164978 
movable_object 6.145694732666016 -8.725311279296932 -1.9704769849777222 0.45572176575660706 0.7058365345001221 0.5188771486282349 -2.447214126586915 0.26761293411254883 
movable_object 6.074428558349581 -9.24953460693365 -2.006180047988888 0.42702433466911316 0.5880831480026245 0.5295542478561401 -2.2414660453796396 0.1911146342754364 
movable_object -11.58215713500968 41.8170623779296 1.7576100826263463 0.5607986450195312 0.5860679149627686 1.526136875152588 1.5101224184036253 0.16470709443092346 
pedestrian 12.688835144043026 9.811805725097656 -0.5340311527252162 0.5097057819366455 0.5379403829574585 1.3268649578094482 1.8377974669085901 0.1570712774991989 
movable_object 5.378784179687528 -8.758453369140682 -1.9556702375412058 0.4482196867465973 0.7779091596603394 0.4365062117576599 -1.515356302261353 0.15437288582324982 
movable_object -12.247558593749886 44.69651031494135 1.5056200027465856 0.5257313847541809 0.5341087579727173 1.3048559427261353 -0.9012892842292789 0.1484125554561615 
movable_object -11.65947341918941 38.12850189208976 1.2965916395187325 0.4228924810886383 0.4170471429824829 1.275368571281433 0.07252585887908944 0.13908888399600983 
pedestrian 13.020263671875085 10.526336669921818 -0.5238892436027527 0.4942198693752289 0.5337687730789185 1.1645922660827637 2.0581210295306605 0.13874776661396027 
movable_object 6.358791351318359 -8.177947998046932 -1.7154719829559326 0.42011570930480957 0.5438508987426758 0.7140567302703857 2.146336380635397 0.13218270242214203 
movable_object -12.157657623291044 -18.839359283447266 -2.8738219738006627 0.40286868810653687 0.392286479473114 0.8480569124221802 0.007230401039123409 0.12660475075244904 
movable_object -7.385215759277358 42.78306579589838 1.2244237661361659 0.5078840255737305 0.5228980779647827 1.1178841590881348 2.7586372534381307 0.12424258142709732 
pedestrian 13.341865539550753 10.49102783203125 -0.46344447135925293 0.5459614992141724 0.6024032235145569 1.3623361587524414 2.020346466694967 0.12355510890483856 
pedestrian 1.3628959655761577 37.33798217773432 1.9730517864227295 0.5666609406471252 0.5851452946662903 1.5907633304595947 -1.5886654853820807 0.11982297897338867 
movable_object -11.336704254150405 42.112617492675696 1.802054762840271 0.5477129220962524 0.5765535831451416 1.5146262645721436 1.0579007863998413 0.11737115681171417 
movable_object -10.99324417114255 3.097003936767578 -0.8619002103805542 0.43388792872428894 0.44507357478141785 1.2811741828918457 -0.5309408903121948 0.1170399934053421 
movable_object 6.790599822998047 -7.291122436523494 -1.3688786029815674 0.4759942889213562 0.5046004056930542 1.2503963708877563 2.5156272093402308 0.11659489572048187 
pedestrian -11.79880142211914 34.47315979003898 1.498233914375307 0.5951731204986572 0.6014764308929443 1.6630698442459106 -0.20098507404327412 0.1098555251955986 
movable_object 3.810672760009794 -9.823612213134766 -1.8033714294433558 0.3704303503036499 0.37835821509361267 0.9879494309425354 -1.2031027078628544 0.10348059237003326 
