car 9.164775848388672 -19.562122344970504 -1.7637341022491446 1.808777928352356 4.237911224365234 1.6002287864685059 -1.6562451124191255 0.7278214693069458 
car 3.3590164184569176 40.387153625488565 0.40190351009369474 1.8849397897720337 4.5651068687438965 1.7021510601043701 1.5029555559158325 0.46238061785697937 
car -2.196701049804801 38.11024475097656 0.5531529188156141 2.0724005699157715 5.144275188446045 2.1476025581359863 1.6013439337359827 0.33962371945381165 
car -2.609523773193416 -24.203237533569308 -1.6255033016204838 1.8647584915161133 4.437619209289551 1.6089677810668945 1.8240459601031702 0.2181585729122162 
car 27.853492736816293 51.3638229370119 1.4240612983703649 2.022395372390747 4.786025524139404 1.82595694065094 -1.9207859039306618 0.20209310948848724 
car 15.262405395507812 -40.06831741333002 -2.324726581573486 1.858315348625183 4.350670337677002 1.6606087684631348 -3.1392226219177237 0.19493262469768524 
car -6.322578430175668 -38.14052200317386 -2.2635514736175524 1.8573070764541626 4.323265075683594 1.5898016691207886 1.5618146657943726 0.19399596750736237 
car 15.905548095703125 -35.60020828247059 -2.342277526855468 1.9052734375 4.427787780761719 1.6323491334915161 2.840360943471091 0.1907399296760559 
car 6.927940368652287 48.911437988281165 1.0743551254272443 1.9860055446624756 4.75514030456543 1.8392047882080078 1.5615588426589968 0.17403338849544525 
car -6.311428070068416 35.70086669921892 0.011589029803877882 1.8525886535644531 4.372539043426514 1.604313611984253 -0.9747749567031835 0.15961626172065735 
car 14.762100219726562 -36.86948394775388 -2.270383834838868 1.944767713546753 4.656699180603027 1.6950161457061768 1.9191468397723601 0.15906767547130585 
car 9.247039794921818 -31.416584014892265 -2.3245768547058043 1.997633934020996 4.742161750793457 1.733616590499878 1.4900025129318244 0.15439170598983765 
car 7.569610595703182 -52.55099487304682 -0.86431765556335 1.951951026916504 4.536158084869385 1.7458970546722412 1.509623408317566 0.15147030353546143 
car 38.09177398681629 52.51097106933618 0.5105897784233133 1.9645426273345947 4.611177444458008 1.699445128440857 0.10886335372924975 0.14446716010570526 
car -8.762580871582031 -18.833148956298658 -1.4027016162872252 1.9595084190368652 4.705187797546387 1.7400295734405518 -1.5420453548431372 0.13761162757873535 
car 8.0116348266601 -29.70578956603987 -2.304567813873284 1.940090537071228 4.51248836517334 1.6528061628341675 0.7770849466323863 0.1313333660364151 
car 43.431915283202954 42.87869262695328 1.835250854492195 1.9567022323608398 4.568669319152832 1.7821528911590576 1.2834199666976929 0.12556114792823792 
car -44.05293273925781 -26.699567794799663 1.5343748331070017 1.9292453527450562 4.45847225189209 1.6679415702819824 1.230140566825867 0.12524724006652832 
car 6.393733978271371 45.8620986938476 0.8498703241348267 1.9113856554031372 4.625017166137695 1.725121021270752 1.4634541273117068 0.12482950091362 
car 41.713775634765625 -3.9893264770506676 -0.5973567962646471 1.9645308256149292 4.622440338134766 1.7452250719070435 1.2686716318130495 0.12321203947067261 
car 11.686676025390682 -44.712070465087834 -1.1042108535766562 2.323939800262451 5.624956130981445 2.3388710021972656 -1.6084573268890352 0.12242364883422852 
car -38.68922424316406 -11.733520507812358 -0.19141641259192843 1.9467151165008545 4.496823310852051 1.6927452087402344 -1.2037582397460913 0.12208491563796997 
car 29.69158935546875 -0.2184333801269247 -0.9065251946449231 1.8647940158843994 4.271456718444824 1.5791380405426025 2.9035051504718234 0.11966073513031006 
car 21.28504943847645 42.83679962158229 0.22923412919045516 1.9932606220245361 4.494965553283691 1.750533938407898 2.5640218893634246 0.11187215894460678 
car 10.428146362304574 43.47645568847659 0.6258279085159346 1.9605729579925537 4.76578426361084 1.655722737312317 1.6407564322101043 0.11155775189399719 
car 50.017379760742074 28.554443359375256 0.6950949430465765 1.9814724922180176 4.612730503082275 1.7370327711105347 -2.486366271972655 0.10960598289966583 
car -5.090415954589844 -39.35712051391587 -2.2598960399627606 1.8676371574401855 4.362104415893555 1.6106053590774536 1.3803158998489382 0.10897254943847656 
car 15.300399780273438 -38.69586181640622 -2.2424025535583523 1.9838111400604248 4.645597457885742 1.7806740999221802 3.0999053160296848 0.1084970161318779 
car -7.458148956298828 34.564491271972685 0.01881840638816268 1.8855818510055542 4.433394432067871 1.625421404838562 -0.3208690881729107 0.10762742161750793 
car 46.023551940917855 31.47737884521493 0.5408747196197603 1.8555991649627686 4.351036071777344 1.5975258350372314 -2.367206096649168 0.10699999332427979 
car 50.041320800781136 35.71355438232442 0.8234310746192968 1.9154648780822754 4.514424800872803 1.6847360134124756 -2.4624669551849347 0.10488908737897873 
car 5.800350189208814 35.570732116699475 0.19922274351120794 1.9183216094970703 4.617935657501221 1.6798510551452637 1.6699717680560513 0.10125436633825302 
car -4.5116004943848225 15.336059570312699 0.3342358171939881 2.7815189361572266 9.92900562286377 3.1895294189453125 1.5796707312213345 0.8454129695892334 
car -2.1799774169922443 38.18251037597662 0.6935792565345791 2.085472345352173 5.1316680908203125 2.0978567600250244 1.6105530897723601 0.4690561592578888 
car 6.788776397704964 45.99255371093756 0.6643033623695382 1.9555602073669434 5.0154218673706055 1.943619728088379 1.5103420019149782 0.36181408166885376 
car 11.70263671875 -44.70788574218744 -0.9937438368797311 2.376331090927124 5.571468353271484 2.411764144897461 -1.6063443422317478 0.23153844475746155 
car 3.34072113037098 39.96773529052754 0.479843050241471 1.7664250135421753 4.074002742767334 1.990108609199524 1.5137041807174678 0.16870588064193726 
car 6.925342559814339 49.4562072753906 1.2669419050216701 2.231410026550293 5.642911911010742 2.3664631843566895 1.5548046827316282 0.15807737410068512 
car 42.936889648437386 42.24669647216808 2.016396284103399 2.4516854286193848 5.055543422698975 2.7489805221557617 1.1820338964462285 0.15180660784244537 
car -41.7158317565918 -11.570556640624886 0.5878813266754199 2.890779495239258 6.5665059089660645 3.2014658451080322 2.957834545766013 0.13416123390197754 
car 43.503631591796875 -5.762046813964673 -0.4550667107105215 2.4197239875793457 6.061734676361084 2.7246508598327637 1.5976741949664521 0.12625476717948914 
car 48.88409423828131 -41.1066055297849 -1.1549067497253365 2.785593032836914 8.872381210327148 3.8016629219055176 -0.8554638028144812 0.11451897025108337 
car 53.043739318847656 -9.334770202636463 1.7551581859588685 3.651294708251953 9.94833755493164 4.086414813995361 0.04041850566864161 0.1142587810754776 
car 15.293495178222656 -40.41687393188457 -2.1585364341735764 2.3108479976654053 5.599416732788086 2.0163092613220215 -0.6629568934440591 0.10839919000864029 
car 15.240180969238281 -38.0513572692868 -2.280647277832025 2.5442028045654297 6.164546012878418 2.2042617797851562 -1.073292970657346 0.10623978078365326 
car 27.871620178222543 51.33766174316412 1.6264941692352308 2.3261265754699707 5.137324810028076 2.4453868865966797 -1.5399340391159033 0.10586480051279068 
car 10.421127319335824 43.55926513671895 0.7164517641067549 2.2455101013183594 5.886852741241455 2.175734519958496 1.5555192232131956 0.10578255355358124 
car -2.1816825866699787 41.099067687988196 0.7701641917228685 2.7715604305267334 10.648282051086426 3.200481653213501 1.5841854254352017 0.20828881859779358 
car 51.33566284179682 -43.50859069824199 -0.8359030485153065 2.972116708755493 12.560218811035156 3.8394274711608887 -0.7542451024055457 0.1813737452030182 
car 11.65855407714838 -47.74238204956043 -1.232880830764766 2.768319845199585 11.198545455932617 2.942422389984131 -1.5849355459213232 0.162833571434021 
car -8.765079498290959 -15.307273864746037 -0.14202022552489968 2.88889217376709 14.097362518310547 3.662342071533203 -1.6014757156372044 0.15227976441383362 
car 33.283020019531136 52.56693267822274 1.3167966604232797 3.0949015617370605 13.088603019714355 3.3248326778411865 -3.0657849311828604 0.12169338017702103 
car 6.852840423583871 46.47957611083996 1.2730947732925455 1.9837793111801147 3.246212959289551 2.4629898071289062 1.6026967207538054 0.11915940046310425 
car 44.13288116455067 45.25939178466804 2.033223152160647 2.706430196762085 10.21652603149414 3.691188335418701 -1.9274446964263894 0.10889702290296555 
car -14.12096023559576 -8.734188079833928 0.5638747811317502 2.922226905822754 15.354729652404785 4.018533229827881 -3.128645658493041 0.10269162058830261 
car 53.912055969238224 -10.488468170165945 2.2701108455657995 2.8761961460113525 11.296380996704102 3.785651683807373 -0.18014299869537162 0.10139468312263489 
movable_object 8.154186248779183 11.548667907714986 -1.0181870460510176 2.0856919288635254 0.6322466135025024 1.059583306312561 -3.102041244506835 0.7786543369293213 
movable_object 7.02254486083973 13.482666015625227 -0.922906756401056 1.9976696968078613 0.6825798749923706 1.1185543537139893 3.1234644095050266 0.7487970590591431 
movable_object 6.998695373535156 11.571037292480497 -0.9585018754005403 2.11533522605896 0.6467139720916748 1.1121755838394165 3.127001110707419 0.7319341897964478 
movable_object 6.157234191894531 -9.368259429931612 -1.522921085357666 2.2219057083129883 0.6564428210258484 1.0148941278457642 3.1093538443194797 0.6977559328079224 
movable_object 7.4136962890625 19.447700500488196 -0.6622248291969288 1.952802062034607 0.7335991859436035 1.1859647035598755 3.0778053442584445 0.6371203660964966 
movable_object 7.06081390380848 15.34711456298848 -0.8615338802337578 1.8984673023223877 0.6661714315414429 1.1287508010864258 3.1309545675860813 0.6310850977897644 
movable_object 7.140365600585881 17.150772094726648 -0.7542265653610176 1.9000592231750488 0.6819618940353394 1.1521276235580444 3.06328565279116 0.6276646852493286 
movable_object 7.594062805175724 23.131851196289233 -0.5905213356018078 1.870105504989624 0.7013856768608093 1.140207290649414 3.057312790547507 0.6067432761192322 
movable_object 8.56398773193348 18.18280029296895 -0.6756349205970753 2.036071538925171 0.6398488879203796 1.0735868215560913 3.136509958897727 0.5885322690010071 
movable_object 7.507373809814339 21.34443664550804 -0.637633681297302 1.9819796085357666 0.7053784728050232 1.1807770729064941 3.0811165014850075 0.5848193168640137 
movable_object 7.915370941162109 27.29174804687497 -0.4893805980682404 1.9929572343826294 0.6529036164283752 1.1228067874908447 3.0795601050006325 0.5474271178245544 
movable_object 7.7308921813964275 25.45672607421895 -0.5322707891464191 1.9054608345031738 0.6475299596786499 1.1072033643722534 3.0945435206042697 0.5419621467590332 
movable_object 8.160358428954964 33.25355529785156 -0.21267768740653925 2.1007659435272217 0.6301832795143127 1.1445517539978027 -3.1396350860595694 0.5397509932518005 
movable_object 7.999042510986214 29.704917907714986 -0.3577973842620814 2.234830141067505 0.5811310410499573 1.040858507156372 3.1174364725696018 0.5118545889854431 
movable_object 8.07579421997059 31.48918914794936 -0.2394498288631386 2.1589295864105225 0.5790984630584717 1.0358003377914429 3.0681241194354465 0.48763084411621094 
movable_object 9.212543487548771 35.086395263671875 -0.07798805832862699 2.1335296630859375 0.5860859155654907 1.1122251749038696 3.0231061617480686 0.48547428846359253 
movable_object 7.881332397460881 24.33972930908203 -0.5669149756431595 2.060272455215454 0.7423830628395081 1.127326488494873 3.0556066671954563 0.38506922125816345 
movable_object 7.444545745849609 11.626213073730526 -1.0057234764099128 2.063295364379883 0.6970806121826172 1.1338996887207031 -3.1193640232086173 0.384581983089447 
movable_object 9.526218414306527 42.23017883300804 0.20195643603802216 2.0348241329193115 0.4990883469581604 1.0492362976074219 -3.0823025703430167 0.33686619997024536 
movable_object 8.68514251708973 33.8935470581055 -0.19128714501857758 2.036970615386963 0.6483771800994873 1.1223715543746948 3.039630715047019 0.33321690559387207 
movable_object 9.335006713867074 36.81867980957034 -0.03176033124327082 1.9845867156982422 0.5615924000740051 1.0577534437179565 3.098994318638938 0.3045659065246582 
movable_object 8.214641571044865 17.156951904296847 -0.7657915353775051 2.1080243587493896 0.6918672919273376 1.1081289052963257 3.0178406874286106 0.30078035593032837 
movable_object 6.760864257812443 -9.331398010253793 -1.5384938716888423 2.126262664794922 0.5936263799667358 0.9898965358734131 3.0342381636248996 0.28254491090774536 
movable_object 8.097465515136662 19.492240905761662 -0.6711036562919614 1.9715837240219116 0.7580880522727966 1.178114414215088 -3.138741731643676 0.27516815066337585 
movable_object 15.357734680175838 -39.42689514160142 -1.8701555728912287 1.911121129989624 0.44440844655036926 0.9983728528022766 1.5526121854782104 0.26953548192977905 
movable_object 9.69423675537098 45.88910675048834 0.31023848056793524 2.0597314834594727 0.536650538444519 1.0292624235153198 3.1232371965991432 0.251424103975296 
movable_object 8.206073760986328 35.00540161132815 -0.13978455960750535 2.1089210510253906 0.5963867902755737 1.0736680030822754 3.0523546377765114 0.24704691767692566 
movable_object 7.768104553222543 28.46177673339855 -0.42878228425979437 2.135812520980835 0.5945481657981873 1.0789434909820557 3.1041224638568337 0.23946434259414673 
movable_object 17.849159240722543 31.315704345703296 -0.6281521916389441 2.328286647796631 0.5563775897026062 1.0858442783355713 -1.5266460180282564 0.22714288532733917 
movable_object 9.487247467040959 44.02589416503915 0.2818412184715242 2.025195837020874 0.500301718711853 1.0289897918701172 3.081059757863181 0.21528136730194092 
movable_object 17.69016265869135 5.578224182129105 -1.2892088890075641 2.4099392890930176 0.4336096942424774 1.0291225910186768 3.009663407002585 0.20689624547958374 
movable_object 8.870124816894418 35.57907104492213 -0.09977561235427479 2.1036715507507324 0.6073405742645264 1.0859218835830688 3.011137310658591 0.19804231822490692 
movable_object 17.535125732421818 3.902236938476733 -1.3435523509979197 2.337437152862549 0.4590352177619934 1.027300238609314 3.0670750776873996 0.1919444352388382 
movable_object 7.963146209716797 20.700416564941378 -0.6362751126289385 1.9383281469345093 0.7676771283149719 1.1793397665023804 3.105408970509665 0.19062848389148712 
movable_object 8.564476013183594 19.986511230468665 -0.611765623092656 2.064915657043457 0.7116694450378418 1.1435456275939941 3.1199210325824196 0.18673060834407806 
movable_object 9.783596038818303 40.55256652832031 0.12853081524372678 2.05039119720459 0.5577170252799988 1.05045485496521 -3.1017885208129874 0.18625080585479736 
movable_object 9.127197265624943 33.43302917480463 -0.16314855217933588 2.185293197631836 0.6384893655776978 1.0987818241119385 3.054348770772116 0.17861142754554749 
movable_object 8.195446014404297 -50.58120727539034 -1.205927371978754 2.265475273132324 0.5078774690628052 1.1320562362670898 1.574931923543112 0.1715204119682312 
movable_object -8.071846008300781 -18.12266921997056 -1.0300143957138026 2.893761157989502 0.41588765382766724 0.983144223690033 0.12383222579956228 0.17123381793498993 
movable_object 3.279026031494027 38.3114471435548 0.22553302347660464 1.604172706604004 0.545647382736206 1.1218112707138062 -1.443035960197446 0.1627882421016693 
movable_object 7.711132049560433 33.32669067382818 -0.22470422089100017 2.055290699005127 0.6063079237937927 1.1192593574523926 -3.117966175079345 0.1445905715227127 
movable_object 20.221725463867074 36.2342987060548 -0.21721029281615611 2.145829677581787 0.4329729676246643 1.0794140100479126 -2.058312416076658 0.13983026146888733 
movable_object 19.440444946289006 32.0544433593752 -0.6588366627693159 2.079425811767578 0.4834313988685608 1.061568021774292 -1.0543990135192844 0.13848482072353363 
movable_object 9.655963897705021 36.34715270996094 -0.06647992134094349 2.061537027359009 0.5874278545379639 1.0619399547576904 -3.140209913253783 0.13825762271881104 
movable_object 8.86716461181635 36.88311004638686 -0.06776446104049261 2.030343532562256 0.5571433305740356 1.0559076070785522 3.1331356207477024 0.13724248111248016 
movable_object 6.831794738769474 -50.77273178100555 -1.177173733711236 2.079375743865967 0.4409841001033783 1.105102777481079 1.8008506933795376 0.13193492591381073 
movable_object 8.47946929931635 32.159446716308594 -0.23573011159896895 2.2389447689056396 0.6697875261306763 1.0852710008621216 3.050279442464011 0.1294417381286621 
movable_object 40.50347137451166 -4.535598754882642 -0.856683135032644 2.067312479019165 0.4988440275192261 1.079577922821045 2.3867290655719207 0.12758156657218933 
movable_object -2.1055831909180256 35.82133483886719 0.9033259749412546 1.9753601551055908 0.4338932931423187 1.1015779972076416 -1.5571038722991917 0.1264781504869461 
movable_object 17.121932983398267 34.4997634887697 -0.05434833467006195 2.2353084087371826 0.5317449569702148 1.0617680549621582 -2.983413696289061 0.12296784669160843 
movable_object 10.627090454101562 -46.42998886108387 -1.081013202667231 2.2472665309906006 0.5040771961212158 1.063051462173462 3.0870721975909645 0.12216899544000626 
movable_object 9.416946411132699 47.015708923339986 0.33368027210235973 2.09995698928833 0.5150251388549805 0.9914247393608093 -2.971766710281371 0.12186175584793091 
movable_object 9.844310760498104 -50.67001342773426 -1.1515715122222852 2.0065793991088867 0.5003596544265747 1.0648165941238403 -2.908307552337645 0.121796615421772 
movable_object 11.770317077636719 -42.286682128905994 -1.0200455188751132 2.3121514320373535 0.48246875405311584 1.1291346549987793 1.5569220781326292 0.11730989068746567 
movable_object -31.516647338867188 -24.14862823486314 0.053710248321302334 2.2042224407196045 0.5219898223876953 1.0196664333343506 1.5557764768600466 0.11712142825126648 
movable_object 3.8332366943359943 -36.90522003173811 -2.2045605182647665 2.196735143661499 0.5233640670776367 1.0672742128372192 2.809838596974509 0.11641237139701843 
movable_object -5.083568572998104 -24.99615859985323 -1.502611875534054 2.051298141479492 0.4795447885990143 0.9998658299446106 1.3188790082931519 0.11501260846853256 
movable_object 19.40547943115223 31.616546630859517 -0.7063252329826373 2.035632371902466 0.4576962888240814 1.0572651624679565 -1.3076436519622776 0.11183648556470871 
movable_object 18.91623687744135 32.62572479248061 -0.6223123669624289 2.3396878242492676 0.5062481760978699 1.05950129032135 -0.395306348800657 0.1115235686302185 
movable_object 18.330772399902287 32.68463897705078 -0.5981831550598151 2.4038338661193848 0.518144428730011 1.0269513130187988 -0.9202712178230259 0.11077091097831726 
movable_object -4.459110260009766 -23.605081558227454 -1.7966322898864706 2.866133213043213 0.5176271200180054 0.9260605573654175 0.44162499904632685 0.11017366498708725 
movable_object 13.984794616699219 -35.74404144287112 -2.6486301422119167 2.2503530979156494 0.49296873807907104 1.0064252614974976 -3.135013103485106 0.10894954204559326 
movable_object 17.61613464355463 34.45867919921892 -0.1209899932145988 2.3673908710479736 0.5322444438934326 1.0553001165390015 -2.8310141563415514 0.10335266590118408 
movable_object 20.7452774047851 37.47164154052763 -0.041897676885123136 2.241373062133789 0.49678748846054077 1.0688124895095825 2.8601329962359836 0.10299509763717651 
movable_object 16.543052673339787 32.615013122558565 -0.5195791721344003 2.1893723011016846 0.4950488805770874 1.046682596206665 2.9747124353991916 0.10219136625528336 
movable_object 38.014923095702954 51.757888793945625 0.3065368533134536 3.1135342121124268 0.5393702983856201 1.0026466846466064 -1.5052636861801123 0.10016264021396637 
bicycle 6.274139404296761 34.42807006835963 0.0598961710929915 0.9771818518638611 2.2699856758117676 1.8109391927719116 1.582694355641501 0.5057470798492432 
bicycle -3.3333969116210938 -22.43927574157692 -1.568081140518189 0.5718145966529846 1.7844797372817993 1.1256219148635864 0.9576817750930791 0.34651440382003784 
bicycle 15.25351715087885 -1.9629058837889772 -1.3402121067047095 0.6071710586547852 1.6332554817199707 1.2176952362060547 2.8456810156451633 0.2813129425048828 
bicycle 3.880573272705135 -36.88429260253892 -2.1058609485626194 0.7583820819854736 2.1032958030700684 1.5204989910125732 -1.963094949722288 0.2345592975616455 
bicycle -2.8645401000976562 -22.414556503295586 -1.5133481025695787 0.7436798214912415 2.031899929046631 1.2561665773391724 1.4494053125381472 0.2318221777677536 
bicycle 21.234741210937443 42.13134765625003 0.42032477259636014 0.8158897757530212 2.116617441177368 1.616614818572998 0.17789316177368303 0.22849668562412262 
bicycle 30.79636383056635 -11.637592315673714 -0.9553704857826171 0.6304010152816772 1.729946494102478 1.6523082256317139 -1.7812440395355198 0.19893628358840942 
bicycle 29.193351745605355 0.20806121826194612 -1.1114298105239802 0.7046675682067871 2.054330825805664 1.2820507287979126 0.743240952491761 0.18832369148731232 
bicycle 13.604011535644474 -9.27806091308588 -1.546751976013184 0.6883220672607422 1.6083958148956299 1.7387677431106567 -0.5209151506423928 0.17059636116027832 
bicycle -4.972122192382869 -24.994676589965763 -1.333992123603815 0.5319527983665466 1.5595479011535645 1.071434497833252 0.14405894279480114 0.16493219137191772 
bicycle 17.627189636230412 5.049396514892749 -1.15038669109344 0.5307226181030273 1.5589945316314697 1.1135791540145874 1.4292224645614624 0.16316035389900208 
bicycle -5.651081085205192 33.94671630859389 -0.5727070569992035 0.5779156684875488 1.6283273696899414 1.091602087020874 0.19248938560485995 0.15855950117111206 
bicycle -38.54841232299805 -10.494255065917713 -0.30495044589042264 0.7844027280807495 2.1238503456115723 1.5703003406524658 1.418473362922669 0.15627329051494598 
bicycle 8.167407989501953 -20.12675476074199 -1.8728307485580395 0.5323041677474976 1.6243720054626465 1.0877957344055176 -1.5591266155242893 0.13752420246601105 
bicycle 33.315368652343636 27.11091613769551 -0.244569629430766 0.8123552799224854 2.017673969268799 1.747999906539917 -0.21361660957336204 0.1347711682319641 
bicycle 13.995758056640682 -35.150009155273324 -2.395328998565671 0.6111858487129211 1.6235054731369019 1.3626073598861694 -1.7375178337097144 0.13468286395072937 
bicycle 3.268810272216797 38.24861145019534 0.45700451731681824 0.5573810935020447 1.6450388431549072 1.155760645866394 -0.11679244041442681 0.12623165547847748 
bicycle -8.61827468872076 -8.685573577880831 -0.22602030634879977 0.5526266098022461 1.6038432121276855 1.2082829475402832 -1.3788459300994844 0.1236620619893074 
bicycle -3.7362136840820312 -22.04191970825181 -1.5501153469085636 0.6823893785476685 1.8975706100463867 1.1805872917175293 1.0416480302810673 0.12290085852146149 
bicycle -21.80645751953125 -0.33545303344732247 -0.43012028932571145 0.6509769558906555 1.4606741666793823 1.622685432434082 -1.4825959205627415 0.11866538226604462 
bicycle -4.490291595459041 38.09993743896504 -0.47697243094443853 0.6438888311386108 1.8685613870620728 1.2967071533203125 -2.7620077133178698 0.11684782058000565 
bicycle 16.494667053222543 34.63842773437503 0.09176043421030178 0.6064298748970032 1.7338781356811523 1.2168679237365723 2.4962390104876917 0.11447391659021378 
bicycle 49.44541168212885 15.806686401367202 0.3071849644184157 0.7201284170150757 1.9720666408538818 1.3896853923797607 -2.2592196464538556 0.11068806052207947 
bicycle 6.925582885742017 46.63991546630871 1.2084331512451243 0.5278346538543701 1.6013737916946411 1.0686371326446533 -2.864586830139159 0.10883764922618866 
bicycle 6.267498016357365 32.881370544433736 0.11400029808283518 0.8504168391227722 2.093961238861084 1.7390532493591309 -1.6777198314666726 0.10746176540851593 
bicycle 4.577152252197266 -35.754821777343494 -1.67501258850097 0.7183789610862732 1.9582126140594482 1.4055694341659546 -1.2693315744399998 0.10737372934818268 
bicycle -5.713268280029354 -23.149480819702035 -1.65402460098266 0.6363431215286255 1.769487977027893 1.2077547311782837 -0.21546304225921434 0.10642911493778229 
bicycle 29.12163543701172 0.7741088867188068 -1.0875139236450204 0.7451378107070923 2.052027463912964 1.3194525241851807 0.45392048358917336 0.10422900319099426 
bicycle 20.708847045898438 36.14764404296892 0.013181373476985003 0.6077036261558533 1.714948058128357 1.203172206878662 -0.0022555589675887634 0.10369124263525009 
bicycle 6.177982330322266 -15.975837707519446 -1.3431119918823158 0.648991584777832 1.6835455894470215 1.1821788549423218 2.112596336995261 0.10210802406072617 
pedestrian -1.5510902404786293 -15.685249328613082 -1.2266947031021096 0.6683752536773682 0.6389985084533691 1.8258135318756104 0.43538367748260626 0.812928318977356 
pedestrian -3.8315162658691406 -13.67758941650385 -1.1230695247650129 0.7253838181495667 0.7174900770187378 1.886914610862732 -0.6482854485511754 0.7965627908706665 
pedestrian 13.6014022827149 -9.276271820068132 -1.4934332370758023 0.700648307800293 0.7959721088409424 1.7945414781570435 -0.3747502565383887 0.7227728366851807 
pedestrian -1.3297271728515057 -14.873485565185518 -1.131875276565549 0.7032220363616943 0.6902225017547607 1.8837038278579712 -0.8221161961555457 0.720813512802124 
pedestrian -1.8326835632324219 -13.586105346679545 -1.2069767713546766 0.6618797779083252 0.6584016680717468 1.7624467611312866 -0.9516900777816746 0.7191281914710999 
movable_object 6.94684982299799 9.504123687744283 -1.0860621929168632 0.3887484073638916 0.39746159315109253 0.7538195252418518 2.8307049910174777 0.642444372177124 
pedestrian -2.4751625061035725 16.918045043945455 -0.34041702747344393 0.6595406532287598 0.6695541739463806 1.7139050960540771 -3.0349464416503897 0.5440526604652405 
pedestrian -16.11786651611328 7.124263763427905 -0.09067285060882613 0.6110745072364807 0.6172757148742676 1.7518566846847534 -0.8654305338859531 0.5426397323608398 
pedestrian -21.77458190917963 -0.3409767150877201 -0.3897573053836827 0.6112664341926575 0.6216788291931152 1.7448744773864746 -1.4832943677902197 0.46397343277931213 
pedestrian -4.457965850830078 -12.36956405639637 -1.2085084915161126 0.5933085680007935 0.6153390407562256 1.6391032934188843 -0.3965338468551611 0.37381336092948914 
movable_object 6.9380760192870525 10.478912353515653 -0.9871362447738632 0.3670318126678467 0.3667202293872833 0.8230192065238953 -3.029873847961425 0.36924242973327637 
movable_object 5.880649566650334 -10.301860809325973 -1.6061743497848469 0.36398178339004517 0.3476769030094147 0.7859535217285156 -3.0582265853881827 0.35337570309638977 
pedestrian 30.838882446289062 -11.153343200683537 -0.9892411828041023 0.6382914781570435 0.6820005178451538 1.774492621421814 1.5133346319198608 0.35029876232147217 
movable_object 6.2972373962401775 -8.281555175781108 -1.5963759422302237 0.40015465021133423 0.38625264167785645 0.671140730381012 1.9964740912066863 0.3477914333343506 
pedestrian 36.86450958251953 -18.266719818115178 -1.0991754531860338 0.6462048888206482 0.6340692043304443 1.838032603263855 2.6869686285602024 0.3470931947231293 
pedestrian 34.61613464355469 -31.644462585449162 -1.5840321779251059 0.6673252582550049 0.6964491605758667 1.8228665590286255 1.168530344963074 0.3115713596343994 
movable_object 6.322017669677621 -8.525993347167798 -1.572530508041379 0.37819674611091614 0.3984764814376831 0.6898539662361145 2.0301354567157195 0.2902318835258484 
pedestrian -28.710535049438533 -0.9982566833494388 -0.12174457311629894 0.6349085569381714 0.6261518001556396 1.770455241203308 0.6626754999160774 0.27796271443367004 
pedestrian 20.68588256835926 42.20802307128929 0.32977053523064503 0.6826868653297424 0.7370288372039795 1.7991799116134644 -3.124511718749999 0.27607715129852295 
pedestrian -3.328365325927791 16.463493347168054 -0.35309147834777543 0.5291900038719177 0.536878228187561 1.5857505798339844 1.9727414290057588 0.2747064232826233 
pedestrian 25.292968749999943 32.127151489257926 -0.6679993271827644 0.605749785900116 0.6277467012405396 1.6377602815628052 -0.38767945766448725 0.26019561290740967 
movable_object 7.279491424560547 9.362560272216882 -1.098425745964051 0.4304713010787964 0.4525693356990814 0.7193502187728882 -2.9497334957122794 0.2583867013454437 
movable_object 6.722637176513672 -8.494110107421676 -1.5703740119934042 0.3726886510848999 0.3620169758796692 0.7334177494049072 0.2876080274581924 0.23732660710811615 
pedestrian 21.747497558593636 42.09172821044936 0.2835563123226248 0.6807690858840942 0.7256270051002502 1.7752938270568848 -0.07656264305114557 0.23559507727622986 
movable_object 7.326194763183594 9.837268829345675 -1.0638023614883394 0.4293992817401886 0.4217342734336853 0.7294584512710571 -2.332553863525389 0.22970353066921234 
movable_object -5.598316192627067 33.940811157226705 -0.3666764199733692 0.39799702167510986 0.39938804507255554 1.0597587823867798 0.025077939033510046 0.22441652417182922 
movable_object 8.018432617187443 34.0237579345704 -0.13155700266361214 0.4051961600780487 0.4058060646057129 1.0777010917663574 2.4725669066058567 0.22198641300201416 
movable_object 14.742172241210938 -1.6962318420408735 -1.5244916677474944 0.3907683789730072 0.39247259497642517 1.0384399890899658 3.0680673758136203 0.21150963008403778 
movable_object 8.064575195312386 10.544273376465071 -1.0668563842773393 0.36884307861328125 0.3642728328704834 0.8043016195297241 -1.079570770263669 0.20708078145980835 
pedestrian 20.591194152831918 38.0296630859377 0.03210673481226678 0.6923497915267944 0.7309878468513489 1.760495662689209 -1.026411294937131 0.2064763903617859 
movable_object 5.882694244384652 43.69804382324247 0.41615521907807373 0.5875533819198608 0.6112926006317139 1.4065115451812744 1.9952715078936976 0.20374010503292084 
movable_object 7.450874328613224 10.526016235351648 -1.0216035842895428 0.4071308970451355 0.3998526930809021 0.7832964658737183 -2.10720109939575 0.20097538828849792 
pedestrian -20.798595428466797 -3.674861907958956 -0.3304114639759086 0.5536671280860901 0.554182231426239 1.6600315570831299 -1.3588036298751802 0.20073865354061127 
movable_object 6.674850463867131 -15.295890808105327 -1.898187160491937 0.3412415087223053 0.33763670921325684 0.7612463235855103 1.2148021459579472 0.1967829018831253 
movable_object 13.554222106933537 -12.14950561523429 -1.846253156661983 0.40542101860046387 0.40616366267204285 1.0979459285736084 3.046568457280295 0.19430944323539734 
pedestrian -4.455791473388729 -11.647163391113168 -1.1606333255767765 0.5894526243209839 0.6255088448524475 1.610175609588623 -0.5385800600051857 0.19136063754558563 
pedestrian -18.938522338867244 -4.384532928466626 -0.4001932442188223 0.59483802318573 0.6120352149009705 1.5235992670059204 1.3715299367904665 0.18776759505271912 
movable_object 6.774234771728516 -6.727413177490035 -1.625717639923093 0.37421777844429016 0.3290293216705322 0.4857395887374878 -1.5143469572067234 0.18535803258419037 
pedestrian 21.162910461425724 36.0985946655274 -0.14004930853843778 0.6394103765487671 0.6794476509094238 1.7245427370071411 -0.32708060741424366 0.18440493941307068 
pedestrian -18.967746734619254 -3.8921699523922655 -0.40450349450110457 0.6179077625274658 0.6613050699234009 1.4014344215393066 0.45152390003204446 0.18396484851837158 
pedestrian -1.06669998168951 -15.7013702392575 -1.220827341079703 0.752966046333313 0.7636786103248596 1.8781147003173828 1.0840111970901491 0.18256796896457672 
pedestrian -1.8728904724121094 -15.404926300048828 -1.1817994117736803 0.7025455832481384 0.7080729007720947 1.8570787906646729 0.11008238792419561 0.1807776838541031 
pedestrian -17.822437286376953 -14.502117156982365 0.6437764763832159 0.6732498407363892 0.6610904932022095 1.8654882907867432 0.8005586862564095 0.17917779088020325 
movable_object 5.894336700439396 -8.53411483764637 -1.5809128284454375 0.3361731171607971 0.33637499809265137 0.705812931060791 2.9444182554828098 0.1777937114238739 
movable_object 6.164470672607365 -10.019863128661967 -1.516868352890016 0.3877338171005249 0.3953430652618408 0.8833043575286865 -2.6416485309600812 0.17663565278053284 
pedestrian -4.309326171875 -13.610164642333928 -1.1740853786468493 0.7332203388214111 0.7887789011001587 1.8228394985198975 -0.6351655125617958 0.17437170445919037 
pedestrian 20.721977233886605 36.15113067626976 -0.13038969039916082 0.6498976349830627 0.7112369537353516 1.6962639093399048 -0.6317203044891333 0.17336291074752808 
movable_object 5.932098388671818 -8.31139373779294 -1.572685956954953 0.3582218289375305 0.3225542902946472 0.7060243487358093 2.61079198518862 0.173030287027359 
pedestrian -3.2346534729003906 17.02397918701169 -0.4769910573959333 0.5361188054084778 0.543745756149292 1.5526156425476074 2.0851476828204554 0.16795018315315247 
movable_object 15.338348388671875 -1.9923400878904545 -1.358772039413453 0.5220249891281128 0.5519734025001526 1.3442100286483765 -2.972846508026122 0.16439755260944366 
movable_object -3.4117279052734375 -22.425333023071147 -1.7118883132934561 0.5136013627052307 0.5854378342628479 1.0415760278701782 1.3745807409286503 0.1626853346824646 
pedestrian -18.23607254028326 -3.871753692626868 -0.5324130058288605 0.5407166481018066 0.5608793497085571 1.161061406135559 1.9776743094073694 0.1609484851360321 
pedestrian 20.22744750976551 36.25613403320327 -0.0941830053925432 0.6320158243179321 0.6611542105674744 1.7104358673095703 -1.0037467479705786 0.16013172268867493 
pedestrian -5.611400604248047 -23.150403976440316 -1.614218115806579 0.5884290337562561 0.6299974918365479 1.1973114013671875 0.21349418163299752 0.15944379568099976 
pedestrian -8.630432128906307 -8.759681701660071 -0.21143376827239857 0.6241170763969421 0.6385841369628906 1.6218315362930298 -1.0960295200347872 0.15868636965751648 
movable_object 34.01012420654291 -6.194725036620895 -1.4130725860595676 0.3789061903953552 0.3827819526195526 0.8952913284301758 3.089139763508933 0.15571536123752594 
movable_object 5.85334396362299 -9.388916015624716 -1.5519917011260942 0.3504513204097748 0.3655526041984558 0.7482784986495972 -3.0879473686218253 0.15561901032924652 
pedestrian 17.582008361816293 4.653423309326342 -1.2727379798889082 0.4955582916736603 0.5497342944145203 1.0736924409866333 -2.265475511550901 0.15451082587242126 
pedestrian 4.5426063537598225 -36.17958068847648 -1.8677560091018672 0.6709515452384949 0.7075715065002441 1.662408471107483 -3.0100183486938468 0.15433958172798157 
pedestrian 16.421531677246037 34.67089843750006 0.10362495481967837 0.5588611960411072 0.567732036113739 1.5090479850769043 3.071350876485007 0.14954231679439545 
pedestrian -15.804477691650447 -5.544189453124886 -0.2311386466026235 0.6465466022491455 0.6255704164505005 1.825687050819397 -0.3938301801681497 0.14879345893859863 
pedestrian 6.233974456786996 33.48452758789071 0.16230180859565846 0.709016740322113 0.7568903565406799 1.7936792373657227 -2.564805030822752 0.14089025557041168 
pedestrian -3.9776115417481037 -12.996189117431555 -1.1632457971572796 0.6631885766983032 0.7040402889251709 1.7558066844940186 -0.4808613061904881 0.13852575421333313 
pedestrian 22.410644531249886 15.734580993652571 -0.6838676333427351 0.6933408975601196 0.7723710536956787 1.5494277477264404 0.32843947410583635 0.13392551243305206 
pedestrian -4.463031768798885 -11.169239044189254 -1.159456729888909 0.5539858937263489 0.5778032541275024 1.5361380577087402 -0.8973807096481298 0.13364602625370026 
pedestrian 19.04653930664051 41.630828857422046 0.0762160867452697 0.5956223011016846 0.6191875338554382 1.4576199054718018 0.9674762487411501 0.13263583183288574 
pedestrian 13.898796081542969 -9.697391510009538 -1.6410245895385687 0.6714367866516113 0.7825824618339539 1.6776502132415771 -0.8410489559173558 0.13232192397117615 
pedestrian 4.324272155761719 -44.491386413574105 -1.904820680618279 0.637502908706665 0.6729315519332886 1.6556804180145264 1.6288951078998013 0.13125364482402802 
movable_object 7.488147735595703 8.812519073486442 -1.1408213376998937 0.374756783246994 0.3657582402229309 0.7154785990715027 2.025725189839499 0.13075265288352966 
movable_object -4.354595184326115 -37.683715820312415 -2.444130420684812 0.41292786598205566 0.4150117039680481 1.1324130296707153 1.0233186483383183 0.13006487488746643 
movable_object -9.96316909790039 18.86297607421872 -0.7249523997306853 0.34341102838516235 0.3480517864227295 0.8146597146987915 -2.5903344154357897 0.12887409329414368 
movable_object 9.512153625488168 44.67621612548834 0.3168709278106716 0.39921170473098755 0.3921957015991211 0.9870126843452454 1.5917108694659634 0.12842321395874023 
pedestrian -19.334300994873047 -3.7993392944335653 -0.34992665052413585 0.5692299604415894 0.5820208191871643 1.5128417015075684 -0.5558799505233741 0.1276390105485916 
movable_object 2.7789878845214275 38.28543090820324 0.13785764575004444 0.5130600333213806 0.5350338220596313 1.297300100326538 2.528214279805319 0.12748044729232788 
pedestrian 36.457489013671875 -18.29366302490226 -1.1240806579589782 0.6495364904403687 0.6568487882614136 1.8094944953918457 2.609416786824362 0.1269402652978897 
pedestrian 4.8703460693359375 -35.826721191406136 -1.8091396093368504 0.6682797074317932 0.6979581713676453 1.7375833988189697 2.4863246122943323 0.12681232392787933 
pedestrian -18.973350524902344 -3.4755973815918537 -0.4544834792614014 0.5108756422996521 0.528584361076355 1.252972960472107 -0.6067185997962927 0.12420162558555603 
movable_object -6.472663879394588 9.673267364502152 -0.9997072815895016 0.37716156244277954 0.3742886781692505 0.8085878491401672 1.2471426725387575 0.12393879890441895 
pedestrian 4.400470733642578 -38.700439453124716 -1.9547842741012498 0.6304426789283752 0.6593706607818604 1.6633186340332031 -2.765125274658202 0.1209973692893982 
pedestrian 7.397445678711051 -50.612915039062415 -1.0755852460861184 0.7162857055664062 0.764702320098877 1.7999171018600464 0.3090654611587537 0.11912447214126587 
pedestrian 26.844497680664006 51.79100799560561 1.7332600355148355 0.6448277831077576 0.6368051767349243 1.7680156230926514 -1.2391651868820164 0.1184222400188446 
pedestrian 29.66436004638672 -52.53615951538052 -2.6466367244720352 0.5965302586555481 0.6178082227706909 1.7173943519592285 2.620912853871481 0.11803899705410004 
pedestrian 27.1839141845702 50.78573608398453 1.4908379316329983 0.6566680669784546 0.6652311682701111 1.7796623706817627 1.802639309559957 0.1179516613483429 
ca9a282c9e77460f8360f564131a8af5