car 6.299411773681641 26.719558715820398 -0.24121461808680156 1.7557933330535889 4.206843376159668 1.5416854619979858 1.4960190057754517 0.7225028276443481 
car -1.6549797058105469 33.93499755859381 0.2889594733715164 2.015500068664551 4.8423285484313965 2.048102378845215 1.574792210255758 0.6383209228515625 
car 4.331554412841854 42.82176971435541 0.12484188377857386 1.8836166858673096 4.5673747062683105 1.6316983699798584 1.4802385568618772 0.5976179838180542 
car 8.24750900268549 -38.791469573974496 -2.1118953227996706 1.9482465982437134 4.660580158233643 1.747377634048462 -1.5788255929946906 0.5674370527267456 
car 14.11851501464838 -47.06867980957017 -2.5677363872527974 2.3718905448913574 5.95129919052124 2.4466090202331543 -1.7031980752944955 0.14679938554763794 
car 8.012004852294922 43.463302612304744 0.44290530681610685 2.1571731567382812 5.331090450286865 2.1262168884277344 1.4564007520675657 0.14395099878311157 
car -5.754646301269531 -21.877590179443246 -1.2660950422286925 1.842817783355713 4.244205474853516 1.6123647689819336 -2.3031065464019775 0.14321763813495636 
car 4.057727813720703 39.352813720703125 -0.036838430911299014 1.7761510610580444 4.137775421142578 1.5519964694976807 1.517842411994934 0.11643923074007034 
car -4.481952667236385 6.297817230224808 0.03164798393846402 2.7859227657318115 10.020133972167969 3.208021640777588 1.6091907660113738 0.9292916655540466 
car 7.47807693481451 40.01525115966791 0.1281346380710664 1.859405279159546 4.657224655151367 2.037879228591919 1.4203230142593384 0.7176393270492554 
car 17.80940246582037 22.490936279296804 -1.1467815637588483 2.1696646213531494 4.004526615142822 2.3346948623657227 -2.2151813507080083 0.35641008615493774 
car 14.118255615234318 -47.13067626953125 -2.531321525573721 2.5283992290496826 6.150486469268799 2.675821304321289 -1.6863974332809448 0.3154602646827698 
car -1.6440162658691406 34.00442504882807 0.44499245285988653 2.046649694442749 4.894056797027588 2.0732603073120117 1.5880535284625452 0.163088858127594 
car 38.707504272460994 -45.90455245971674 -0.9242133498191762 2.3923192024230957 4.0623979568481445 2.8435537815093994 0.8747876882553098 0.13019506633281708 
car -14.69204330444336 -24.77718353271476 -0.09399768710136058 2.6492366790771484 6.71513032913208 2.9607276916503906 -0.025808811187744106 0.11314338445663452 
car 6.383655548095646 27.20053100585929 -0.19498762488364685 1.9096710681915283 5.069598197937012 1.7636494636535645 1.5018647909164429 0.11206142604351044 
car 8.572010040283146 -39.22019195556646 -2.2224307060241597 2.1314704418182373 5.473765850067139 1.9868688583374023 -1.5517947673797612 0.10242297500371933 
car 47.724098205566406 -51.245708465576115 -2.188605308532708 2.9872913360595703 10.232102394104004 3.983269453048706 2.4609168211566375 0.10040201246738434 
car -14.133750915527344 -24.803926467895565 -0.020244363695375966 2.6001298427581787 8.626623153686523 2.9930572509765625 -0.03356730937957831 0.13640958070755005 
car 11.05889892578125 -53.968742370605526 -1.6490552425384477 2.3140316009521484 4.939640998840332 2.581434726715088 -1.6158025264739988 0.12615665793418884 
movable_object 7.010665893554744 2.1003303527831463 -1.180093526840209 2.1114282608032227 0.6129136085510254 1.094584345817566 3.1130688826190394 0.8756269812583923 
movable_object 7.069194793701115 4.095912933349695 -1.1516156196594145 2.025723457336426 0.6460914611816406 1.078162670135498 3.1304433981524866 0.7884042859077454 
movable_object 8.187965393066406 2.1517562866212643 -1.2402348518371458 2.132258653640747 0.6282030940055847 1.0818449258804321 3.0922051111804407 0.7671012878417969 
movable_object 7.3538055419921875 8.064529418945312 -1.130954742431633 1.952736735343933 0.7401687502861023 1.1219111680984497 3.068602387105124 0.7353777885437012 
movable_object 7.9437522888183025 14.109329223633011 -0.9671492576599001 2.021080493927002 0.720002293586731 1.151458978652954 3.014916721974508 0.7223014831542969 
movable_object 10.061714172363281 32.63935089111348 -0.44877737760542447 1.845056176185608 0.4957944452762604 0.9913730621337891 -3.1290731430053715 0.7177751660346985 
movable_object 8.095241546630916 15.974830627441321 -0.8952094316482495 1.9853191375732422 0.7143980860710144 1.1229965686798096 3.0821006933795374 0.7005966901779175 
movable_object 7.496067047119141 9.902317047119254 -1.0770671367645206 2.012465238571167 0.712361752986908 1.1323506832122803 3.060402218495504 0.6998859643936157 
movable_object 8.248771667480412 4.435550689697294 -1.1928501129150324 2.0743601322174072 0.6715310215950012 1.1094110012054443 3.0864222685443323 0.6720864772796631 
movable_object 8.507942199707031 23.71652984619132 -0.664708077907556 2.0134401321411133 0.6731552481651306 1.1431611776351929 3.093905274068014 0.6713217496871948 
movable_object 7.2773780822754475 6.1923408508301065 -1.1775374412536581 2.0507490634918213 0.721220850944519 1.113415241241455 3.090109173451559 0.6621126532554626 
movable_object 10.020240783691463 34.43043518066412 -0.31488692760466774 1.8553231954574585 0.5376086235046387 0.9888607263565063 3.107172552739279 0.6477376222610474 
movable_object 8.727615356445312 10.442497253418054 -1.0583969354629397 2.0277490615844727 0.6903369426727295 1.161188006401062 3.0843551794635222 0.6421375274658203 
movable_object 8.33782958984375 21.847038269042997 -0.7052497863769469 1.9463047981262207 0.650030791759491 1.1383116245269775 3.0798962751971644 0.6405218839645386 
movable_object 8.170936584472656 17.80006408691409 -0.8436672687530473 2.0393385887145996 0.6887111067771912 1.136655330657959 3.0787051359759725 0.6307823061943054 
movable_object 9.314640045165959 18.245239257812585 -0.8127614855766181 2.0214457511901855 0.680086612701416 1.1661076545715332 3.1399818102466033 0.6255055665969849 
movable_object 8.288639068603459 20.015029907226534 -0.7558007240295304 1.9324662685394287 0.6668585538864136 1.1302410364151 3.10273248354067 0.6186230778694153 
movable_object 6.145389556884766 -18.697711944579936 -1.7430303096771187 2.130450963973999 0.6316083669662476 0.9927088618278503 2.922413174306051 0.6104754209518433 
movable_object 8.847217559814453 12.294692993164062 -0.9977151155471655 2.083803653717041 0.690173327922821 1.163116455078125 3.0623377005206507 0.5891203880310059 
movable_object 7.724735260009766 12.176589965820227 -0.9817509651184029 2.0815629959106445 0.683353841304779 1.1411018371582031 3.0384390989886683 0.5792694091796875 
movable_object 10.086372375488281 36.2369079589846 -0.28427878022192843 1.991614580154419 0.5866271257400513 1.0846624374389648 3.0955470244037073 0.5424281358718872 
movable_object 8.590839385986328 25.54256439208976 -0.5714303851127589 1.9794068336486816 0.5773410797119141 1.0708937644958496 2.967038695012228 0.5392482876777649 
movable_object 8.484848022460994 6.333328247070369 -1.157180070877069 2.049534797668457 0.6490718722343445 1.1164313554763794 3.023252312337057 0.5300881862640381 
movable_object 9.219036102294979 15.939918518066378 -0.8916949033737143 2.023613929748535 0.6859538555145264 1.161251425743103 3.0572851339923304 0.5172487497329712 
movable_object 8.611553192138672 8.152847290039233 -1.1247537136077765 2.0669076442718506 0.6680837869644165 1.1330981254577637 3.065648142491476 0.44825103878974915 
movable_object 9.355327606201172 21.91909790039071 -0.6970092058181647 2.011385440826416 0.6855273246765137 1.1602872610092163 3.124427143727438 0.4185900092124939 
movable_object 8.828609466552734 14.061737060546847 -0.9562915563583316 2.0740692615509033 0.7172105312347412 1.175091028213501 2.9983957449542444 0.3972468972206116 
movable_object 16.721527099609375 22.90514373779311 -0.8113096952438261 2.2706360816955566 0.4717772901058197 1.0693352222442627 3.1342600027667444 0.38333606719970703 
movable_object 9.673492431640625 26.061004638671818 -0.5078443288803025 1.990490436553955 0.6014097332954407 1.069478988647461 3.093527619038717 0.37883004546165466 
movable_object 9.398456573486328 23.721015930175838 -0.6139388084411532 1.980119228363037 0.6867035031318665 1.1322412490844727 3.0756831804858606 0.3723081648349762 
movable_object 9.283596038818303 20.045692443847713 -0.7504421472549336 2.117783784866333 0.6750231981277466 1.161137580871582 -3.1361045837402344 0.3439181447029114 
movable_object 17.158531188964844 25.390457153320526 -0.6036319136619452 2.089031457901001 0.46037930250167847 1.0478681325912476 2.0649188200580046 0.336542010307312 
movable_object 8.67753601074213 18.275772094726705 -0.8498084545135445 2.046116352081299 0.7182696461677551 1.1717166900634766 3.0996373335467737 0.3349441587924957 
movable_object 17.91150665283203 21.647750854492244 -0.828311264514912 2.4195754528045654 0.5360457897186279 1.1019713878631592 -1.6639506816864014 0.30647557973861694 
movable_object 8.71670150756836 15.922622680664176 -0.9200631976127562 2.046701192855835 0.750531792640686 1.1687114238739014 3.037203613911764 0.30107903480529785 
movable_object 8.129428863525447 10.471908569335824 -1.098433613777154 2.017240524291992 0.7693222761154175 1.1697030067443848 3.015372339879171 0.2894471287727356 
movable_object 9.362541198730469 27.32720947265625 -0.5617813467979387 1.9149212837219238 0.5676233768463135 1.066690444946289 3.0823290983783167 0.2649475932121277 
movable_object 17.5830459594726 25.070922851562415 -0.7098435163497885 2.2626938819885254 0.49993008375167847 1.096086025238037 2.262268845235006 0.22765837609767914 
movable_object 16.59059143066412 25.39592742919926 -0.5831632614135667 1.9447755813598633 0.45775842666625977 1.0148640871047974 2.51701003709902 0.2053351253271103 
movable_object 8.193996429443416 8.655452728271399 -1.1407905817031812 2.040398120880127 0.7508898973464966 1.15847647190094 3.012857739125387 0.2007094919681549 
movable_object 8.860790252685604 27.315101623535185 -0.5854376554489069 1.9027544260025024 0.5421881675720215 1.047787070274353 3.0873094240771692 0.19403302669525146 
movable_object 19.600334167480526 22.535858154296776 -0.8525004386901824 2.069735527038574 0.5148283243179321 1.061943531036377 -0.32192432880401656 0.188726007938385 
movable_object -5.475666046142635 -12.858287811279126 -1.4422910213470335 2.5167784690856934 0.4699372351169586 0.9712628722190857 0.024255156517028635 0.16594231128692627 
movable_object 6.686573028564453 -18.768177032470476 -1.7715911865234264 2.192596912384033 0.5961232781410217 1.0022897720336914 3.001015011464254 0.16258643567562103 
movable_object 9.644767761230469 19.470512390136776 -0.7349062561988773 2.099743127822876 0.6758315563201904 1.153346300125122 3.0219672361957 0.15221355855464935 
movable_object 16.9966201782226 24.33815002441422 -0.7325667738914414 2.0731453895568848 0.48397570848464966 1.0438902378082275 3.0631518999682825 0.14992117881774902 
movable_object 10.4103622436524 31.59127044677743 -0.5221874117851195 1.9550485610961914 0.514028787612915 1.0326282978057861 3.0308311621295374 0.14980413019657135 
movable_object 9.791477203369197 27.796485900878963 -0.5451220273971509 2.032325506210327 0.5828179121017456 1.0995550155639648 3.0812462011920374 0.14968004822731018 
movable_object 16.408859252929744 -44.81467437744155 -2.888544082641597 2.0387685298919678 0.5142407417297363 1.0418205261230469 -0.05472266674041767 0.14024122059345245 
movable_object 37.579986572265625 41.88970947265619 -0.3101482391357373 2.020728349685669 0.5504863858222961 1.11641526222229 -1.6407601833343508 0.13391536474227905 
movable_object 10.319892883300781 37.39958953857433 -0.3193633258342681 2.009829521179199 0.5960505604743958 1.0988330841064453 3.013289753590719 0.1304439753293991 
movable_object 9.908626556396484 30.904266357421932 -0.5599955320358219 1.9121540784835815 0.4979511499404907 1.0212538242340088 3.034270111714499 0.12715834379196167 
movable_object 20.076263427734432 22.00672912597672 -0.832283794879908 2.130526065826416 0.5001243352890015 1.0727850198745728 -1.1700394153594975 0.12713244557380676 
movable_object 9.355091094970703 30.27105712890628 -0.6279344558715758 1.9396555423736572 0.5081629753112793 1.031792402267456 3.098455254231588 0.1262882500886917 
movable_object 7.411663055419979 2.5331573486326704 -1.2227424383163448 2.1098787784576416 0.6728577017784119 1.0985558032989502 3.105215851460592 0.11834682524204254 
movable_object 34.55014038085949 9.83071517944326 -1.0839967727661075 3.2266032695770264 0.5618864297866821 0.9786361455917358 -1.753108859062195 0.11608141660690308 
movable_object 5.719970703125057 -20.102828979492102 -1.7773332595825173 1.8578108549118042 0.4858037829399109 0.9537137150764465 3.1179469267474573 0.11606017500162125 
movable_object 18.955429077148438 23.015686035156307 -0.8804888725280664 2.40537166595459 0.5220668315887451 1.0633161067962646 0.4758931398391722 0.11398078501224518 
movable_object 16.38428497314453 -45.14577484130845 -2.9304914474487216 2.3177409172058105 0.5503313541412354 1.07590651512146 -0.9282990097999576 0.11061196774244308 
movable_object 17.679016113281307 24.359710693359375 -0.7665475606918304 2.122570514678955 0.5154658555984497 1.055917739868164 2.3556554953204554 0.10834261775016785 
movable_object 9.650318145751953 17.161026000976562 -0.848040640354149 2.1426730155944824 0.737864077091217 1.168954849243164 3.088851277028219 0.10236266255378723 
movable_object 14.660240173339844 -44.04690551757798 -2.681200265884388 2.281414270401001 0.5285642147064209 1.117749810218811 1.6050594488727017 0.1018911600112915 
movable_object 14.015106201171875 -22.65036201477048 -2.450844526290888 2.916982889175415 0.4145463705062866 0.9433481693267822 -2.779575824737549 0.10111413896083832 
movable_object 18.29328155517578 24.306915283203082 -0.8342533111572203 2.1452903747558594 0.5336068272590637 1.0686850547790527 1.1556557416915896 0.10020604729652405 
bicycle -3.4289207458496094 -32.14202880859381 -1.984222888946526 0.7863366007804871 2.0639374256134033 1.3789280652999878 1.9784758726703089 0.5699645280838013 
bicycle -16.70035171508789 -16.050170898437386 -0.9235081076621903 0.5424680113792419 1.5847755670547485 1.148227334022522 -1.9449715614318852 0.4396153688430786 
bicycle -19.56518173217779 -14.784645080566321 -0.9201387166976809 0.49947187304496765 1.5169779062271118 1.0425101518630981 -0.1262922286987308 0.31354689598083496 
bicycle -20.825145721435547 -15.44298934936512 -0.8389126062393135 0.5284239053726196 1.6505695581436157 1.0981290340423584 1.5183049440383907 0.30093562602996826 
bicycle 19.92432403564453 32.8038787841796 -0.568142414093014 0.7573908567428589 2.054299831390381 1.3808081150054932 -2.368835210800171 0.21272307634353638 
bicycle -6.766277313232308 31.562011718750057 -0.37352746725081554 0.6252287030220032 1.7465790510177612 1.1520838737487793 1.420560479164123 0.18740051984786987 
bicycle 6.912899017333984 36.33743286132821 -0.38826042413710793 0.5901209712028503 1.712324857711792 1.144103765487671 -2.1881790161132817 0.18494412302970886 
bicycle 21.21150207519537 29.615470886230327 -0.3077328801155055 0.7503461241722107 1.9679462909698486 1.7383912801742554 1.7851746718036097 0.15715961158275604 
bicycle 23.252235412597713 39.71862030029287 -0.19641986489295515 0.7734197378158569 1.7867671251296997 1.7411417961120605 0.9263049364089964 0.15192179381847382 
bicycle -3.8244132995606037 39.45908355712902 -0.586774885654439 0.6397103071212769 1.8038058280944824 1.16851806640625 -0.5392994880676277 0.14894315600395203 
bicycle 18.800376892089844 51.21225738525405 0.026820763945588855 0.6526435613632202 1.8492767810821533 1.3722968101501465 -2.5153293609619145 0.13198725879192352 
bicycle 49.37060546875 5.699150085449119 0.06929913163185653 0.6636213064193726 2.080049753189087 1.4858109951019287 -1.7943631410598755 0.1295366734266281 
bicycle 21.870063781738338 29.19847869873034 -0.39003670215606334 0.6776993274688721 1.7916970252990723 1.6547809839248657 1.2620748281478882 0.11388611793518066 
bicycle -8.666255950927678 -47.101161956787195 -2.010796070098869 0.6456668376922607 1.6836506128311157 1.2255525588989258 -0.5781438946723941 0.10595996677875519 
bicycle -2.484130859374943 7.632709503173942 -0.7906680703163045 0.651197612285614 1.363311767578125 1.6719496250152588 2.136567894612448 0.10454371571540833 
bicycle 10.647186279296818 -19.40064620971677 -1.7034863233566178 0.6703582406044006 1.7293459177017212 1.7665722370147705 -2.841919183731079 0.10216529667377472 
bicycle -14.075698852539006 -0.25101852417003556 -0.9116326570510829 0.6051923036575317 1.6939115524291992 1.1139001846313477 -0.16338908672332816 0.10021962225437164 
movable_object 6.888183593750057 0.22444534301749286 -1.3410930633544842 0.4227793514728546 0.42153793573379517 0.8263227939605713 2.357489887868063 0.8646701574325562 
pedestrian -0.7941322326660156 -22.59180641174322 -1.4432801008224447 0.6826174259185791 0.7822116017341614 1.7382196187973022 -0.008373975753784613 0.7914854288101196 
pedestrian -0.2619857788086506 -24.112033843994197 -1.3962732553481985 0.7299156785011292 0.8755240440368652 1.8986445665359497 -0.005752801895141705 0.7723478078842163 
pedestrian -0.5247459411620525 -24.821126937866325 -1.4753551483154252 0.6815061569213867 0.7822014689445496 1.8150591850280762 -0.02662718296051042 0.7588300108909607 
pedestrian -2.418613433837834 7.549152374267493 -0.7976369261741603 0.6860364675521851 0.6818772554397583 1.670671820640564 2.733199659978048 0.7371170520782471 
pedestrian 10.699600219726562 -19.36578750610346 -1.6382509469985846 0.7597821950912476 0.9253171682357788 1.8043019771575928 -2.8544759750366215 0.7251231670379639 
pedestrian -3.114654541015625 -22.612010955810575 -1.3217517137527341 0.7227648496627808 0.8203299045562744 1.8268707990646362 0.29608273506164523 0.7027929425239563 
pedestrian 21.365814208984432 33.82044982910173 -0.39825984835623807 0.5981454253196716 0.6508265137672424 1.728161096572876 1.054715037345886 0.6908810138702393 
pedestrian 21.44268035888672 27.779785156249986 -0.40463310480117043 0.6252325773239136 0.6775054931640625 1.7859684228897095 1.3941608667373655 0.6832390427589417 
pedestrian 20.66689300537115 27.902603149413963 -0.39126551151275235 0.6184593439102173 0.6650837659835815 1.771691918373108 1.4441193342208862 0.6651242971420288 
pedestrian 25.60212707519537 21.195701599121122 -0.5382339954376207 0.6673595309257507 0.7473105192184448 1.791971206665039 -1.654044508934021 0.654068112373352 
pedestrian 31.89703369140625 -21.76825332641593 -1.2650821208953822 0.6707450151443481 0.7356287837028503 1.7860536575317383 -0.7095787525177004 0.6365337371826172 
pedestrian -16.276458740234375 -0.3318710327149006 -0.4888240694999588 0.6456363201141357 0.726982831954956 1.7559070587158203 1.5441137552261357 0.6008405685424805 
pedestrian 22.294166564941406 33.515823364257884 -0.4219101071357687 0.6235926151275635 0.6589781045913696 1.7491669654846191 1.149902462959289 0.5668216347694397 
pedestrian 21.973976135253906 29.266494750976676 -0.422898530960079 0.6346889734268188 0.6890701651573181 1.785210132598877 1.3903132677078247 0.5588750839233398 
pedestrian 21.303955078125 29.164962768554844 -0.3862169682979464 0.629164457321167 0.6911449432373047 1.79141104221344 1.4058746099472048 0.5239810943603516 
pedestrian 35.32135009765625 -27.08982086181635 -1.459251642227164 0.6544594168663025 0.6880441904067993 1.7639694213867188 2.544614140187399 0.5204560160636902 
pedestrian -4.357048034667969 50.78464508056649 0.4714042842388224 0.6731454133987427 0.7082399129867554 1.7955524921417236 0.424715757369995 0.5116748213768005 
pedestrian 21.12310028076172 29.69011688232432 -0.36255094408988153 0.6766253709793091 0.7348450422286987 1.8171398639678955 1.3296889066696171 0.5103697180747986 
pedestrian 23.17518615722662 39.47739410400381 -0.11830808222293543 0.6981465220451355 0.73105388879776 1.8051574230194092 0.795229077339172 0.47380590438842773 
pedestrian -4.345123291015625 3.877197265625 -0.20783720910548098 0.6537060737609863 0.6756151914596558 1.7569663524627686 1.6770075003253386 0.47263187170028687 
pedestrian 0.3296699523925781 53.914733886718864 1.0073510408401538 0.7056032419204712 0.7575068473815918 1.8550615310668945 1.252919793128967 0.45078030228614807 
movable_object 6.4160308837890625 -24.704500198364173 -2.0952332019805877 0.36529117822647095 0.36871302127838135 0.7377192974090576 1.0223585367202759 0.4346199929714203 
pedestrian -11.214443206787053 49.310478210449276 0.2745490670204229 0.6696376204490662 0.7184343934059143 1.790479063987732 0.4470435380935667 0.43210840225219727 
pedestrian 19.404739379882812 32.13461303710929 -0.5104168653488124 0.6253441572189331 0.6713649034500122 1.4728479385375977 2.3533199469195765 0.39403191208839417 
pedestrian 1.9630355834960938 51.1024169921875 0.6869540810585066 0.6458972692489624 0.6736682057380676 1.773673176765442 1.7320964972125454 0.3796467185020447 
pedestrian 21.718650817871094 52.62498474121102 0.27953541278840177 0.6247479915618896 0.633012056350708 1.81998610496521 -0.9375763535499573 0.3793374001979828 
pedestrian 19.360809326171875 50.037200927734546 0.2634446918964506 0.6328796148300171 0.6510511040687561 1.7885262966156006 -0.701926648616791 0.3652735650539398 
pedestrian 20.195068359375057 51.70453643798831 0.2827906012535144 0.6404544711112976 0.6571924686431885 1.8089319467544556 -1.3838616609573369 0.36163774132728577 
pedestrian 20.830482482910156 30.06810760498047 -0.36407786607741865 0.6880360245704651 0.7437235116958618 1.8311548233032227 1.4533799886703487 0.35739415884017944 
pedestrian 20.07959747314453 33.30278015136713 -0.42991375923155983 0.6281864643096924 0.6736419200897217 1.649091124534607 2.6982138792621058 0.3541319668292999 
pedestrian 18.726409912109375 51.10763549804686 0.1332973092794454 0.6503096222877502 0.6882997751235962 1.737871766090393 -2.2411026954650883 0.3442438244819641 
movable_object 6.32341384887701 -17.694717407226392 -1.810920238494865 0.3688195049762726 0.3705838620662689 0.7567545175552368 2.060883347188131 0.3161187767982483 
movable_object 8.733295440673885 26.64443206787115 -0.5750800371169977 0.3923676013946533 0.39413219690322876 0.7915061712265015 2.172993008290426 0.3111580014228821 
pedestrian 35.200172424316406 -40.937358856201 -2.0096940994262606 0.6483957767486572 0.6632816195487976 1.7448399066925049 0.2984328269958494 0.3036639094352722 
movable_object 5.7779197692870525 -17.795185089111328 -1.7891893386840771 0.3709952235221863 0.3711088299751282 0.7546021342277527 2.644721810017721 0.2896627187728882 
pedestrian -7.661170959472656 36.898292541503935 0.21811625361443454 0.6226727962493896 0.6190069913864136 1.7482209205627441 -0.7371795773506167 0.27658820152282715 
movable_object 5.579994201660099 -19.463535308837862 -1.775298595428453 0.33859992027282715 0.33683302998542786 0.8015565276145935 2.8402441183673304 0.27100449800491333 
pedestrian -16.70207977294922 -16.503620147705078 -0.9554768800735434 0.6227805018424988 0.6557572484016418 1.3938218355178833 0.2597953081130979 0.27086341381073 
pedestrian -8.200412750244197 -17.45116424560527 -0.40687263011931263 0.6420406699180603 0.6671741008758545 1.6384572982788086 -0.7442350387573243 0.2543734312057495 
movable_object 6.95331954956049 0.8408584594727984 -1.295245409011828 0.4308665692806244 0.4188872277736664 0.8553131222724915 2.9516416231738494 0.2524026334285736 
pedestrian 21.265869140625 28.570121765136633 -0.3641046285629246 0.6297569274902344 0.7046266198158264 1.8135480880737305 1.4104837179183958 0.2355327010154724 
pedestrian 44.61912536621094 44.23279571533203 -0.151730716228482 0.7284959554672241 0.7786882519721985 1.8399686813354492 0.04850292205810515 0.23427218198776245 
pedestrian -0.6904640197753906 -24.352296829223633 -1.456344008445738 0.7007293701171875 0.8374319672584534 1.835684061050415 0.006932139396667286 0.2261265516281128 
pedestrian -8.61931228637701 -17.305389404296847 -0.43417289853094765 0.602515459060669 0.6029923558235168 1.6472967863082886 0.5256322622299194 0.22602885961532593 
movable_object -2.9477806091308594 9.153049468994226 -0.9752924442291211 0.35490185022354126 0.34720319509506226 0.984878420829773 1.2648156881332397 0.2241763323545456 
pedestrian -8.8992919921875 -19.039104461669865 -0.6198027133941562 0.6392999887466431 0.6694841384887695 1.756861686706543 -0.05217373371124291 0.2236080765724182 
movable_object -8.6313095092774 -39.43915557861311 -1.9547538757324139 0.37555548548698425 0.36138075590133667 1.27146577835083 -0.4563715457916261 0.210231214761734 
movable_object -6.473361968994141 0.3652076721191406 -1.1661032438278145 0.35392192006111145 0.3613065779209137 0.9542822241783142 1.4879406690597536 0.20099401473999023 
movable_object 13.276023864746094 -21.532524108886577 -1.9752483367919864 0.38569533824920654 0.37970662117004395 1.281862497329712 -0.18218207359314004 0.19768638908863068 
pedestrian 35.06089782714844 -32.552864074706974 -2.068150520324704 0.5753825306892395 0.5967133641242981 1.6554129123687744 2.9157682100879114 0.19649836421012878 
pedestrian -7.3482093811035725 -23.106288909911996 -1.2554643154144234 0.560271143913269 0.5840163826942444 1.4550679922103882 0.07167744636535629 0.19602854549884796 
pedestrian -6.767303466796875 -21.71326446533203 -1.2662253379821724 0.606221079826355 0.6487211585044861 1.4797427654266357 -0.7539179921150213 0.18644484877586365 
pedestrian -16.727661132812443 -15.886272430419979 -0.932301640510556 0.6145209074020386 0.6444785594940186 1.4254133701324463 -0.8065257072448739 0.1820494681596756 
pedestrian 20.928771972656307 33.81650543212889 -0.3571655750274578 0.6502007246017456 0.7178577184677124 1.747668743133545 1.2613774538040161 0.179033562541008 
pedestrian -3.9297447204589275 3.475807189941264 -0.38243159651755887 0.656432032585144 0.7086603045463562 1.6935803890228271 1.7596333662616177 0.17569813132286072 
pedestrian -4.481662750244141 4.314529418945284 -0.19723063707351107 0.5968844294548035 0.619755208492279 1.735468864440918 1.6842220465289517 0.17329904437065125 
pedestrian 19.035331726074276 49.585685729980426 0.3233040869236037 0.6631426215171814 0.6841485500335693 1.837739109992981 -0.8565520048141484 0.17215704917907715 
movable_object 5.754322052001896 -18.176952362060604 -1.7100853919982826 0.3800943195819855 0.40970319509506226 0.7854523062705994 2.820918385182516 0.169536292552948 
pedestrian -0.45256042480463066 -23.049392700195256 -1.405167937278741 0.7198761105537415 0.8962575197219849 1.8340978622436523 -0.008130908012390635 0.16763699054718018 
pedestrian -3.8444557189941406 4.420940399169922 -0.35598981380461936 0.5675942301750183 0.5937909483909607 1.618574619293213 1.8562009970294397 0.16698703169822693 
pedestrian 20.670562744140568 33.385025024414105 -0.42485004663466874 0.6510988473892212 0.7135932445526123 1.7348982095718384 1.4286676645278928 0.1596018522977829 
pedestrian -25.633979797363338 -24.316404342651254 -0.4172679185867221 0.6776247024536133 0.7162925004959106 1.747217059135437 2.446018997822897 0.15922099351882935 
pedestrian -9.867752075195312 50.04568481445318 0.05753011256457219 0.6055940985679626 0.6280695199966431 1.61916983127594 -2.0158042907714844 0.15705038607120514 
movable_object 9.451530456542912 26.740577697754105 -0.4727577865123598 0.4296470880508423 0.43015968799591064 0.9648446440696716 1.6645596663104456 0.1549098789691925 
movable_object -18.43578338623047 -6.816242218017521 -0.5465534329414274 0.40672051906585693 0.39500927925109863 1.1186078786849976 -0.36334693431854287 0.15413378179073334 
pedestrian 21.35041046142578 34.289466857910256 -0.34644827246664933 0.6464771628379822 0.7186986804008484 1.7612978219985962 1.1145974397659302 0.15251970291137695 
movable_object 6.257156372070256 -18.252315521240007 -1.7068923711776596 0.402072548866272 0.4330559968948364 0.8017418384552002 2.157783810292379 0.14799730479717255 
movable_object 8.063087463378963 1.0538825988767826 -1.3603284358978245 0.3944689631462097 0.38062965869903564 0.7636477947235107 2.299365822468893 0.1467018723487854 
movable_object 7.424247741699219 0.9439201354981321 -1.335977077484121 0.43196964263916016 0.41232049465179443 0.79930579662323 2.896989885960714 0.1455870121717453 
pedestrian 21.81049346923828 28.56863403320328 -0.3926802277564927 0.6489902138710022 0.7362990379333496 1.8048810958862305 1.3334234952926634 0.14254571497440338 
movable_object 6.221084594726506 -25.39911460876462 -2.000751018524156 0.37003400921821594 0.36538296937942505 0.8259094953536987 0.44697725772857644 0.14064398407936096 
pedestrian 20.023704528808594 32.888977050781364 -0.4812306463718343 0.6357553005218506 0.6903634071350098 1.6173142194747925 2.3730066458331507 0.13990062475204468 
movable_object 5.705875396728459 -18.987476348876754 -1.7125685214996196 0.36433225870132446 0.3764413595199585 0.8187448978424072 2.9147961775409144 0.1365102082490921 
pedestrian -4.994857788085881 4.44318389892581 -0.3987314403057076 0.556194007396698 0.5640294551849365 1.7059800624847412 1.37120521068573 0.13642925024032593 
pedestrian -0.6941680908203125 -23.77520751953125 -1.444041967391959 0.705620288848877 0.8449702262878418 1.848600149154663 0.053552150726317915 0.13136552274227142 
pedestrian 25.553535461425838 21.70067596435544 -0.5921283960342305 0.6981163620948792 0.7975769639015198 1.7984018325805664 -1.6742736101150513 0.12924493849277496 
movable_object 6.634685516357422 -17.73787307739252 -1.824324250221244 0.36181309819221497 0.3563995659351349 0.7553563714027405 0.7995668649673457 0.126996710896492 
movable_object -2.8462791442870525 8.858478546142635 -0.9632115364074654 0.4213581681251526 0.4241200089454651 1.1355081796646118 0.9940410852432251 0.12618333101272583 
pedestrian -4.964374542236328 3.970149993896541 -0.4416799843311261 0.6015005111694336 0.6144470572471619 1.6761951446533203 1.388349175453186 0.12531989812850952 
pedestrian 22.441230773925724 52.4899520874024 0.31481897830964334 0.6530368328094482 0.6681098341941833 1.803110122680664 -1.134855628013611 0.12404324114322662 
pedestrian 2.1087722778320312 50.10984039306646 0.6486766338348433 0.5908990502357483 0.6084463596343994 1.6876277923583984 1.1809514760971067 0.12300223857164383 
pedestrian 18.796653747558594 48.929145812988466 0.37883573770523693 0.6635349988937378 0.6835899353027344 1.821102499961853 -0.3816366195678715 0.12254583835601807 
