car 4.312335968017351 6.989383697509538 -0.7918872833252077 1.8476334810256958 4.586710453033447 1.4849467277526855 1.5888469854937952 0.8679999113082886 
car -7.621196746826286 -8.196662902832145 -1.5237891674041908 1.8652268648147583 4.705327033996582 1.5294435024261475 -1.584148168563843 0.8565328121185303 
car -4.676773071289176 16.56430816650368 -0.47364458441735735 1.8834407329559326 4.597344875335693 1.6023375988006592 -1.8228079080581665 0.8343657851219177 
car -14.287227630615291 6.321250915527287 -1.2153632640838712 1.8016248941421509 4.177488803863525 1.619724154472351 0.19231510162353543 0.7860527038574219 
car -21.734279632568587 11.616279602050668 -1.1436996459961044 1.9204851388931274 4.51711368560791 1.6570442914962769 -2.9941334724426265 0.7253410816192627 
car 12.521873474120866 24.912414550781193 0.3526827991008652 1.7532517910003662 4.291810989379883 1.4782593250274658 -1.5416479110717771 0.6770011186599731 
car -9.096958160400504 21.11944580078125 -0.44800394773483987 1.9127963781356812 4.658077716827393 1.5846718549728394 -1.594139575958252 0.674127995967865 
car -0.13045120239257812 15.513031005859375 -0.37045052647590815 1.903517723083496 4.452176570892334 1.7503360509872437 1.1398898363113399 0.6614583134651184 
car 0.08950042724592322 -37.405426025390796 -2.0158591270446937 1.9650027751922607 4.818511962890625 1.7392146587371826 1.7137320677386683 0.5820246934890747 
car -20.16882705688488 6.472244262695199 -1.2445558309555143 1.8950036764144897 4.433140754699707 1.7488923072814941 0.12431073188781716 0.5731827020645142 
car 6.110351562499943 39.18963623046875 0.9262981414794886 1.9759116172790527 4.779585361480713 1.822505235671997 1.4947119951248165 0.5358439683914185 
car -37.53924942016613 8.80523300170887 -1.3442519903183126 1.7939696311950684 4.181535720825195 1.511983036994934 -2.9088096618652335 0.49885502457618713 
car 16.071044921874943 44.25865936279297 1.4996676445007218 1.7724590301513672 4.059274196624756 1.5893962383270264 1.5010474920272825 0.47913727164268494 
car 6.142337799072152 49.00489044189442 1.5855145454406596 1.8409736156463623 4.264602184295654 1.6681559085845947 -1.5668777227401733 0.4663565158843994 
car -28.507659912109318 10.424781799316406 -1.045743227005012 1.9498611688613892 4.54115104675293 1.721073865890503 -3.035449743270874 0.33635276556015015 
car 6.178016662597713 43.439186096191406 1.235041737556454 1.9106688499450684 4.584534168243408 1.6790863275527954 1.5231610536575315 0.28159254789352417 
car -28.462270736694563 5.670608520507699 -1.3957200050354217 1.8697975873947144 4.3812103271484375 1.6106529235839844 -0.044364809989928825 0.2581513524055481 
car 6.243591308593693 54.01821136474598 1.5068432092666484 1.9399304389953613 4.462667465209961 1.7005581855773926 -1.4759627580642698 0.24831894040107727 
car 15.941894531249886 48.98383331298828 1.584636211395253 1.7832791805267334 4.19023323059082 1.5963714122772217 -1.550011157989502 0.2431858777999878 
car -8.77911376953125 27.323760986328125 0.06320669502018816 1.796323537826538 4.211560249328613 1.5615371465682983 -1.6135057210922241 0.23819667100906372 
car -12.355640411377237 -49.45805358886736 -2.227128744125377 1.900313377380371 4.452558517456055 1.6669012308120728 0.1127204895019532 0.19671998918056488 
car -27.90865135192871 6.840099334716797 -1.3407925367355489 1.9386775493621826 4.495814323425293 1.6749765872955322 -0.05814850330352799 0.18947912752628326 
car -26.77250099182129 10.982887268066406 -1.302443146705638 1.899442195892334 4.408267974853516 1.6553704738616943 1.5978758970843716 0.18802934885025024 
car 15.244613647460938 24.889236450195256 0.5138492584228409 1.900878667831421 4.367684841156006 1.729520320892334 1.3954066038131712 0.18627658486366272 
car -8.648391723632756 53.868560791015625 2.1191134452819753 2.0331645011901855 4.741764068603516 1.8236949443817139 2.882020775471823 0.17360839247703552 
car -8.154777526855469 34.47828674316395 0.6917295455932511 1.8552719354629517 4.449153900146484 1.6165143251419067 -1.617411732673645 0.17186228930950165 
car -9.345420837402457 45.928596496581804 1.2532725334167338 1.8413853645324707 4.33446741104126 1.6007544994354248 3.0956524054156707 0.1618906557559967 
car -13.406101226806697 -45.2506675720216 -2.3810176849365376 1.9296083450317383 4.54966402053833 1.694634199142456 0.18995416164398207 0.14848005771636963 
car -0.2671775817871662 27.86168670654274 0.24333372712133894 1.9042515754699707 4.550301551818848 1.6507678031921387 2.4508836905108855 0.14761124551296234 
car -27.975145339965934 3.9732666015625 -1.3178374767303538 1.9043371677398682 4.4319376945495605 1.6453640460968018 0.11402952671051027 0.1447920948266983 
car -32.09960937500006 9.343338012695199 -1.1844761371612655 1.8782784938812256 4.378732681274414 1.6338574886322021 -3.089796543121338 0.1428469717502594 
car -8.034950256347884 49.42477416992165 1.379905939102155 1.8928680419921875 4.526894569396973 1.7159700393676758 1.5654846429824827 0.14162757992744446 
car -12.91442108154314 -47.015144348144645 -2.2885098457336497 1.8689379692077637 4.333691596984863 1.6317501068115234 -3.0549206733703613 0.14046455919742584 
car 17.03349304199196 48.30030822753906 1.6308013200759746 1.8686251640319824 4.334888458251953 1.6130706071853638 -2.116593360900879 0.13379009068012238 
car 21.35565185546858 46.507339477538835 1.828992843627919 1.8355759382247925 4.312044620513916 1.6565239429473877 -1.6575231552124023 0.1316344290971756 
car -42.90796661376959 8.171237945556527 -0.920666813850417 1.9411604404449463 4.441659450531006 1.6691476106643677 -3.0677433013916007 0.12956252694129944 
car -8.69408798217762 30.3033447265625 0.10793893039225821 1.8767414093017578 4.502631187438965 1.6236066818237305 -1.6847500801086426 0.12197689712047577 
car 12.345169067382585 48.88616180419922 1.5803582668304337 1.870810866355896 4.384882926940918 1.6307060718536377 -1.1161036491394039 0.12103385478258133 
car -0.2843589782714844 24.326202392578068 -0.02352478355170362 1.8857052326202393 4.503184795379639 1.6317545175552368 1.6838749090777798 0.11663740128278732 
car -2.0736122131348793 -41.039031982421875 -2.1780276298522985 1.893103003501892 4.506712913513184 1.6146504878997803 1.6576235930072232 0.1099434643983841 
car -2.739913940429915 23.1277618408202 -0.3473393321037399 1.8724586963653564 4.487987518310547 1.5761772394180298 -1.7977000474929807 0.10556167364120483 
car -8.610637664795036 39.292816162109375 0.8800392746925247 1.8874832391738892 4.541720390319824 1.5848480463027954 -1.292263388633728 0.10312077403068542 
car 21.16259002685524 39.96159362792963 2.237823486328111 2.563838005065918 6.489333629608154 2.6626148223876953 -1.922678470611572 0.10035683959722519 
car 18.957748413085824 -15.326045989990348 0.9251878261566056 1.864484190940857 4.332451343536377 1.6412233114242554 1.2185736894607544 0.10015936195850372 
car 21.23283386230463 40.43817138671875 2.6830420494079554 2.8555259704589844 7.802243232727051 3.5900869369506836 -2.3560287952423096 0.29166609048843384 
car -18.817245483398665 21.8867950439452 -0.9169594645500325 2.4308104515075684 5.060108661651611 2.35831618309021 0.8503488302230829 0.2904876470565796 
car -52.454544067382926 -27.976917266845874 2.5910372734069753 2.7773385047912598 3.704957962036133 3.2564749717712402 -0.021420240402221846 0.2475937157869339 
car -8.061244964599666 53.801528930663835 2.620129585266099 2.151508331298828 4.728157043457031 2.4816014766693115 -2.3192298412323 0.19214802980422974 
car -12.881542205810831 -49.45458984375006 -2.2927103042602717 1.9624706506729126 5.2998199462890625 1.8350589275360107 -3.0368957519531254 0.1876276731491089 
car 15.201202392578011 24.873680114746094 0.4060689210891688 1.9505565166473389 4.373101711273193 2.266659736633301 -1.8096983432769773 0.1542644500732422 
car -29.071275711059684 10.437782287597543 -0.9848988652229416 1.9701685905456543 5.263156890869141 1.8553581237792969 0.04770600795745882 0.1486639529466629 
car 0.13196945190435372 -37.54955673217785 -2.1189582347870033 2.0107803344726562 5.082718849182129 1.8495867252349854 1.6946862379657193 0.14796096086502075 
car 6.140102386474609 39.283477783203125 0.917778730392449 1.9611601829528809 4.886892318725586 1.9367661476135254 -1.6705150604248047 0.1359371542930603 
car 11.008888244628793 37.51043701171875 1.296714782714833 1.5542230606079102 3.0094525814056396 2.099989891052246 1.5128468275070188 0.13328273594379425 
car 16.36975860595703 44.771171569824105 1.5817161798477066 1.994982361793518 4.991260528564453 1.8452913761138916 -1.7638206481933594 0.13152550160884857 
car -12.274154663086108 -46.496101379394645 -2.422564029693614 2.2140932083129883 5.73075008392334 1.991288423538208 3.122401062642233 0.12014025449752808 
car -13.466480255127124 -45.26021957397484 -2.4345161914825564 1.9569085836410522 4.845860958099365 1.8120737075805664 -2.962079524993896 0.11232391744852066 
car 11.69102478027321 48.8751220703125 1.7953537702560318 2.143198251724243 4.34039306640625 2.3494229316711426 -1.2613918781280515 0.10388568788766861 
car -8.106391906738452 47.76364135742176 1.0994069576263286 2.018153190612793 5.046083450317383 2.2471766471862793 1.6042349974261685 0.10275837779045105 
car -17.763481140136832 20.176734924316406 -0.7593628168106203 2.599174737930298 5.528351783752441 2.5242528915405273 1.0984717607498171 0.10030225664377213 
car 21.350318908691236 44.684364318847656 2.78754973411559 2.9809820652008057 15.70742416381836 4.156877517700195 -1.6547967195510866 0.17118766903877258 
car -8.05307769775402 53.77369689941395 2.1998682022094584 2.317809820175171 4.129610061645508 3.0668468475341797 1.9913151899920865 0.12781131267547607 
movable_object 12.165260314941293 -27.787303924560547 -1.8581148386001693 3.307967185974121 0.5944246053695679 0.9875544905662537 1.5426319837570188 0.1402781903743744 
movable_object 10.467498779296818 48.24054718017567 1.1853486299514664 1.5650432109832764 0.5204474329948425 1.1247360706329346 -2.9019470214843746 0.1365184783935547 
movable_object 0.848506927490007 25.442367553710824 -0.07364536076785377 2.0911500453948975 0.41628652811050415 0.9809592962265015 -1.1168277263641355 0.12694616615772247 
movable_object -6.867279052734489 -53.76075363159174 -2.343255519866954 2.221973419189453 0.5154216289520264 1.0306615829467773 0.2581335306167605 0.12627267837524414 
movable_object 0.32995986938453825 26.73524475097645 0.036706473678332685 2.1254801750183105 0.47341033816337585 0.9705857038497925 0.6209627389907834 0.12076333910226822 
movable_object 0.8728218078613281 25.043731689453068 -0.07467699050904386 2.5036635398864746 0.42321258783340454 0.9369949102401733 -1.1978628635406492 0.11352238059043884 
movable_object 0.3871726989744957 25.46808624267561 -0.0515919364988946 2.144219160079956 0.4494718909263611 0.9790651798248291 -0.7144652009010314 0.11155880987644196 
movable_object 0.41954803466796875 26.09251403808588 -0.023798638954769302 1.9445441961288452 0.48358190059661865 0.9450429081916809 -0.2209682464599612 0.10489431023597717 
bicycle -19.051265716552848 20.024894714355355 -1.1987478733062868 0.635517418384552 1.8335049152374268 1.1763486862182617 -2.5536143779754634 0.3154715895652771 
bicycle 0.7725143432617188 26.099388122558594 -0.030680406838662577 0.5560459494590759 1.6201883554458618 1.1270502805709839 -2.955456733703613 0.2174026370048523 
bicycle 11.068885803222543 36.293502807617074 0.8997583389282049 0.6827938556671143 1.904443383216858 1.2624235153198242 -0.1801927089691159 0.20997053384780884 
bicycle 8.778949737548658 -34.631874084472884 -2.2836749553680544 0.6205179691314697 1.6130082607269287 1.1421318054199219 1.6905205885516568 0.19539503753185272 
bicycle -0.14750289916992188 -35.34069824218767 -2.216475725173961 0.7816153168678284 2.0540449619293213 1.3489981889724731 0.026840090751647956 0.19528044760227203 
bicycle 16.053741455078068 42.44204711914051 1.3408524990081716 0.621521532535553 1.8157166242599487 1.1983540058135986 -3.0959591865539546 0.1858411729335785 
bicycle 13.36428070068348 13.528038024902287 0.7104582786559952 0.7123062014579773 2.169100284576416 1.4040420055389404 0.5166805982589722 0.18059353530406952 
bicycle -18.114372253418082 23.21474456787098 -0.37639233469964495 0.6988474130630493 1.9211262464523315 1.3281617164611816 -0.6898116469383238 0.1727403849363327 
bicycle 5.079364776611385 47.16820526123047 0.932146787643422 0.9610133171081543 2.106977939605713 1.638124704360962 -3.0439467430114746 0.16042602062225342 
bicycle -41.11524200439459 9.52337265014637 -0.7494784593582189 0.556130051612854 1.614801049232483 1.137225866317749 0.188866972923279 0.15859170258045197 
bicycle 26.0297012329101 -4.915962219238395 -1.0021040439605837 0.6020926237106323 1.5568363666534424 1.1217215061187744 -2.585370063781738 0.15833106637001038 
bicycle -26.792926788330135 10.539527893066293 -0.8036638498306417 0.6592475771903992 1.8894153833389282 1.2568943500518799 -2.7707438468933105 0.1477196365594864 
bicycle -12.130706787109602 -44.113838195800895 -2.0598409175872874 0.6616053581237793 1.8603017330169678 1.28926682472229 0.8853338956832887 0.14579987525939941 
bicycle -17.232208251953182 -28.038347244262866 -1.9844167232513517 0.6748524308204651 1.6606439352035522 1.4384123086929321 2.4838913122760222 0.1445053368806839 
bicycle 7.628486633300724 40.488647460937386 0.5569611191749466 0.6699439883232117 1.843810796737671 1.2445194721221924 -0.6622608900070188 0.13107652962207794 
bicycle 3.987297058105412 -32.723247528076286 -1.9272572994232338 0.4429153501987457 1.398974895477295 0.9997625946998596 -1.74207603931427 0.13100199401378632 
bicycle -23.199626922607592 -35.12819671630871 -2.7028150558471804 0.9041839838027954 1.997671365737915 1.5113369226455688 1.8836181799518033 0.12978443503379822 
bicycle 10.41896820068365 48.291564941406136 1.1223775148391653 0.6131815314292908 1.5957005023956299 1.1490373611450195 -1.4983428716659548 0.12633733451366425 
bicycle 5.143100738525277 -31.52859306335472 -0.9935460090637349 0.5739732980728149 1.7116444110870361 1.1821022033691406 1.3773721456527706 0.12195634841918945 
bicycle -1.68523025512701 -39.35176849365246 -2.781919002532973 0.7292875051498413 1.8814529180526733 1.6780095100402832 1.6563313643084925 0.12097081542015076 
bicycle -19.933773040771484 20.123573303222656 -1.053090095520032 0.7828338146209717 2.1011035442352295 1.317232370376587 -2.674320697784424 0.11453050374984741 
bicycle 5.219226837157976 53.76161956787098 1.3472689390182353 0.7564690709114075 1.8436906337738037 1.5424641370773315 -2.2510550022125244 0.11324933916330338 
bicycle 15.86501312255848 23.784294128417855 -0.09163655340672605 0.5353808403015137 1.6151294708251953 1.080126166343689 1.4134548902511594 0.10733123123645782 
bicycle -18.74664688110363 -32.6553497314456 -2.4220485687256037 0.6017441749572754 1.7254235744476318 1.1983999013900757 -1.654136180877685 0.1037309467792511 
bicycle -11.203170776367244 23.62294006347645 -0.066556178033359 0.6304814219474792 1.3489446640014648 1.4379552602767944 -0.8375648856163025 0.10365231335163116 
bicycle 11.001060485839844 37.306884765624886 0.9042074680328298 0.9957274794578552 2.426456928253174 1.579575777053833 1.4785605669021604 0.10288791358470917 
pedestrian -11.846725463867358 14.0685195922851 -0.7167848944664073 0.6713723540306091 0.8141535520553589 1.7811822891235352 -1.4382877349853513 0.8465831279754639 
pedestrian 8.224815368652173 -15.379108428955192 -1.232789754867568 0.6820725798606873 0.7863081693649292 1.8002564907073975 1.5685144662857051 0.8391718864440918 
pedestrian 8.248142242431413 8.05015563964838 -0.5743167400360232 0.5914307832717896 0.6747338175773621 1.6369965076446533 -1.4884829521179195 0.8385182619094849 
pedestrian -12.11703109741228 12.41308593749983 -0.8679330348968666 0.690376341342926 0.8272600173950195 1.7325677871704102 -1.5675001144409177 0.8346890807151794 
pedestrian -5.070095062255859 -29.553312301635742 -1.834495663642885 0.7756814360618591 0.9080489277839661 1.9181538820266724 -0.00949382781982395 0.8309990167617798 
pedestrian 8.852775573730526 8.837528228759652 -0.4682153463363772 0.6039479970932007 0.6917575597763062 1.7121210098266602 1.6628821531878872 0.8234269618988037 
pedestrian 6.180671691894418 -26.659294128418082 -1.6460746526718228 0.6260325312614441 0.6879472732543945 1.7391332387924194 -1.7449399232864378 0.8232821226119995 
pedestrian 7.463115692138615 -16.323863983154354 -1.2620083093643295 0.6780754327774048 0.8154774904251099 1.8142348527908325 1.5524688959121702 0.8116023540496826 
pedestrian -11.5711288452149 -35.06345367431646 -1.877646207809459 0.6323546171188354 0.6956747174263 1.7818777561187744 -1.5692201852798464 0.8091356158256531 
pedestrian -11.489643096923999 3.8066825866696945 -1.2528246641159164 0.6975265145301819 0.8192363977432251 1.689424753189087 1.3874863386154175 0.8046110272407532 
pedestrian 4.671985626220533 -29.73539543151867 -1.695292115211501 0.698366105556488 0.7989702820777893 1.8566782474517822 -2.609888076782226 0.7616370916366577 
pedestrian 7.290813446044979 -26.516651153564453 -1.5753073692321884 0.6209575533866882 0.6922560334205627 1.779632329940796 -1.8015367984771729 0.761538028717041 
pedestrian -12.460834503173885 -35.30377197265642 -1.886533975601207 0.6470521688461304 0.7093795537948608 1.7893786430358887 -1.5607196092605589 0.7540749311447144 
pedestrian -19.97034454345703 -26.7695693969726 -1.8926948308944844 0.647295355796814 0.6186102628707886 1.8491811752319336 2.2506645361529753 0.6866844296455383 
movable_object 5.948795318603345 4.174018859863111 -1.2070195674896365 0.3435107171535492 0.3489845097064972 0.7463344931602478 2.0851538817035125 0.6644604206085205 
pedestrian 6.4334411621092045 -43.09170913696306 -1.4109048843383967 0.7297448515892029 0.8476898670196533 1.9486937522888184 -1.5442509651184078 0.6508117318153381 
pedestrian 7.099037170410099 -27.67288589477539 -1.6094967126846367 0.6297531127929688 0.7071929574012756 1.801603078842163 -1.916881442070007 0.6158146858215332 
pedestrian 8.91048812866211 28.126228332519418 0.4812313914298869 0.6521285772323608 0.7460504770278931 1.7255395650863647 1.425627827644348 0.6151787042617798 
pedestrian 5.479331970214673 -28.628398895263786 -1.6623628139495974 0.6715201735496521 0.742820680141449 1.817366600036621 -2.3451826572418213 0.6020334959030151 
pedestrian 7.443286895751953 -46.456253051757926 -1.3827819824218786 0.6656323671340942 0.7345089316368103 1.8795779943466187 1.7369230429278772 0.5925010442733765 
pedestrian -19.87834548950218 -26.156641006469897 -1.911336541175853 0.6298057436943054 0.6086235046386719 1.8126399517059326 -2.805323600769043 0.5907645225524902 
pedestrian -11.220546722412166 23.55632781982422 -0.043176382780078626 0.6413522958755493 0.6348717212677002 1.7197470664978027 -0.27104949951171853 0.5747246742248535 
pedestrian 8.25653839111311 -45.75786590576183 -1.3257755041122579 0.6596697568893433 0.7139379978179932 1.8504316806793213 1.857578579579489 0.517481803894043 
pedestrian 8.503639221191293 -16.953426361084155 -1.2754541635513448 0.5869306325912476 0.611996054649353 1.740132212638855 2.163357559834616 0.45194584131240845 
pedestrian -17.48048782348627 -27.831312179565373 -1.907966732978828 0.6289860606193542 0.6316009759902954 1.741990327835083 1.0341762304306026 0.45068609714508057 
pedestrian 7.520900726318246 -53.8411598205567 -1.701411008834853 0.7156679034233093 0.771201491355896 1.8305070400238037 -1.3780144453048704 0.4122437834739685 
pedestrian 7.035778045654354 -46.58560943603533 -1.4185342788696396 0.6574875712394714 0.7325836420059204 1.8506382703781128 1.705636803303854 0.4000633656978607 
pedestrian 8.116821289062386 -16.602874755859375 -1.285530924797067 0.6489685773849487 0.7516810894012451 1.7908300161361694 1.563037037849426 0.3238580822944641 
pedestrian 8.214424133300724 8.625522613525277 -0.5520787835121226 0.5963727831840515 0.702522873878479 1.6897917985916138 -1.4964478015899654 0.32040947675704956 
movable_object 0.6742057800291832 26.069061279296818 -0.02784831076860783 0.4183989465236664 0.418488085269928 1.2334953546524048 1.712602440510885 0.3098571300506592 
pedestrian 6.758991241455078 -46.94288635253906 -1.486505031585697 0.6400555372238159 0.7034763693809509 1.8114126920700073 1.6884921232806605 0.3021959960460663 
pedestrian -11.754127502441577 -35.475414276123104 -1.898695468902595 0.6661142110824585 0.7776932716369629 1.8078701496124268 -1.5451198816299436 0.27644607424736023 
movable_object 14.531295776367244 22.514900207519474 0.08271747827529374 0.3809325695037842 0.3719376027584076 0.9585160613059998 -2.881604671478271 0.2686576247215271 
pedestrian 6.267822265624773 -27.13297080993658 -1.657642364501962 0.648763120174408 0.7328840494155884 1.7908787727355957 -1.8584074974060059 0.2509484589099884 
pedestrian -17.115703582763672 -28.39676475524908 -2.0302753448486364 0.6074339151382446 0.6326919794082642 1.5339534282684326 1.5414742231369016 0.24779775738716125 
pedestrian -9.186370849609318 -31.596160888672046 -1.7930386066436856 0.563490629196167 0.5502840876579285 1.689725399017334 -0.07560634613037087 0.24743284285068512 
pedestrian 8.635578155517578 -47.85500335693371 -1.6825579404830986 0.6843845844268799 0.7113621234893799 1.7853301763534546 1.638913933430807 0.24644118547439575 
pedestrian 14.106872558593807 24.101875305175668 0.3857339620590139 0.5660936832427979 0.5363568067550659 1.6149595975875854 -0.6939755082130431 0.23212042450904846 
movable_object -26.55067443847662 5.280105590820199 -1.6521766185760605 0.3462374806404114 0.3516186475753784 1.0149105787277222 -0.09008288383483871 0.22844770550727844 
movable_object -11.481128692626896 -20.482723236083984 -2.129650115966802 0.375652015209198 0.38036543130874634 0.9860460758209229 1.2185209989547727 0.22436729073524475 
pedestrian 7.946968078613281 -46.37977981567383 -1.3566743135452342 0.6765155792236328 0.7545446753501892 1.8556199073791504 1.7715504805194302 0.2203829288482666 
pedestrian -15.337509155273608 -33.84137725830095 -2.172276735305795 0.6871566772460938 0.7760298848152161 1.3301342725753784 2.992002789174216 0.21652597188949585 
pedestrian 5.153789520263729 -31.44211578369152 -1.5035218000412112 0.6491924524307251 0.6780703067779541 1.863410234451294 2.6626103560077117 0.20988549292087555 
pedestrian -11.776031494140682 -43.605342864990405 -2.116054773330699 0.6238313913345337 0.6235908269882202 1.6076676845550537 -0.05871760845184291 0.20438984036445618 
movable_object -9.30793762207037 -27.507116317749194 -2.116588592529313 0.3993285894393921 0.3944810628890991 1.2692101001739502 0.36803936958312955 0.19100037217140198 
pedestrian -19.635986328125 -37.98943328857416 -1.9780652523040771 0.6391565799713135 0.5957978367805481 1.838181495666504 0.2566756010055544 0.1862206906080246 
movable_object 10.436775207519418 48.21437835693348 1.2729785442352153 0.5441203713417053 0.557662844657898 1.2020938396453857 -2.589726448059082 0.18500009179115295 
movable_object 10.610015869140682 -27.325202941894645 -1.9122810363769638 0.3898433446884155 0.39321520924568176 0.9730219841003418 2.0948255697833464 0.1821906566619873 
pedestrian -22.995296478271655 -34.65621948242193 -2.7183935642242503 0.6817895174026489 0.7390519380569458 1.4991555213928223 -2.5418205261230464 0.17713135480880737 
movable_object 8.91208267211897 -20.322669982910213 -1.8631190061569374 0.3435479700565338 0.3489636182785034 0.8952478170394897 3.138316933308737 0.16576705873012543 
pedestrian 7.5622825622558025 -16.907341003418196 -1.3003839254379415 0.6818684339523315 0.827269434928894 1.8004000186920166 1.5544432401657104 0.1651635766029358 
movable_object 13.022857666015454 22.49394989013672 -0.040159337222588576 0.34685641527175903 0.34341341257095337 0.8733851909637451 1.8659108320819302 0.16306929290294647 
pedestrian 5.495071411132699 53.589942932128906 1.6082714796066213 0.7140656113624573 0.7322226762771606 1.620968222618103 -1.6303883790969846 0.16300012171268463 
pedestrian -23.138412475586165 -36.12306976318382 -2.599653005599988 0.7017652988433838 0.7460628151893616 1.6771341562271118 2.097902123128073 0.16138611733913422 
pedestrian -12.120697021484546 13.628395080566293 -0.8081637024879562 0.6621144413948059 0.84380042552948 1.7705278396606445 -1.5393757820129395 0.16132013499736786 
movable_object -7.521171569824332 37.93177795410156 0.3953029215335775 0.42424723505973816 0.42090585827827454 1.1169644594192505 -0.2388299703598021 0.15197011828422546 
pedestrian 8.515373229980355 -15.7566947937014 -1.2910035848617643 0.6670674681663513 0.7861125469207764 1.8059275150299072 1.583415810261862 0.15125058591365814 
pedestrian -42.824710845947436 9.164028167724496 -0.841426730155959 0.5839648246765137 0.6035766005516052 1.5998039245605469 -2.574888706207275 0.14628536999225616 
pedestrian 10.725601196288949 36.28247833251942 0.8456909656524481 0.6234313249588013 0.6482547521591187 1.6123337745666504 -1.887729406356811 0.14595529437065125 
pedestrian 15.39931488037098 47.29770660400379 1.4967037439346242 0.5715799927711487 0.58113032579422 1.5833210945129395 -1.871641635894775 0.14098937809467316 
pedestrian 5.784172058105298 -49.67790222167986 -2.0053477287292587 0.5932356119155884 0.6008480787277222 1.5693707466125488 1.7509873549090786 0.1376875638961792 
pedestrian 6.3117408752441975 -37.08027648925781 -1.4774531126022392 0.488231897354126 0.4804866313934326 1.5423632860183716 2.943450752888815 0.13482309877872467 
pedestrian 14.625457763671818 23.660858154296648 0.37916308641432295 0.612943172454834 0.6056521534919739 1.6342440843582153 1.972067181264059 0.13301794230937958 
movable_object 15.276046752929574 25.54042053222645 0.32491126656530867 0.5071974396705627 0.5137170553207397 1.400468111038208 -0.9473405480384827 0.12955906987190247 
pedestrian 5.262641906738338 47.569679260253906 1.501015186309811 0.6978836059570312 0.7018833160400391 1.674534797668457 2.8224256674395964 0.1295100748538971 
pedestrian -19.481575012206918 -37.56425094604492 -1.9668312072753906 0.6508600115776062 0.6179517507553101 1.842205286026001 0.22045850753784185 0.12567442655563354 
pedestrian 8.316432952880746 -48.187187194824276 -1.6541416645050084 0.7278783321380615 0.78133225440979 1.8543641567230225 1.718773190175192 0.1242780089378357 
pedestrian 7.680732727050668 -15.443183898925838 -1.267569661140449 0.6791675090789795 0.8222060203552246 1.7704108953475952 1.581705395375387 0.1239563599228859 
movable_object -7.442916870117301 40.920150756835824 0.3587448298931015 0.4310969114303589 0.418628454208374 1.0835494995117188 -0.38359248638153054 0.12303772568702698 
pedestrian 10.576835632323991 53.77016448974598 1.447669744491563 0.6739519238471985 0.6945633292198181 1.6731313467025757 -1.670967698097229 0.1212090402841568 
pedestrian -10.310249328613395 53.71644592285156 1.6417715549468923 0.6860074996948242 0.7034200429916382 1.7286767959594727 -1.7335022687911985 0.11783634126186371 
pedestrian -20.866230010986328 -36.38295364379877 -2.101717472076423 0.6118019819259644 0.6272700428962708 1.587827205657959 0.9581285715103144 0.11529819667339325 
movable_object 12.502319335937273 47.67424774169899 1.329382419586171 0.44380658864974976 0.4384784400463104 1.2583245038986206 -0.3050333261489867 0.11425036191940308 
pedestrian 7.488777160644645 -53.29142379760759 -1.4081542491912877 0.7316095232963562 0.7794910669326782 1.8809268474578857 -1.3343217372894287 0.11230801790952682 
pedestrian -16.511005401611442 -29.599573135375977 -2.0819885730743586 0.6424881219863892 0.7260563373565674 1.39189875125885 1.9568308035479947 0.11152148991823196 
pedestrian 5.86014175415022 -27.155153274536303 -1.6979935169220024 0.6493402123451233 0.7363487482070923 1.7573213577270508 -1.924816370010376 0.11149393767118454 
pedestrian -16.95713043212902 -29.63686561584467 -2.0762772560119735 0.5917360186576843 0.6454089879989624 1.422816514968872 1.6180742422686976 0.11136457324028015 
pedestrian 5.650615692138558 -28.07500648498541 -1.6658860445022654 0.6652193069458008 0.7492592334747314 1.799808144569397 -2.2702264785766606 0.11027709394693375 
pedestrian 8.753406524658203 -44.57301330566406 -1.4849667549133443 0.6247710585594177 0.6506885290145874 1.7703545093536377 2.452568833027975 0.11000845581293106 
pedestrian -17.044681549072322 -29.08912086486822 -2.088767766952518 0.6176975965499878 0.663516640663147 1.4673123359680176 1.7626712957965298 0.10919466614723206 
pedestrian -16.587810516357592 -34.289279937744254 -2.3150782585144167 0.5956357717514038 0.6379633545875549 1.177182674407959 0.6650394201278682 0.10793286561965942 
pedestrian 7.057792663574219 -46.07287216186529 -1.4239616394043146 0.6674977540969849 0.7636695504188538 1.8505256175994873 1.710290257130758 0.10786426067352295 
movable_object 8.93809890747059 -18.87700653076172 -1.516949176788339 0.37055838108062744 0.3645175099372864 1.2669343948364258 -3.0082602500915523 0.10773376375436783 
9ee4020153674b9e9943d395ff8cfdf3