car 15.118438720703267 -16.008872985839844 -1.4278731346130407 1.859546184539795 4.487975120544434 1.6001849174499512 -1.5244246721267696 0.8306424021720886 
car -1.0194778442381676 9.37254333496088 -0.5453137755393946 1.990793228149414 4.697014331817627 1.868456482887268 1.7558305899249478 0.7934836149215698 
car 11.458213806152486 -8.292209625244197 -1.258733987808224 1.7962497472763062 4.420230865478516 1.4531720876693726 -1.549090504646301 0.7595558762550354 
car 11.8548583984375 -18.41028976440441 -1.2227084636688197 2.06746244430542 4.916107177734375 2.110264301300049 -1.560046076774597 0.7385382056236267 
car 31.510498046875085 -40.32883834838867 -2.397474050521847 2.0538618564605713 4.792238235473633 1.8340857028961182 3.090408150349753 0.2511579394340515 
car -13.43120574951169 51.21552276611328 2.808659791946422 2.133601427078247 5.0125732421875 1.9363796710968018 -3.1345138549804688 0.21413031220436096 
car 5.734210968017777 -53.83823394775385 -2.29768705368042 1.9562044143676758 4.612748146057129 1.747734546661377 -0.0033855438232424746 0.17397722601890564 
car -29.108549118041793 -39.979461669921875 -0.40471288561820984 1.88448166847229 4.415078639984131 1.556392788887024 0.047280907630920195 0.16071012616157532 
car 42.2642364501954 -3.9555892944335938 -1.2692047357559204 1.9209847450256348 4.501771926879883 1.6928629875183105 1.365883231163025 0.15525215864181519 
car -0.8409156799314985 36.24899291992182 -0.1422368288040161 1.849930763244629 4.36922025680542 1.5744829177856445 -0.48743975162506126 0.14730781316757202 
car -42.23364257812477 -50.63053512573242 0.39908915758132935 1.9758455753326416 4.6222920417785645 1.764949917793274 1.070502638816833 0.11426518112421036 
car -12.971790313720561 39.309898376464844 2.2538549900054967 1.9407364130020142 4.4542975425720215 1.6868027448654175 3.1392648855792453 0.11373375356197357 
car -0.2901878356932741 30.333526611328068 -0.5211998224258352 1.8195343017578125 4.286311149597168 1.5315203666687012 -1.278075814247131 0.10123635828495026 
car 14.629455566406335 4.454669952392578 -0.2768228948116267 2.427947521209717 6.266413688659668 3.1528549194335938 -1.557769656181335 0.8450793027877808 
car 15.12673950195338 -6.9122886657714275 -0.11933615803718567 3.0107381343841553 10.554229736328125 3.829606771469116 -1.5192549228668208 0.8067899942398071 
car 3.895092010498132 -14.909065246582088 -0.6249910593032801 2.911176919937134 3.8490240573883057 3.1109542846679688 -1.7095507383346553 0.7415383458137512 
car 31.512222290039205 -40.33084106445307 -2.437896966934204 2.121100425720215 5.163224220275879 1.939468264579773 3.111998860036033 0.36325961351394653 
car 42.28227996826189 -4.492282867431584 -1.2935584783554077 2.09700345993042 5.4238362312316895 2.0361571311950684 -1.5176519155502317 0.25385525822639465 
car 5.158603668213118 -53.787303924560604 -2.5640771389007604 1.9401485919952393 3.6583452224731445 2.1471471786499023 -0.5166736841201782 0.24178430438041687 
car -18.914840698242102 -22.484128952026424 -0.5544835925102198 2.083151340484619 4.1404595375061035 2.1396682262420654 -1.3002305030822754 0.1543802171945572 
car -17.09410858154277 51.296836853027344 3.154799938201908 2.962055206298828 12.187694549560547 4.0849409103393555 3.1345689932452605 0.14780960977077484 
car -21.32727050781233 28.445289611816406 0.999649047851566 1.8555669784545898 3.674602746963501 2.1851401329040527 2.3704436461078093 0.13963009417057037 
car -5.048137664794837 42.90423583984375 2.792803764343269 3.0710930824279785 7.074953556060791 3.6511459350585938 -1.5205848217010494 0.13030210137367249 
car 11.828735351562699 -18.4287490844726 -1.2309725284576416 2.0040297508239746 5.046139717102051 2.028925657272339 -1.5511324405670162 0.1299026608467102 
car 5.635604858398494 53.828125 1.027974843978889 3.0137758255004883 4.715038299560547 2.9583888053894043 -1.6600943803787227 0.1268204003572464 
car -30.900154113769332 43.445419311523494 2.612824916839603 2.744492530822754 4.984671115875244 3.1208858489990234 -3.077812671661376 0.11554187536239624 
car 41.13174438476568 41.10170745849598 0.23888069391250966 2.13366436958313 5.418316841125488 2.161412477493286 -2.8816778659820548 0.11328718066215515 
car -24.2694797515868 28.516319274902344 0.8616142272949254 3.3487067222595215 7.272958278656006 3.110454797744751 0.004827618598937401 0.11287089437246323 
car -31.482917785644446 41.67895507812494 2.4100012779235875 2.655846118927002 4.549771308898926 3.02870774269104 2.424998108540671 0.10289217531681061 
car 26.690628051757955 -23.674535751342773 -0.6475279927253688 2.9298129081726074 6.864897727966309 3.29474139213562 1.603212658558981 0.10134455561637878 
car 39.84133911132821 39.89498901367182 0.4424709677696228 1.9331868886947632 2.1570727825164795 2.3250091075897217 0.011832237243651894 0.2382677048444748 
car 28.523094177246236 -40.50004577636719 -2.114152431488037 2.872502326965332 10.784178733825684 3.1815712451934814 -3.095540046691894 0.21446877717971802 
car 5.598167419433764 -53.785167694091854 -2.308204889297482 2.1133933067321777 3.9493560791015625 2.3870277404785156 0.00047147274017270857 0.1436038315296173 
car 29.11560058593767 -25.442546844482365 -0.7976737022399938 2.8083627223968506 6.894221305847168 3.362989902496338 0.014134645462035819 0.14037775993347168 
car 37.513076782226676 41.11439514160156 0.7066242694854772 3.09924054145813 13.090600967407227 3.753800392150879 3.0993698279010227 0.1287107616662979 
car 7.512420654297017 -17.606365203857422 -1.7693943977355957 1.08487868309021 2.115288496017456 1.2753679752349854 1.5018199682235713 0.10220099985599518 
movable_object 2.2256851196290484 -11.691013336181697 -1.5360653400421107 2.0893969535827637 0.5325415730476379 1.005525827407837 3.1260817686664035 0.8572326302528381 
movable_object 9.484100341796932 -14.645149230957031 -1.6518505811691284 2.110607147216797 0.5295388698577881 1.0350662469863892 0.5732120275497433 0.7712745666503906 
movable_object 2.2029991149904333 -13.675491333007812 -1.5841095447540283 1.9527676105499268 0.542593240737915 1.0259500741958618 3.135820213948386 0.7416215538978577 
movable_object 2.270328521728601 -17.68882369995123 -1.589196085929867 2.079184055328369 0.5484451055526733 1.0511319637298584 -3.086390495300292 0.736013650894165 
movable_object -13.986064910888473 -37.65252685546875 -1.1394648551940918 2.0162670612335205 0.6234571933746338 1.1237854957580566 1.639352623616354 0.6965811848640442 
movable_object 2.209095001220902 -15.843307495117188 -1.5557867288589478 1.9995200634002686 0.5337687134742737 1.0861940383911133 -3.1015818119049063 0.683121919631958 
movable_object -11.88537597656233 -37.57753372192383 -1.347529411315918 2.0074360370635986 0.5489438772201538 1.0831388235092163 1.629708592091696 0.6577353477478027 
movable_object -18.30778884887667 -38.75312805175781 -0.8584631085395813 2.0343830585479736 0.7448515892028809 1.0255166292190552 1.5968659559832976 0.6397881507873535 
movable_object -16.41789627075184 -38.649406433105526 -0.9414181113243068 2.128612995147705 0.7310972809791565 1.044862985610962 1.6504457632647915 0.6161555647850037 
movable_object 2.3282203674316975 -19.933593750000057 -1.641064047813412 2.0680272579193115 0.524031400680542 1.0464279651641846 -3.13614273071289 0.6146313548088074 
movable_object 10.052528381347884 -16.56775283813471 -1.75650858879089 2.0928874015808105 0.5380790829658508 1.0397686958312988 0.06054210662841769 0.5849143266677856 
movable_object -38.73137664794916 -38.62509918212896 0.06326486915350671 1.9796390533447266 0.6836334466934204 0.9454132914543152 1.6225622336017056 0.5590525269508362 
movable_object -20.183326721191463 -38.81147766113287 -0.8468561172485316 1.9355578422546387 0.7173011898994446 0.9872103929519653 1.6260975042926236 0.5410345196723938 
movable_object 10.111724853515824 -18.34267425537115 -1.7270587682724 2.1695809364318848 0.5040114521980286 1.0078794956207275 0.003559827804565063 0.5292874574661255 
movable_object -35.705230712890426 -38.542465209960994 -0.024208050221201205 1.9063341617584229 0.7364097237586975 0.9518457055091858 1.623946015034811 0.5251763463020325 
movable_object -41.107578277587635 -38.691192626953125 0.1385572999715805 2.0162851810455322 0.6099829077720642 1.0311843156814575 1.5431898832321165 0.4960187077522278 
movable_object -22.47778892517087 -39.12140274047857 -0.8296539783477748 1.9133342504501343 0.6964244246482849 0.9609574675559998 1.6583851019488733 0.4782906174659729 
movable_object -12.144714355468608 -37.98096466064459 -1.292970180511471 1.968070387840271 0.6235871315002441 1.1219041347503662 1.633406464253561 0.4728612005710602 
movable_object 10.299232482910185 -20.089851379394588 -1.6830861568450892 1.8774919509887695 0.4344401955604553 1.0375416278839111 0.11993086338043156 0.4669213891029358 
movable_object -30.27741241455047 -39.29577636718744 -0.4384389519691432 1.961889624595642 0.6887396574020386 0.9510993361473083 1.5734460989581507 0.4649873971939087 
movable_object -30.893812179565344 -38.19127273559576 -0.3779190182685781 1.991590976715088 0.6773633360862732 0.9430972933769226 1.634981457387106 0.4513731002807617 
movable_object -28.54884719848627 -39.24961090087896 -0.6199560165405238 1.9912434816360474 0.6488892436027527 0.9957337379455566 1.569879174232483 0.43042391538619995 
movable_object 2.669982910156392 -21.306625366210938 -1.6709368228912354 1.8491997718811035 0.48254144191741943 1.025065541267395 -2.7551472187042227 0.416411817073822 
movable_object -12.226432800292798 -38.594444274902344 -1.2619917392730713 2.0371482372283936 0.6283367872238159 1.1263914108276367 1.7247632185565396 0.4151652455329895 
movable_object 3.3252449035646237 -21.892704010009766 -1.7077760696411133 1.9727946519851685 0.49039286375045776 1.0543410778045654 -2.474844455718994 0.4126531183719635 
movable_object -44.06578063964838 -38.66028594970709 0.22141847014427896 1.9957035779953003 0.5884189605712891 1.0861735343933105 1.5059641599655151 0.4046773612499237 
movable_object -5.816993713378736 22.903564453125057 -0.07498465478420258 3.338843822479248 0.5994081497192383 0.9733909368515015 -1.5911415815353391 0.3957524299621582 
movable_object -45.80654907226551 -38.619407653808594 0.22860144078731537 2.0999245643615723 0.5968866348266602 1.0988070964813232 1.5399631261825562 0.386821985244751 
movable_object -28.524236679076893 -38.74058151245117 -0.6561566591262853 1.8714004755020142 0.6569055914878845 0.962973952293396 1.590982262288229 0.3691592216491699 
movable_object -32.74717712402318 -38.51980972290039 -0.16094210743904114 2.058682918548584 0.7376294136047363 0.9482214450836182 1.6246464888202112 0.3597482442855835 
movable_object 8.646797180175923 -22.409322738647404 -1.7620964050292969 2.0047004222869873 0.4615624248981476 1.0621923208236694 -0.31488621234893827 0.34826549887657166 
movable_object 8.094211578369311 -13.514205932617188 -1.5062272548675537 1.7343776226043701 0.4851071238517761 1.0123509168624878 -1.623602986335754 0.34321215748786926 
movable_object 3.8075103759767615 -21.91141128540039 -1.7083191871643066 1.993353009223938 0.47994065284729004 1.0870708227157593 -2.606969356536865 0.3334009647369385 
movable_object -14.798767089843693 -38.6862030029298 -1.0483341217041016 2.0268847942352295 0.688585102558136 1.134701132774353 1.6483252684222622 0.333353191614151 
movable_object -30.34930419921855 -38.718963623046875 -0.4863209128379786 1.9699656963348389 0.7297122478485107 0.9406318664550781 1.5589231252670288 0.32942995429039 
movable_object -36.876960754394446 -38.349235534668026 0.04412920027971978 2.1276118755340576 0.7866255044937134 0.9273818135261536 1.6031172911273401 0.30413657426834106 
movable_object 8.19763565063488 -22.49528121948248 -1.7592525482177734 2.0629358291625977 0.4609544575214386 1.0792222023010254 -0.8068775534629822 0.2918509840965271 
movable_object -3.8619422912596804 -7.0370216369629475 -0.9476841688156128 2.4211854934692383 0.527298092842102 1.0141830444335938 -0.4601144790649418 0.28702592849731445 
movable_object -34.52537155151356 -38.32472991943365 -0.05883401632308605 2.1816744804382324 0.7643395662307739 0.9738337397575378 1.5947254339801238 0.2843257486820221 
movable_object 9.181930541992301 -22.453151702880916 -1.76229727268219 2.0821852684020996 0.4859375059604645 1.0830448865890503 -0.4264687299728395 0.2732444405555725 
movable_object -27.303255081176644 -38.63452911376953 -0.6993976831436122 1.8792630434036255 0.6903359293937683 0.9326214790344238 1.5949724356280726 0.2569564878940582 
movable_object -14.614196777343608 -38.06457519531256 -1.078336596488949 1.944080114364624 0.6870995163917542 1.120163917541504 1.7766173521624968 0.25121086835861206 
movable_object 2.298713684082003 -21.25064468383789 -1.6686635017394984 1.8624415397644043 0.49143391847610474 1.0158113241195679 3.106288258229392 0.24636711180210114 
movable_object -19.46851348876939 -20.881771087646598 -0.3750718533992732 1.9202251434326172 0.46341556310653687 0.9901944398880005 1.729348961506979 0.21757866442203522 
movable_object -11.109310150146172 -38.61252975463867 -1.379859209060669 2.069288492202759 0.5688300132751465 1.0885709524154663 0.4798837900161739 0.21707960963249207 
movable_object -28.523546218871985 -38.29913711547857 -0.5955246686935389 2.0138509273529053 0.6472740173339844 0.9479561448097229 1.5527073144912718 0.2157716155052185 
movable_object 8.567882537841854 -13.540641784668026 -1.5341297388076747 1.8465923070907593 0.4474925100803375 0.9816916584968567 -0.5719965696334841 0.21445362269878387 
movable_object 3.859394073486442 -23.04203987121582 -1.727585077285763 1.906785488128662 0.4873686730861664 1.0375478267669678 -2.9082565307617183 0.19741497933864594 
movable_object 2.8146247863771805 -22.333215713500977 -1.6830625534057617 2.1033244132995605 0.533410906791687 1.0770319700241089 -2.85840630531311 0.1899414211511612 
movable_object 8.847637176513814 -14.021446228027287 -1.588333129882809 2.105245590209961 0.5176469087600708 1.0465118885040283 0.4521232843399042 0.17418870329856873 
movable_object -23.612642288207866 -38.877632141113224 -0.781450092792511 2.2013213634490967 0.6785387396812439 0.9301051497459412 1.4258004426956175 0.17180293798446655 
movable_object 4.442096710205334 -23.14447593688965 -1.7286351919174194 2.024918556213379 0.47769007086753845 1.056984305381775 -2.507246971130371 0.16882358491420746 
movable_object -10.591625213623104 -38.585712432861385 -1.4297423362731898 2.0505499839782715 0.5453327298164368 1.0733885765075684 0.31621408462524386 0.1607833206653595 
movable_object 9.317844390869197 -21.41313552856451 -1.7404201030731201 2.1181516647338867 0.4765375256538391 1.083533763885498 -0.3011341094970704 0.1555233597755432 
movable_object 4.394775390625028 -23.632602691650447 -1.7648825645446742 2.084826707839966 0.4801637828350067 1.0642411708831787 -2.5769000053405757 0.1548755019903183 
movable_object -27.9339332580563 -39.72891616821289 -0.6535766124725342 1.9362984895706177 0.6496351957321167 1.0180284976959229 1.3299993276596065 0.15461614727973938 
movable_object 8.15420532226591 30.810096740722713 -0.5598139762878418 2.022327184677124 0.538646936416626 0.9831134676933289 0.6071451902389525 0.15430381894111633 
movable_object 3.419506072998246 -22.991418838500977 -1.7259424924850464 1.957304835319519 0.5066961050033569 1.0190050601959229 -2.9298772811889644 0.14982615411281586 
movable_object 8.248126983642663 -21.359615325927734 -1.7226636409759521 2.076486825942993 0.4872468113899231 1.0895599126815796 0.15334904193878157 0.14461830258369446 
movable_object -39.84903335571266 -38.3791236877442 0.13626876473426464 2.2716879844665527 0.7360168695449829 0.9443693161010742 1.6060760656939908 0.14129048585891724 
movable_object -47.064918518066435 -38.33107757568365 0.2712486088275945 2.169621467590332 0.6110116839408875 1.063489556312561 1.3524662256240843 0.14019626379013062 
movable_object 8.581451416015824 -21.408512115478572 -1.7442047595977783 2.0340991020202637 0.48138394951820374 1.0674514770507812 -0.06228888034820569 0.1395687460899353 
movable_object 5.512928009033288 52.04491424560541 0.45510536432266946 2.2325892448425293 0.5301099419593811 1.1168826818466187 -1.5853146314620967 0.13758213818073273 
movable_object -12.300842285156335 -39.07339477539068 -1.275398015975945 2.0963592529296875 0.6051158308982849 1.1293916702270508 1.8280947844134732 0.13593491911888123 
movable_object 7.653343200683736 -23.022527694702205 -1.819819450378418 2.1322827339172363 0.4612421691417694 1.1055188179016113 -1.3896932601928709 0.13065758347511292 
movable_object 8.831806182861413 -14.637180328369197 -1.6032760143279958 2.183913469314575 0.5705087780952454 1.0750477313995361 0.5966464281082152 0.12928906083106995 
movable_object 4.307186126709212 -21.90475845336914 -1.7079262733459473 2.088099241256714 0.48687875270843506 1.0933465957641602 -2.6974818706512442 0.12908323109149933 
movable_object -39.88624572753895 -39.04776382446295 0.013587392866618586 2.229968786239624 0.7483801245689392 0.9415688514709473 1.5594428777694702 0.1279315948486328 
movable_object -15.932853698730469 -39.061279296875114 -0.9833649992942775 2.1085803508758545 0.7042425274848938 1.0748809576034546 1.6842663923846648 0.126423180103302 
movable_object 10.325950622558736 -16.04445648193365 -1.752463579177853 2.0099589824676514 0.4998621642589569 1.007797360420227 0.24585616588592493 0.12377412617206573 
movable_object 41.48345947265628 -3.2529525756836506 -1.2378226518630946 2.2038872241973877 0.5833325982093811 1.060901403427124 -3.134981632232666 0.12253333628177643 
movable_object 10.968124389648636 -20.658248901367188 -1.6157011985778809 2.0601682662963867 0.4446631073951721 1.0597831010818481 0.5070358514785767 0.12235435843467712 
movable_object 9.868976593017805 -21.2629776000976 -1.741134524345398 2.1163148880004883 0.4794992506504059 1.083984136581421 -0.21781349182128915 0.11818739026784897 
movable_object 32.12106323242199 -39.49903106689459 -2.5448844432830775 2.868417501449585 0.5021783709526062 0.9716168642044067 -1.7309983968734741 0.11738324165344238 
movable_object -18.459037780761577 -20.684371948242188 -0.5089458227157593 2.9659152030944824 0.5576335191726685 0.967200517654419 1.4814029932022093 0.11716803163290024 
movable_object 8.117977142334183 -13.92405700683588 -1.5378185510635376 2.0405702590942383 0.5452620983123779 1.0536000728607178 0.5388642549514772 0.11585380136966705 
movable_object -43.529132843017436 -39.04552841186518 0.15422748029232025 2.1966729164123535 0.7056683301925659 1.0325450897216797 1.562780499458313 0.11469219624996185 
movable_object -45.88759613037104 -39.0678596496582 0.1685860306024587 2.2463667392730713 0.6926417350769043 1.058165192604065 1.4591759443283079 0.11325415968894958 
movable_object 3.1551475524904333 -20.80335235595703 -1.6186285018920898 2.0188965797424316 0.5102506875991821 1.048733115196228 -2.7863969802856436 0.11076605319976807 
movable_object 5.213119506836108 -53.11478805541992 -2.381348848342892 2.236091136932373 0.48507899045944214 1.0845654010772705 1.6141360441790982 0.11025695502758026 
movable_object 7.574970245361413 31.488555908203068 -0.5111155509948695 2.263080358505249 0.5587153434753418 0.9693292379379272 2.9603231588946746 0.10647846758365631 
movable_object -38.10232162475583 -39.08836746215832 -0.02751279808580165 2.038317918777466 0.7834401726722717 0.926815390586853 1.551642298698425 0.1055675595998764 
movable_object 5.150783538818445 -17.099525451660213 -1.6368522644042969 2.164527416229248 0.5490097999572754 1.0521197319030762 2.751585308705466 0.10466320812702179 
bicycle -6.969192504882756 -8.181800842285213 -0.7380815744399953 0.7252025604248047 2.063356876373291 1.3233039379119873 -2.0864958763122554 0.9070828557014465 
bicycle -5.51374816894517 21.465011596679688 -0.12705719470977783 0.6067166924476624 1.6996310949325562 1.085526466369629 0.3527686595916747 0.609035313129425 
bicycle -2.8387260437008877 -46.504592895507756 -1.877486228942871 0.7321696877479553 1.7583264112472534 1.790318489074707 1.8972590605365205 0.43633997440338135 
bicycle -5.001953124999858 22.436782836914006 -0.08635009825229645 0.5749830603599548 1.6196393966674805 1.103671908378601 -0.13818323612213132 0.299419105052948 
bicycle -21.204055786132756 27.96073913574213 1.511895656585697 0.7370070219039917 1.6104414463043213 1.6125543117523193 -2.7875332832336426 0.28730684518814087 
bicycle 38.15975952148452 24.854591369628906 -1.0268595218658412 0.6200271248817444 1.649790644645691 1.2230348587036133 -1.7104252576827998 0.2667958438396454 
bicycle -5.006519317626896 -29.068471908569393 -1.3408867120742727 0.653313398361206 1.7569681406021118 1.457774043083191 -1.542256712913513 0.24681606888771057 
bicycle -1.5560874938963423 -47.768516540527344 -2.081746578216549 0.6840925216674805 1.746460199356079 1.6546508073806763 0.8817859888076778 0.19749696552753448 
bicycle -4.702247619628793 21.928962707519474 -0.11599715799092536 0.5815614461898804 1.6649150848388672 1.09965980052948 0.2533749341964718 0.19139719009399414 
bicycle -2.1686706542967045 -47.19837188720703 -1.9878132343292236 0.7036169767379761 1.7364003658294678 1.73036527633667 0.5350197553634641 0.19084683060646057 
bicycle 5.041080474853686 -16.583919525146428 -1.6386969089508021 0.47868356108665466 1.4636424779891968 1.0073158740997314 -1.6989202499389644 0.18842078745365143 
bicycle -24.872352600097514 -22.044357299804688 -0.6481726169586217 0.6619523763656616 1.7180027961730957 1.1889314651489258 2.273206059132712 0.16888877749443054 
bicycle -1.0023002624511719 -48.29283142089844 -2.1130673885345423 0.6526217460632324 1.7167617082595825 1.5196925401687622 -0.48639225959777826 0.16304659843444824 
bicycle -6.374477386474467 -11.717681884765625 -0.847322523593899 0.6581656336784363 1.9043469429016113 1.414209246635437 -1.926782369613647 0.15735691785812378 
bicycle -12.77767944335929 17.757720947265625 0.8159128427505564 0.6902632117271423 1.8379807472229004 1.473008394241333 2.481548134480612 0.15528926253318787 
bicycle 37.6136474609377 24.865158081054688 -0.9789647459983826 0.6672521829605103 1.7394720315933228 1.2341762781143188 -1.8685207366943357 0.15219777822494507 
bicycle 41.52771759033217 -3.2262115478515625 -1.2083537578582728 0.7089656591415405 1.8687233924865723 1.3655102252960205 -1.5937095880508423 0.15194329619407654 
bicycle -3.775173187255774 -6.816017150878906 -0.8653505444526637 0.5929924845695496 2.139404058456421 1.2620289325714111 -1.9843888282775874 0.14815613627433777 
bicycle 8.108749389648523 30.3203125 -0.31833955645560863 0.5842779874801636 1.6338424682617188 1.0543787479400635 0.7371102571487423 0.14680764079093933 
bicycle 39.37553405761739 7.487316131591854 2.383632659912113 0.7123958468437195 1.787581443786621 1.1622086763381958 -1.3882737159729 0.1413743793964386 
bicycle -9.478298187255689 -2.8334808349609375 -0.40434384346007946 0.5689219236373901 1.6300705671310425 1.0864554643630981 0.3280276060104366 0.13608762621879578 
bicycle 8.313819885253935 -21.417594909668026 -1.4082918167114222 0.5773289799690247 1.65703547000885 1.256225824356079 -1.0985991954803465 0.1310546100139618 
bicycle -8.005142211913835 -16.007518768310547 -1.0373933315277064 0.5781240463256836 1.5472824573516846 1.1305208206176758 0.1696742773056022 0.1301344633102417 
bicycle 25.96652221679696 19.569747924804744 -0.7266463041305471 0.637069582939148 1.7576830387115479 1.2291914224624634 2.1853645483600066 0.12706248462200165 
bicycle 20.613464355468977 50.71508026123047 0.20279186964035034 0.777755618095398 2.029982566833496 1.5999072790145874 -1.2987344264984129 0.12175482511520386 
bicycle -3.776702880859119 -45.95337677001953 -1.9088342189788783 0.7260235548019409 1.7540723085403442 1.6179604530334473 1.2522364854812622 0.11669407784938812 
bicycle 39.83925628662132 40.031448364257926 0.3971954286098516 0.6540908813476562 1.8001410961151123 1.2491439580917358 0.042785763740539655 0.11275169998407364 
bicycle -4.42086410522441 -8.021598815917912 -0.7619626522064209 0.43839746713638306 1.5647399425506592 1.0866365432739258 -1.2371122837066648 0.1111874133348465 
bicycle 21.719810485839844 -2.1257896423339844 -0.48419886827468517 0.5880463123321533 1.6240339279174805 1.1175602674484253 2.028333965932028 0.11081200838088989 
bicycle 39.35772705078145 6.344177246093807 2.1334998607635534 0.7517092227935791 1.8435945510864258 1.219171404838562 1.162061810493469 0.11053737998008728 
bicycle -5.520751953124943 -29.130647659301815 -1.3746005296707082 0.6772802472114563 1.8262497186660767 1.3676581382751465 -0.9230567812919617 0.10979354381561279 
bicycle 0.867717742920064 35.167396545410156 -0.7082043886184692 0.5315988063812256 1.6036500930786133 1.083660364151001 1.600069348012106 0.10394762456417084 
bicycle 16.655525207519617 33.99679565429682 -0.5495488643646169 0.7677355408668518 1.8609191179275513 1.5685503482818604 -2.2130177021026602 0.10308868438005447 
movable_object 9.431137084961108 6.349361419677734 -1.3093509674072266 0.39665573835372925 0.39425891637802124 0.7524233460426331 2.5286358038531707 0.8501225113868713 
movable_object 1.9105720520020384 2.7853622436523438 -1.3995366096496547 0.37594690918922424 0.37917613983154297 0.7181580066680908 1.6481516996966763 0.8473503589630127 
movable_object 9.767292022705163 -3.156810760498047 -1.5789896249771083 0.379375159740448 0.3800017237663269 0.7022431492805481 -2.086990594863891 0.841107964515686 
pedestrian -12.143833160400305 6.9153709411620525 0.6455023288726842 0.7039495706558228 0.6263678073883057 1.8574774265289307 1.512785792350769 0.8331292271614075 
movable_object 9.967411041259993 -7.689815521240234 -1.6225186586380005 0.3590400218963623 0.3605124354362488 0.7019293308258057 -1.94791030883789 0.8012485504150391 
pedestrian -3.833045959472571 -23.528999328613338 -1.115785121917721 0.6304988861083984 0.7245659232139587 1.7573623657226562 2.4894583860980437 0.7930260896682739 
pedestrian -3.47139739990223 -22.908538818359375 -1.1172506809234584 0.6541951298713684 0.760658860206604 1.8011255264282227 2.4665315786944793 0.7919740080833435 
pedestrian -12.420707702636633 8.011638641357422 0.6647674441337621 0.7052366137504578 0.6438938975334167 1.8516120910644531 -1.1657677888870237 0.7895947694778442 
pedestrian -6.294212341308594 -22.885627746582088 -1.048175454139706 0.65645831823349 0.7489051818847656 1.7021631002426147 -1.0227138996124265 0.786888837814331 
movable_object 1.4832038879395384 12.220901489257756 -1.1197948455810511 0.4054490923881531 0.40477949380874634 0.766193151473999 1.748506848012106 0.786591112613678 
movable_object 1.9891319274902628 -2.16856765747076 -1.54457592964172 0.35481327772140503 0.361492782831192 0.7166097164154053 1.5020369291305542 0.7732237577438354 
movable_object 2.1353187561036577 -7.739166259765568 -1.5712306499481166 0.3752508759498596 0.37523365020751953 0.7037332057952881 -2.6289935111999507 0.763976514339447 
movable_object 1.6971626281739702 7.262092590332088 -1.2616145610809326 0.3864358067512512 0.38690534234046936 0.7698997259140015 1.7092793623553677 0.7543820142745972 
pedestrian 7.141178131103686 -15.062179565429688 -1.1992262601852417 0.7547203302383423 0.7178728580474854 1.721799373626709 -0.20107436180114707 0.7057554125785828 
pedestrian -4.564807891845618 -28.086791992187557 -1.2532587051391566 0.6291157603263855 0.6321181654930115 1.7836246490478516 -1.1978404521942136 0.7054986357688904 
pedestrian -1.6884918212889488 -22.6854190826416 -1.1545699834823573 0.6685608625411987 0.6695904731750488 1.8302866220474243 0.030022144317626603 0.6894741058349609 
movable_object 9.198535919189624 13.603706359863281 -1.1599614620208705 0.41800665855407715 0.4243046045303345 0.7762547135353088 2.1482132116900847 0.6880091428756714 
pedestrian 3.151374816894645 -21.34624099731451 -1.2479324340820277 0.6488502025604248 0.6695069074630737 1.8406554460525513 0.704580426216125 0.6732110977172852 
pedestrian -2.2513771057128906 -23.79891967773449 -1.1918863058090174 0.6639916300773621 0.7391166687011719 1.7999035120010376 2.395782772694724 0.6695370674133301 
movable_object 9.556098937988537 1.8336753845214844 -1.3642978668212855 0.38832569122314453 0.39228034019470215 0.754002571105957 -3.11811876296997 0.6552461981773376 
movable_object 10.038825988769531 -12.501598358154297 -1.6584461927413905 0.3673083484172821 0.3666372001171112 0.7177348136901855 -1.678606510162353 0.6536067724227905 
movable_object 1.3034706115723793 18.17119598388672 -0.9949941039085353 0.3895277976989746 0.38517600297927856 0.7307339310646057 -2.4834306240081783 0.6214308142662048 
movable_object 9.373664855957117 10.317718505859318 -1.1729031801223684 0.38547781109809875 0.38619834184646606 0.8541483879089355 1.7046492735492154 0.6062673330307007 
movable_object 8.592391967773551 25.326797485351562 -0.9212557077407801 0.43491026759147644 0.43622317910194397 0.7991116046905518 1.9288504759417935 0.5962969064712524 
movable_object 8.638629913330163 23.852684020996037 -0.9575771689414907 0.4084084928035736 0.40218430757522583 0.753528356552124 1.7993190924273892 0.5916553735733032 
pedestrian -1.6230392456053266 -47.629928588867244 -2.0204105377197266 0.582796573638916 0.5840305089950562 1.7554259300231934 0.7747455835342406 0.5884886980056763 
movable_object 9.038211822509822 17.746742248535156 -1.0378181934356654 0.401888906955719 0.39946597814559937 0.7870917916297913 1.7711547056781214 0.5824718475341797 
movable_object 8.529529571533374 26.642250061035156 -0.853847444057461 0.43516433238983154 0.43847033381462097 0.7908262014389038 2.032601181660788 0.5814290046691895 
movable_object 1.1443939208986649 22.951248168945256 -0.9834275245666504 0.37265944480895996 0.3722180128097534 0.7225373983383179 -1.6360003948211668 0.5643535852432251 
pedestrian 21.19594573974615 -24.485292434692383 -1.8762222528457606 0.682710587978363 0.7351816296577454 1.8361223936080933 -0.19585382938385054 0.5550857782363892 
pedestrian 19.33468627929699 -25.93622779846197 -1.8109418153762817 0.6765799522399902 0.736890435218811 1.8244578838348389 -0.014511108398437734 0.5426017045974731 
pedestrian -2.2179489135741335 -47.20398712158203 -1.964462518692013 0.5780757665634155 0.5778455138206482 1.7675046920776367 0.7667673826217646 0.5321329236030579 
pedestrian 7.637771606445483 -15.732772827148438 -1.3013461828231776 0.7327354550361633 0.7329807281494141 1.6646960973739624 1.7371442953692837 0.5211576223373413 
pedestrian 20.860992431640796 -25.314489364623967 -1.8909120559692383 0.7061684131622314 0.7520146369934082 1.8661130666732788 -0.3052636384963992 0.5185979604721069 
pedestrian -0.7614326477048223 -48.44688415527344 -2.026864528656006 0.5911849737167358 0.5992684364318848 1.7351800203323364 0.6593402624130248 0.5013949871063232 
pedestrian -4.971233367919723 -29.233129501342773 -1.306962609291073 0.6043378710746765 0.6151065826416016 1.715439796447754 -0.7607674002647402 0.5003696084022522 
movable_object 8.531147003173913 27.87785339355463 -0.7579462528228724 0.42183902859687805 0.43129900097846985 0.7820442318916321 1.7339771429644986 0.4879387617111206 
pedestrian -2.000110626220561 -47.542396545410156 -1.9839261770248449 0.5935996770858765 0.6133125424385071 1.780843734741211 0.7676464319229124 0.43448686599731445 
pedestrian -16.7122993469238 11.90299987792963 0.8242508769035375 0.6401889324188232 0.7036994695663452 1.7614686489105225 -0.9870823621749877 0.43127942085266113 
pedestrian -3.107170104980412 -46.09656524658203 -1.833778858184811 0.6071165800094604 0.609225869178772 1.7606465816497803 0.8270863294601438 0.42739778757095337 
movable_object 0.8757362365723509 35.24111175537104 -0.5783836841583216 0.36255118250846863 0.36566755175590515 0.7707436084747314 1.106818318367004 0.3905407786369324 
movable_object 7.724559783935774 15.32912445068365 -0.9299759268760646 0.4053318202495575 0.41990065574645996 0.9179180264472961 1.4762669801712034 0.3682568073272705 
movable_object 38.18087005615246 24.76751708984375 -0.9838420152664185 0.454246461391449 0.4500979483127594 1.4199657440185547 -3.140660285949706 0.3282269835472107 
movable_object 9.11352157592799 15.882278442382812 -1.0332515239715576 0.3930462896823883 0.4007258117198944 0.7762100696563721 1.8305276075946257 0.3276612162590027 
movable_object 8.794128417968864 22.348587036132756 -0.966725349426266 0.40026479959487915 0.3879942297935486 0.7296578288078308 2.5248850027667453 0.3253512680530548 
pedestrian -9.790401458740007 -51.825660705566406 -1.8586281538009644 0.6905850172042847 0.7107234001159668 1.827507734298706 0.35584604740142795 0.32380861043930054 
pedestrian 8.30396270751973 -21.421516418457088 -1.4794665575027466 0.5669125318527222 0.5745475888252258 1.6998412609100342 2.975667301808493 0.31892526149749756 
movable_object 8.230625152588033 30.327987670898494 -0.47795823216438293 0.4165871739387512 0.417844295501709 0.9179010987281799 2.102376763020651 0.3140021860599518 
pedestrian -5.283912658691378 -49.33994293212896 -2.0490570068359304 0.6826525926589966 0.7316070795059204 1.849938154220581 0.8926452398300166 0.30837997794151306 
pedestrian -1.0290107727048223 -49.510955810546875 -1.8303353786468506 0.673311173915863 0.6930966377258301 1.893877625465393 0.44916260242462136 0.29761797189712524 
pedestrian -12.296607971191236 7.5841407775879475 0.6470102071762085 0.7392041087150574 0.6626462936401367 1.8488157987594604 -0.767613649368286 0.2787686884403229 
pedestrian -4.957687377929545 -28.363485336303768 -1.2964192628860438 0.6209659576416016 0.6417073011398315 1.7625101804733276 -0.9987584948539733 0.27828872203826904 
movable_object -27.933795928954936 -39.26325988769537 -0.6706972718238831 0.45603492856025696 0.4566830098628998 0.8897353410720825 0.5234581232070922 0.27457424998283386 
movable_object 6.752788543701172 15.451782226562443 -0.8297662734985316 0.47825583815574646 0.48843514919281006 1.1423453092575073 1.3922456502914429 0.2635849416255951 
pedestrian -21.139595031738224 28.016670227050668 1.626382589340217 0.6191672086715698 0.6314284205436707 1.762671709060669 -2.6280131340026847 0.24599578976631165 
pedestrian -2.799762725829936 -23.154277801513672 -1.1616266965866053 0.6707263588905334 0.773955762386322 1.8451783657073975 2.5233739058123996 0.24412348866462708 
movable_object 1.0476417541505327 29.269439697265625 -0.6633421182632446 0.3617390990257263 0.3557361960411072 1.0131429433822632 -1.6397898197174068 0.22981902956962585 
movable_object 8.266269683837976 29.822799682617188 -0.5608694553375209 0.4076203405857086 0.40582066774368286 0.8450621366500854 2.4118960539447234 0.22709889709949493 
movable_object -28.45541954040513 -38.310035705566406 -0.736907958984375 0.46663200855255127 0.4818257689476013 0.7339689135551453 1.6120923201190394 0.21042506396770477 
movable_object -7.925796508788977 -15.931632995605469 -0.9924767613410914 0.48320272564888 0.4801429510116577 1.3765294551849365 -0.061436057090759284 0.20789498090744019 
pedestrian -1.6653861999510298 -23.67233657836914 -1.2368221282958984 0.6830404996871948 0.7523102164268494 1.7898650169372559 1.9503701368915007 0.20539447665214539 
movable_object 1.437145233154439 37.324943542480526 -0.13660928606986644 0.4830518066883087 0.48644307255744934 1.2724424600601196 -1.2977813482284541 0.20318275690078735 
movable_object -29.0770645141601 -38.246910095214844 -0.6669648885726893 0.47979795932769775 0.4898948669433594 0.7469747066497803 1.8579333464251921 0.20138871669769287 
movable_object 9.12394332885762 15.438438415527344 -1.0254353284835815 0.39310526847839355 0.3950730860233307 0.7995162606239319 1.9398029486285613 0.1964118331670761 
pedestrian -1.4641647338864914 -48.113590240478516 -2.0114371776580846 0.6106363534927368 0.6439090371131897 1.7844181060791016 0.6854797601699826 0.19526919722557068 
movable_object 7.532745361328267 30.298110961914006 -0.5421476364135707 0.3970996141433716 0.4029574990272522 0.8277366161346436 2.406833473836081 0.18276751041412354 
movable_object 8.577079772949247 26.309326171875 -0.9054306745529104 0.4530080258846283 0.4559764266014099 0.8176978826522827 1.843754593526022 0.17421463131904602 
pedestrian 8.334087371826229 -21.826015472412166 -1.6010355949401855 0.5946041941642761 0.6138515472412109 1.6434139013290405 2.6603620688067844 0.17359063029289246 
pedestrian -2.5092964172362144 -47.51295852661133 -1.9868718385696447 0.6320059299468994 0.6784496307373047 1.810117244720459 0.799639344215393 0.1694994866847992 
pedestrian -1.056865692138473 -47.79675674438482 -2.0172481536865234 0.5945660471916199 0.6132081151008606 1.7449994087219238 0.7528051137924191 0.16868393123149872 
pedestrian -6.121170043945227 -45.81165313720703 -1.6006380319595301 0.6739938259124756 0.7113687992095947 1.879857063293457 1.4720407724380493 0.16764914989471436 
movable_object 8.078647613525504 15.708145141601562 -0.951413750648495 0.38269326090812683 0.40229499340057373 0.8501912355422974 1.642256561909811 0.1674995720386505 
movable_object 8.759483337402486 15.395820617675838 -1.006572961807251 0.41045433282852173 0.43286654353141785 0.7688586115837097 1.7876670996295378 0.16719472408294678 
movable_object 25.74867248535162 19.650512695312443 -0.7350713014602626 0.3636530637741089 0.36273932456970215 0.9774136543273926 2.4791682402240203 0.16590280830860138 
movable_object 7.355777740478516 33.26824951171875 -0.4543306827545095 0.40049639344215393 0.39841896295547485 0.8184349536895752 2.472985092793601 0.15757757425308228 
pedestrian -4.998661041259737 -50.62958145141607 -1.970284461975094 0.7015763521194458 0.7428284287452698 1.874843716621399 0.554040074348449 0.15722504258155823 
pedestrian 20.696434020996264 50.27584838867193 0.25979012250900624 0.6679885387420654 0.7017753720283508 1.7692592144012451 -1.460606813430786 0.15607018768787384 
movable_object 2.005916595459041 -2.416217803955078 -1.5257576704025233 0.39498451352119446 0.41079258918762207 0.7544819712638855 1.5498155355453491 0.15192537009716034 
pedestrian -9.831970214843693 -52.30078125 -1.9556008577346802 0.6957539916038513 0.7330780029296875 1.822065830230713 0.09030699729919398 0.15058299899101257 
pedestrian 16.684432983398608 34.013206481933594 -0.3493250608444214 0.6890535354614258 0.7380025386810303 1.5265789031982422 -2.887469768524169 0.14994627237319946 
pedestrian 2.627780914306811 -20.920063018798828 -1.4283506870269775 0.5613083243370056 0.5909183621406555 1.4596960544586182 0.7337764501571649 0.14965175092220306 
movable_object 9.18714141845723 16.325828552246094 -1.0356184244155884 0.3917010426521301 0.4010726809501648 0.7943744659423828 1.8652041594134734 0.14807701110839844 
movable_object -27.97115135192857 -38.679210662841854 -0.7438765168189967 0.4472830593585968 0.44777312874794006 0.8450707197189331 1.2756847143173216 0.14549382030963898 
