car 10.306068420410071 -15.193641662597713 -1.4542557001113927 1.8932011127471924 4.536756992340088 1.6091526746749878 -1.6385747194290163 0.8062292337417603 
car -3.7129859924316975 8.098766326904183 -0.21439972519874928 2.0022330284118652 4.924526691436768 1.952165126800537 2.5157211462603963 0.7595898509025574 
car 9.759536743163835 -25.365629196167106 -1.5267401933670044 2.129152536392212 5.172811508178711 2.2319674491882324 -1.6338745355606084 0.6102397441864014 
car 13.25297546386713 -23.06335258483898 -1.7156100273132289 1.8533508777618408 4.32927942276001 1.6087281703948975 -1.6198887825012214 0.6064143180847168 
car 27.36013793945321 -48.90187835693365 -2.84308481216431 2.050910234451294 4.818485736846924 1.9361019134521484 -0.1765844821929928 0.23313874006271362 
car 26.077766418456847 -51.25405883789068 -3.28902530670166 1.964048147201538 4.654385089874268 1.7090699672698975 -0.5773769617080686 0.18102553486824036 
car 25.52721405029294 -53.955089569091854 -3.0296664237976074 1.935179352760315 4.527007579803467 1.6741759777069092 -0.7718726992607114 0.17048977315425873 
car 14.645622253417912 -2.5871124267578693 -0.35623431205749867 2.4834587574005127 6.352717876434326 2.905306100845337 -1.616265177726746 0.15671902894973755 
car -4.514751434326342 -39.82590103149414 -1.9286975860595703 1.9529200792312622 4.618152141571045 1.6249175071716309 1.046636462211609 0.1486341655254364 
car 29.846351623535128 24.374702453613168 0.024922743439674377 1.9131429195404053 4.290579319000244 1.696258306503296 -0.0704191923141475 0.13942545652389526 
car -35.64126586914057 -50.1502418518067 -0.9480051994323766 2.01530122756958 4.883856296539307 1.808384895324707 -3.0458519458770756 0.13273000717163086 
car 10.017837524413977 47.77980041503895 0.947471141815182 2.1649208068847656 5.011309623718262 2.3296072483062744 1.4784966707229614 0.10748982429504395 
car 14.015022277831918 -14.047584533691463 -0.5158289074897766 2.94834041595459 10.42977523803711 3.879979372024536 -1.6127072572708134 0.8544964790344238 
car 14.611953735351534 -2.643463134765682 -0.3770819902420044 2.4939374923706055 6.475528240203857 3.148477554321289 -1.6290111541748051 0.8167621493339539 
car 2.0851287841796022 -21.11196899414074 -0.8663671612739563 2.953472852706909 4.018855094909668 2.9419031143188477 -1.6699932813644411 0.7847409248352051 
car 26.04174804687483 -48.322063446045036 -3.0292835235595668 2.3422231674194336 4.624727249145508 2.436338186264038 -0.3941692113876342 0.3167459964752197 
car 9.760997772216683 -25.388547897338924 -1.4919075965881348 2.044497489929199 5.304405212402344 2.085801839828491 -1.6624336242675783 0.28328216075897217 
car -35.13812255859375 -50.112213134765625 -1.1139469146728516 2.1285855770111084 4.566679000854492 2.0997867584228516 -3.0214774608612065 0.2799777686595917 
car 45.947792053222514 31.03973388671858 -0.07291708141565678 2.1800358295440674 5.459079742431641 2.004946231842041 -3.0210390090942387 0.18869778513908386 
car -6.906749725341953 -53.862251281738395 -2.753573894500729 2.5170350074768066 5.039772987365723 2.439710855484009 0.007864713668823508 0.1733761876821518 
car 25.51739501953132 -50.77301025390631 -3.5347080230712926 2.250253438949585 4.500998497009277 2.2764172554016113 -0.6899953484535217 0.17102152109146118 
car -15.923484802246179 -4.501403808593864 1.5035543441772425 2.898982048034668 6.053399562835693 3.5380730628967285 2.0814321676837366 0.1457042694091797 
car 9.998348236084013 48.27951812744129 1.043212771415707 2.3244121074676514 6.1416239738464355 2.745908260345459 1.4765664339065552 0.14455147087574005 
car 24.823776245117188 43.49542999267567 0.8819366693496669 2.239140033721924 3.592567205429077 2.5178256034851074 -1.5399430990219118 0.11783373355865479 
car 24.877708435058594 -53.7928199768067 -3.196283102035519 2.509246826171875 6.714417457580566 2.6264455318450928 -1.785296201705933 0.11333125084638596 
car -9.814155578613338 20.70565795898426 1.2813565731048548 2.924105405807495 6.583185195922852 3.39564847946167 -1.7251594066619875 0.1020500659942627 
car 10.008331298828153 48.30872344970692 1.1135485172271693 2.3718461990356445 5.65103816986084 2.590794086456299 1.482836365699768 0.20073086023330688 
car -39.21545028686532 -41.76571655273443 -0.34711953997611644 3.080599069595337 15.387656211853027 3.820577621459961 3.108276669179098 0.1633218675851822 
car 24.87861633300787 -50.793937683105526 -3.9472370147705114 1.4906179904937744 2.824918270111084 1.9010119438171387 1.6122520605670376 0.10296161472797394 
movable_object 0.8263664245605185 -17.602329254150447 -1.6587014198303258 1.9972652196884155 0.5100005865097046 0.9832761883735657 3.0465267340289515 0.8390146493911743 
movable_object 7.8697319030761435 -21.34260177612316 -1.8264340162277186 2.096003532409668 0.48560598492622375 1.0460214614868164 0.39629662036895774 0.7247211933135986 
movable_object 0.5307731628418253 -19.613861083984432 -1.6942433118820226 1.9972773790359497 0.5222961902618408 1.0521929264068604 3.0117948690997522 0.7245219349861145 
movable_object 0.37825393676746444 -21.8140106201173 -1.70462870597839 2.0735559463500977 0.5222256183624268 1.086851954460144 3.085732285176412 0.6546916365623474 
movable_object 8.10205841064456 -23.69046783447277 -2.0198421478271484 2.126091718673706 0.5128186941146851 1.027195692062378 -0.09005689620971634 0.6165516376495361 
movable_object -1.3429069519043253 18.360221862792855 -0.6306798458099365 1.9113664627075195 0.4925409257411957 0.9717521667480469 0.002286434173584028 0.6067652106285095 
movable_object -22.555690765380888 -42.810577392578125 -0.9934998750686646 1.943725347518921 0.6797919273376465 1.010191798210144 1.5564385652542112 0.5978518128395081 
movable_object -24.271158218383732 -42.7446746826173 -0.8938663005828893 1.9611703157424927 0.6766783595085144 1.0240206718444824 1.5226668119430542 0.5795936584472656 
movable_object -2.5858955383299644 25.9993438720702 -0.32686048746109364 2.2498106956481934 0.506523847579956 1.0942476987838745 1.6138933340655728 0.5734729766845703 
movable_object 7.994052886962976 -26.17076873779297 -2.0311388969421387 2.0708489418029785 0.45006999373435974 1.0397131443023682 -0.11784338951110808 0.5683484077453613 
movable_object -32.75155258178705 -42.39529037475586 -0.7931996583938599 2.080155849456787 0.5953357815742493 1.0618395805358887 1.5236111879348753 0.5679966807365417 
movable_object -0.9525566101073366 22.489768981933537 -0.5564076900482213 2.1099886894226074 0.4634813070297241 1.0230032205581665 -0.07163107395172114 0.5473683476448059 
movable_object 0.314727783203125 -23.729190826416072 -1.8384699821472168 2.1112911701202393 0.48853909969329834 1.0361746549606323 3.0839512983905233 0.5464775562286377 
movable_object -0.9141006469727415 24.41653442382801 -0.5052347183227575 2.0273118019104004 0.44762521982192993 1.0172998905181885 -0.0032796859741208878 0.5339323282241821 
movable_object -2.5502662658689985 17.00321960449213 -0.48322796821595304 2.0304322242736816 0.5284247398376465 1.0716148614883423 -1.7349157333374026 0.5270548462867737 
movable_object 5.558231353759879 -29.065448760986442 -2.100610494613651 2.068148612976074 0.42921382188796997 1.0570704936981201 -1.234595894813538 0.514076292514801 
movable_object -1.108009338378821 20.588745117187443 -0.5644848942756724 1.9417791366577148 0.44070783257484436 0.9848419427871704 -0.07331717014312719 0.511465311050415 
movable_object -26.113893508911218 -42.755058288574276 -0.8894516825676 1.9987294673919678 0.6763805150985718 1.0078141689300537 1.5615383386611936 0.5033242106437683 
movable_object 0.11487197875970878 -25.98420715332037 -1.8904857635498082 2.1173534393310547 0.4912870228290558 1.0363149642944336 3.0613034407245077 0.4782651662826538 
movable_object -20.751438140869226 -42.83705139160162 -1.1349134445190465 1.9818787574768066 0.6975943446159363 1.0177834033966064 1.6319301764117642 0.4685221314430237 
movable_object 7.539382934570142 -27.849519729614315 -2.0153248310089076 2.0712227821350098 0.4597760736942291 1.0892953872680664 -0.23828780651092504 0.46291622519493103 
movable_object -3.9828147888183025 26.034408569335824 -0.20978823304176686 1.9536831378936768 0.4388934373855591 1.0539082288742065 -1.418722987174988 0.43118318915367126 
movable_object 2.110969543456946 -29.03583145141613 -1.9456133842468262 2.0525918006896973 0.4288848638534546 1.0769259929656982 -2.522478580474854 0.37928420305252075 
movable_object 0.2961883544919601 -27.295240402221793 -1.8992153406143224 1.9407674074172974 0.462197870016098 1.0495407581329346 -2.907692432403565 0.36438703536987305 
movable_object -15.47887420654311 -42.202499389648494 -1.781536340713501 2.0723276138305664 0.5492891669273376 1.0192474126815796 1.5412970781326294 0.36008286476135254 
movable_object -31.574752807617074 -42.3478622436524 -0.8592077493667638 1.9362483024597168 0.6259524822235107 1.0027090311050415 1.3604024648666384 0.34285038709640503 
movable_object -35.5744323730469 -49.398239135742244 -1.049063920974735 1.9234880208969116 0.4738685190677643 1.018613576889038 1.5760157744037075 0.3060382306575775 
movable_object -34.407249450683764 -42.29507827758795 -0.6977505087852514 2.115781784057617 0.6248958110809326 1.1138904094696045 1.078024506568909 0.3042427897453308 
movable_object 2.0214462280273438 -27.973646163940487 -1.900299310684204 2.0472636222839355 0.4398004114627838 1.075804352760315 -2.702703475952149 0.30344462394714355 
movable_object 6.35998153686532 -20.016410827636832 -1.7188124656677282 1.9895734786987305 0.4713745713233948 1.032639980316162 -1.478626132011414 0.28624460101127625 
movable_object -1.5374984741211222 25.962570190429574 -0.3958518505096471 1.9594881534576416 0.4475327134132385 1.021159052848816 0.6277743577957154 0.2813549041748047 
movable_object 0.8416976928710369 -27.885782241821403 -1.9034208059310878 2.127901315689087 0.457800030708313 1.0889955759048462 -2.4980180263519287 0.26617300510406494 
movable_object -34.554431915283146 -41.12742233276373 -0.6557564735412598 2.039090394973755 0.5861756801605225 1.0893771648406982 1.565541386604309 0.26480263471603394 
movable_object -32.74975585937517 -41.81658172607422 -0.7840108275413513 2.0074515342712402 0.624688446521759 1.0571082830429077 1.3293384313583376 0.2530103921890259 
movable_object -0.12211227416980819 -27.309629440307617 -1.9149723052978516 1.9102520942687988 0.46519386768341064 1.0249977111816406 3.0242160002337855 0.2520914673805237 
movable_object 4.584259033203068 -29.532718658447322 -2.1338541507720983 2.121006488800049 0.4461134374141693 1.1029601097106934 -1.317421436309815 0.24856595695018768 
movable_object 21.243743896484347 53.583312988281136 0.07480611652135494 2.040532112121582 0.5065688490867615 1.0286954641342163 -1.7458411455154423 0.24253210425376892 
movable_object -1.9696311950684162 18.260627746581918 -0.5930606722831762 2.0936882495880127 0.5186020135879517 1.0124528408050537 -0.04729950428008959 0.23367464542388916 
movable_object -33.3088455200197 -41.20698928833019 -0.6762797832489014 1.9600119590759277 0.5798557996749878 1.0825467109680176 1.3289145231246948 0.23000529408454895 
movable_object 1.573749542236186 -27.939292907714957 -1.8828570842742884 2.0576601028442383 0.43728870153427124 1.088111162185669 -2.423110246658326 0.22869747877120972 
movable_object 10.555755615234375 23.730834960937443 -0.7216644883155858 1.1827069520950317 0.7021263837814331 1.0690823793411255 2.417891804371969 0.2282906472682953 
movable_object 7.8953971862792685 -27.84413146972662 -1.9903676509857178 2.0301904678344727 0.44707241654396057 1.06515634059906 -0.04810035228729235 0.22815778851509094 
movable_object -34.50400924682614 -41.70336914062506 -0.7109527587890696 2.07167649269104 0.6716979742050171 1.0916306972503662 1.4137150049209595 0.22248829901218414 
movable_object -4.427455902099496 25.717041015624943 -0.20587804913521524 2.093435525894165 0.4685266315937042 1.0965447425842285 -3.029507398605347 0.21948713064193726 
movable_object 6.790771484375028 -20.050304412841854 -1.7267025709152257 1.8457257747650146 0.4451475739479065 0.980941891670227 -0.534080624580383 0.21733370423316956 
movable_object 7.0830612182616335 -27.946771621704215 -2.0088102817535436 2.0961391925811768 0.4646458327770233 1.0900410413742065 -0.5672864913940427 0.21174757182598114 
movable_object 1.6196174621581463 -29.04299354553234 -1.9095770120620763 1.9972639083862305 0.4343107044696808 1.0517911911010742 -2.524837732315064 0.20560258626937866 
movable_object -4.003269195556612 25.759948730468636 -0.2437204271555018 1.9729108810424805 0.46389836072921753 1.0596206188201904 -2.3300199508666997 0.2054070383310318 
movable_object 9.856113433837947 23.771339416503793 -0.7401861548423838 1.103603720664978 0.6576659679412842 1.0413360595703125 2.8390377203570765 0.19667258858680725 
movable_object -1.0219497680664347 25.964881896972543 -0.43616878986359353 1.9746947288513184 0.4450627267360687 1.0267586708068848 -0.19490349292755116 0.19376914203166962 
movable_object -2.1370849609375853 17.59178161621088 -0.5572806000709569 2.05873703956604 0.5155539512634277 1.0244462490081787 -1.2633714675903325 0.19099575281143188 
movable_object 0.9396133422851278 -29.000379562377987 -1.9215681552886998 2.0547285079956055 0.45625603199005127 1.0480555295944214 -2.7142114639282235 0.1887115240097046 
movable_object 0.6763305664063068 -23.692842483520565 -1.8302066326141357 2.186446189880371 0.5328840613365173 1.047705054283142 3.0628533999072474 0.1872137188911438 
movable_object 2.128322601318473 -24.363382339477596 -1.9376169443130529 2.237147808074951 0.5248895287513733 1.045790433883667 2.017085377370016 0.18449290096759796 
movable_object 24.879348754882727 -50.18909454345709 -3.6909017562866175 1.9809330701828003 0.5008142590522766 0.9846764802932739 3.11040693918337 0.18414244055747986 
movable_object 0.4026641845703409 -28.38318061828619 -1.9206702709198034 2.138982057571411 0.4905368387699127 1.0918700695037842 -2.8946866989135747 0.18374532461166382 
movable_object -3.8094711303710653 17.631126403808594 -0.4216837286949229 2.172778606414795 0.4788692593574524 1.0578038692474365 -1.6223372220993044 0.16791433095932007 
movable_object -14.681468963623189 -43.44825744628906 -1.891634464263916 2.2635931968688965 0.5547640919685364 1.0370292663574219 -0.4722683429718015 0.16673672199249268 
movable_object -21.99350738525402 -24.896188735962028 -0.6381296515464747 1.9375070333480835 0.4547879099845886 0.9851835370063782 1.7051938215838833 0.16243340075016022 
movable_object -27.790748596191406 -42.861141204833984 -0.94291144609452 2.2741880416870117 0.7071531414985657 0.9433122873306274 1.5986426512347622 0.1606990396976471 
movable_object -15.340900421142578 -42.77705001831055 -1.7952971458435094 2.174243927001953 0.600233793258667 1.010720133781433 -0.3618402481079099 0.1606387346982956 
movable_object 7.746223449706946 -23.138891220092887 -2.03314208984375 2.1891751289367676 0.56803959608078 1.0484635829925537 -0.10881245136260935 0.15448686480522156 
movable_object -15.225391387939453 -43.44137954711914 -1.8191330432891881 2.410881519317627 0.5719274282455444 1.0158313512802124 -0.8055124282836914 0.14855867624282837 
movable_object -31.54084968566903 -41.88279342651373 -0.8496074676513672 1.9595344066619873 0.6324769258499146 1.0019047260284424 1.2861894369125368 0.1463731974363327 
movable_object 24.376205444335753 -50.16224288940441 -3.7945756912231445 1.93108069896698 0.4954532980918884 0.971233606338501 2.2437613646136683 0.1460561901330948 
movable_object -19.01767730712905 -42.801219940185604 -1.4680739641189575 2.266143560409546 0.6864708662033081 1.005873680114746 1.4262710809707642 0.1414915770292282 
movable_object 8.476577758788892 -23.120695114135856 -1.9528290033340419 2.1232821941375732 0.5048493146896362 1.0397273302078247 0.00207602977752724 0.13766685128211975 
movable_object 1.5860404968261719 -29.628643035888615 -1.9429079294204712 2.056457996368408 0.4622557461261749 1.059614896774292 -2.730577230453492 0.13434205949306488 
movable_object -3.970790863037223 26.518585205078068 -0.1686083078384435 1.973659634590149 0.4838639497756958 1.0651365518569946 -0.3768848180770874 0.12881161272525787 
movable_object -34.46742248535162 -50.089511871338004 -1.091556191444397 2.676116943359375 0.5701236128807068 1.0578224658966064 0.42587840557098405 0.12701939046382904 
movable_object 9.831798553466882 45.4907608032226 0.4455609321594203 2.1587510108947754 0.5467544794082642 1.1881614923477173 -1.6507111787796025 0.12507812678813934 
movable_object 25.3482284545898 -50.15814971923828 -3.5194931030273438 2.6221261024475098 0.5379626750946045 1.0128332376480103 2.9181492964373983 0.12454254925251007 
movable_object 4.706462860107507 31.068031311035043 -0.21073192358017323 1.1189241409301758 0.7224483489990234 1.1269574165344238 -2.867477893829346 0.124300017952919 
movable_object -32.09949874877918 -43.37863540649414 -0.9045467972755503 2.112379789352417 0.6244078874588013 0.9905511140823364 -0.8570129871368407 0.12372638285160065 
movable_object 3.353813171386662 -29.716470718383903 -2.0949718952178955 2.031792163848877 0.4381335377693176 1.0715994834899902 -1.7992568016052253 0.12055015563964844 
movable_object 1.6008491516111292 -24.317440032959098 -1.8627064228057826 2.2701964378356934 0.5338775515556335 1.0736315250396729 2.455148045216695 0.11865603923797607 
movable_object -4.4099044799803835 26.490547180175668 -0.14455957710743306 2.120321273803711 0.480096697807312 1.1053844690322876 -1.6749153137207036 0.11676885187625885 
movable_object -34.55786895751953 -50.633964538574276 -1.0989756584167516 2.330099105834961 0.5068443417549133 1.070584774017334 -0.939155340194702 0.11656917631626129 
movable_object 0.7356796264648438 -26.825607299804744 -1.8814126253128087 2.0899314880371094 0.4750228822231293 1.053694248199463 -2.9813275337219247 0.1142561286687851 
movable_object -2.6189422607421307 18.19736480712885 -0.5307062864303589 2.25435209274292 0.5198720693588257 1.031628966331482 -0.20909905433654752 0.11415179073810577 
movable_object -4.920566558837805 26.030250549316236 -0.1538910865783727 2.188467025756836 0.4778479039669037 1.134305715560913 -2.108815670013428 0.11157402396202087 
movable_object -1.9372138977051065 20.14051818847645 -0.5637177228927577 2.04557466506958 0.47421854734420776 1.0072886943817139 -0.24393284320831274 0.11141474545001984 
movable_object -17.02342987060544 -42.25770950317383 -1.7588319778442418 2.5183331966400146 0.6157910823822021 1.010831594467163 1.4403678178787231 0.11021365225315094 
bicycle -8.175739288330249 -13.340118408203296 -0.800932765007019 0.6890484690666199 2.097930908203125 1.3182427883148193 -2.2602987289428715 0.8415164351463318 
bicycle -2.622600555420121 16.927001953124886 -0.3329769372940028 0.6655754446983337 1.8113172054290771 1.2051713466644287 2.996032063161031 0.27441269159317017 
bicycle 28.013778686523438 -12.984905242919979 -0.9751706123352051 0.6695073246955872 1.8620193004608154 1.2444490194320679 0.18483459949493442 0.2487599104642868 
bicycle -11.236358642578296 12.763252258300668 0.5126862525939906 0.5565316677093506 1.568047285079956 1.1328119039535522 2.484237019215719 0.20911656320095062 
bicycle 27.230102539062358 4.578372955322152 -1.1399339437484741 0.5360590815544128 1.5914674997329712 1.1739213466644287 -2.75265121459961 0.1744103878736496 
bicycle -7.438117980956946 -33.41617202758795 -1.6918194293975866 0.7129095792770386 1.642916202545166 1.7150006294250488 -0.5183743238449098 0.1638764888048172 
bicycle 26.78359222412101 4.98036956787098 -1.100548267364502 0.6094595193862915 1.7143995761871338 1.2095390558242798 2.825664345418111 0.13590306043624878 
bicycle -3.2798156738282387 32.71604156494135 0.6909950971603358 0.5869221687316895 1.7652883529663086 1.1595877408981323 1.3186842203140259 0.12503011524677277 
bicycle 4.994953155517578 31.04103088378895 -0.295013964176178 0.5813140869140625 1.6193137168884277 1.1104241609573364 -1.207122802734375 0.12484119832515717 
bicycle -8.108825683593665 -34.48794174194347 -1.3729932308197057 0.6862193942070007 1.772811770439148 1.5379188060760498 -0.5294802188873288 0.11985830962657928 
bicycle 19.537704467773324 7.5352783203123295 -0.8785573244094849 0.6246835589408875 1.679197907447815 1.1346840858459473 1.43677294254303 0.11498267948627472 
bicycle 18.49691772460926 17.56860351562483 -0.32853251695632935 0.6280052661895752 1.7270307540893555 1.1436681747436523 -1.8659944534301762 0.1146613135933876 
bicycle -18.771800994873075 -53.815181732177905 -0.7940160632133448 0.681536078453064 1.805306077003479 1.446617841720581 1.1510270833969116 0.11075086891651154 
bicycle 28.406600952148466 -13.873641967773438 -0.8951346874237096 0.8162418603897095 2.3480019569396973 1.4946227073669434 1.4819272756576538 0.10978571325540543 
bicycle -14.098896026611186 -14.642269134521541 -0.41015079617501016 0.5905583500862122 1.6464030742645264 1.116590142250061 1.2959707975387573 0.10570523887872696 
bicycle 24.804634094238367 42.839607238769474 0.6946843862533569 0.7318918704986572 1.9356635808944702 1.482050895690918 -1.317154407501221 0.10191597044467926 
bicycle 24.807533264160085 -50.15465545654297 -3.571237564086914 0.7841411232948303 1.8660646677017212 1.324797511100769 -3.1061475276947026 0.10132971405982971 
movable_object 1.4434547424315554 -8.16551971435564 -1.6349910497665405 0.39980220794677734 0.4043949246406555 0.7228388786315918 1.5350388288497925 0.8646837472915649 
movable_object 2.1656036376952272 6.189270019531193 -1.2506202459335327 0.39656129479408264 0.4002722203731537 0.7413402199745178 1.8985493818866175 0.8646640181541443 
pedestrian 5.67670059204093 -21.094585418701172 -1.4358844757080114 0.7511657476425171 0.715994119644165 1.6871602535247803 -0.8563070297241212 0.8372776508331299 
pedestrian -11.90044403076186 2.0781745910643394 0.46486961841582897 0.7082117199897766 0.6252416372299194 1.8652509450912476 1.3253034353256226 0.8232680559158325 
movable_object 9.313034057617102 -4.881965637207088 -1.598118662834164 0.38863515853881836 0.38308021426200867 0.7210369110107422 -2.9311404228210454 0.78166663646698 
pedestrian -6.852546691894474 -27.161369323730526 -1.285935282707218 0.686225414276123 0.7632311582565308 1.846284031867981 2.3285000959979456 0.7755738496780396 
movable_object 2.0265998840331463 1.2783660888670738 -1.409478783607483 0.3458113372325897 0.35264724493026733 0.727438747882843 1.5326350927352903 0.7550207376480103 
pedestrian -12.08271789550787 3.226688385009709 0.47711932659148815 0.7084434628486633 0.6696387529373169 1.794226884841919 -1.4074752330780032 0.7517049312591553 
movable_object 9.566246032714844 -0.3273124694824787 -1.5059280395507848 0.38577699661254883 0.3869808614253998 0.7754208445549011 2.7524717489825647 0.7507243156433105 
movable_object 2.6204032897948935 12.176933288574105 -1.125698208808899 0.3843257427215576 0.388083279132843 0.689601719379425 1.5122302770614622 0.7466610074043274 
movable_object 10.02215576171875 6.869346618652287 -1.336986780166633 0.41375523805618286 0.40907004475593567 0.727386474609375 2.2270787397967737 0.7421045303344727 
pedestrian -8.299999237060547 -26.276590347290096 -1.2988390922546387 0.6233309507369995 0.701715350151062 1.7632704973220825 2.4547899405108846 0.741066575050354 
pedestrian -4.086498260498075 -28.328359603881836 -1.3693499565124547 0.6473073363304138 0.6411532759666443 1.8509342670440674 -0.22539603710174513 0.7229384183883667 
movable_object 9.845386505126754 3.6541137695310795 -1.4290401935577393 0.39972227811813354 0.3950344920158386 0.7322410345077515 2.1880410353290003 0.718966543674469 
pedestrian 15.753784179687386 -33.25399017333996 -1.9704556465148926 0.6799429059028625 0.7115734815597534 1.8036327362060547 -0.17915463447570754 0.7158116102218628 
pedestrian -8.783275604248104 -26.815801620483512 -1.295267105102539 0.6272482872009277 0.6961480975151062 1.744370698928833 2.483886067067281 0.7157531976699829 
movable_object 1.8305320739745525 -3.1963729858399006 -1.484048724174503 0.3717578649520874 0.3818894624710083 0.7165731191635132 1.5209897756576536 0.703094482421875 
pedestrian -12.505874633789091 8.897335052490178 0.389005690813061 0.6051704287528992 0.6683996319770813 1.6726372241973877 -0.9215142726898193 0.6858844757080078 
pedestrian -14.79548263549816 4.599300384521371 0.6559507846832275 0.6752851605415344 0.797039270401001 1.8377115726470947 -1.2379047870635989 0.6572717428207397 
movable_object 2.9306449890137287 16.926452636718636 -1.0162578821182287 0.38948675990104675 0.3933596611022949 0.7291584014892578 1.6134017149554651 0.6432448029518127 
movable_object 9.09132766723613 -9.879875183105582 -1.7146506309509277 0.3807792663574219 0.37805408239364624 0.7176858186721802 -2.311693668365479 0.6432127952575684 
pedestrian -19.434551239013757 21.714195251464787 1.7494113445281947 0.638184130191803 0.6645650863647461 1.8256959915161133 -1.2513190507888796 0.6363652348518372 
pedestrian -7.383571624755831 -33.38747787475597 -1.5385162830352819 0.6322120428085327 0.6402846574783325 1.7334617376327515 -0.9638836383819582 0.6287310123443604 
movable_object 10.139503479003878 9.398635864257756 -1.2316058874130285 0.39871010184288025 0.4110281467437744 0.740015983581543 1.7287190596209923 0.6196538209915161 
pedestrian 6.518226623535014 -22.28629875183117 -1.4326695203781128 0.7921704649925232 0.7816449403762817 1.772688627243042 2.8158920446978963 0.6132456064224243 
movable_object 8.511558532714645 -19.119544982910327 -1.8661068677902222 0.36508411169052124 0.3648211359977722 0.7274290919303894 -1.6599764823913579 0.610462486743927 
movable_object 3.2678222656250284 23.262039184570142 -0.7730410099029541 0.4119788408279419 0.4116373062133789 0.7913975715637207 1.561677098274231 0.5945048928260803 
pedestrian 15.705635070800668 -32.569015502929744 -1.9974055290222132 0.6683017015457153 0.7174336910247803 1.7878129482269287 -0.07002985477447467 0.5929211974143982 
pedestrian -7.705249786377067 -30.33603477478033 -1.443103313446045 0.6145521998405457 0.6532974243164062 1.7045258283615112 -1.8944238424301152 0.5918818712234497 
pedestrian -20.243930816650305 21.513122558593693 1.763391256332394 0.6548568606376648 0.7043190598487854 1.8789753913879395 -1.1476439237594607 0.5897982120513916 
movable_object 1.0820960998533735 -13.748657226562557 -1.766855001449585 0.38625824451446533 0.3798319399356842 0.7191058397293091 -1.9266406297683722 0.5886241793632507 
movable_object 10.377410888671903 17.1734161376952 -1.0201376676559448 0.43954241275787354 0.42905139923095703 0.7755745053291321 1.9067161718951626 0.5841740369796753 
movable_object 10.597869873046903 21.155570983886662 -0.9710818529129064 0.4297613799571991 0.4303606450557709 0.7770556807518005 2.953709904347555 0.5779222249984741 
movable_object 3.8787040710448366 32.87735748291004 -0.627435445785526 0.4053890109062195 0.3991992175579071 0.760358452796936 1.3684576749801638 0.5695514678955078 
movable_object 10.273612976074219 13.923309326171704 -1.1247279644012451 0.419014036655426 0.420872300863266 0.7523447275161743 1.7527897993670862 0.5517470836639404 
movable_object 8.755359649658118 -14.350311279296989 -1.8100103139877284 0.34614133834838867 0.3481425940990448 0.7234110236167908 -1.797831058502198 0.550883948802948 
movable_object 10.310752868652372 15.683464050292855 -1.0953401327133179 0.4374944567680359 0.4411187767982483 0.776627779006958 1.831825081502096 0.5491677522659302 
pedestrian -18.447143554687443 18.192916870117074 1.3739674091339076 0.6120731234550476 0.6347489356994629 1.7623467445373535 -0.9797247052192688 0.5456479787826538 
movable_object 10.687515258789006 24.194862365722543 -0.7753071784973145 0.39506131410598755 0.39591750502586365 0.9167534708976746 -2.124735593795777 0.5303323268890381 
movable_object 10.498008728027315 18.635192871093693 -1.031814575195316 0.41249632835388184 0.4123149514198303 0.7654374837875366 2.1042731443988245 0.5202702283859253 
movable_object 10.663650512695312 23.18783569335926 -0.844893217086792 0.3834914565086365 0.3834277391433716 0.8557822108268738 -2.2397048473358163 0.483728289604187 
pedestrian -17.876270294189567 17.296318054199162 1.3036353588104213 0.6272825598716736 0.6611430644989014 1.7650796175003052 -1.0587152242660527 0.4792279303073883 
pedestrian 0.7839851379393394 -27.304340362548942 -1.5360531806945836 0.6260066628456116 0.6562623977661133 1.7494045495986938 0.9414137601852423 0.4578670263290405 
movable_object 10.649177551269446 23.71675872802723 -0.7889466881752014 0.391227662563324 0.39365679025650024 0.9310500621795654 -2.18591046333313 0.40211671590805054 
movable_object 10.25769805908206 11.044853210449162 -1.2041425704956126 0.4243046045303345 0.4329649806022644 0.7621797323226929 1.7499354521380825 0.3792007267475128 
movable_object 7.671764373779212 8.790966033935433 -1.048719763755802 0.3941764533519745 0.4009937047958374 0.8966567516326904 1.4258047342300417 0.37837278842926025 
movable_object 9.964145660400419 8.76738357543934 -1.210526466369629 0.40013808012008667 0.40807855129241943 0.7661317586898804 1.7130025068866177 0.3689937889575958 
pedestrian -20.220340728759737 20.033622741699105 1.5694745779037405 0.6354828476905823 0.7026259303092957 1.8463008403778076 1.96287709871401 0.3548116683959961 
pedestrian -8.080230712890511 -34.503204345703125 -1.4355084896087682 0.6184132099151611 0.621867299079895 1.7705758810043335 -0.6770263314247129 0.3475892245769501 
pedestrian -9.677310943603743 -21.11797714233404 -0.9313191771507263 0.6257437467575073 0.6383510231971741 1.7273616790771484 3.0454309622394007 0.34160202741622925 
movable_object 3.765522003173743 29.135025024413892 -0.544161319732666 0.3709830045700073 0.36813634634017944 0.73687744140625 1.441830039024353 0.3312559425830841 
movable_object 9.736087799072266 23.712654113769418 -0.8320553302764893 0.3779246211051941 0.3905870318412781 0.8067276477813721 -2.0092000961303715 0.32784250378608704 
pedestrian -6.987571716308679 -52.557613372802734 -2.091069459915161 0.6097112894058228 0.6080336570739746 1.5897163152694702 -1.1271411180496218 0.3231247365474701 
movable_object 10.506652832031193 19.955795288085767 -0.99830919504166 0.4024801552295685 0.390680730342865 0.8094831109046936 2.3446319738971155 0.3086526393890381 
movable_object 5.1088790893553835 31.031906127929574 -0.38706684112549183 0.44216251373291016 0.44540420174598694 0.9959853887557983 1.6874712149249476 0.3025524616241455 
pedestrian 6.170467376708899 -20.78813552856451 -1.4850515127182007 0.7021763324737549 0.7319226861000061 1.635687232017517 -1.930018544197083 0.2962791621685028 
pedestrian 6.1509208679196945 -27.89990425109869 -1.6689625978469813 0.6037756204605103 0.5939313769340515 1.8058843612670898 2.928694073353902 0.29518961906433105 
pedestrian -6.336143493652571 -53.06410217285162 -2.188320636749264 0.5739204287528992 0.5622391700744629 1.5919450521469116 2.345020596181051 0.2800411283969879 
pedestrian -10.014621734619197 -53.771923065185604 -2.320725440979004 0.678885817527771 0.7361916303634644 1.8144519329071045 0.7226220369338993 0.27655869722366333 
movable_object 27.11746215820304 4.65316009521473 -1.2559590339660645 0.3709189295768738 0.36826008558273315 1.0910279750823975 -1.024697542190552 0.26651063561439514 
pedestrian 5.52091598510728 -21.75844573974615 -1.456660270690918 0.7274659872055054 0.7247065305709839 1.6674269437789917 -0.02610468864440911 0.23799088597297668 
movable_object 7.9402923583984375 8.774169921874943 -1.092365980148319 0.42742303013801575 0.45718076825141907 0.837035059928894 1.527753710746765 0.23653700947761536 
movable_object 5.454280853271314 -15.677604675293026 -1.8017785549163783 0.39404019713401794 0.347328782081604 0.6010280847549438 -1.0088388919830322 0.23516350984573364 
movable_object 8.77011871337885 8.805168151855412 -1.138832807540897 0.38328537344932556 0.3930475413799286 0.8038753867149353 1.5565654039382935 0.23315444588661194 
movable_object 10.516845703124943 19.69520568847645 -1.0163351297378576 0.4090902805328369 0.39689984917640686 0.7888340353965759 2.194296185170309 0.22828218340873718 
pedestrian -6.930438995361399 -53.01398086547857 -2.098048686981201 0.6151068210601807 0.6378529071807861 1.5605764389038086 1.466317057609558 0.21977484226226807 
movable_object -32.09167480468767 -42.248397827148494 -0.9313538074493408 0.40470895171165466 0.4031977355480194 0.8451004028320312 0.36058509349823037 0.21650691330432892 
pedestrian -11.89259719848647 2.7175178527830894 0.4435079991817439 0.7128176689147949 0.6667337417602539 1.792723536491394 -1.8655830621719363 0.2114109992980957 
movable_object -32.81555938720703 -41.28347778320318 -0.7941468954086375 0.4227389693260193 0.4181637763977051 0.7743903994560242 0.9186536073684693 0.20755521953105927 
pedestrian -7.349891662597813 -53.15055465698248 -2.1592013835906947 0.6074450016021729 0.6215177774429321 1.5631054639816284 0.8827551603317262 0.20688246190547943 
pedestrian -17.86103820800787 18.1908340454101 1.307992935180664 0.6179567575454712 0.6593030691146851 1.7216756343841553 -0.847714960575104 0.20000876486301422 
movable_object -1.057949066162081 20.730697631835824 -0.6202036738395726 0.3610672950744629 0.5417811870574951 0.853502094745636 1.0169998407363894 0.19476500153541565 
movable_object 9.238079071045007 8.81333160400385 -1.1787385940551793 0.3844769597053528 0.3963184356689453 0.7506849765777588 1.6854870955096646 0.1936051994562149 
movable_object 4.52624893188468 31.3126983642577 -0.4410427212715149 0.4997459650039673 0.513022780418396 0.8913459181785583 0.9585365056991577 0.19166229665279388 
pedestrian -7.356109619140597 -27.183479309082088 -1.321401596069336 0.6866397857666016 0.7898005247116089 1.8355273008346558 2.4280760923968714 0.18677961826324463 
pedestrian -7.700031280517663 -34.419944763183594 -1.5779882669448888 0.6307640075683594 0.6565660238265991 1.7528750896453857 -0.6892724037170411 0.18568430840969086 
movable_object 28.083290100097628 -13.035007476806697 -1.0128892660141027 0.4276045858860016 0.4200049638748169 1.296525239944458 2.9668987433062948 0.18473851680755615 
pedestrian -20.533584594726506 19.559562683105412 1.4324041604995692 0.6679859757423401 0.7227769494056702 1.829466700553894 2.2466638723956507 0.18226930499076843 
movable_object 4.5368843078613565 46.608566284179574 0.0979472398757899 0.3903679847717285 0.3821229934692383 1.1430240869522095 -1.7674231529235847 0.18137139081954956 
movable_object -33.22481536865223 -41.23280334472656 -0.7540352940559423 0.41994017362594604 0.4155946373939514 0.8040562272071838 0.750391125679016 0.17508317530155182 
movable_object -32.06028366088856 -41.721942901611385 -0.8708053231239319 0.41275691986083984 0.3975874185562134 0.8401898741722107 0.9320172071456911 0.17267188429832458 
movable_object 9.893863677978402 23.265266418456918 -0.8714953660964966 0.3869616687297821 0.3933804929256439 0.7933739423751831 -2.039891719818116 0.1724388152360916 
movable_object 0.892276763916044 -16.583557128906307 -1.719189882278446 0.33862319588661194 0.33626705408096313 0.7423521280288696 -1.6842763423919682 0.1721111238002777 
