car 2.6810951232914704 -36.80792236328148 -2.0697205066680766 2.081474542617798 4.923158645629883 1.8906481266021729 1.60287601152529 0.7396363019943237 
car 18.966712951660384 -33.835182189941634 -2.3145279884338237 1.9024361371994019 4.650341033935547 1.6453951597213745 -1.3673216104507453 0.6853847503662109 
car -0.392269134521257 -40.54803848266647 -2.340233564376831 1.9325731992721558 4.449678421020508 1.6635563373565674 1.586572949086325 0.5330453515052795 
car 37.574272155761946 26.061737060546648 -0.7368615865707255 1.869055986404419 4.326774597167969 1.6674485206604004 2.1000998655902308 0.4531726837158203 
car 39.9515075683596 27.306243896484148 -0.2353539317846156 2.054614543914795 4.744211196899414 1.8982651233673096 -0.9814581871032723 0.35183462500572205 
car 13.566986083985057 48.91613769531227 1.3460062742233418 1.9188005924224854 4.530710220336914 1.6980572938919067 -1.6452236175537116 0.319918692111969 
car 3.2492561340334305 45.89682006835892 1.0121257305145406 1.897199034690857 4.4388837814331055 1.6236047744750977 1.5760958830462857 0.2596556544303894 
car 14.544898986816634 -31.605575561523892 -1.9449325799941874 2.1641485691070557 5.668474197387695 2.1499006748199463 -1.5269484519958505 0.22935962677001953 
car -0.7780075073239914 -45.33631896972679 -2.3263256549835063 1.9694886207580566 4.571164608001709 1.7262170314788818 1.4737669229507444 0.2274136245250702 
car 8.078277587890852 52.47858428955033 1.8044031858444356 2.009321928024292 4.766653060913086 1.8163261413574219 -0.7296214103698735 0.22393950819969177 
car 12.162216186523665 -49.527465820312955 -2.776743173599243 2.002101421356201 4.650622367858887 1.730050802230835 1.685122315083639 0.22379839420318604 
car 48.357948303222884 44.05271911621048 0.5226811766624593 1.9073994159698486 4.468836784362793 1.7025238275527954 -0.5980339050292972 0.17306853830814362 
car 3.1843299865727204 41.1210021972654 0.8904441595077657 1.8497213125228882 4.344455718994141 1.6038670539855957 -1.5965224504470832 0.15413111448287964 
car 12.350090026855696 48.329734802245866 1.2983981370926188 1.8927024602890015 4.451386451721191 1.6520097255706787 -1.649988532066346 0.1258862018585205 
car -11.686416625976335 32.695419311522755 1.4964835643768453 2.2129971981048584 5.52976131439209 2.3477697372436523 -3.0677108764648446 0.11904015392065048 
car 47.637741088867415 45.9238967895501 0.6184418797492981 1.9276403188705444 4.53665828704834 1.713375210762024 -0.16338312625885018 0.11848394572734833 
car 14.519294738769759 -31.614265441894986 -1.874590754508958 2.129493236541748 5.736711025238037 2.0646464824676514 -1.5362297296524057 0.6289243698120117 
car 25.95326232910179 23.12149047851517 -0.2116686850786067 3.1549935340881348 7.627397537231445 3.4082283973693848 -1.682582378387452 0.27129971981048584 
car 8.124492645263672 52.527091979980014 1.818108320236206 2.093158006668091 5.321563720703125 2.0360476970672607 -1.875689148902894 0.14033782482147217 
car 29.044143676757812 -23.163650512695767 -2.473705291748047 1.919575810432434 3.472296953201294 2.4409472942352295 -2.8837366104125985 0.13471108675003052 
car 8.5920219421389 48.385444641113054 1.4479854106903218 1.3452742099761963 2.5727081298828125 2.0088260173797607 1.0630298852920532 0.13314123451709747 
car -12.248302459716797 32.72798156738236 1.542717695236206 2.5472183227539062 6.777566909790039 3.0561561584472656 -3.0845036506652845 0.12730672955513 
car 13.996253967285611 50.09482574462868 1.683161020278959 2.1931328773498535 5.872741222381592 2.1995344161987305 -1.6613185405731208 0.109681136906147 
car 20.017639160156705 -52.51327514648483 -1.387959837913499 3.0030672550201416 12.378740310668945 3.6523375511169434 -1.4075852632522594 0.670968770980835 
car -15.27029800415039 32.708610534667514 1.8374686241149902 2.79502010345459 12.428204536437988 3.779961347579956 -3.1195926666259775 0.10708795487880707 
movable_object 15.836860656738736 26.25212097167946 -0.7858956456184245 2.9697914123535156 0.5155246257781982 0.9148135185241699 3.1276307741748246 0.4755569100379944 
movable_object -4.454242706298373 19.023880004882585 -0.439117372035966 1.1527445316314697 0.6603677868843079 1.0550432205200195 -1.3061916828155529 0.15791329741477966 
movable_object 26.004470825195767 19.9978408813472 -0.9885008335113525 1.965936541557312 0.48042893409729004 1.0319795608520508 -1.594467520713807 0.1527862697839737 
movable_object 28.37964630126953 -23.23570060730026 -2.872232437133789 2.0293679237365723 0.45832985639572144 1.024035930633545 2.171290222798483 0.13575048744678497 
movable_object 15.837181091308821 27.876609802245866 -0.8312290310859538 2.171067953109741 0.41877296566963196 0.9920778274536133 3.1295593420611776 0.13135895133018494 
movable_object -8.642562866210938 35.53439331054642 0.9378684759140015 1.9081544876098633 0.4935902953147888 0.99234938621521 -1.3401607275009166 0.1231149435043335 
movable_object 7.383472442627408 -35.09306716918991 -2.4749422073364116 2.164431571960449 0.5375961065292358 0.9818535447120667 3.1260827223407186 0.11886857450008392 
movable_object -8.196487426757585 35.26402282714798 0.8948568701744364 1.6579698324203491 0.5120857357978821 1.0149223804473877 -1.0165472030639653 0.10938119143247604 
bicycle -6.165222167968523 33.157402038573764 0.5951612591743611 0.7437399625778198 1.8130102157592773 1.7423131465911865 1.961170498524801 0.4574573040008545 
bicycle -3.2298393249509445 20.248832702636264 0.2127986252308034 0.8350260257720947 1.7356033325195312 1.9305988550186157 -0.18843138217926028 0.4220143258571625 
bicycle -6.2956352233884445 -24.770603179932095 -2.0608253479003906 0.5989939570426941 1.5966817140579224 1.342462182044983 1.720156494771139 0.41065630316734314 
bicycle 28.93348693847679 -3.960224151611783 -2.027431011199937 0.5781526565551758 1.6496859788894653 1.1494141817092896 -1.6669133901596083 0.2526138424873352 
bicycle -6.922668457031023 -19.519157409668196 -1.8949235677718832 0.5129715204238892 1.5633370876312256 1.118638515472412 0.5560461282730103 0.21200449764728546 
bicycle 31.67310333251953 -14.094360351562955 -2.908097267150879 0.5750709772109985 1.7320363521575928 1.1675950288772583 1.7905533949481411 0.20043210685253143 
bicycle 6.359630584716797 26.668167114257358 0.5027852058410787 0.600732684135437 1.6510292291641235 1.2129549980163574 -1.8952159881591806 0.20012760162353516 
bicycle 12.88734436035179 47.751785278320085 1.3309057950973795 0.7343254685401917 2.0008134841918945 1.6727972030639648 -1.629168391227723 0.19510796666145325 
bicycle 19.364112854003906 30.882461547851108 0.01888374239206314 0.6970415711402893 1.8569568395614624 1.337544322013855 -2.006528139114381 0.18960857391357422 
bicycle -8.285667419433594 35.214416503905795 0.908955514431014 0.5985515713691711 1.5898845195770264 1.0930445194244385 0.09465026855468718 0.17995642125606537 
bicycle -0.30270385742142025 -44.069694519043196 -2.5090537071227743 0.8660674095153809 2.293779134750366 1.4525437355041504 -0.9203950166702277 0.17467166483402252 
bicycle 5.168914794922102 -22.02532577514671 -1.9947727918624736 0.5339938998222351 1.6026400327682495 1.049569010734558 -3.045948505401612 0.1713097244501114 
bicycle -6.43826293945267 -30.980981826782454 -1.98647451400754 0.6645535826683044 1.757095217704773 1.7865796089172363 1.1448029279708862 0.15194451808929443 
bicycle -0.8510017395019531 -44.53822326660202 -2.552761554717989 0.868411660194397 2.349872350692749 1.601285457611084 -1.6200532913208017 0.1432516872882843 
bicycle -4.48332214355446 -38.6134872436528 -2.223665475845337 0.6017457246780396 1.684784173965454 1.164968729019165 -1.8430604934692394 0.13396546244621277 
bicycle 8.138381958008267 47.21006774902321 1.1231545209884786 0.6999013423919678 1.736253023147583 1.3592581748962402 -2.3540611267089857 0.13129106163978577 
bicycle -6.744312286376953 -47.12167739868187 -2.4289591312408305 0.7240523099899292 1.891089916229248 1.7404943704605103 1.5676172971725464 0.13127608597278595 
bicycle -3.3138580322265625 -42.26585769653366 -2.7856991291046 0.638312578201294 1.6927857398986816 1.4363188743591309 1.4644128084182737 0.12033300846815109 
bicycle 20.080184936523665 30.77578735351517 0.2372458279132985 0.6984711289405823 2.022308349609375 1.4302845001220703 -3.0110905170440687 0.11756033450365067 
bicycle 18.362663269043196 10.476387023925554 -0.6975270509719422 0.6133105754852295 1.6468572616577148 1.185616135597229 -0.4183343648910524 0.10665910691022873 
bicycle 32.10755920410179 -22.61609840393089 -1.913928985595689 0.5887120366096497 1.665652871131897 1.2180904150009155 -1.9395461082458505 0.10631854832172394 
bicycle 35.73316192626953 -31.554477691650618 -1.4634840488433696 0.5369398593902588 1.5215234756469727 1.0913796424865723 0.3015838861465454 0.10114582628011703 
pedestrian 20.89387512207054 -20.244121551514127 -1.9593206644058085 0.677869439125061 0.8032064437866211 1.8087866306304932 1.8007338682757779 0.7616287469863892 
pedestrian -6.168838500976335 -40.58652496337959 -2.1677308082580424 0.6714017987251282 0.7471712827682495 1.808692216873169 1.6270893255816858 0.5882105827331543 
pedestrian -6.495765686034929 -31.06331634521507 -1.9000016450881674 0.6599341630935669 0.7434303164482117 1.7704461812973022 1.2357660531997685 0.523559033870697 
pedestrian 22.319595336914062 -1.8610992431645172 -1.1255611181259155 0.6091797351837158 0.6616017818450928 1.7250490188598633 2.1038454214679163 0.5163959860801697 
pedestrian -6.237831115722429 -24.769184112549283 -1.9710115194320537 0.6400785446166992 0.725334882736206 1.4988912343978882 1.516656517982483 0.3733304738998413 
pedestrian -3.147457122802507 20.208511352539062 0.13375627994538775 0.73735111951828 0.7402964234352112 1.8667192459106445 0.47064316272735585 0.3548373281955719 
pedestrian -6.747600555419467 -47.16041564941429 -2.3302116394042827 0.6572499871253967 0.7350221872329712 1.7441864013671875 1.5380471944808956 0.34143009781837463 
pedestrian 21.106201171875455 50.09465789794854 1.4645023345947408 0.6900284290313721 0.7228079438209534 1.7956416606903076 -1.7591738700866706 0.32670533657073975 
pedestrian 18.094268798828352 46.59140014648369 1.1565011739730977 0.6604123115539551 0.6743000745773315 1.789388656616211 -2.3607873916625985 0.3129556477069855 
pedestrian -6.111938476562045 32.88425445556595 0.7249877452850626 0.7305673956871033 0.8209182620048523 1.8109246492385864 1.8915351072894497 0.2386353760957718 
pedestrian 8.302379608154297 47.29366302490166 1.321323871612563 0.6940811276435852 0.6941961050033569 1.6749516725540161 -1.8069607019424447 0.20983147621154785 
pedestrian 19.126457214355696 30.7826309204097 0.0668412595987462 0.6255460977554321 0.6699066162109375 1.2901232242584229 -2.9666171073913588 0.20074428617954254 
movable_object 6.528896331787109 51.10282897949173 1.346045494079604 0.48868197202682495 0.48785802721977234 1.2857651710510254 -2.005494832992555 0.19444027543067932 
pedestrian -5.718288421630632 -31.010095596313704 -1.9591289758681967 0.613553524017334 0.6527574062347412 1.7021526098251343 1.299352049827576 0.1916094720363617 
pedestrian -8.020744323730469 33.213928222655795 1.4354026317596578 0.7225820422172546 0.695408821105957 1.7919281721115112 -0.685509324073792 0.1797606647014618 
pedestrian 47.175163269043196 42.42080688476517 0.2846331596374654 0.6032653450965881 0.6151863932609558 1.6608750820159912 -2.7247414588928236 0.17853474617004395 
pedestrian 20.306442260742415 45.11665344238213 0.7752065658569478 0.6476709246635437 0.6581259965896606 1.764740228652954 2.9537408987628373 0.16579760611057281 
pedestrian 43.533805847168196 -45.713634490967024 -2.9158694744109965 0.629944920539856 0.6394418478012085 1.624040126800537 1.718282524739401 0.1523963063955307 
pedestrian -7.589588165282976 0.3725242614741546 -1.1879498958587504 0.4994320869445801 0.4856659173965454 1.179038405418396 0.1026402711868283 0.15105712413787842 
movable_object -6.8828544616696945 -19.339138031006087 -1.8994321823119833 0.42514103651046753 0.43334922194480896 1.0473074913024902 0.10363256931304923 0.1433688998222351 
movable_object 5.088832855224609 12.170578002929005 -1.0814076662063599 0.36418256163597107 0.3601296842098236 0.6703360080718994 1.488184571266174 0.1354770064353943 
movable_object 22.564865112304688 7.62838745117142 -0.7884467244148112 0.4027107059955597 0.3949096202850342 1.3416486978530884 0.16826415061950664 0.1338999718427658 
pedestrian -3.292087554931186 -41.82974624633812 -2.7103214263915874 0.5881365537643433 0.6188976168632507 1.4771790504455566 1.4936124086380003 0.13219574093818665 
movable_object 26.69118499755882 9.397972106933139 -1.6054797172546245 0.3463248908519745 0.3560000956058502 0.9384251832962036 -3.0000157356262216 0.13141568005084991 
pedestrian -8.78424453735306 35.119155883788835 0.9964801073074625 0.5532267093658447 0.5832105278968811 1.3638558387756348 -0.18030667304992704 0.12998832762241364 
movable_object 5.2998542785646805 -0.34329223632857975 -1.496812820434556 0.3633212447166443 0.347384512424469 0.5770658850669861 1.7583521048175261 0.12731926143169403 
pedestrian 32.04805755615257 -22.65377807617233 -1.9260132312774516 0.6636507511138916 0.6938044428825378 1.4455373287200928 2.911331001912252 0.12412967532873154 
movable_object 7.655185699463118 50.164466857910156 1.3713642358780191 0.4674384593963623 0.46987926959991455 1.2224018573760986 2.815454546605245 0.12201903760433197 
pedestrian 20.842941284179915 49.72927093505814 1.4170286655426167 0.7054886817932129 0.7499257922172546 1.79672110080719 -1.8491762876510631 0.12097012996673584 
pedestrian 22.369667053222884 48.50109863281182 1.2181482315063477 0.6913385987281799 0.7173612117767334 1.8208155632019043 2.619831864033834 0.11894331127405167 
pedestrian -8.06822204589821 35.21349334716774 0.9810002446174906 0.5790477991104126 0.6333005428314209 1.3690284490585327 -2.3479511737823495 0.1180507242679596 
movable_object 1.3351554870607742 6.901832580566179 -1.4444482326507284 0.35246706008911133 0.3436765968799591 0.7233927845954895 1.4576581716537478 0.11658695340156555 
pedestrian -3.8541679382321945 20.4938125610347 -0.011370940133915042 0.5635538101196289 0.5816354751586914 1.5895984172821045 0.15032720565795887 0.11422683298587799 
pedestrian 6.336620330810774 26.574859619140398 0.5427523851394795 0.615408182144165 0.6429736018180847 1.5779366493225098 -3.0094552040100107 0.11382724344730377 
pedestrian -8.066467285155795 -39.710029602051236 -2.6291825771331503 0.5062008500099182 0.5138764381408691 1.3399876356124878 0.5660699605941775 0.11372445523738861 
movable_object 7.0164680480959305 -43.34620285034225 -2.847872495651245 0.4097447991371155 0.41856637597084045 1.0557188987731934 2.8503354231463827 0.11300387978553772 
pedestrian 28.890731811523665 -4.282161712646939 -2.140798807144165 0.5601571202278137 0.5901132225990295 1.1878489255905151 -2.985863685607911 0.11091852188110352 
pedestrian -6.707214355468523 -24.820844650268782 -1.9864646196365072 0.5851517915725708 0.6414405107498169 1.4803372621536255 1.1227756738662722 0.110430046916008 
movable_object -7.0312271118159515 -14.218883514404524 -1.76766347885129 0.3790856599807739 0.36628609895706177 0.8721861839294434 0.011494874954223421 0.10643637180328369 
pedestrian -6.722633361816179 -24.37682342529365 -1.9898840188980103 0.5525529384613037 0.5883530378341675 1.4336456060409546 1.1013075113296509 0.10325755923986435 
pedestrian -9.817016601562273 22.670425415038835 1.2103437185287618 0.6541667580604553 0.665049135684967 1.7687175273895264 -1.8156442642211925 0.10101953893899918 
pedestrian 22.460685729980923 44.842918395995866 0.9355564117431783 0.6852742433547974 0.7171781063079834 1.8208041191101074 0.9860936403274537 0.10097411274909973 
fe42b85d7f7a4107b650ffa993a4fbff