car 10.609764099120639 -11.020664215087436 -1.4334645271301412 1.8393868207931519 4.408422946929932 1.5871931314468384 -1.6082390546798695 0.8252596855163574 
car 7.500995635985873 10.355644226074446 -0.5313137173652507 1.9380072355270386 4.557101726531982 1.736790657043457 -2.1980075836181627 0.8116857409477234 
car 2.6147155761714203 -25.601465225219272 -1.8678319454193115 1.984154224395752 4.654262542724609 1.719239592552185 1.5712803045855925 0.7475574016571045 
car 13.031852722167514 -31.529628753661882 -2.145752191543579 1.8772860765457153 4.50581693649292 1.6218535900115967 -1.5156993865966788 0.745500385761261 
car 10.923950195311818 4.673278808593977 -0.8471484780311584 1.8153891563415527 4.245068550109863 1.6826813220977783 -1.6146090030670155 0.7409523725509644 
car 10.300460815429233 -35.094287872314226 -2.129563808441162 1.9255646467208862 4.686463832855225 1.624724268913269 -1.5006238222122186 0.7405796051025391 
car 0.18309783935524138 -37.51629257202126 -2.299115180969224 1.967255711555481 4.546374320983887 1.663335919380188 1.4692822694778442 0.6633956432342529 
car 2.745658874511264 -47.775768280029524 -2.465239763259902 1.8933744430541992 4.405670642852783 1.6376491785049438 1.5264884233474734 0.3461936116218567 
car 3.8315315246579758 53.88992309570335 1.6265282630920552 1.9565612077713013 4.538857936859131 1.7647957801818848 1.3509336709976199 0.21189023554325104 
car 36.32406616210915 24.255561828613736 -0.5785604715347148 1.9578911066055298 4.529062271118164 1.7171107530593872 -2.1701292991638175 0.13996955752372742 
car 44.74165344238236 -50.77502441406227 -3.197019338607774 2.0099639892578125 4.691837787628174 1.781345248222351 0.2513157129287722 0.11479496955871582 
car -39.32064819335983 5.70312881469772 -0.3932877779006958 1.8612569570541382 4.243858337402344 1.6160237789154053 0.17738378047943115 0.10871461033821106 
car -0.22558975219772037 -43.473648071288835 -2.4871659278869487 1.8681659698486328 4.4342122077941895 1.5974600315093994 1.418965697288513 0.10843673348426819 
car 3.2515029907222015 -44.754417419433366 -2.407956600189209 1.866821527481079 4.369102954864502 1.5937259197235107 1.4582687616348269 0.1053863912820816 
car 36.83582305908158 22.49641418457054 -0.743424117565155 1.9459362030029297 4.511364936828613 1.7011297941207886 3.1251118818866184 0.10453079640865326 
car 8.705173492431186 53.851921081543196 1.2722761631011963 1.9191912412643433 4.486721992492676 1.6917318105697632 -1.6282491683959952 0.10173702239990234 
car -47.781944274903026 31.535354614257812 -1.0740777254104472 2.0114803314208984 4.628739833831787 1.7553436756134033 -2.990778446197509 0.10124850273132324 
car 3.2182579040520523 50.09260559082054 1.36379981040956 2.5666050910949707 5.963640213012695 2.4469852447509766 -1.6443420648574818 0.14729221165180206 
car -30.835454940796353 -33.85012435913086 2.5026652812957693 2.3575985431671143 3.1726441383361816 2.892249584197998 1.1713939905166626 0.14084696769714355 
car 35.66693115234352 33.80339813232422 2.7726423740386963 2.3094706535339355 3.411078453063965 2.941650152206421 -2.7376861572265616 0.13247719407081604 
car 46.48808288574173 -53.67031478881836 -3.651862621307359 2.99533748626709 8.368094444274902 3.383460521697998 -2.439870357513427 0.12695205211639404 
car 2.714481353759311 -48.839874267578125 -2.6250586509704306 2.175415515899658 5.776827812194824 1.9650356769561768 1.5237103700637815 0.11044543981552124 
car -3.2986564636232742 -53.885440826416016 -2.041994810104349 2.5299344062805176 5.694608211517334 3.3153152465820312 1.739614788685934 0.10100915282964706 
car -12.94087219238304 -19.610988616942905 -0.8165730834007263 2.483901262283325 6.073312759399414 2.8587465286254883 2.973442856465476 0.14736329019069672 
car 45.95042419433571 -53.90119552612305 -3.4249813556671 2.813911199569702 9.622550010681152 3.3296689987182617 -2.5982787609100333 0.10564558207988739 
movable_object 19.953109741210255 24.829765319824673 0.37144076824189654 2.819272756576538 0.437906950712204 0.9746949672698975 -3.133748054504394 0.17262127995491028 
movable_object -2.6071662902834305 -31.510438919066928 -2.887276172637911 2.777527093887329 0.5046715140342712 0.9206501841545105 -0.02450501918792735 0.12603725492954254 
bicycle -7.552116394043196 -2.623638153076172 -0.7814048528671407 0.7563100457191467 2.2244434356689453 1.6307646036148071 1.678567711506979 0.8946188688278198 
bicycle 26.73512268066338 -38.7224426269529 -2.661271572113037 0.7533974647521973 1.915869951248169 1.471116065979004 1.7732842604266568 0.18256515264511108 
bicycle 22.000457763671648 -37.95220947265602 -2.2774302959441854 0.6417579650878906 1.6807090044021606 1.797065019607544 1.2526367902755735 0.17794829607009888 
bicycle 26.10008239746071 -17.68655776977539 -2.3095910549163676 0.5929195880889893 1.5999466180801392 1.081936240196228 0.020943522453307984 0.1750592738389969 
bicycle -18.94112396240257 35.675376892089616 -0.9942105412483073 0.6780476570129395 1.8473385572433472 1.3805075883865356 -1.6856390237808219 0.15523967146873474 
bicycle -2.618610382080533 29.71607208251953 -0.6362482309341289 0.5538197755813599 1.5856953859329224 1.0682168006896973 1.4568489789962769 0.15348902344703674 
bicycle 25.90785980224564 -20.639453887939226 -2.2347235679626465 0.5242924690246582 1.6982262134552002 1.124305248260498 -1.146086454391479 0.15204663574695587 
bicycle 15.750358581542514 36.811866760253906 -0.576885461807251 0.6522639393806458 1.6726268529891968 1.1734710931777954 -1.2613577842712396 0.15135638415813446 
bicycle -17.722789764404524 18.901359558105923 -1.398855924606309 0.4957353472709656 1.5242925882339478 1.0537381172180176 2.7393072287188933 0.1433708816766739 
bicycle -2.624378204346158 -21.94474029540993 -2.4407291412353374 0.5151724815368652 1.5656602382659912 1.1265368461608887 -1.1331795454025264 0.142899289727211 
bicycle -2.5940818786623367 -30.858995437621616 -2.7127227783202983 0.541117787361145 1.6346021890640259 1.1160246133804321 -1.7738250494003287 0.14234428107738495 
bicycle 20.071014404296648 4.489749908447493 -1.0300220251083374 0.6383963823318481 1.6438632011413574 1.7311615943908691 -1.8733431100845324 0.13908198475837708 
bicycle -8.078708648682323 30.176513671875 1.068656325340271 0.7152154445648193 1.7622098922729492 1.395115613937378 2.5578797499286106 0.13591888546943665 
bicycle 15.465316772460483 27.404586791992642 -0.6178928613662436 0.7326301336288452 1.9108316898345947 1.152750015258789 0.04528713226318373 0.1282050609588623 
bicycle 2.5556068420410156 -46.96282958984352 -2.563065767288208 0.9278775453567505 2.1466171741485596 1.5946195125579834 -2.0042109489440914 0.12656205892562866 
bicycle -4.032970428467252 38.206077575684276 -0.029591115191564654 0.6303306221961975 1.7946921586990356 1.1680878400802612 0.5533596277236937 0.12280888855457306 
bicycle 21.139999389647983 -44.09891891479492 -2.4497091770171977 0.7358052730560303 1.9062049388885498 1.4077215194702148 1.7048872152911592 0.1195729449391365 
bicycle -3.8487548828127274 -21.474346160888672 -1.1253329515457011 0.6654322147369385 1.6924269199371338 1.47098708152771 2.9031665960894992 0.11861281841993332 
bicycle 10.64146423339821 43.43543243408203 -0.0696117654442645 0.6905608177185059 1.8777798414230347 1.2451844215393066 1.692386929188864 0.1113705262541771 
bicycle -3.9234085083010086 -43.65941238403275 -2.2094411849975444 0.7492575645446777 1.7977124452590942 1.5065631866455078 -2.270936965942382 0.11122146993875504 
bicycle 23.760749816894077 6.260665893554915 -0.5018871426582194 0.6314122676849365 1.7921710014343262 1.4168164730072021 -1.646458148956298 0.10968782007694244 
bicycle -39.97400665283271 8.859161376953352 -0.8827080726623677 0.698267936706543 1.8051295280456543 1.6626646518707275 -1.9089324474334708 0.10885834693908691 
bicycle -39.249897003174055 4.469951629639127 -0.6109316945075847 0.6162303686141968 1.7923187017440796 1.2490872144699097 -2.1259043216705305 0.10825963318347931 
bicycle 37.54591369628838 -25.47709083557129 -2.3084499835968018 0.6739568710327148 1.6123003959655762 1.5048351287841797 -0.20524823665618896 0.10818363726139069 
bicycle -9.277072906494595 14.051643371582031 -0.9790872335433818 0.6131175756454468 1.6403539180755615 1.0871987342834473 0.7635606527328487 0.10108879208564758 
bicycle -30.385301589966048 -32.808444976806186 2.626504898071296 0.8337644338607788 2.0635533332824707 1.471176028251648 0.29827868938446 0.10053326189517975 
pedestrian -6.926803588867642 24.875442504883267 -0.0644833818077899 0.6567043662071228 0.7272677421569824 1.7467994689941406 -1.7108703851699818 0.7060641646385193 
pedestrian 20.06505584716774 4.538459777832486 -0.9865992069244243 0.6195670962333679 0.6792237758636475 1.7014966011047363 -1.768315076828002 0.5057436227798462 
pedestrian 21.994903564452443 -37.976448059081804 -2.333989858627291 0.6634948253631592 0.740271270275116 1.8034868240356445 1.2956808805465694 0.4876408576965332 
pedestrian 21.147048950195085 -43.58706283569313 -2.4941136837005473 0.632490873336792 0.613093376159668 1.783130407333374 -2.77759552001953 0.3916199803352356 
pedestrian 21.86837005615189 -42.91302490234375 -2.4773271083831787 0.5976201295852661 0.587489664554596 1.7535450458526611 -2.3289842605590807 0.21295249462127686 
pedestrian 26.797042846679233 -38.610313415527116 -2.6110618114471436 0.5870204567909241 0.581632137298584 1.6633081436157227 2.322723213826315 0.1847628355026245 
movable_object -17.754398345947493 18.860000610352017 -1.5356713533401205 0.3667232394218445 0.38380175828933716 0.9335986971855164 -1.1509301662445064 0.17958396673202515 
pedestrian -3.833385467529979 -21.43657302856468 -1.437630295753479 0.5938732624053955 0.5791630744934082 1.6728984117507935 1.002917408943176 0.17006312310695648 
pedestrian 20.92507934570267 -43.928466796874545 -2.6241257190704204 0.642917275428772 0.6460614204406738 1.7304900884628296 -3.023164272308349 0.16223347187042236 
movable_object -45.32490539550827 17.27190399169922 -0.08544185757637024 0.4051726162433624 0.4010547995567322 1.2522028684616089 -0.1453703641891479 0.15323151648044586 
movable_object 20.139564514159474 27.81040191650436 -0.08519699424503813 0.3875974714756012 0.38544055819511414 1.0425351858139038 2.4364045302020476 0.15060268342494965 
pedestrian 20.57962036132767 -42.887695312499545 -2.747248888015733 0.5694583654403687 0.5797230005264282 1.4601714611053467 -2.764385223388671 0.14221912622451782 
movable_object -18.936267852783658 35.56042480468773 -1.1742386817931845 0.43642979860305786 0.44569501280784607 1.2621153593063354 -1.5646972656249993 0.1374998390674591 
pedestrian 21.176101684569858 -37.04232788085915 -2.4401218891143657 0.5103009939193726 0.5255837440490723 1.5498220920562744 1.5104914903640745 0.13702940940856934 
pedestrian 5.706912994384311 -15.122978210449219 -1.273668169975295 0.57224041223526 0.5825858116149902 1.4735980033874512 -1.0082938671112056 0.13503196835517883 
movable_object -8.747863769531932 14.111968994140852 -0.8866214156150818 0.3818686008453369 0.39482036232948303 0.8014764785766602 0.0979155302047731 0.13379263877868652 
pedestrian 37.5858535766597 -25.5256538391111 -2.332718372344985 0.6016349792480469 0.5808573961257935 1.7318345308303833 -2.7559790611267077 0.13143347203731537 
movable_object -38.13240051269554 6.291973114014127 -0.6707762479781962 0.4742279350757599 0.4870116412639618 1.0834182500839233 0.06068980693817101 0.12672190368175507 
pedestrian 21.39443206787064 -43.052783966064 -2.550686836242676 0.641239583492279 0.6392560601234436 1.7514528036117554 -2.6476247310638414 0.1260460764169693 
pedestrian 21.170761108397983 -44.683040618896484 -2.5515100955963135 0.6385775804519653 0.6461908221244812 1.7080199718475342 2.7767103354083464 0.11961166560649872 
pedestrian 21.74825286865189 -43.35569763183571 -2.4622156620025635 0.6741083860397339 0.6831021308898926 1.8137084245681763 -2.3338325023651114 0.11848390847444534 
pedestrian -4.688064575195995 53.653968811035156 1.7504361867904663 0.6504861116409302 0.6691867709159851 1.7046895027160645 -1.2877798080444327 0.11606515944004059 
pedestrian 21.94981384277321 -38.47993087768509 -2.291330575942979 0.7173835635185242 0.8078199028968811 1.8147149085998535 1.3004027605056763 0.11076804995536804 
movable_object -4.33057022094772 -21.335815429687045 -1.5891932249069214 0.49761614203453064 0.49390777945518494 1.4274526834487915 0.7724391222000118 0.109632708132267 
movable_object 19.010742187499773 -40.480171203613054 -2.8536281585693217 0.44130533933639526 0.4512438178062439 0.9949508905410767 -2.410737991333007 0.10702958703041077 
movable_object 34.08786773681595 -2.6522254943845383 -2.311114549636841 0.3499155044555664 0.36638814210891724 1.0849502086639404 -2.833652973175048 0.10408350825309753 
movable_object -9.702621459961165 14.147552490234602 -0.9582768082618713 0.36097705364227295 0.365453839302063 0.7858984470367432 1.71038276353945 0.10360394418239594 
pedestrian 45.74350738525345 -5.831775665282976 1.2613737583160542 0.6174107193946838 0.6380207538604736 1.7159550189971924 1.9773972670184536 0.1033954843878746 
movable_object 2.148521423339389 46.9345321655278 0.7364384531975077 0.4248754382133484 0.4143405854701996 1.1385219097137451 -0.3204911947250366 0.10333523154258728 
movable_object -9.380249023437955 14.116279602051236 -0.9106236100196554 0.3854912519454956 0.4058162569999695 0.814079225063324 0.822039723396301 0.10273735225200653 
