car 4.295280456543196 1.5404968261721592 -0.983417153358447 1.856811285018921 4.659092426300049 1.4745597839355469 1.5798652807818814 0.865389347076416 
car -7.701053619384481 -13.61498260498007 -1.817766308784476 1.8994190692901611 4.739568710327148 1.5786552429199219 -1.580213069915772 0.8165922164916992 
car -5.669673919677564 9.680664062500284 -0.8692236542701615 1.8763794898986816 4.670398712158203 1.552406668663025 -2.092607736587525 0.7948198318481445 
car -14.501682281493913 0.9081230163577629 -1.5774762630462522 1.938624382019043 4.675086975097656 1.6506898403167725 0.17910706996917716 0.7818485498428345 
car -27.183031082153093 5.268795013428189 -1.8530833721160764 1.8995788097381592 4.533143520355225 1.6037217378616333 -3.0077097415924072 0.778357744216919 
car -21.445812225341456 6.264904022217138 -1.6660455465316701 1.7467145919799805 3.8947982788085938 1.5761513710021973 -2.991600513458252 0.7745058536529541 
car 2.0642967224124504 23.843513488769986 0.06800973415376177 1.8496512174606323 4.382107734680176 1.5688354969024658 1.4382816553115843 0.7516663074493408 
car -8.765823364257585 22.46152496337936 -0.23703646659850008 1.8460103273391724 4.5369462966918945 1.5907670259475708 1.3874295949935915 0.7312732934951782 
car -28.42835235595669 -1.083637237548487 -1.9227056503295845 2.069739818572998 4.748181343078613 1.7707054615020752 0.17763531208038347 0.7143608331680298 
car 6.142520904541186 33.46617889404331 0.5779734849929845 1.9041625261306763 4.484897613525391 1.7028248310089111 1.463177561759949 0.7113814353942871 
car 12.690628051758267 19.562866210937955 0.28489553928376665 1.8784568309783936 4.448042392730713 1.6077797412872314 1.5534313917160032 0.6843435764312744 
car 16.36688232421909 38.75974273681675 1.4809167385101407 1.843613624572754 4.2798967361450195 1.65071439743042 1.4542704820632935 0.6265479326248169 
car 18.95148468017601 19.421325683594148 0.39456385374070635 1.8212722539901733 4.305283546447754 1.5673229694366455 1.619767491017477 0.5747014880180359 
car 16.602302551269702 19.02712249755905 0.43404743075372565 1.738337516784668 3.994640588760376 1.533328652381897 1.5342415571212769 0.4930422902107239 
car 21.371612548828352 38.633636474609716 1.827608227729817 1.8915647268295288 4.498448371887207 1.6684620380401611 1.5178047418594358 0.4160703420639038 
car -32.719322204589616 3.944934844971044 -1.8899264335632218 1.903672218322754 4.315021991729736 1.6352369785308838 -2.979867935180664 0.34732741117477417 
car -0.2046318054196945 -42.91524505615189 -2.1034073829650666 1.967732548713684 4.490541458129883 1.7420530319213867 1.7870453039752408 0.3336009383201599 
car 21.94519042968784 44.677947998047216 1.9322223663330167 1.8910192251205444 4.36511754989624 1.6764191389083862 -1.9988713264465339 0.3302980363368988 
car -19.531723022460767 1.0207939147953766 -1.606513977050767 2.0230486392974854 4.741720199584961 1.9058703184127808 0.10970795154571523 0.29963046312332153 
car -8.758178710937216 15.889823913574446 -0.6876724362373263 1.8571557998657227 4.450996398925781 1.5581200122833252 1.5004709959030151 0.29931434988975525 
car -38.67499160766596 2.738628387451513 -1.7209812402725166 1.9390087127685547 4.446621894836426 1.715096354484558 -2.9198005199432373 0.27217185497283936 
car -36.22148895263655 -2.6948738098139984 -2.445342302322377 1.952054738998413 4.459033489227295 1.6918280124664307 0.28795659542083757 0.2648811638355255 
car 6.3102607727053055 40.499572753906705 1.0415704250335747 1.9169342517852783 4.617419242858887 1.6958400011062622 1.407507061958313 0.2591590881347656 
car -7.553409576415788 50.66780853271507 1.6097780466079783 2.113617420196533 5.143835067749023 2.026763677597046 -1.3462578058242798 0.20509971678256989 
car 6.310886383056925 49.54616546630905 1.4034513235092323 1.845121145248413 4.341344833374023 1.6638524532318115 -1.5140812397003176 0.1955520063638687 
car -8.609828948974268 25.43213653564476 -0.06027588620780122 1.8176944255828857 4.3446478843688965 1.5754820108413696 1.5294259786605833 0.18979288637638092 
car 6.250095367431982 43.55760955810581 1.3043041229248082 1.8672809600830078 4.4536967277526855 1.695299506187439 1.4621187448501587 0.18634244799613953 
car 15.363235473633267 19.48342132568399 0.5992590188980227 1.8439944982528687 4.333247661590576 1.7038967609405518 1.4304131269454954 0.18237459659576416 
car 2.694499969482706 -42.38300704956009 -2.0875864028930486 1.873060703277588 4.30589485168457 1.60650634765625 1.739575211201803 0.18005025386810303 
car 15.898971557617585 43.563514709472884 1.6285202503204452 1.782688856124878 4.138936996459961 1.5654668807983398 0.4073730707168579 0.1783723384141922 
car 15.344879150390966 51.28639221191452 2.382696151733418 1.9217724800109863 4.368985176086426 1.6921324729919434 -0.9924334883689881 0.14051227271556854 
car 13.525367736816634 44.038589477539404 1.825146913528453 1.8535661697387695 4.410050392150879 1.6098383665084839 2.184815708790915 0.13424421846866608 
car 21.349609375000284 20.074035644531705 0.6913074851036178 1.921513319015503 4.525782585144043 1.671612024307251 -1.3082295656204224 0.12926346063613892 
car -8.002288818359148 44.068984985351904 0.9930124878883575 1.8933436870574951 4.587542533874512 1.6927748918533325 1.581331555043356 0.12814155220985413 
car 22.55856323242216 39.912544250488736 1.900080561637889 1.901637077331543 4.332240104675293 1.6397351026535034 2.6400678793536585 0.12458940595388412 
car 22.52519989013689 51.35959625244175 2.7184739112854057 2.14447283744812 4.9054460525512695 2.0804131031036377 3.092611614857809 0.12447862327098846 
car 31.494354248047102 35.131607055664404 2.712981224060071 1.9206427335739136 4.471884727478027 1.7229888439178467 0.6467574834823608 0.1240382045507431 
car 21.957740783691634 22.497886657715185 1.15067863464356 1.9344569444656372 4.537545680999756 1.7128095626831055 2.93031102815737 0.12111995369195938 
car 5.110424041748274 41.088150024414404 1.0335992574691826 1.8588159084320068 4.470821380615234 1.6496905088424683 1.5082107782363894 0.12097537517547607 
car 21.22647857666044 34.58678436279337 2.4717540740966992 2.5986709594726562 6.797954559326172 2.8865818977355957 -0.49399828910827653 0.1092480793595314 
car -8.705688476562159 18.877548217773665 -0.5347613096237076 1.7279988527297974 4.004990577697754 1.4279983043670654 -1.551548957824707 0.1083417609333992 
car 6.332412719726847 46.48540496826206 1.3788322210312032 1.8492869138717651 4.40888786315918 1.6461912393569946 -1.5923773050308228 0.1012633740901947 
car -7.63349151611294 50.732078552246435 1.8669446706772028 2.18005633354187 5.95546817779541 2.723191499710083 -1.608954787254334 0.36860883235931396 
car 21.306121826172102 35.03569793701212 2.549681663513203 2.6703553199768066 8.03399658203125 3.3762264251708984 -1.5621253252029423 0.3331235647201538 
car -20.686424255370696 -43.505752563476165 -2.3095471858978147 2.116405487060547 4.30904483795166 2.8997397422790527 1.079304337501526 0.15364068746566772 
car 11.167144775390966 32.672576904297216 0.8738622665405344 1.8877880573272705 4.135429382324219 2.1860709190368652 1.6733472982989714 0.1477818340063095 
car 26.144340515136946 -12.299934387206633 -0.6854566335677923 1.8726726770401 3.0478711128234863 2.2966175079345703 -2.742070436477662 0.14748170971870422 
car 14.774070739746321 18.88581848144571 0.5285249352455281 1.4961620569229126 2.9163930416107178 2.036693811416626 1.4566632509231567 0.1409595012664795 
car -21.28436660766579 18.290451049805142 0.8219481110572993 2.2259104251861572 4.108818054199219 2.8925857543945312 -0.14175474643707317 0.11063380539417267 
car -20.08866119384743 -41.76081085205044 -2.4763998985290403 2.4485104084014893 6.168745994567871 2.804100751876831 -0.7954549789428711 0.10869430005550385 
car 6.292049407959269 39.29660797119175 0.9810400009155327 2.160262107849121 6.010478973388672 1.9535616636276245 1.5382212400436404 0.10519707202911377 
car 11.067939758301009 47.12259674072311 2.8750481605529927 3.0135624408721924 7.750878810882568 3.5064427852630615 -1.6806318759918213 0.10330696403980255 
car -12.267196655273324 -50.12750625610323 -2.5336883068084557 1.3897979259490967 2.5513062477111816 2.3427205085754395 1.5561343431472776 0.10309118032455444 
car 22.533851623535554 44.72764587402378 1.9450128078460818 2.1260218620300293 4.964563369750977 1.984929084777832 -2.2482545375823975 0.1026793047785759 
car -24.301134109497013 -42.872653961181356 -3.2029325962066633 2.42043399810791 6.339702606201172 2.6851673126220703 -2.0254311561584477 0.10191771388053894 
car -7.688053131103231 48.41310119628952 1.5953574180603116 2.202277898788452 5.622030258178711 2.9108662605285645 -2.8243367671966557 0.10135550796985626 
car 21.325675964355753 35.118545532226904 2.659883737564096 2.6866211891174316 8.269675254821777 3.2724530696868896 -1.5773726701736455 0.24425604939460754 
car 23.631034851074503 54.00122833251976 3.101276397705087 2.7988853454589844 8.317218780517578 3.5088748931884766 -0.9480642080307007 0.16524241864681244 
car 26.08373260498064 -12.288738250731967 -0.3662227988242961 2.1028809547424316 3.4528427124023438 2.194387912750244 2.9769070784198206 0.1318664699792862 
car 28.49134063720726 51.39483642578159 3.5190305709839045 2.887294054031372 13.503656387329102 3.9430670738220215 -0.06662154197692904 0.12067136913537979 
car -21.256439208984034 18.299324035644872 0.8309926986694531 2.3874924182891846 4.205918312072754 2.925027370452881 0.4749575853347779 0.10862714052200317 
car 23.591514587402685 50.01098632812534 2.5657458305359064 2.188051700592041 2.767077684402466 2.9868004322052 -1.2495672702789307 0.10405099391937256 
movable_object 10.940185546875227 -33.31115722656216 -1.9658485651016093 2.345294952392578 0.5417776703834534 1.1447036266326904 1.5109449625015259 0.22630800306797028 
movable_object 10.900016784668423 32.043487548828466 0.7110947966575729 2.65686297416687 0.5289862155914307 0.9830605387687683 -3.0222525596618657 0.1378096491098404 
movable_object -18.254997253417798 16.50992584228561 -1.3266503810882355 1.9694411754608154 0.5055960416793823 0.9796959757804871 -0.8678879141807555 0.12970015406608582 
movable_object 10.38252258300804 19.398811340332372 -0.2997468113899071 2.7087974548339844 0.4431697130203247 0.8560613393783569 3.081155602131979 0.12439272552728653 
bicycle -8.176212310790618 27.285499572754247 -0.418316066265092 0.6773331165313721 1.9091646671295166 1.2514350414276123 -0.7415744066238406 0.2718900442123413 
bicycle 25.566665649414404 -12.191425323485873 -0.9060971140861334 0.6148832440376282 1.6396265029907227 1.1344064474105835 0.4995883703231809 0.2656855583190918 
bicycle 11.220321655273608 16.63826751709024 0.580246984958654 0.6233179569244385 1.654571294784546 1.5776863098144531 -1.688783645629883 0.19846457242965698 
bicycle 11.024116516113509 31.464996337890966 0.7533072233200127 0.6315315365791321 1.699280023574829 1.1514018774032593 1.7728636900531216 0.19742387533187866 
bicycle -23.59573364257784 -40.59164810180624 -3.0124554634094114 0.9806877374649048 2.1433002948760986 1.6278935670852661 1.0043560266494749 0.18440815806388855 
bicycle -12.146076202392294 -49.479263305663835 -2.2920351028442276 0.7427123785018921 1.72602379322052 1.611325740814209 1.4514883756637573 0.17131288349628448 
bicycle -8.576507568359034 26.81767272949253 -0.3876754045486308 0.7075160145759583 1.9965317249298096 1.2754979133605957 -0.25339531898498546 0.16927115619182587 
bicycle 32.61529541015665 -26.185216903686182 0.9166493415832697 0.7273175716400146 1.87930428981781 1.3498671054840088 -2.9193024635314946 0.16780026257038116 
bicycle -16.016357421874545 -9.253978729247592 -1.2906745672225828 0.5245789885520935 1.5208020210266113 1.1379594802856445 -2.299678087234498 0.16312144696712494 
bicycle -8.582618713378622 28.337112426758154 -0.4577768445014794 0.7223547697067261 2.0292093753814697 1.3116148710250854 0.7655369043350215 0.16105760633945465 
bicycle 11.57984924316429 -9.89688491821255 -0.331278711557383 0.553167462348938 1.6950868368148804 1.172406792640686 2.0456116835223597 0.15819428861141205 
bicycle 32.206367492676236 -26.648292541503565 0.8544322252273666 0.7440446019172668 1.9615590572357178 1.4135494232177734 2.688910786305563 0.15526306629180908 
bicycle -8.675937652587606 26.19085693359409 -0.38213980197905073 0.7593349814414978 2.1494996547698975 1.3484292030334473 0.1962202787399292 0.152112677693367 
bicycle -9.744033813476392 14.726219177246435 -0.8500500321388138 0.6237550973892212 1.9329181909561157 1.310856580734253 1.1418551206588745 0.14538027346134186 
bicycle -10.511791229247763 -22.053981781005575 -2.3624675273895104 0.5438181757926941 1.5630698204040527 1.1436530351638794 -0.7722626924514769 0.14335602521896362 
bicycle 14.661018371582315 18.790969848633097 0.8301780819893079 0.629670262336731 1.6734309196472168 1.1454591751098633 1.273440957069397 0.13846491277217865 
bicycle -33.94457244873013 -19.496417999267294 -0.7847506403922928 0.6493945121765137 1.664458990097046 1.4068171977996826 0.33008742332458474 0.13574285805225372 
bicycle -17.6711235046385 -24.416194915771143 -0.9969776868820031 0.6729888916015625 1.7848799228668213 1.2700210809707642 0.07900953292846659 0.1253439337015152 
bicycle 11.521011352539404 30.888809204101904 0.7963783740997457 0.7010374069213867 1.8765978813171387 1.2467272281646729 0.2008795738220214 0.12410642951726913 
bicycle -11.58510589599581 18.298637390137173 -0.3247148990630997 0.5946269035339355 1.7106446027755737 1.2022541761398315 -0.9421175122261048 0.11762930452823639 
bicycle -16.556430816650163 -35.0056610107419 -2.53631353378295 0.7003321647644043 1.768896222114563 1.2548885345458984 0.1855154037475589 0.1143927052617073 
bicycle -17.56951904296858 -33.396953582763274 -2.260894298553451 0.7220296859741211 1.727295160293579 1.6965734958648682 0.9123219251632689 0.11294320225715637 
bicycle -20.076343536376612 -43.596130371093295 -2.0832662582397354 0.6859337687492371 1.7625207901000977 1.5396101474761963 -1.2589002847671509 0.11186104267835617 
bicycle -8.738815307617017 20.214363098144986 -0.47436213493345747 0.6176701784133911 1.8522310256958008 1.1605072021484375 0.17231047153472875 0.1095888614654541 
bicycle -13.993640899657862 -15.323783874511207 -2.03988432884214 0.7596487998962402 1.9733123779296875 1.3142764568328857 -0.16185224056243877 0.1072777584195137 
bicycle -11.674560546874716 -26.091747283935263 -2.602491855621329 0.4126777648925781 1.3081376552581787 1.0577605962753296 -1.2546075582504272 0.10719716548919678 
bicycle -23.134836196899244 -41.617019653319915 -3.024847507476794 0.9001611471176147 1.9994384050369263 1.6927413940429688 -3.091695308685303 0.10567748546600342 
bicycle 16.006179809570597 17.77431488037149 0.1355240195989751 0.5651377439498901 1.6866512298583984 1.110356330871582 -1.490193009376526 0.10362356901168823 
bicycle 10.544189453125341 42.849693298340185 1.208638429641729 0.7177577018737793 1.8332945108413696 1.4104678630828857 -1.7658430337905888 0.10202555358409882 
bicycle 29.748817443847884 33.9605255126956 2.060335636138923 0.6294626593589783 1.7474650144577026 1.2670155763626099 -3.0246090888977055 0.10161392390727997 
bicycle -36.819499969482195 3.3705177307132317 -1.4792046546935964 0.6719309687614441 1.9489176273345947 1.310699701309204 1.7744315306292935 0.10021106898784637 
pedestrian -11.68019866943331 3.9279136657718254 -1.3014082908630211 0.6621837615966797 0.8112112283706665 1.7264429330825806 -1.4470636844635012 0.8475697636604309 
pedestrian 8.236927032470987 -18.198638916015113 -1.1140290498733432 0.6705361008644104 0.7914668321609497 1.8338427543640137 1.5579210519790647 0.8469630479812622 
pedestrian -10.933319091796534 0.7986068725590485 -1.5080072879791082 0.6836418509483337 0.7925389409065247 1.68611741065979 1.4510694742202759 0.8303712606430054 
pedestrian 8.556777954101847 6.106895446777742 -0.42598974704741366 0.7653025388717651 0.9036545753479004 1.8638702630996704 1.617017094288961 0.8221401572227478 
pedestrian -2.555252075195085 -34.53638458251925 -1.7974636554717858 0.726384162902832 0.8144235610961914 1.8411405086517334 0.15038704872131325 0.8159408569335938 
pedestrian 7.973777770996264 -0.5026893615719246 -0.739425420761096 0.7005262970924377 0.8814658522605896 1.774242877960205 -1.5436785221099858 0.8117028474807739 
pedestrian -11.54967498779257 5.298992156982763 -1.2416936159133716 0.6714977025985718 0.8546224236488342 1.7750961780548096 -1.4263442754745483 0.8012058138847351 
pedestrian 7.351284027099837 -18.693756103515113 -1.1496516466140658 0.6685612201690674 0.8044790625572205 1.8286254405975342 1.5407787561416624 0.7795121669769287 
pedestrian 6.41312789917032 -33.85765838622996 -1.6470093727111657 0.6763033866882324 0.7424222230911255 1.860427737236023 -2.447042465209961 0.7736775279045105 
movable_object 5.913337707519759 -1.326477050780909 -1.2760512828826762 0.3533499836921692 0.3551114797592163 0.8069374561309814 2.065389935170309 0.7540785074234009 
pedestrian 8.91171264648466 25.899200439453466 0.4144240021705716 0.6925097703933716 0.7949715256690979 1.7875925302505493 1.4607759714126587 0.7356652617454529 
pedestrian 3.0912513732914135 -34.474925994872706 -1.8403379917144598 0.6808163523674011 0.7513208389282227 1.790168046951294 -2.976628303527832 0.711990237236023 
pedestrian 1.9315490722657387 -35.323326110839616 -1.87283611297606 0.6596924066543579 0.7096714377403259 1.7360137701034546 -3.0139961242675786 0.6715015172958374 
pedestrian -12.430744171142521 -43.39302062988264 -2.2590041160583407 0.6674103736877441 0.7440563440322876 1.8450976610183716 -1.5664182901382449 0.6482146978378296 
pedestrian 5.497570037841911 -34.89912414550753 -1.8276560306549001 0.652042806148529 0.7127212285995483 1.815521001815796 -2.517646074295044 0.6044966578483582 
pedestrian 4.6989631652834305 -33.42335510253878 -1.6853450536727728 0.6591848134994507 0.7239971160888672 1.7766295671463013 -2.797247648239136 0.5933025479316711 
pedestrian -11.460121154784929 -43.07785034179659 -2.259695291519158 0.638046145439148 0.6950361132621765 1.788056492805481 -1.623292922973633 0.587003767490387 
pedestrian -17.524543762206804 -33.30943298339815 -2.23404049873351 0.6318485736846924 0.6241911053657532 1.785093069076538 0.15204238891601526 0.5625426769256592 
pedestrian 6.825031280517976 -49.52877807617148 -1.3197156190872104 0.6767974495887756 0.7518661022186279 1.9107182025909424 1.5459047555923464 0.5500010251998901 
pedestrian 7.544067382812841 -49.48474502563437 -1.2773656845092578 0.6749376058578491 0.7608572244644165 1.9064383506774902 1.5827954451190396 0.5209081172943115 
pedestrian 5.898998260498388 -51.95885467529263 -1.3928700685500885 0.6918169260025024 0.7598543763160706 1.8549765348434448 -1.5717310905456545 0.4763338565826416 
pedestrian 7.961353302002237 -49.633636474609204 -1.265270352363574 0.6677849292755127 0.7425633072853088 1.8715637922286987 1.5520795583724973 0.4559534788131714 
pedestrian -17.196033477782976 -33.78552627563431 -2.331301689147937 0.6219764947891235 0.6273984909057617 1.6819117069244385 1.2232729196548462 0.38671067357063293 
pedestrian -11.175239562987997 54.02899169921909 1.5633015632629572 0.6819710731506348 0.7394979000091553 1.8502514362335205 1.7893002668963836 0.352559357881546 
pedestrian 8.474666595459155 -22.607614517211573 -1.4335736036300482 0.6494100093841553 0.6266785860061646 1.75300133228302 -3.1279006004333496 0.3492761254310608 
pedestrian -11.89451599121054 -49.045188903808025 -2.3549678325652827 0.6683543920516968 0.6448721289634705 1.7803058624267578 -0.33435606956481956 0.32546862959861755 
pedestrian 5.080291748047102 -36.829456329345476 -1.9191828966140658 0.5675727128982544 0.5658836364746094 1.664257526397705 2.6193907896624964 0.3193666636943817 
pedestrian 6.499980926513842 -49.846130371093466 -1.312138795852654 0.6855664253234863 0.7480576038360596 1.8739354610443115 1.585063759480612 0.31883949041366577 
pedestrian -11.248802185058196 38.18681335449264 0.3631785809993904 0.6049463748931885 0.6507872343063354 1.667629361152649 1.670098606740133 0.3159969747066498 
pedestrian 11.11074829101591 30.82174682617233 0.6972149014473121 0.5802037715911865 0.5839837789535522 1.5760254859924316 2.63271934190859 0.29983606934547424 
pedestrian -17.02969360351551 -34.967842102050554 -2.4484477043151767 0.620213508605957 0.6463912725448608 1.6351077556610107 1.5786979834186003 0.28444215655326843 
pedestrian -11.232959747314226 17.9279861450201 -0.48009240627286687 0.6089228987693787 0.5973383188247681 1.6459342241287231 -1.228297233581543 0.2693379521369934 
pedestrian 3.9062995910646237 -38.17732620239212 -1.8969004154205233 0.5931369662284851 0.6013150811195374 1.6747894287109375 2.704456154500143 0.2601805329322815 
pedestrian -23.13414764404274 -40.01962661743147 -3.0465457439422465 0.68016517162323 0.7008458971977234 1.5828884840011597 -2.7957816123962402 0.2565345764160156 
pedestrian -13.455142974853288 -15.42111206054659 -2.0570015907287456 0.6664719581604004 0.7159532308578491 1.3169779777526855 0.44086992740631087 0.25169655680656433 
pedestrian 8.047481536865348 -18.71484756469681 -1.1608275175094533 0.6911686658859253 0.8461874723434448 1.8424510955810547 1.5377243757247925 0.240768700838089 
movable_object 17.549125671386946 16.935363769531648 0.12649358808995537 0.3599444329738617 0.3475877642631531 0.9009544253349304 3.1052201429950164 0.23639032244682312 
pedestrian -15.488029479980241 -39.31044769287075 -2.5035493373870743 0.6608126163482666 0.6931926608085632 1.664596676826477 2.448276821766989 0.2323809117078781 
pedestrian 11.287200927734546 16.95451354980503 0.5493121743202245 0.6292768120765686 0.7315952181816101 1.828062891960144 -1.8843656778335574 0.22585712373256683 
pedestrian -16.45658874511696 -34.93676757812466 -2.434355974197377 0.6692978143692017 0.7288340330123901 1.606168508529663 1.8382461706744595 0.2253590077161789 
pedestrian -7.486568450927564 39.81846618652378 0.6957843303680544 0.6578615307807922 0.6369109153747559 1.7801663875579834 0.2186795473098752 0.22259870171546936 
movable_object 10.491394042968864 -32.618858337402116 -1.9137891530990476 0.44075578451156616 0.43839412927627563 1.3464018106460571 1.6317508856402796 0.2189425826072693 
movable_object -7.589874267577841 26.326492309570654 -0.196889385581013 0.3771331310272217 0.36489999294281006 1.2108110189437866 -0.8789982199668885 0.21718722581863403 
pedestrian -22.49589920043917 -41.82173538207974 -3.0386705398559375 0.6041868925094604 0.5975640416145325 1.6437982320785522 2.4407165686236785 0.21690963208675385 
pedestrian -23.256479263305323 -41.61396789550747 -3.001729726791366 0.6657004356384277 0.6959571838378906 1.6217041015625 0.9573074579238889 0.21490854024887085 
pedestrian -15.989376068115064 -34.62242126464798 -2.4053673744201447 0.6170703172683716 0.6467518210411072 1.5289660692214966 1.8759554068194788 0.20898351073265076 
pedestrian -15.169364929198991 -34.03541946411099 -2.3894438743591184 0.6426323652267456 0.6810946464538574 1.5538450479507446 2.9165273348437712 0.20708805322647095 
pedestrian 10.535720825195654 42.901138305664404 1.403794169425968 0.5900314450263977 0.6034772396087646 1.4143133163452148 -2.5152692794799805 0.20152324438095093 
pedestrian 5.74878311157272 -33.94933319091763 -1.7158591747283776 0.6672934293746948 0.7537543773651123 1.8357088565826416 -2.58949613571167 0.19709351658821106 
pedestrian 6.291851043701342 -34.32788848876925 -1.7131819725036497 0.6952196359634399 0.7902580499649048 1.8574318885803223 -2.493266105651856 0.1940394937992096 
pedestrian -10.6257057189938 54.10068511962936 1.5865311622619824 0.7113442420959473 0.7742123603820801 1.8793752193450928 1.4637378454208372 0.18121637403964996 
movable_object 29.856430053711165 34.0809326171879 2.3692705631256246 0.47539782524108887 0.46932873129844666 1.341852068901062 -2.4331033229827885 0.17997527122497559 
movable_object -7.465587615966513 38.26073455810592 0.22081080079079562 0.5142754316329956 0.5257413387298584 1.2697845697402954 -0.3612661361694334 0.17935287952423096 
pedestrian 8.584857940674112 -49.99228668212851 -1.2730430364608711 0.6659769415855408 0.7057954668998718 1.8021221160888672 1.5233415365219116 0.17773336172103882 
movable_object 6.029212951660384 -1.1310157775875496 -1.1908540725707883 0.36961036920547485 0.3881729543209076 0.8437053561210632 2.917394463215963 0.1748991757631302 
pedestrian 11.036735534668423 31.418464660644872 0.7028903365135317 0.5934175252914429 0.6092251539230347 1.5494461059570312 2.935023132954733 0.17313113808631897 
movable_object -33.96410369873024 -19.470153808593466 -0.8192216753959585 0.48186346888542175 0.486721396446228 1.4888025522232056 0.018516778945922706 0.17135320603847504 
movable_object -7.548164367675497 37.45332336425804 0.17575928568841626 0.4741792380809784 0.47450345754623413 1.2690807580947876 -0.23540008068084717 0.16740259528160095 
movable_object -6.288909912109148 52.551239013672216 0.6065984964370852 0.4992545545101166 0.49181634187698364 1.4577486515045166 -0.770223081111908 0.16726303100585938 
pedestrian 2.6662292480469887 -35.01172256469698 -1.8727253675460744 0.6798154711723328 0.7682328224182129 1.768851637840271 -2.9975528717041016 0.16670431196689606 
movable_object -7.658008575439339 31.576026916504247 -0.2910191416740311 0.363858163356781 0.3508075475692749 0.8084380626678467 -0.01572477817535397 0.16364966332912445 
pedestrian -16.92900085449196 -39.513828277587606 -2.733222961425774 0.6180357933044434 0.6443349719047546 1.530774474143982 1.5046314001083374 0.15996438264846802 
pedestrian -18.9994850158688 -39.27346801757773 -2.820661544799794 0.6178572773933411 0.6372978687286377 1.5328502655029297 2.367439572011129 0.15808606147766113 
movable_object 8.851268768310945 -24.42490959167452 -1.7336362600326325 0.41718006134033203 0.4161391258239746 1.2475250959396362 -2.951328039169312 0.1529216468334198 
pedestrian -12.352230072021257 -43.91344451904263 -2.285815715789788 0.6946675181388855 0.810438334941864 1.8627266883850098 -1.581660866737366 0.15112316608428955 
movable_object 13.037834167480923 16.956001281738736 -0.11792358756063948 0.3624154329299927 0.3660890460014343 0.9849758148193359 1.4089056253433228 0.14321647584438324 
pedestrian 10.687950134277571 42.41343688964889 1.3145236968994247 0.5317220091819763 0.5493053793907166 1.267372488975525 -2.786195039749146 0.14161938428878784 
movable_object -9.46777343749983 -33.079650878905966 -2.3785762786865092 0.390752375125885 0.3918760418891907 1.1644337177276611 0.04681277275085397 0.14148232340812683 
movable_object 9.852325439453466 32.70732116699253 0.27428382635117643 0.3951295018196106 0.40126150846481323 0.8999224901199341 -2.9237699508666997 0.14017154276371002 
movable_object 9.17578506469738 -25.873516082763388 -1.8780028820037753 0.3648409843444824 0.3666308522224426 0.91452956199646 -2.9396784305572514 0.13782036304473877 
pedestrian 6.158287048340242 -51.524944305419524 -1.3185011148452617 0.6979374885559082 0.7699944972991943 1.8641517162322998 -1.5345078706741335 0.13768061995506287 
pedestrian -7.393600463866846 41.81670379638706 0.8363592028618054 0.6589504480361938 0.6485767364501953 1.7084810733795166 -0.17312049865722678 0.1367327719926834 
pedestrian -19.404338836669865 -42.84779739379849 -2.424223899841307 0.6553636789321899 0.6280908584594727 1.860306978225708 -2.9146769046783447 0.13463564217090607 
pedestrian -18.87240982055647 -38.823944091796534 -2.85606789588927 0.6047416925430298 0.6289085745811462 1.5047862529754639 2.9660974184619353 0.13247062265872955 
movable_object -7.3058433532710865 40.573783874511946 0.604233145713815 0.5797762274742126 0.5704583525657654 1.5224140882492065 0.04171860218048103 0.13210245966911316 
pedestrian -23.593458175659123 -40.388168334960596 -3.06890296936035 0.6967060565948486 0.74765944480896 1.5430872440338135 -0.9571030139923095 0.13181352615356445 
pedestrian -19.999652862548658 -43.586864471435206 -2.3398075103759695 0.6685066223144531 0.6427974104881287 1.86403226852417 0.8841708898544313 0.13000831007957458 
movable_object -10.135211944579737 38.85339355468773 0.317312538623824 0.47813868522644043 0.48546862602233887 1.3547652959823608 0.673547863960266 0.12997768819332123 
pedestrian 4.566143035888899 -34.45416641235312 -1.8463978767394877 0.6736821532249451 0.7424416542053223 1.8217616081237793 -2.8460183143615727 0.1294104903936386 
movable_object -7.3523178100583095 40.97362518310592 0.6359760761261128 0.5760477781295776 0.5703959465026855 1.4899979829788208 -0.1677030324935913 0.12362989783287048 
movable_object -6.945560455321925 47.141868591308935 0.6819154620170735 0.47509992122650146 0.47737008333206177 1.280697226524353 1.8315828482257288 0.1235392689704895 
pedestrian 3.7251815795902417 -34.44279479980429 -1.8440907001495166 0.69780033826828 0.7773252129554749 1.8352890014648438 -2.9427027702331547 0.1196381002664566 
movable_object -7.704673767089616 30.93077087402378 -0.29260551929471923 0.36882802844047546 0.35670095682144165 0.8119610548019409 0.05822288990020734 0.11803629994392395 
