car 3.292980194091342 -3.2410926818847656 -1.1722729206085205 1.8193546533584595 4.547361373901367 1.5166515111923218 1.5663555860519414 0.8695409297943115 
car 3.2761650085442398 -17.736820220947266 -1.3748832941055227 1.899268627166748 4.575857162475586 1.5902434587478638 1.5726817289935515 0.8408415913581848 
car 11.842735290526889 -16.469593048095703 -1.662648916244514 1.7905874252319336 4.331403732299805 1.4827873706817627 0.7494529485702521 0.7402918338775635 
car 12.81147766113213 -26.71928024292015 -1.9117965698242116 1.8911592960357666 4.568000793457031 1.604259967803955 -1.992952823638917 0.7396484613418579 
car 0.14837646484352263 -32.08996582031227 -1.6348758935928274 1.9136422872543335 4.49748420715332 1.603346347808838 1.5934374968158165 0.6885743141174316 
car 24.228324890136264 -12.88902282714821 -2.161083936691277 1.9437086582183838 4.634744167327881 1.657888650894165 0.11416363716125466 0.656536340713501 
car 45.9470901489251 -15.118755340576172 -1.892155408859253 1.9291220903396606 4.368668556213379 1.6300241947174072 -3.0753469467163095 0.631177544593811 
car 49.5329055786126 -11.613338470458757 -1.8301386833190847 1.9149072170257568 4.506738662719727 1.6118626594543457 0.05508160591125508 0.6223706603050232 
car 11.315292358397983 24.359977722168196 -0.397027850151062 2.0155699253082275 4.928188323974609 1.9301010370254517 -1.5333623886108403 0.4735358655452728 
car 37.38369750976494 -15.840648651123047 -2.11630463600158 2.0301597118377686 4.785576343536377 1.7284706830978394 -3.069512367248536 0.38889700174331665 
car 29.721015930175327 -16.41964340209961 -2.180685758590684 2.0027670860290527 4.656309127807617 1.7491906881332397 3.138149086629049 0.16107423603534698 
car -9.172107696533658 5.543903350830078 -0.04858594387769699 2.2187013626098633 5.668918609619141 2.2104859352111816 -2.698786973953248 0.1492675095796585 
car 51.29317474365189 -36.85675811767578 -0.7230628728866577 2.8818907737731934 5.8706183433532715 3.4065496921539307 -3.0704858303070077 0.46942928433418274 
car 11.314353942870412 24.767738342285384 -0.4526057541370321 2.0630388259887695 5.497823238372803 1.9279074668884277 -1.5379021167755136 0.27301710844039917 
car 37.52940368652298 -15.795124053955305 -2.2349610328674316 2.089341640472412 5.114912033081055 1.9219478368759155 -3.0814023017883305 0.22018614411354065 
car 16.982070922851108 41.69826507568382 0.8167988061904907 1.9017202854156494 3.887195587158203 2.30810809135437 -0.059093475341797284 0.21811434626579285 
car 36.834838867187045 -2.7168197631833664 0.28619763255119324 2.666415214538574 3.911762237548828 3.071094274520874 -3.0376284122467045 0.19013695418834686 
car -5.597953796386946 -27.336549758910905 -1.1313985586166382 1.415173053741455 2.475464105606079 1.9759441614151 -1.6933274269104013 0.15357382595539093 
car -13.474678039551236 23.144287109375 2.0265276432037354 2.3452048301696777 4.808620452880859 2.890427589416504 -3.10498332977295 0.12792545557022095 
car -2.1593971252448227 45.305686950683594 1.6550700664520264 2.795715570449829 6.163967132568359 3.3531832695007324 -1.5226314067840583 0.1212700754404068 
car 15.92652130126885 42.777862548828125 0.8899913430213999 3.2630982398986816 6.405048847198486 3.071120262145996 0.36733031272888234 0.11299572885036469 
car 24.24496459960892 -12.94404983520485 -2.1061997413635183 1.9384580850601196 5.131874084472656 1.8192899227142334 0.13227891921997084 0.10959115624427795 
car 16.504096984862827 36.35368347167969 0.6134866476059031 1.9796457290649414 5.201471328735352 2.045353651046753 0.7109338045120244 0.10613466799259186 
car 12.797225952147983 -26.740394592285156 -1.9595829248428345 1.911694049835205 4.8030571937561035 1.7487205266952515 -1.999001264572144 0.10292748361825943 
car -9.897758483887173 10.5211181640625 0.2066771686077118 3.3035800457000732 11.051809310913086 3.3015995025634766 2.2290986219989217 0.10273429751396179 
car -9.248954772949673 5.572509765625227 0.08325116336346383 2.5502405166625977 6.4400105476379395 2.591855525970459 -2.7609543800354013 0.36667001247406006 
car -9.90626525878929 10.491035461426236 0.08711272478102927 2.818526268005371 11.854103088378906 2.879028558731079 2.0194762388812464 0.2404802292585373 
movable_object 5.706832885741733 47.06102752685547 -0.02866419404745102 3.061671495437622 0.5528100728988647 0.9017361402511597 -3.1351201534271245 0.25926798582077026 
movable_object 5.753017425536882 50.10537719726608 0.08409970998763328 3.0842039585113525 0.5662473440170288 0.928051769733429 3.0640097300158895 0.2199145257472992 
movable_object 5.6121902465815765 44.06580352783203 -0.12524402141570334 3.0699429512023926 0.5414819717407227 0.8785344362258911 3.123785320912496 0.2073107212781906 
movable_object 5.790897369384311 53.77173614501953 0.25066059827804565 2.4395551681518555 0.548498809337616 1.0192439556121826 -2.847839355468751 0.19679716229438782 
movable_object 5.769306182860873 51.89631652832031 0.16480480134487152 2.780156135559082 0.537020206451416 0.9696215391159058 3.0692637602435506 0.1475888043642044 
movable_object 5.55633163452103 41.70024871826172 -0.24583318829536438 3.1195626258850098 0.5356460213661194 0.8833979964256287 3.12243348756899 0.12876050174236298 
movable_object 21.933105468749773 -28.46775245666481 -2.276839017868056 3.1322989463806152 0.5027581453323364 0.8978053331375122 -3.0745820999145517 0.1055716872215271 
bicycle 16.69496917724541 -3.667438507080533 -1.7658621072769165 0.518671989440918 1.6131892204284668 1.0577731132507324 1.971482578908102 0.7363086938858032 
bicycle 16.9094619750972 11.224731445312727 -1.4139477014541626 0.6489599943161011 1.6671135425567627 1.7333691120147705 -1.6909053325653085 0.3638850748538971 
bicycle -5.2391586303715485 -27.235687255859375 -1.193622350692749 0.7445366382598877 1.9705997705459595 1.3724117279052734 -1.8398106098175055 0.32501938939094543 
bicycle 31.43978881835892 -15.759658813476335 -2.2820768356323384 0.5856444835662842 1.7310688495635986 1.1761873960494995 0.065325140953064 0.23074480891227722 
bicycle 8.286403656005177 -27.91787910461403 -1.7132464647292949 0.5425830483436584 1.5627050399780273 1.0884662866592407 1.778742615376608 0.19809189438819885 
bicycle 2.7075386047361008 -26.04890060424782 -1.5735965967178274 0.5939392447471619 1.7890762090682983 1.1899253129959106 -1.558642983436585 0.1976502537727356 
bicycle 16.570854187011264 35.71050262451172 0.9055543541908335 0.5549119710922241 1.6081478595733643 1.0942466259002686 -3.128007650375367 0.1823183298110962 
bicycle 22.057746887206577 -29.192707061767578 -1.942265272140503 0.48622390627861023 1.5815709829330444 1.1117572784423828 -1.3228598833084113 0.15917398035526276 
bicycle 35.67951202392533 -15.22115707397461 -2.5338544845580984 0.7456015348434448 1.9496504068374634 1.2536228895187378 0.518154263496399 0.14512944221496582 
bicycle -2.6651763916020172 46.59249877929665 1.0653339624404907 0.8205306529998779 1.9614429473876953 1.670990228652954 -1.3391493558883674 0.14370757341384888 
bicycle 22.09133148193314 -37.57611846923828 -2.7756600379943848 0.6049072742462158 1.6691408157348633 1.2707710266113281 -2.615146160125733 0.13584186136722565 
bicycle -4.8982429504396805 -41.14050292968727 -1.4449163675308228 0.6291635036468506 1.7282543182373047 1.2076829671859741 -1.3918478488922126 0.1168895959854126 
bicycle 40.50360870361283 -36.1695861816404 -2.2842414379119944 0.6851630210876465 1.8619239330291748 1.3075586557388306 -0.48828554153442405 0.11470846831798553 
bicycle 22.319877624511264 -29.157308578490756 -1.8413233757018972 0.6053142547607422 1.7793896198272705 1.208467960357666 -2.745789527893067 0.10826700925827026 
bicycle 32.28948974609352 -42.35629653930664 0.07445040345191245 0.7718514204025269 1.9609054327011108 1.7498664855957031 -2.5775728225708017 0.1012815311551094 
bicycle 24.90187835693314 0.314151763916243 -0.6271481513977051 0.6177790760993958 1.8724682331085205 1.303855061531067 -1.4215452671051032 0.100162573158741 
pedestrian 16.916931152343295 11.501556396484375 -1.219545602798462 0.6459280252456665 0.708707332611084 1.6973354816436768 -1.8276804685592656 0.45896071195602417 
pedestrian 22.446510314940497 -4.666843414306641 -1.7838234901428152 0.6917097568511963 0.7146207690238953 1.5722086429595947 -3.0331587791442876 0.28761234879493713 
pedestrian 26.738861083983693 2.888057708740007 -1.7628812789916992 0.6792699098587036 0.7210777997970581 1.320627212524414 2.4867394606219686 0.25800999999046326 
movable_object 6.087928771972429 -4.543735504150391 -1.578693985939033 0.37464800477027893 0.362845778465271 0.5393348932266235 1.1297575235366824 0.20277917385101318 
pedestrian 16.88257598876885 10.672492980956804 -1.4849787950515818 0.5565738677978516 0.605722963809967 1.1971206665039062 -1.8477571010589604 0.17444467544555664 
pedestrian -2.596954345703807 46.632858276367415 0.8656268119812012 0.6835777163505554 0.713114857673645 1.7635862827301025 -0.6723141074180607 0.16362467408180237 
movable_object 15.939933776855014 -28.129173278808594 -2.846177101135254 0.36988556385040283 0.3816290497779846 0.9313547611236572 2.433408562337057 0.160215824842453 
movable_object 25.39122009277321 1.5417137145998367 -2.011866569519043 0.3948374390602112 0.38430842757225037 0.8489382266998291 2.275445286427633 0.14563429355621338 
movable_object 16.08663940429642 18.259582519531023 -0.7269546985626221 0.46461236476898193 0.46678072214126587 1.4692727327346802 -2.3916363716125497 0.13906921446323395 
pedestrian -5.196022033692088 -27.274457931518327 -1.1537061929702688 0.6507123708724976 0.7079775333404541 1.5555393695831299 -1.464375019073487 0.13684901595115662 
movable_object 39.87380218505814 -15.687297821044922 -2.513806343078606 0.3641221523284912 0.3618091940879822 0.8534709215164185 -3.059942245483399 0.12422706186771393 
movable_object 8.281112670897755 -27.91269683837868 -1.7286509275436472 0.4656059145927429 0.4732247591018677 1.3269140720367432 -3.045756816864014 0.1241942048072815 
pedestrian -6.955951690674283 39.37638854980446 2.433347702026367 0.6772975325584412 0.7131586074829102 1.8303213119506836 -1.3841294050216681 0.11205072700977325 
pedestrian 50.673034667968295 43.68427276611328 1.9659734964370656 0.6305922865867615 0.6499436497688293 1.7907390594482422 -1.9486253261566169 0.1098823994398117 
movable_object 16.07727813720635 25.96923065185547 -0.3679649829864502 0.3993174731731415 0.3931640684604645 1.3123027086257935 -2.945232629776002 0.1091490089893341 
pedestrian -2.2372550964357742 -53.85477066040016 -2.067218303680413 0.660356879234314 0.6923206448554993 1.803687334060669 1.3389793634414677 0.10657837241888046 
