car 3.350685119628679 0.965579986572493 -0.9660199880600118 1.881169319152832 4.744702339172363 1.5407148599624634 1.5776165167437957 0.8140861988067627 
car 2.9419059753411148 -12.79373168945267 -1.3390620946884297 1.834155797958374 4.448907852172852 1.5638432502746582 1.563024878501892 0.6997319459915161 
car -0.3340034484867829 -31.997268676757812 -1.7558383941650533 1.9853204488754272 4.7666473388671875 1.7139787673950195 1.5978735128985808 0.5261289477348328 
car 26.098175048827898 -36.265052795409474 -2.7429533004760813 1.9519314765930176 4.548680305480957 1.6355574131011963 0.14148545265197754 0.4421502947807312 
car 17.192459106444858 42.94986724853584 0.553529620170579 1.8911898136138916 4.378616809844971 1.6382920742034912 2.988046232854026 0.14732983708381653 
car 11.637954711913835 -11.067867279052507 -1.297629237175002 2.005885601043701 5.126499176025391 2.072511672973633 -1.5126047134399403 0.13433416187763214 
car 37.559753417968295 35.68087005615257 2.5847132205962993 1.9789913892745972 4.648454666137695 1.8086382150650024 -1.1703532934188836 0.12009879946708679 
car 8.677623748778842 -53.98919677734307 -2.409766674041755 1.8795645236968994 4.3568925857543945 1.6829131841659546 -1.2721230983734124 0.11094637215137482 
car 11.63131713867142 -11.031913757323991 -1.3569940328598165 2.0072948932647705 5.186243057250977 2.018606185913086 -1.4955855607986441 0.7165627479553223 
car 30.285842895507585 -26.023084640502475 1.85534632205961 2.9291927814483643 4.638165473937988 4.121277332305908 2.7245267073260715 0.1704224944114685 
car 37.52015686035111 36.31757354736396 2.5437512397766042 2.60105562210083 5.566492080688477 2.864321231842041 -1.4050149917602532 0.12075059115886688 
car 41.70178985595658 38.15974426269577 3.0020680427551127 2.8655879497528076 11.899009704589844 3.759157180786133 0.43815290927886946 0.12816405296325684 
car -9.914184570312727 3.9040794372560867 0.12218683958052878 2.3226675987243652 7.80299186706543 2.751948833465576 1.6760137716876433 0.11839465796947479 
movable_object 15.350708007812273 43.50412750244186 0.2640050947666026 2.0080251693725586 0.48020026087760925 1.0374544858932495 3.0351484457599094 0.19298842549324036 
movable_object 5.8761100769040695 48.31236267089912 0.3425543904304291 3.1441574096679688 0.5463759899139404 0.9104474782943726 3.1097400824176242 0.17981508374214172 
movable_object 5.84710311889603 43.49716949462936 0.24861465394496207 3.1451659202575684 0.5499044060707092 0.9068034887313843 3.129084889088767 0.159443199634552 
movable_object 5.858627319335483 45.92652893066429 0.3228125572204448 3.0752148628234863 0.5346699357032776 0.8973835706710815 3.1265309492694313 0.15683168172836304 
movable_object 23.135574340820085 -29.009660720824513 -2.1575574874878143 2.0466434955596924 0.4973543584346771 1.053635597229004 1.5681494474411009 0.14506801962852478 
movable_object 6.0843276977534515 50.061363220214844 0.3291671872138764 2.97831392288208 0.5409243106842041 0.916021466255188 3.114321772252219 0.13124868273735046 
movable_object 6.12585067748978 51.9814071655278 0.3938153386115957 2.669248104095459 0.5294864773750305 0.9431001543998718 3.0816147963153293 0.1290511190891266 
movable_object 23.102851867675554 -26.831848144531023 -2.388354301452651 2.296346664428711 0.5141950249671936 1.0295354127883911 -0.8547139763832088 0.11084756255149841 
movable_object 5.822376251220248 40.44982910156273 0.14972567558287153 3.1516916751861572 0.5545340776443481 0.8929901719093323 3.1359685103045867 0.11079730093479156 
movable_object -5.641532897949446 20.80812835693405 -0.23869402706624498 2.3713550567626953 0.34225717186927795 0.969489336013794 0.047040104866028165 0.10181313753128052 
bicycle 2.1160888671870453 -20.21526718139603 -1.7826659679412913 0.49973592162132263 1.5861706733703613 1.0709253549575806 -1.5194689035415645 0.21091781556606293 
bicycle 16.595413208007585 -14.19507980346657 -1.6054389476776265 0.6650403738021851 1.6989022493362427 1.6835732460021973 -1.6783245801925648 0.14636465907096863 
bicycle -3.5152282714848297 44.25836181640693 1.3683750629424978 0.625071108341217 1.7970316410064697 1.2181318998336792 -2.0646119117736808 0.1308494210243225 
bicycle 2.5142822265622726 -20.6200141906736 -1.6366447210312032 0.6559077501296997 1.8592575788497925 1.2106218338012695 -2.791430473327636 0.11289191246032715 
bicycle -5.1804122924809235 -44.07801055908203 -2.200556039810195 0.5787147879600525 1.651926875114441 1.1144988536834717 1.8594105879413054 0.10269559919834137 
bicycle 6.94017028808571 26.127014160156932 -1.1411534547805928 0.6891345977783203 1.8159360885620117 1.2610914707183838 1.5753195921527312 0.10092082619667053 
bicycle -5.605144500732649 20.01316833496162 -0.22973795235159145 0.5154643654823303 1.5481317043304443 1.0559687614440918 -1.4567943811416622 0.100298210978508 
pedestrian 16.595878601073764 -14.161640167235873 -1.597113609313972 0.6460795402526855 0.6899308562278748 1.6587823629379272 -1.8229515552520743 0.47163060307502747 
pedestrian -4.312862396240462 31.674728393555597 -0.012527041137232686 0.6077774167060852 0.5998536348342896 1.6169981956481934 -0.6017266511917109 0.2839193344116211 
movable_object -5.555675506592024 2.285701751709439 -1.1395294666290496 0.34016358852386475 0.3401942253112793 0.7978688478469849 0.8392540216445924 0.2140485793352127 
pedestrian -3.7080764770507812 44.19578552246139 0.9445432424545075 0.6890627145767212 0.7382794618606567 1.8056321144104004 -1.8471798896789542 0.1899934560060501 
pedestrian -5.567050933838345 -50.809776306152116 -2.063127040863044 0.6773567795753479 0.6990429759025574 1.7136802673339844 1.046969532966614 0.15906615555286407 
pedestrian -3.7369422912602204 36.37622070312523 0.5734360218047954 0.6444832682609558 0.6584106683731079 1.7577717304229736 -1.2831383943557733 0.15804903209209442 
movable_object 8.196956634521257 -52.08785629272438 -2.5067451000213694 0.4617369472980499 0.4578324854373932 1.2459958791732788 1.4831203222274782 0.15253502130508423 
movable_object 2.1268501281733734 -20.278369903564 -1.8971302509308003 0.37220242619514465 0.38845452666282654 0.7801892161369324 2.528293434773581 0.1499287635087967 
movable_object 2.1618041992185226 -20.530818939208757 -1.8696795701980662 0.3830397427082062 0.39345237612724304 0.7914985418319702 2.7491338888751438 0.13344734907150269 
movable_object -5.52870178222679 19.872085571289745 -0.1692987084388875 0.40245965123176575 0.40352365374565125 1.3126142024993896 0.3575663566589357 0.13210105895996094 
movable_object 16.092109680175327 -27.472980499266896 -2.2597398757934712 0.4842463731765747 0.48557841777801514 1.2038013935089111 -2.9344372749328604 0.13149628043174744 
pedestrian -4.580253601074446 -32.16493988037064 -1.5927498340606832 0.6301196813583374 0.6099123358726501 1.7599358558654785 0.5484813451766971 0.13066697120666504 
movable_object -3.306510925293651 41.64704895019554 0.6148733496665884 0.5440405607223511 0.536289632320404 1.4580163955688477 -0.8395562767982477 0.12880733609199524 
pedestrian 24.323623657226335 53.828811645508495 0.8807457685470439 0.6639726161956787 0.699917733669281 1.7992801666259766 -2.061458349227905 0.12473098933696747 
pedestrian -3.229606628418196 47.22486114502021 1.074319481849649 0.7515214085578918 0.7251259088516235 1.8056906461715698 -0.7676356434822076 0.1240786463022232 
pedestrian 16.13223266601517 -14.166332244872592 -1.6028223037719869 0.6740297079086304 0.7347595691680908 1.6579340696334839 -2.139077901840209 0.12228982150554657 
pedestrian 16.938842773437045 -14.508972167968295 -1.6210701465606832 0.7022440433502197 0.7806224822998047 1.7477012872695923 -1.691762208938598 0.12173187732696533 
pedestrian -3.131717681884993 34.993804931640625 0.5553643107414032 0.5994831919670105 0.5947067141532898 1.7039899826049805 -0.9727277755737299 0.11884035915136337 
pedestrian -3.348537445068814 44.51104736328193 0.9222088456153728 0.6980993747711182 0.7422670722007751 1.754146695137024 -1.945122241973876 0.11804965883493423 
movable_object 16.29184722900368 -27.731466293334506 -2.3453652858734273 0.48177623748779297 0.49600544571876526 1.232337474822998 3.137598339711326 0.11616605520248413 
movable_object -5.306003570556868 2.2518157958991196 -1.1033785343170237 0.35215187072753906 0.3530917167663574 0.7930430173873901 0.9056836366653445 0.11336028575897217 
movable_object 19.687889099120866 -9.054248809813998 -1.7412371635437225 0.38423553109169006 0.3794291615486145 1.2735999822616577 3.0042982737170627 0.11021367460489273 
pedestrian -4.6117744445803055 -53.988540649413835 -1.694479823112502 0.6548430919647217 0.6795363426208496 1.7525813579559326 1.178420424461365 0.10490219295024872 
movable_object 20.606567382812045 9.88115310668968 -1.0948302745819234 0.4202727973461151 0.4293328821659088 0.9382718205451965 2.499350849782126 0.10457639396190643 
movable_object 16.033279418944858 25.893371582031932 -0.1470119357109212 0.41587167978286743 0.4147578179836273 1.3393031358718872 3.0064991156207492 0.10318712890148163 
pedestrian 17.305541992187045 -52.44235229492142 -2.1272830963134837 0.645630419254303 0.6840867400169373 1.8016386032104492 2.99644929567446 0.10043345391750336 
pedestrian 16.047126770019077 -14.684646606444858 -1.695446014404304 0.6572548151016235 0.7205789685249329 1.5887925624847412 -1.9041466712951651 0.10034377872943878 
pedestrian 43.34603118896439 -13.479080200194858 0.17934554815290227 0.5335116386413574 0.5412234663963318 1.3658150434494019 3.122446839009421 0.10001232475042343 
