car 12.91049194335966 -1.568794250488338 -0.9366697669029094 1.8195624351501465 4.359755039215088 1.536055088043213 -1.5910525321960443 0.8970069289207458 
car 8.775108337402457 6.827995300292798 -0.8168852329253866 1.816051721572876 4.565592288970947 1.4558887481689453 1.511194825172424 0.884783923625946 
car 18.97865295410162 -13.475471496582315 -1.1196374893188263 1.907485008239746 4.617516040802002 1.6255149841308594 1.590616051350729 0.8283206820487976 
car 12.780158996582031 18.72573089599598 -0.0968617945909287 1.879447340965271 4.539299011230469 1.7267400026321411 -1.6227648258209226 0.7927206754684448 
car 15.238418579101676 -1.390998840332088 -0.8709969520568634 1.9054663181304932 4.569760322570801 1.6199606657028198 -1.5959576368331903 0.7429941296577454 
car 13.685668945312614 6.456031799316406 -0.6320518851279999 1.813002347946167 4.26658296585083 1.6491589546203613 1.506719946861267 0.7378426790237427 
car 26.887138366699446 18.356269836425554 0.6415194869041585 1.8587132692337036 4.372342586517334 1.6674511432647705 1.5236905813217159 0.7359293699264526 
car 25.608856201171932 5.767055511474439 -0.02502740174529805 1.853559136390686 4.422067642211914 1.6966369152069092 1.4693304300308228 0.7193326950073242 
car 5.4740905761720455 18.806930541992017 -0.3582034707069184 1.92868971824646 4.63604736328125 1.5878711938858032 1.5435038805007937 0.7178899645805359 
car 7.870872497558594 18.89389038085926 -0.41278710961339726 1.8009850978851318 4.2916340827941895 1.4943689107894897 -1.5705900192260738 0.7146133780479431 
car 16.095100402832202 -13.030723571777344 -1.3434767723083283 1.7947931289672852 4.312190055847168 1.5264146327972412 1.4910322427749632 0.7125082015991211 
car 23.16494750976574 6.1614494323728195 -0.24555689096448674 1.8160343170166016 4.344499111175537 1.5890225172042847 1.498217701911926 0.698581874370575 
car 16.059219360351562 6.328807830810376 -0.5830295681953146 1.7654393911361694 4.196506500244141 1.4867820739746094 1.5602279901504514 0.6985769271850586 
car 21.323089599609602 18.46517181396473 0.25002780556680904 1.8915678262710571 4.389256954193115 1.676089882850647 -1.6278212070465083 0.6891000866889954 
car 10.298126220703239 19.03257751464821 -0.3718910515308167 1.7571104764938354 4.091953277587891 1.508683681488037 -1.6071770191192623 0.6739700436592102 
car 26.12212371826189 -13.587715148925952 -0.7668985724448945 1.853555679321289 4.402370929718018 1.6357754468917847 1.5557960271835323 0.660973846912384 
car 18.487693786621207 6.457664489746094 -0.44438880681989446 1.777001142501831 4.074716567993164 1.547057867050171 1.5550955533981323 0.645962119102478 
car 32.764472961425895 5.6925964355467045 0.40084370970728145 1.8813366889953613 4.392733573913574 1.7086498737335205 1.4859477281570435 0.6436566710472107 
car 22.55632781982439 -1.6343154907228836 -0.6278235912322856 1.840195655822754 4.4543890953063965 1.5716830492019653 -1.645568132400512 0.6253336071968079 
car 21.416313171386776 -13.582351684570483 -1.0293439626693512 1.786827564239502 4.177820205688477 1.5453531742095947 1.5611237287521358 0.622747004032135 
car 48.34609985351591 4.036895751953068 1.2459611892700337 1.988593578338623 4.48276948928833 1.8289072513580322 -0.02451395988464276 0.5947630405426025 
car 23.78044128417997 -13.42157363891613 -1.0250477790832377 1.8010835647583008 4.282048225402832 1.532002568244934 1.5868776480304163 0.5828396081924438 
car 31.002273559570426 -14.019275665283374 -0.6558368802070476 1.8303353786468506 4.263053894042969 1.597505807876587 1.547587275505066 0.5697531700134277 
car 17.766586303711165 -1.5700225830079262 -0.8129345178603842 1.817845344543457 4.369256496429443 1.5740621089935303 -1.691503524780273 0.5377330780029297 
car 27.488845825195483 -1.3976478576661862 0.04494756460191951 1.9055646657943726 4.778986930847168 1.943374514579773 -1.593291521072387 0.5348936915397644 
car 39.37327575683628 5.6692466735837 0.5879824161529683 1.9066557884216309 4.419184684753418 1.6946028470993042 1.6076796690570276 0.5107153058052063 
car 29.55358886718767 18.17607879638649 0.5824836492538594 1.9441345930099487 4.582449913024902 1.6863374710083008 -1.618908882141113 0.5062898397445679 
car 33.49880218505865 -13.552764892578125 -0.5639078617095734 1.8121697902679443 4.257651329040527 1.5702515840530396 1.5551263093948362 0.4686550498008728 
car 28.501785278320426 -13.989791870117358 -0.7534457445144511 1.8301787376403809 4.324553489685059 1.572033405303955 1.5385006666183467 0.4466440975666046 
car 45.854331970214844 -14.222999572754077 -0.031763322651364945 1.8213446140289307 4.152215003967285 1.6397464275360107 0.8895558118820192 0.4415541887283325 
car 52.046913146972884 -12.883766174316463 0.12968294322493534 1.9539222717285156 4.388134002685547 1.6804081201553345 2.9704499880420134 0.4406185746192932 
car 28.037910461426065 5.770309448242131 0.11510936915876613 1.833540439605713 4.299013137817383 1.6037946939468384 1.566487431526184 0.4348810315132141 
car 40.630905151367244 -14.099796295166243 -0.17558425664899602 1.9136815071105957 4.494302272796631 1.6598377227783203 1.498968243598938 0.4189835488796234 
car 40.93997955322283 4.060909271240007 0.6434161663055633 1.9051340818405151 4.390869140625 1.667941927909851 0.02749347686767641 0.33215028047561646 
car 10.408897399902571 23.797012329101392 0.05244393646719203 1.7323181629180908 3.951653003692627 1.5269124507904053 -1.6358424425125118 0.2919027507305145 
car 20.679237365722884 6.371345520019361 -0.4056897759437419 1.7764909267425537 4.163054943084717 1.5102567672729492 1.6089442412005825 0.280076801776886 
car 41.22862243652355 18.253021240234375 1.711605548858664 2.1169323921203613 5.376043319702148 2.300994873046875 -1.564894080162048 0.2717477083206177 
car 30.201080322265796 -2.1784934997560867 -0.10711068660018697 2.076554298400879 4.959527492523193 1.828839659690857 1.5193716287612917 0.25652092695236206 
car 13.540061950683821 24.299736022948878 0.16866767406465755 1.7880921363830566 4.207273483276367 1.5921694040298462 -1.7408738136291502 0.2480907142162323 
car 45.30524444580084 -3.3885841369630043 0.7684715390205668 1.9677869081497192 4.45050573348999 1.7845697402954102 3.134321753178732 0.20808488130569458 
car 24.857704162597827 -2.02608871459978 -0.4713228344917084 1.7767431735992432 4.22163724899292 1.549211859703064 -1.61672031879425 0.2049909383058548 
car 35.13661193847673 -20.07221984863304 -0.4619118571281149 1.9884413480758667 4.604696273803711 1.7699177265167236 1.7964227835284632 0.18490836024284363 
car 47.65157318115246 -3.250232696533317 0.950733304023764 1.9421067237854004 4.467895030975342 1.7421797513961792 0.7819684743881229 0.1553385704755783 
car 20.147483825683707 -1.5585975646973793 -0.7739506959914877 1.7795394659042358 4.1324591636657715 1.5067369937896729 -1.642969727516174 0.13937091827392578 
car 32.12790679931652 17.766838073730412 0.7575310468673919 1.9561445713043213 4.540511131286621 1.6976654529571533 -1.5904135704040523 0.1254601627588272 
car 42.95146942138689 -14.701862335205192 -0.15297329425809636 1.8735402822494507 4.399415969848633 1.6344807147979736 1.5747769514666956 0.1180579736828804 
car 44.176040649414176 -14.181159973144702 -0.09870062768457899 1.9595718383789062 4.485067844390869 1.6872493028640747 1.625841919575827 0.10181675851345062 
car 11.83758544921892 -13.456111907959098 -0.7746493220329072 2.3575801849365234 5.757640838623047 3.0463435649871826 1.5217608213424683 0.8156014680862427 
car 41.211807250976676 18.2565078735351 1.608950495719931 2.115891218185425 5.474184989929199 2.2934017181396484 -1.5691367387771602 0.5666474103927612 
car 27.48460388183622 -1.520336151123331 0.06897722184659472 1.9552830457687378 5.033480644226074 1.892852544784546 -1.593247532844543 0.32030612230300903 
car 23.083305358887003 -18.372810363769588 -0.724421143531778 1.5283310413360596 2.2909140586853027 2.110238790512085 1.950782124196188 0.14161396026611328 
car 30.213302612304915 -2.0910453796388424 -0.045344091951832866 2.0858635902404785 5.539594650268555 1.906654715538025 -1.7024335861206048 0.1384517103433609 
car 46.475120544433594 -3.371646881103743 0.954553306102774 2.0607197284698486 5.515466690063477 1.8641438484191895 -0.18289816379547044 0.13509231805801392 
car 52.49063110351585 -12.88958740234392 0.3117916584015106 2.188652992248535 5.344292640686035 2.0144944190979004 3.073055092488424 0.10763132572174072 
car 10.435409545898779 24.318168640136378 0.03873907029630885 1.983788251876831 4.8938775062561035 1.9011003971099854 -1.6229584217071527 0.10727859288454056 
car 2.2081336975098793 -19.353462219238395 -1.1018035411834504 3.1701812744140625 12.766486167907715 3.282644271850586 2.4359496275531214 0.9263875484466553 
movable_object -9.944301605224496 -36.512798309326286 -3.0696923732757426 2.500387191772461 0.516762912273407 1.0274429321289062 1.8798812071429654 0.3012278974056244 
movable_object 18.860595703125057 20.633346557617074 -0.5296123027801372 1.9926130771636963 0.514161229133606 0.9772519469261169 -1.6543366909027095 0.16401264071464539 
movable_object -6.431098937988224 6.334815979003793 -0.9039899110793854 2.0360593795776367 0.4491732716560364 1.0298947095870972 -0.23566722869873014 0.14847278594970703 
movable_object 3.812492370605696 21.971138000488168 -0.6179703474044587 2.8363037109375 0.4721907079219818 0.9112309217453003 1.5875394980060025 0.13151779770851135 
movable_object -14.10411071777321 -24.86793518066429 -2.3318569660186554 1.9850547313690186 0.46519923210144043 1.0323350429534912 0.8693822622299195 0.11995245516300201 
movable_object -14.109500885009538 -24.30556297302246 -2.3407006263732626 2.1864306926727295 0.4243663251399994 1.0690388679504395 1.0586153268814087 0.11874904483556747 
movable_object -18.39797973632801 -14.08800506591814 -1.8894803524017192 2.335090160369873 0.4125148355960846 1.0553861856460571 0.3717306852340704 0.10850761830806732 
movable_object -14.046874999999773 -25.429971694946573 -2.3475174903869487 2.2463464736938477 0.48938292264938354 1.0444343090057373 -0.17105817794799755 0.10057459026575089 
bicycle 0.13434219360379984 19.992530822753736 -0.6282286643981791 0.7169629335403442 2.104369640350342 1.3375890254974365 1.4069975614547727 0.8026256561279297 
bicycle -5.030105590820085 13.382171630859204 -0.8682695627212311 0.6745884418487549 2.294764757156372 1.3062596321105957 1.535917401313782 0.7312917709350586 
bicycle -4.024822235107308 13.574295043945199 -0.865788936614976 0.6000839471817017 2.026568651199341 1.2179490327835083 1.5458179712295534 0.6570721864700317 
bicycle -7.519058227538892 7.726741790771143 -1.0184111595153738 0.5047968626022339 1.677388310432434 1.0449281930923462 -1.5937927961349483 0.6480097770690918 
bicycle -7.135746002197209 13.7099990844726 -0.8373086452483989 0.7439872026443481 2.269047737121582 1.345961093902588 -1.6680732965469358 0.6420761942863464 
bicycle -5.251033782958871 7.862533569335824 -0.9586754441261078 0.6046199798583984 2.033264636993408 1.1944971084594727 -1.6440989971160884 0.617222011089325 
bicycle -4.486789703369027 13.510047912597543 -0.8716955184936239 0.6898012757301331 2.1779239177703857 1.30171537399292 1.6036909262286587 0.577136218547821 
bicycle -6.230323791503906 7.608142852782919 -0.9249887466430522 0.5792405009269714 1.8527441024780273 1.2360992431640625 1.6076439062701626 0.5306015610694885 
bicycle -5.786712646484261 16.414741516113054 -0.5323685407638408 0.5834684371948242 1.9936782121658325 1.243626594543457 1.4229708909988403 0.4962350130081177 
bicycle -8.117137908935376 18.147712707519418 -0.6527801752090312 0.597581148147583 1.7702442407608032 1.1116399765014648 1.569426655769348 0.3882540464401245 
bicycle -5.491626739501783 13.425773620605241 -0.8420809507369782 0.7237973213195801 2.2097115516662598 1.3452242612838745 1.4540201425552364 0.27049723267555237 
bicycle -15.275566101073991 10.50910186767561 -1.0318901538848735 0.5867884755134583 1.5720832347869873 1.2385128736495972 1.6851652304278772 0.24050962924957275 
bicycle 34.54196929931658 -19.9898300170899 0.06046020239594441 0.6358393430709839 1.804213285446167 1.199500560760498 -1.6093873977661128 0.23948103189468384 
bicycle 21.311698913574332 1.5811424255368252 -1.1203793287277009 0.61601722240448 1.6393344402313232 1.6571624279022217 -1.5984674692153924 0.21429413557052612 
bicycle -6.946823120117131 7.625801086425668 -0.9817906618118073 0.6366918683052063 1.781792163848877 1.1803027391433716 -1.7781502008438106 0.1714096963405609 
bicycle -11.2121772766111 5.078433990478402 -1.0347802639007355 0.521295428276062 1.5260119438171387 0.9451717734336853 -1.2976453304290765 0.17117862403392792 
bicycle -20.565185546874943 17.541992187499716 1.3526444435119842 0.7027501463890076 1.7624411582946777 1.2406803369522095 0.19721567630767853 0.15562067925930023 
bicycle 13.110755920410384 23.020515441894304 0.09397563338281145 0.5287251472473145 1.5632961988449097 1.0855963230133057 -1.7481158971786492 0.15046259760856628 
bicycle -15.208320617675781 -22.580591201782283 -2.4922220706939413 0.5153796672821045 1.5056953430175781 1.0691461563110352 1.0085984468460085 0.15043601393699646 
bicycle -25.68661499023426 -0.19392395019559672 -0.42575693130491743 0.7815679907798767 1.5396623611450195 1.7513591051101685 0.8493050336837772 0.14855976402759552 
bicycle -18.184200286865007 -22.64957618713396 -2.5714924335479594 0.5810406804084778 1.5583220720291138 1.344757080078125 1.2109628915786743 0.14424392580986023 
bicycle -6.422092437743856 13.537391662597486 -0.8452495336532451 0.7354482412338257 2.2298521995544434 1.3327261209487915 0.14590787887573275 0.14180375635623932 
bicycle 2.1202087402344887 22.016113281249886 -0.5578231811523224 0.4831910729408264 1.5260463953018188 1.137612223625183 -3.0626981258392334 0.13716627657413483 
bicycle 1.352153778076456 26.129508972167798 -0.8847892284393168 0.729584276676178 1.7557713985443115 1.201972484588623 -2.2238249778747554 0.13227218389511108 
bicycle -21.2234649658202 -16.572059631347827 -1.834169507026651 0.5270557403564453 1.519641399383545 1.134086012840271 1.6604240576373501 0.11861388385295868 
bicycle -18.295913696289062 -14.685268402099894 -1.8631837368011261 0.5542354583740234 1.601120114326477 1.1990652084350586 1.5542131662368774 0.11199690401554108 
bicycle -15.88754653930664 -30.40185165405296 -2.573359727859483 0.5734232664108276 1.6039479970932007 1.2144187688827515 1.3836973905563352 0.11078637838363647 
bicycle -29.804227828979492 9.885868072509538 0.007288128137609817 0.6385903358459473 1.7736334800720215 1.2503347396850586 2.3218711058246058 0.10872946679592133 
bicycle -26.7352237701416 9.810321807861158 -2.875679492950418 0.7759993672370911 2.0597856044769287 1.330948829650879 2.8504312674151824 0.10324575006961823 
pedestrian -6.419830322265398 -3.92458724975603 -0.9863818287849213 0.6364906430244446 0.7502140998840332 1.703240156173706 1.4032648801803587 0.8621647357940674 
pedestrian -10.678127288818132 -9.289749145507926 -1.628322362899759 0.7270804643630981 0.863882303237915 1.7973332405090332 1.5104087591171262 0.8502416610717773 
pedestrian -5.7597312927245525 3.1301536560058025 -0.699923217296579 0.5793148279190063 0.5263522267341614 1.6484363079071045 -0.2014791965484615 0.8500699400901794 
pedestrian -7.663516998290788 3.435684204101449 -0.6337530016898896 0.6588197350502014 0.6389283537864685 1.7117775678634644 -0.2971962690353386 0.8338255286216736 
pedestrian -7.962184906005746 0.8406333923338707 -0.8056564927100922 0.566125214099884 0.5242485404014587 1.7003109455108643 -0.3836306333541863 0.8224594593048096 
pedestrian -7.479766845703011 -0.25273513793962366 -0.881778001785257 0.5410957932472229 0.4794299602508545 1.7230327129364014 -0.07438063621520914 0.8081914186477661 
pedestrian -7.140808105468523 0.2698860168454189 -0.812224984168985 0.5773136019706726 0.5231146216392517 1.7203668355941772 -0.3141498565673823 0.8074659109115601 
pedestrian -7.35142517089821 -1.0295715332034092 -0.8557868003845002 0.5881888270378113 0.5312952995300293 1.8161653280258179 0.2412756681442265 0.8001387715339661 
pedestrian -8.131088256835824 -2.141849517822493 -0.9737348556518413 0.5842164158821106 0.5462431311607361 1.6731866598129272 0.23019754886627225 0.7713327407836914 
pedestrian -3.8409423828123863 9.544811248779183 -0.6542830467223908 0.7254059314727783 0.8401243090629578 1.7360247373580933 -2.267689228057861 0.7672361731529236 
pedestrian -6.821701049804517 1.7344703674313564 -0.7523885965347148 0.6139790415763855 0.5603105425834656 1.751609444618225 -0.06495118141174246 0.7664245367050171 
pedestrian -7.060974121093523 -3.5023841857910725 -0.9307612180709555 0.642599880695343 0.7492184638977051 1.768827199935913 1.2907439470291135 0.7652618885040283 
pedestrian -6.617481231689283 4.027187347412109 -0.6129670143127228 0.6099276542663574 0.5927295684814453 1.6881510019302368 -0.5944285392761223 0.7084991335868835 
pedestrian -16.404994964599496 -25.01684570312517 -2.1253509521484233 0.6514121890068054 0.710914134979248 1.716030240058899 0.7177706956863407 0.6785032153129578 
pedestrian -8.707401275634538 -1.2874565124513424 -0.890416622161851 0.5731505751609802 0.5305905938148499 1.7349013090133667 -0.10552084445953351 0.6293621063232422 
pedestrian -7.840881347656023 2.3234138488767826 -0.7450007796287323 0.5812157988548279 0.5526834726333618 1.7117335796356201 -0.2804576158523552 0.6063517332077026 
pedestrian -8.245250701904183 -0.09969329833995744 -0.8515467047691132 0.5402243733406067 0.5083836913108826 1.7369823455810547 -0.15799057483673035 0.5950665473937988 
pedestrian -9.66414642333973 -2.492923736572436 -0.8284226655959941 0.5838576555252075 0.555290162563324 1.7510000467300415 0.05313241481781071 0.5113800764083862 
pedestrian 20.76040649414074 -32.04065704345703 -1.7599785327911164 0.6404581069946289 0.6335277557373047 1.7564029693603516 3.1044762770282195 0.449441134929657 
movable_object -3.8673744201657883 7.545425415038949 -1.0250856876373007 0.403289794921875 0.40654614567756653 1.199161410331726 -0.2856651544570917 0.43213456869125366 
movable_object -15.339248657226335 -23.15902519226097 -2.3748085498809743 0.3669529855251312 0.3560597002506256 0.8932276368141174 0.15919482707977342 0.3697774112224579 
movable_object -3.8318786621092613 8.626197814941179 -0.9218723177909638 0.4708797037601471 0.5025622248649597 1.3232332468032837 -1.8922991752624507 0.3199625611305237 
pedestrian -18.1236114501952 -22.615518569946516 -2.376472949981668 0.5921531319618225 0.6011947393417358 1.460170030593872 0.19779944419860876 0.30249860882759094 
pedestrian -13.334476470947152 -24.71455383300804 -2.2680826187133576 0.496683269739151 0.48715740442276 1.408729910850525 0.6371477842330936 0.2981953024864197 
pedestrian 21.289787292480582 1.8698768615722088 -0.9788822531699921 0.6048901081085205 0.7079852819442749 1.6551936864852905 -1.6993292570114131 0.2967482805252075 
pedestrian -15.23526000976534 10.465339660644418 -1.0421193838119365 0.554101288318634 0.5812443494796753 1.5561550855636597 1.625200573598043 0.2902078330516815 
pedestrian -8.633964538574105 -2.653388977050952 -1.0876405239105011 0.5618706941604614 0.5548299551010132 1.6159330606460571 0.25201141834259055 0.2779785692691803 
pedestrian -7.161003112792798 -0.10012054443387797 -0.8449590802192546 0.5706754326820374 0.5323670506477356 1.7262141704559326 -0.2764387130737294 0.2773674428462982 
pedestrian -8.10366058349598 -0.881370544433878 -0.858020722866037 0.5555288195610046 0.5239900350570679 1.8092098236083984 -0.022494316101073476 0.26683661341667175 
movable_object -3.866268157958814 6.78185653686495 -1.0237573385238434 0.4107717275619507 0.411603718996048 1.2274925708770752 -0.2883042097091665 0.2584400177001953 
movable_object 7.946762084961222 2.206039428710767 -0.8616401553153779 0.3894907236099243 0.3790358304977417 1.1391011476516724 1.272822737693787 0.2563120722770691 
pedestrian -8.179702758789062 -1.5942611694338211 -0.875809550285318 0.5773379802703857 0.5445362329483032 1.7873244285583496 0.07255530357360888 0.244306281208992 
movable_object -3.864223480224382 8.168319702148324 -1.0210444927215434 0.4317139685153961 0.4410706162452698 1.2106573581695557 -0.6742500066757195 0.2389073669910431 
pedestrian -15.867256164550554 -30.251031875610522 -2.5436186790466024 0.6387578248977661 0.647891104221344 1.5055665969848633 0.23523104190826472 0.21635586023330688 
pedestrian -7.039360046386662 0.7114715576171307 -0.8061110973357941 0.602109432220459 0.5743924379348755 1.7418913841247559 -0.17108380794525058 0.21259337663650513 
pedestrian -9.093727111816293 -1.4447517395022942 -0.863274037837968 0.6038213968276978 0.5852934122085571 1.7762913703918457 -0.29259562492370567 0.2079782485961914 
pedestrian -25.67845535278309 -0.1914634704591549 -0.35717999935148725 0.7046417593955994 0.7081345915794373 1.8079640865325928 0.4307419061660771 0.19950595498085022 
movable_object -15.169403076171761 -22.52600479126005 -2.437368869781473 0.37132805585861206 0.3630155026912689 0.8689135909080505 0.22344684600830114 0.19205784797668457 
pedestrian -8.062866210937216 1.260208129882642 -0.761935174465151 0.5968358516693115 0.5774205923080444 1.7186702489852905 -0.2700009346008295 0.18984059989452362 
pedestrian -8.539958953857195 0.8651123046873295 -0.7794244289397909 0.5749762058258057 0.5566006898880005 1.7280328273773193 -0.32410407066345165 0.1893090158700943 
pedestrian -6.099578857421534 3.2731628417967045 -0.6729358434676982 0.6224477291107178 0.5985581874847412 1.7199875116348267 -0.04977500438690129 0.17573536932468414 
pedestrian -7.715286254882585 -2.0053977966310867 -0.9614555835723593 0.60199373960495 0.6055072546005249 1.7381266355514526 0.592507958412171 0.17427580058574677 
pedestrian -6.2154960632321945 6.98762130737299 -0.8109650611877228 0.5130181312561035 0.5493642687797546 1.3119186162948608 -0.44138324260711603 0.1722257137298584 
pedestrian -18.159397125244027 -14.76726531982439 -1.951246380805948 0.5423825979232788 0.5597115159034729 1.5174689292907715 1.228489279747009 0.168134868144989 
pedestrian -21.246864318847543 -16.372779846191463 -1.8014909029006674 0.500377357006073 0.4787815511226654 1.2993957996368408 0.2875137329101565 0.1654011756181717 
pedestrian -9.056922912597429 -1.032974243164233 -0.8327063918113495 0.6076032519340515 0.5951666831970215 1.8019706010818481 -0.25763249397277777 0.16158844530582428 
movable_object 13.036521911621207 22.535537719726562 0.09761534631255131 0.40789493918418884 0.41172221302986145 1.2282763719558716 -1.9616847038269039 0.1592797338962555 
pedestrian -6.29555511474598 8.237667083740178 -0.8647211790084626 0.5252447128295898 0.5555421113967896 1.2817295789718628 0.15927588939666817 0.15520046651363373 
movable_object 2.591724395752067 22.108978271484204 -0.6419128775596477 0.3554176092147827 0.36755895614624023 0.998711109161377 2.523805920277731 0.1525137722492218 
pedestrian -7.408897399902173 1.5123443603512783 -0.765599727630601 0.6047552824020386 0.5852370858192444 1.7368839979171753 -0.2047528028488154 0.13590815663337708 
pedestrian -6.9446563720703125 3.4774780273435226 -0.6398504376411225 0.6303009390830994 0.6237451434135437 1.711437463760376 -0.274575591087341 0.13547959923744202 
pedestrian 20.764328002929688 -32.56772613525396 -1.7923717498779084 0.6471319794654846 0.6744999885559082 1.779134750366211 2.9780061880694793 0.1273767650127411 
movable_object -39.72216033935524 39.81050109863253 -2.455733776092515 0.42007899284362793 0.4130207598209381 1.3503022193908691 -1.9747759103775022 0.12602859735488892 
pedestrian -8.00157165527321 -37.98478698730497 -2.688014745712266 0.6431158781051636 0.6609767079353333 1.6657048463821411 1.5854190031634727 0.12557537853717804 
pedestrian -10.515846252441406 7.037239074706804 -0.47714680433271184 0.6015182733535767 0.637508749961853 1.5666548013687134 -2.0686826705932613 0.12236011028289795 
pedestrian 20.252784729004134 -32.10093688964861 -1.739438414573641 0.6565695405006409 0.7027111649513245 1.7580149173736572 2.983959023152487 0.12210550904273987 
pedestrian -29.772861480712777 9.853488922119027 -0.16277961432932386 0.676861047744751 0.7188706994056702 1.593621850013733 0.1304911375045784 0.1148630678653717 
movable_object -6.308063507079908 19.431259155273153 -1.0525144338607646 0.3479584753513336 0.35306960344314575 0.7260785102844238 -0.1766920089721671 0.113669753074646 
pedestrian -7.5679664611813 4.620746612548601 -0.7496958971023417 0.5422810316085815 0.5454112887382507 1.419656753540039 -0.26133060455322255 0.10621733963489532 
pedestrian -16.872447967529183 -25.013675689697436 -2.163825511932359 0.7074967622756958 0.8064188361167908 1.7658649682998657 0.8896995782852175 0.10458126664161682 
pedestrian 34.55987548828142 -19.486091613769702 -0.34380921721456303 0.7059880495071411 0.7333946824073792 1.7791680097579956 -1.7736364603042598 0.10259409993886948 
pedestrian -5.771194458007699 6.900955200194915 -0.9203625917434621 0.4648003578186035 0.5064529776573181 1.0878510475158691 -0.8738533258438103 0.10218920558691025 
pedestrian 19.414253234863622 -32.81312561035179 -1.6147205829620148 0.6008412837982178 0.6145166754722595 1.6778746843338013 2.1494067350970667 0.1000387966632843 
