car 12.22446441650419 -6.992481231689453 -1.0912904739379847 1.9598337411880493 4.795409202575684 1.6861851215362549 -1.5641103982925415 0.8332480788230896 
car 18.79556274414074 4.510341644287109 -0.8763672113418508 1.9144209623336792 4.580976963043213 1.623481273651123 -1.579598546028137 0.7753298282623291 
car 11.842773437500284 20.15405273437517 -0.37703317403792624 1.8572115898132324 4.376103401184082 1.591265082359314 -1.517452716827392 0.7109922170639038 
car 0.10023880004894181 21.33167266845686 -0.6300221681594849 1.8282129764556885 4.355607986450195 1.585810899734497 1.5902808348285125 0.6894406080245972 
car -12.226581573486158 -30.27763748168951 -1.7039026021957397 1.8719135522842407 4.429938793182373 1.6342607736587524 0.15230607986450184 0.663794994354248 
car 11.011398315429858 -21.38833618164074 -1.3066920042037964 1.9487971067428589 4.648816108703613 1.63886559009552 -1.7948546409606931 0.6496136784553528 
car 12.462867736816577 34.952903747558594 0.1556272655725479 1.9329826831817627 4.670140266418457 1.660033106803894 -1.56962502002716 0.6435928344726562 
car -4.975650787353402 -32.305000305175895 -1.5304987430572439 1.9496078491210938 4.736117362976074 1.7760777473449707 -2.9085803031921382 0.6036807298660278 
car 16.431785583496207 38.12811279296875 0.40195700526237843 1.8939837217330933 4.42320442199707 1.657212257385254 -1.6116909980773921 0.6020983457565308 
car 18.174079895019588 -29.04162979125971 -1.7391014099121058 2.0159192085266113 4.903831481933594 1.7681968212127686 -1.5368525981903072 0.5496855974197388 
car -2.910076141357308 -47.719726562500114 -1.5976703166961634 1.897841215133667 4.558291435241699 1.6968694925308228 1.8038762251483365 0.49108579754829407 
car 12.32926177978527 48.38166046142578 0.3916455209255254 1.9446419477462769 4.475575923919678 1.6711276769638062 -1.896472573280334 0.48666030168533325 
car 6.399631500244425 54.14814758300781 0.4482231736183202 1.8857579231262207 4.313495635986328 1.6819144487380981 1.6107733885394497 0.38508284091949463 
car 12.926673889160213 -48.299648284912166 -1.9680978059768641 1.8671958446502686 4.392716407775879 1.6660023927688599 1.8648336569415496 0.28131288290023804 
car 37.56800079345709 2.0565986633299076 -0.9906649589538539 1.8390202522277832 4.210355758666992 1.6000173091888428 -0.08945262432098407 0.25680601596832275 
car -17.114814758300554 -30.827491760253793 -1.638486385345459 2.0066990852355957 4.554182529449463 1.7329446077346802 0.14774250984191895 0.17844831943511963 
car -11.64008331298811 -33.23953628540045 -1.8129844665527308 2.0209169387817383 4.761847972869873 1.766230821609497 0.11804425716400142 0.17668670415878296 
car 14.55741119384777 -47.09226989746105 -2.059040784835812 2.0124781131744385 4.785983085632324 1.7348990440368652 -3.1151032447814937 0.15473820269107819 
car -5.6812248229978195 -41.18965148925787 -1.7135790586471522 1.8784300088882446 4.344412326812744 1.66261887550354 2.3948796431170862 0.13582244515419006 
car 10.510246276855696 -51.972335815429574 -1.7690451145172048 1.910264015197754 4.311525344848633 1.70737624168396 1.6252296606646939 0.12651804089546204 
car -4.422046661376839 -35.74861145019548 -1.872077345848087 2.0115482807159424 4.761606216430664 1.73524808883667 -3.0269303321838374 0.10244782269001007 
car -12.805290222167628 -30.395294189453125 -1.7908861637115443 2.0618884563446045 5.589894771575928 1.8572417497634888 0.140499353408813 0.23403504490852356 
car -2.859291076659929 -48.27063751220709 -1.7315512895584106 2.081752300262451 5.66220235824585 1.9768226146697998 1.9445260206805632 0.21736709773540497 
car 18.173988342285327 -29.06616401672369 -1.7137035131454397 1.9838016033172607 5.344592571258545 1.8271576166152954 -1.5569996833801265 0.20230361819267273 
car 12.928878784179801 -48.91323089599621 -2.0662972927093506 2.0832011699676514 5.495692253112793 1.8388705253601074 1.650888268147604 0.19092294573783875 
car 16.46994018554699 38.67601013183577 0.4277949929237401 2.007789373397827 5.452873229980469 1.8905603885650635 -1.6079915761947627 0.18926434218883514 
car -3.8510208129881107 -39.28608703613281 -0.5745402574539149 2.2374651432037354 3.3408288955688477 2.916618824005127 -0.06125521659851056 0.15807601809501648 
car -11.666084289550724 8.120182037353516 0.17037841677666066 2.781719446182251 5.856575012207031 3.1838254928588867 -2.5126662254333487 0.15387986600399017 
car -4.577690124511548 -32.28401565551752 -1.605383157730099 1.898552656173706 5.056008338928223 1.8310834169387817 -2.898050308227538 0.14413127303123474 
car -9.31990814208973 18.350341796874943 -0.0017566140741038794 2.1316778659820557 3.945789337158203 2.819141387939453 -1.7177047729492185 0.12222081422805786 
car 38.05059814453159 2.0455780029296307 -1.001372098922726 1.9928622245788574 5.124453067779541 1.8604295253753662 -2.714433670043945 0.11131326109170914 
movable_object -7.563133239745866 27.72381591796875 -1.3702509403228724 1.9319218397140503 0.5106399059295654 0.9788553714752197 -1.440352797508239 0.1929091215133667 
movable_object 32.05814361572277 19.099967956542912 -1.0251407623290945 2.93825364112854 0.5725791454315186 0.9097081422805786 -1.5879001617431634 0.16758599877357483 
movable_object 25.608375549316406 30.843490600585767 1.164326429367069 2.223290205001831 0.43044519424438477 1.0021804571151733 2.702697102223532 0.12496092170476913 
movable_object -8.503898620605355 7.924400329589957 -1.0771807432174647 2.5241641998291016 0.3751737177371979 0.9688552618026733 0.02244865894317649 0.1144864410161972 
bicycle 3.8951301574709873 -45.238891601562386 -1.3806747198104858 0.8422598242759705 2.3197429180145264 1.8065190315246582 1.6674254576312468 0.6554586291313171 
bicycle -7.5990905761717045 27.734558105468636 -1.2522163391113246 0.7582295536994934 1.9075939655303955 1.2524683475494385 -3.121857166290283 0.42093247175216675 
bicycle -17.649467468261548 -6.146568298339901 -2.0138158798217773 0.5721738934516907 1.6800884008407593 1.1622600555419922 -1.8820238113403318 0.3163713216781616 
bicycle 35.769317626953296 2.5748443603516193 -0.8878083229064906 0.7020007967948914 2.0980119705200195 1.3895456790924072 1.3728014230728147 0.2575247883796692 
bicycle 12.152366638183764 47.168418884277116 0.040130920708179474 0.8874068260192871 2.272394895553589 1.741431474685669 -2.1010646820068355 0.2476550191640854 
bicycle -6.995166778564339 46.65264892578131 -0.1211057305335963 0.6405824422836304 1.8524340391159058 1.202665090560913 -3.023817062377929 0.20294468104839325 
bicycle -9.8577232360837 53.60024261474621 0.0022301003336977487 0.7568041086196899 2.046160936355591 1.7173652648925781 1.6342766920672818 0.1901620328426361 
bicycle -8.021682739257642 46.3587265014649 -0.04140124842523818 0.7274060845375061 2.0405967235565186 1.3627805709838867 1.2791281938552856 0.15820392966270447 
bicycle 12.74733734130865 -46.45141220092779 -2.2299301624298025 0.5798494815826416 1.7259234189987183 1.2192180156707764 0.19086849689483654 0.15479101240634918 
bicycle -11.244541168212663 4.0530242919921875 1.1841478347778356 0.5663840770721436 1.6013973951339722 1.1538496017456055 1.1337100267410278 0.15036866068840027 
bicycle -4.377521514892408 -14.1620254516601 -1.4043718576431239 0.6109558343887329 1.8202041387557983 1.4102137088775635 -2.110424518585205 0.15028788149356842 
bicycle -3.37215423583973 -38.73941040039074 -0.029192196205254817 0.830714762210846 2.0852065086364746 1.6494081020355225 -0.014532327651977312 0.14984425902366638 
bicycle 27.989250183105582 23.611648559570426 -0.7786548733711172 0.7254441380500793 1.9804661273956299 1.3519569635391235 -1.7172379493713374 0.13628289103507996 
bicycle 33.86274719238287 4.424301147460824 -0.35110494494437816 0.6660162210464478 1.8966697454452515 1.2867028713226318 -2.859557151794433 0.12692198157310486 
bicycle -2.2829246520996094 -35.749996185302905 -2.302518367767334 0.6313416361808777 1.7992539405822754 1.1856095790863037 -1.451749682426452 0.125676229596138 
bicycle -6.4011535644529545 -39.83710479736334 -1.8201469182968104 0.5770086646080017 1.6235274076461792 1.180112361907959 1.9244416395770478 0.122928187251091 
bicycle -8.580764770507642 8.621025085449105 -0.4820717275142634 0.5434738993644714 1.554549217224121 1.278496503829956 -1.5703763961791986 0.12275050580501556 
bicycle -3.262943267822095 37.4705352783202 0.12516607344151254 0.6112549304962158 1.758073329925537 1.1882452964782715 -1.5457615852355953 0.1158432736992836 
bicycle 28.90900421142601 -31.49365615844738 -0.9557560682296717 0.6692155599594116 1.743201494216919 1.381352424621582 1.1727210283279417 0.112077496945858 
bicycle -3.3114547729492188 29.18505859375 -0.7423560619354213 0.5331276059150696 1.5858540534973145 1.1070449352264404 0.8035260438919065 0.10941919684410095 
bicycle 26.09187316894537 12.885314941406307 -1.1123270988464355 0.560092568397522 1.627593994140625 1.0985428094863892 -1.8908948898315425 0.10642305016517639 
bicycle 9.917629241943644 -50.19696044921869 -1.787905335426327 0.939731776714325 2.2971739768981934 1.4987163543701172 0.1904330253601076 0.10464398562908173 
bicycle -6.802722930908033 15.85137939453125 -1.3400356769561697 0.5576296448707581 1.5328776836395264 0.9977638721466064 -3.103304862976074 0.10355847328901291 
bicycle -15.800987243652003 -29.75977516174322 -2.0468056201934743 0.6162542700767517 1.9201290607452393 1.238516926765442 3.0989845434771945 0.10253604501485825 
bicycle 27.848236083984602 16.01032257080078 -0.42024642229079845 0.6558661460876465 1.8644403219223022 1.2440671920776367 0.02717304229736301 0.10072807222604752 
pedestrian 3.8939514160157387 -45.25499343872076 -1.4482396841049159 0.8126466274261475 0.9050449728965759 1.9286328554153442 1.671770874653952 0.19010406732559204 
pedestrian -9.782104492187386 53.08673858642561 0.09691828489303589 0.6768158674240112 0.7138877511024475 1.8196941614151 1.611977879201071 0.18902912735939026 
pedestrian -2.642311096191065 -39.37096405029291 -1.1340422630310023 0.6309247612953186 0.6272960901260376 1.7984806299209595 0.47671711444854703 0.18725280463695526 
movable_object 12.864631652832202 -46.40812683105486 -2.186556339263916 0.4301747679710388 0.43722784519195557 1.0606790781021118 1.977970902119772 0.1820952594280243 
movable_object -3.192977905273324 29.248970031738168 -0.668821096420281 0.38435035943984985 0.3916497230529785 0.8117061853408813 -0.5861889123916627 0.17914101481437683 
pedestrian 32.49437713623064 7.276096343994027 -0.7722165584564209 0.5954253673553467 0.6043511033058167 1.5601887702941895 3.1069906393634246 0.1770312488079071 
pedestrian -6.473678588867017 -39.49731826782232 -1.793141484260559 0.5053735971450806 0.5027404427528381 1.4007561206817627 0.2406393289566038 0.16298158466815948 
pedestrian -4.464923858642351 -14.296669006347827 -1.3120054006576503 0.5752586126327515 0.6549596786499023 1.4761347770690918 -1.8820571899414058 0.1592520773410797 
movable_object 12.287147521972827 -46.48526000976557 -2.1646912097930873 0.4849458932876587 0.5038770437240601 1.0346760749816895 1.609457317982809 0.15317335724830627 
pedestrian -7.994888305664006 29.89894866943348 -0.6649025678634573 0.5839696526527405 0.5762345194816589 1.624973177909851 -0.37063610553741466 0.15148486196994781 
movable_object -3.2362556457518394 0.8730316162109943 -0.8428249955177272 0.3318769037723541 0.3255460262298584 1.1156364679336548 1.8772257010089324 0.14491701126098633 
movable_object 26.020362854004247 12.771652221679688 -1.0625989437103271 0.3897053301334381 0.39315906167030334 0.8640204071998596 1.9537857214557097 0.12658856809139252 
movable_object 26.2959442138673 -6.900539398193359 -1.3570777177810633 0.40545958280563354 0.4046967625617981 0.8513854742050171 3.1255567709552214 0.11182929575443268 
pedestrian 10.377357482910384 -50.18613815307623 -1.8242828845977783 0.7003985643386841 0.720213770866394 1.6051297187805176 1.5037726163864136 0.1099226251244545 
pedestrian 9.126338958740519 -48.85253906249994 -1.9546972513198853 0.6461251378059387 0.6967197060585022 1.4069359302520752 2.1734584013568328 0.1039208322763443 
pedestrian -6.791229248046648 15.846725463867017 -1.2841062545776367 0.586767315864563 0.6763542890548706 0.7110783457756042 3.0229724089251926 0.10263864696025848 
