car 0.4216537475588211 23.231628417969205 -0.5265560746192826 1.835316777229309 4.278012275695801 1.5803132057189941 1.516642451286316 0.702741265296936 
car 17.18173980712902 -20.008880615234034 -1.6122564077377248 2.0158591270446777 5.014348030090332 1.8166706562042236 -1.5687357187271123 0.695888340473175 
car 13.719947814941634 -21.746494293212436 -1.5851972103118754 1.9519922733306885 4.7573957443237305 1.7561641931533813 -1.5664653778076179 0.6389533877372742 
car 17.153976440429688 1.5078697204593254 -1.2285952568054128 1.9002474546432495 4.518133163452148 1.616163730621338 -1.6537910699844363 0.5051436424255371 
car -3.1850852966307457 31.626739501953352 -0.30957344174384716 1.8069438934326172 4.274077892303467 1.5830150842666626 -1.55845320224762 0.35416480898857117 
car 13.558448791504134 -36.29723358154274 -1.9484975337982107 1.926117181777954 4.590429782867432 1.634194254875183 -1.5792543888092048 0.30217188596725464 
car -2.720767974853402 35.64301300048862 -0.4398337006568802 1.8396823406219482 4.406827926635742 1.5864386558532715 -1.617555975914002 0.23626857995986938 
car 18.92536163330078 27.882743835449446 -0.4057302772998739 1.8686609268188477 4.356716156005859 1.6226648092269897 -1.5097581148147587 0.20368841290473938 
car 34.39175415039085 -27.390949249267237 -2.0849051475524796 2.099433183670044 5.196414947509766 1.8811160326004028 -3.0534677505493177 0.19574953615665436 
car 16.57247924804699 -38.18713378906227 -1.9616329669952286 1.8989423513412476 4.398740291595459 1.6097079515457153 -1.6347903013229377 0.1767004430294037 
car 19.40476226806669 -20.113288879394304 -1.7158567905425883 1.947083592414856 4.672374725341797 1.6868927478790283 -1.528205037117005 0.12014374136924744 
car 9.909809112549055 0.2897567749026848 -0.5075702667236222 2.744171619415283 6.056149482727051 2.6833767890930176 -1.5803695917129525 0.6720951795578003 
car 34.39703369140625 -27.362291336059457 -1.9588503837585378 2.169912338256836 5.61561393737793 1.9817614555358887 -2.9766020774841317 0.3124515414237976 
car -10.576961517333757 27.19218444824253 1.0392507314682113 2.9957640171051025 6.0719733238220215 2.8924715518951416 -0.06444478034973158 0.17631608247756958 
car 17.186836242675952 -20.053047180175554 -1.6616964340209819 2.0374350547790527 5.509783744812012 1.9465937614440918 -1.5683333873748788 0.14169175922870636 
car 17.169975280761946 1.5038604736332672 -1.2938379049301005 1.9263578653335571 5.296465873718262 1.781333565711975 -1.6757700443267827 0.11040208488702774 
car 27.330497741699332 44.06719207763717 1.937513589859023 2.8075613975524902 4.717955589294434 3.2539045810699463 1.8018315474139612 0.1101149171590805 
car 9.937446594238395 3.0492630004885086 -0.6318936944007838 1.869585633277893 2.6541340351104736 2.357874870300293 -0.28651177883148193 0.10725882649421692 
car 28.554779052734318 -51.85823440551735 -2.7664959430694473 1.9171833992004395 3.963541269302368 2.423920154571533 1.6133144537555142 0.10518811643123627 
car 32.64644622802746 -40.459487915038835 -2.277065277099595 3.0014021396636963 7.214325904846191 3.4982471466064453 2.236771885548727 0.10463644564151764 
movable_object -8.816390991210938 -22.41090011596657 -1.9070717096328664 2.158543109893799 0.5393017530441284 1.0559083223342896 1.5039728879928587 0.6435261368751526 
movable_object 8.79420471191429 -0.3932113647457527 -1.098701119422902 2.1068971157073975 0.4810236096382141 1.041319727897644 -3.1195261478424077 0.5910520553588867 
movable_object 11.298477172851676 -0.07707977294887769 -1.0524127483367813 2.071512222290039 0.46373453736305237 1.0309044122695923 0.023368120193481466 0.554640531539917 
movable_object 10.092018127441634 4.114776611328239 -1.0489652156829763 2.055145263671875 0.45778948068618774 1.0243358612060547 1.6413634459124968 0.5212148427963257 
movable_object 10.406990051269759 -1.713825225829737 -1.0483580827712906 2.138597011566162 0.4847896099090576 1.051464319229126 -1.0626884698867802 0.514053463935852 
movable_object -8.548679351806527 -24.191099166869776 -1.987410783767686 2.0856847763061523 0.5182214975357056 1.0323388576507568 2.9766781965838827 0.22075293958187103 
movable_object 9.094947814941634 -0.8155097961422371 -0.998809099197377 2.281205892562866 0.5047396421432495 1.0753734111785889 -3.130484104156495 0.20553699135780334 
movable_object -8.749431610107195 -25.476968765258448 -2.0148315429687322 2.008431911468506 0.47619765996932983 1.0108031034469604 1.2928103208541875 0.202574223279953 
movable_object -8.724433898925668 -22.933202743530046 -1.925942659378041 2.19929838180542 0.5798037052154541 1.0453276634216309 2.4591229597674764 0.15275022387504578 
movable_object 11.150085449218864 -0.7941169738766121 -1.0809419155120743 2.3670151233673096 0.4569244980812073 1.0397042036056519 0.3295546770095828 0.14791660010814667 
movable_object 11.66892242431652 2.648281097412564 -1.1221189498901225 2.243609666824341 0.4773530066013336 1.0539288520812988 -0.06856048107147242 0.14185412228107452 
movable_object -8.657089233398324 -24.997339248656886 -1.9840767383575368 1.9106134176254272 0.48792558908462524 1.0154129266738892 2.360037628804342 0.13261985778808594 
movable_object -5.201000213622876 -53.86948776245083 -3.363729953765855 2.277768135070801 0.516025185585022 1.0204222202301025 0.3613897562026983 0.11095232516527176 
movable_object -5.595981597900277 -53.81105422973599 -3.2634878158569265 2.243114471435547 0.5471552610397339 1.0153717994689941 0.16637623310089097 0.10875989496707916 
movable_object 8.744197845459212 1.4594001770024079 -1.2937504053115703 1.9747164249420166 0.4124343991279602 0.9486247301101685 -3.0936784744262704 0.10610025376081467 
movable_object -8.69316101074196 -25.93136787414528 -2.091354370117177 2.3102571964263916 0.5616164207458496 1.0348618030548096 0.008210062980651663 0.10419625788927078 
bicycle 24.459663391113622 23.234962463379247 -0.7821763753890885 0.5721344947814941 1.5975685119628906 1.0696592330932617 -2.8612289428710946 0.6446542739868164 
bicycle -10.578819274902116 -17.746162414550554 -2.0543012619018413 0.4983431100845337 1.5403258800506592 1.0611648559570312 -1.5620690584182746 0.31607958674430847 
bicycle -3.174037933349382 30.18573760986351 -0.6607085466384746 0.7387365102767944 2.114619731903076 1.361860752105713 -0.38186860084533714 0.20780910551548004 
bicycle -8.517894744873104 -44.181377410888445 -3.0501689910888565 0.638640820980072 1.8592751026153564 1.3242839574813843 1.4394770860672 0.19941601157188416 
bicycle -9.937072753906136 -10.015151977538721 -1.7414678335189677 0.49381375312805176 1.5072154998779297 1.042384386062622 -1.6415959596633913 0.15175029635429382 
bicycle -8.212257385253565 -27.22624206542946 -2.330369234085069 0.6863417029380798 1.9104347229003906 1.2120743989944458 -2.7151765823364267 0.14961403608322144 
bicycle 10.598304748535156 -36.299324035644304 -2.1687297821044886 0.5095900893211365 1.5497031211853027 1.0370079278945923 1.1399449110031128 0.14370916783809662 
bicycle -11.102668762206918 -24.36836814880337 -1.9944471120834208 0.5844774842262268 1.6802374124526978 1.231310486793518 1.548005223274231 0.13774849474430084 
bicycle 25.8850936889649 -31.033655166625863 -1.744089484214772 0.6136633157730103 1.5606392621994019 1.1365888118743896 1.5617278814315798 0.13355892896652222 
bicycle -10.473003387451058 -35.6546249389645 -2.3572545051574636 0.6267842054367065 1.7358671426773071 1.182233214378357 0.5599104166030888 0.12914003431797028 
bicycle 24.34814453125 22.73370361328159 -0.7451919317245341 0.6445651054382324 1.6946654319763184 1.1434118747711182 3.103258434926168 0.12905579805374146 
bicycle -11.027332305907862 -21.868743896484148 -2.1321668624877788 0.5683650374412537 1.631988763809204 1.1038262844085693 -1.1821943521499638 0.1284913420677185 
bicycle -5.633441925048828 -53.13847351074196 -3.2747287750244 0.6877394914627075 1.9915443658828735 1.337691307067871 -1.4864672422409062 0.12491326779127121 
bicycle 29.011314392089957 31.53408050537132 -0.9012424945831228 0.5580801963806152 1.7109638452529907 1.2628214359283447 2.297372643147604 0.12374457716941833 
bicycle 28.08241271972679 -51.17748260498024 -2.5698981285095073 0.8336623311042786 2.1109142303466797 1.4417688846588135 1.607273880635397 0.1223786324262619 
bicycle -8.676834106445199 7.464004516601904 -1.296729564666741 0.5490351319313049 1.5590006113052368 1.048927664756775 0.9675611257553104 0.1189061775803566 
bicycle -8.785320281982422 3.3299293518070954 -1.1965947151183975 0.48316821455955505 1.4892886877059937 1.0184322595596313 -1.540254950523377 0.11798446625471115 
bicycle -2.636062622070199 33.90966796875023 -0.7599591612815786 0.6248508095741272 1.8342540264129639 1.171076774597168 -0.4734661579132084 0.1161285787820816 
bicycle -8.761428833007585 6.961215972900732 -1.384527921676625 0.5329470634460449 1.5274723768234253 1.0342659950256348 0.31312358379364036 0.11012151837348938 
bicycle -10.948196411132585 29.030685424804915 0.9378188848495554 0.6369189620018005 1.6539654731750488 1.2143168449401855 1.1821278333663943 0.10982026159763336 
bicycle -7.387378692626839 20.80218505859409 -0.3771062493324209 0.5800752639770508 1.5924251079559326 1.19688081741333 -0.4108562469482421 0.10563873499631882 
bicycle 23.158935546875227 6.284023284912337 -1.5977015495300186 0.5774304866790771 1.5736212730407715 1.1176847219467163 -1.0696712732315066 0.10456930100917816 
bicycle 27.969306945800895 5.708248138427962 -0.892906486988057 0.5601171255111694 1.6931992769241333 1.1671547889709473 0.8533402681350714 0.10075414925813675 
bicycle -4.415958404540788 46.5957946777346 0.2391862869262802 0.6878130435943604 1.952720284461975 1.3676139116287231 1.7820642630206507 0.10019940137863159 
pedestrian -7.251651763915788 20.82727813720726 -0.2908450365066422 0.5934906005859375 0.6079878211021423 1.4772727489471436 2.645257774983541 0.23393672704696655 
movable_object 10.61309051513689 -36.13984680175736 -2.015209197998036 0.39895614981651306 0.3953701853752136 1.2952929735183716 2.173710648213522 0.20111232995986938 
movable_object 9.368373870849723 -2.0865402221676277 -1.1903405189514018 0.32275211811065674 0.32351264357566833 0.738951563835144 -0.6193129420280462 0.1640973687171936 
movable_object 11.577781677246207 1.5776405334476067 -1.2635302543639995 0.2999803125858307 0.2995920181274414 0.7289509773254395 0.8058992624282841 0.1574312150478363 
movable_object 8.814655303955305 3.380393981933935 -1.2841055393218852 0.30367136001586914 0.314065545797348 0.7268006801605225 -2.922989368438721 0.12517206370830536 
pedestrian 25.925964355468807 -30.844043731689226 -1.9746525287628103 0.696366012096405 0.7260029315948486 1.532689094543457 -2.815927982330323 0.11563597619533539 
movable_object -2.3205566406247726 33.67765808105514 -0.6851558089256145 0.3932468295097351 0.3999137878417969 0.8135701417922974 0.18428289890289298 0.11558554321527481 
movable_object -6.831985473632585 11.079017639160497 -1.0715962648391653 0.3439178168773651 0.34498417377471924 0.7336955666542053 0.20542228221893305 0.11116611957550049 
movable_object 8.821281433105582 -1.4556808471677414 -1.2670370340347183 0.30170440673828125 0.3045837879180908 0.7444772720336914 -1.2855863571166997 0.11088024079799652 
movable_object 8.764873504638672 1.5928421020511223 -1.3750747442245377 0.2864440381526947 0.3404886722564697 0.6110770106315613 -2.513394832611085 0.10481052845716476 
movable_object 9.208595275879134 -1.5932388305661789 -1.0427839756011856 0.34466150403022766 0.3430160582065582 0.8510497808456421 -1.5490467548370364 0.10421420633792877 
movable_object 9.286151885986442 3.94152069091831 -1.1466400623321462 0.35778307914733887 0.369202196598053 0.8024193048477173 2.623109642659322 0.10054110735654831 
ee9b3f38dadd40588f43ba590c4751b9