car -0.24869155883834537 8.595623016357422 -0.9377161264419414 1.9616408348083496 4.6858367919921875 1.838691234588623 1.7456672827350066 0.843795657157898 
car 3.32320022582968 2.306129455566179 -1.0531065464019633 1.7579047679901123 4.162752151489258 1.545438289642334 1.3584071397781372 0.8189566731452942 
car -10.502498626709269 26.7804336547847 -1.5023158788680888 1.9136278629302979 4.498836517333984 1.6032443046569824 -0.2676421403884892 0.7869268655776978 
car -10.553558349609773 23.291427612304688 -1.0619685649871684 1.9883116483688354 4.7287678718566895 1.8966712951660156 -0.5330733060836798 0.6392510533332825 
car -17.63085937500057 28.92375183105446 -1.2292664051055766 2.030284881591797 4.696933746337891 1.7469207048416138 -0.24039208889007618 0.6322612762451172 
car 0.23745346069307516 -12.222621917724837 -1.0945031642913676 1.8841297626495361 4.680740833282471 1.8653346300125122 1.5791466871844693 0.6158291101455688 
car 24.89228820800747 6.710102081298601 -1.6001428365707326 1.8740910291671753 4.400781631469727 1.6060969829559326 3.1292250792132785 0.42289841175079346 
car -9.906005859375341 29.672500610351562 -0.8217579126357961 2.4811625480651855 6.469570159912109 2.9787445068359375 -0.2554923295974736 0.3881326913833618 
car 19.453529357909787 51.942268371581804 -2.573159933090203 1.9242154359817505 4.511515140533447 1.7902947664260864 -0.2250446081161505 0.3778027892112732 
car -4.586055755615575 34.53459930419899 -1.9575493335723735 1.86549973487854 4.3327131271362305 1.5977660417556763 -1.269765615463257 0.3304782211780548 
car 33.889877319335596 4.4623527526853195 -1.31862890720366 1.984934687614441 4.479620456695557 1.7236167192459106 2.998437945042746 0.32632747292518616 
car -15.820163726807152 23.82195281982422 -1.1943856477737356 1.9267150163650513 4.542150497436523 1.629431128501892 -0.3309392929077155 0.29610660672187805 
car 25.565452575683082 9.304630279540788 -1.7336493730544973 1.9800304174423218 4.515697479248047 1.7030165195465088 3.122704331074851 0.24101072549819946 
car -23.67896652221708 39.90968322753906 -0.25900256633757834 1.9462450742721558 4.574446201324463 1.7425634860992432 -0.8337249755859376 0.2116563469171524 
car -2.827999114990689 34.5333251953125 -1.9365737438201833 2.0176315307617188 4.713330268859863 1.736019492149353 -0.34605705738067655 0.2100541889667511 
car -34.407539367676094 47.614707946777116 -0.7105250358581401 2.037081241607666 4.724906921386719 1.7999827861785889 -2.3836202621459956 0.17702586948871613 
car -9.98470687866245 -7.567184448242415 -0.9185560941696096 1.7749077081680298 4.006860256195068 1.5153369903564453 -2.943212270736694 0.1621546745300293 
car 33.23353576660111 6.251453399657976 -1.493835687637322 1.9616389274597168 4.536358833312988 1.7234373092651367 2.2046983877765105 0.12164300680160522 
car 31.568389892577784 4.500724792480014 -1.4916639328002788 1.9551423788070679 4.435527324676514 1.672196388244629 -2.4352712631225577 0.1081974059343338 
car -32.16663742065464 47.10499572753906 -0.9983814954757619 1.9706119298934937 4.534521102905273 1.6996227502822876 -0.9542917609214786 0.10658468306064606 
car -9.907760620117699 29.700889587402116 -0.7894271612167216 2.529263496398926 6.44204044342041 3.09501314163208 -0.25578224658966114 0.6165182590484619 
car 0.24117660522415463 -12.329853057861328 -1.1071324348449565 1.8999335765838623 4.843206405639648 1.862021565437317 1.5766075293170378 0.3360772430896759 
car 14.110694885253452 -8.737876892090071 -0.7988017797469951 1.3872382640838623 2.3769302368164062 1.8939073085784912 -1.7237052917480464 0.1885777711868286 
car 25.4524307250972 6.721351623534929 -1.6574817895889211 1.9953263998031616 5.401401042938232 1.7972326278686523 -0.03528940677642873 0.18174858391284943 
car -10.668983459473168 23.52281951904274 -1.0711652040481425 2.0824501514434814 5.261602878570557 1.9402129650115967 -0.49552416801452676 0.18046632409095764 
car -17.732753753662564 28.975105285644304 -1.2860610485076833 2.075991153717041 5.1015214920043945 1.7863447666168213 -0.8707879781723028 0.17152169346809387 
car -23.768194198608796 40.45774078369118 -0.4069114625453807 2.167067766189575 5.854616165161133 2.0777342319488525 2.445082012807028 0.16584433615207672 
car 53.087242126464616 6.398975372314226 0.13340997695924273 3.0673770904541016 8.250123023986816 3.8519835472106934 3.0719793478595188 0.14639006555080414 
car -33.9214897155766 47.692481994628906 -1.0836302042007304 2.280020236968994 4.219154357910156 2.558875322341919 -1.925581812858581 0.14465199410915375 
car 50.71250915527321 2.7153663635253906 0.8136873841285777 2.639460563659668 5.329944133758545 3.34405255317688 -2.664995193481445 0.14453107118606567 
car 43.46564483642538 34.00028991699196 -2.0936083793639995 2.9414191246032715 5.6340718269348145 3.4180195331573486 -1.668558359146118 0.13757282495498657 
car 18.305229187011236 52.40088653564453 -2.632688283920281 2.202500343322754 5.577258110046387 2.038902997970581 3.0030124823199675 0.12482420355081558 
car -21.278778076172387 -33.93038558959984 2.250290632247932 2.61934757232666 4.709227085113525 2.819274425506592 1.3599303960800169 0.1208159476518631 
car -31.474411010742813 47.053680419921875 -1.3841375112533498 1.9709019660949707 3.637850284576416 2.5033440589904785 -1.2365055084228516 0.1184253990650177 
car 30.87396240234341 42.26551055908203 -2.3953046798706055 3.862449884414673 8.39831256866455 3.628544569015503 0.06399691104888892 0.11368584632873535 
car 40.505744934081804 41.09998321533203 -1.3609051704406738 2.308107614517212 5.340822696685791 2.237567901611328 -0.021986842155457247 0.10920102894306183 
car -22.68044090271036 -23.12346076965332 1.6142613887786865 1.6250990629196167 4.699068069458008 2.5206031799316406 -1.7516771554946895 0.36065804958343506 
car 43.49813842773386 38.723953247070085 -1.611521005630486 3.0481185913085938 12.666340827941895 3.4286506175994873 1.5504115819931032 0.17268729209899902 
car -24.283157348633097 -35.11477661132835 2.7923688888549876 2.723494052886963 8.43598461151123 3.559208393096924 3.120242659245627 0.10255560278892517 
movable_object -6.92975234985397 9.22757339477539 -1.0593858957290578 0.8849769830703735 0.5451287031173706 0.9781560301780701 2.2885444800006316 0.1342853605747223 
movable_object 6.348510742187159 -4.050731658935547 -1.5270398855209208 2.7531380653381348 0.48101910948753357 0.9002656936645508 3.09265929857363 0.1265481412410736 
movable_object -7.453178405761946 9.247886657714616 -1.0994497537612773 1.8116828203201294 0.5271571278572083 1.0773136615753174 0.19501101970672582 0.1137700006365776 
movable_object 18.918540954589474 51.33036041259743 -2.6951587200164653 3.3244102001190186 0.5145993232727051 0.9809944033622742 1.436651587486267 0.10991398990154266 
movable_object -15.429271697998388 23.077827453613054 -1.5664713382720805 3.2210261821746826 0.5794883966445923 0.9363586902618408 -1.5277047157287595 0.10669362545013428 
bicycle 13.976249694823991 -8.695934295654297 -0.4196222722530294 0.5998522043228149 1.6985496282577515 1.144078254699707 -1.4679492712020872 0.5924171209335327 
bicycle -3.1698493957521805 30.940597534179688 0.11071530729532952 0.7226330637931824 2.1377620697021484 1.3119375705718994 -1.111629128456116 0.43012404441833496 
bicycle 9.1629829406736 3.11625671386696 -0.8644300103187419 0.48272889852523804 1.5417462587356567 1.084594964981079 1.1622174978256223 0.423663854598999 
bicycle -2.5322418212895172 22.431991577148438 -1.455757141113267 0.6463583707809448 1.910331130027771 1.3585363626480103 1.6912468115436001 0.3910277485847473 
bicycle 14.52690124511679 -8.156620025634993 -0.49789947271345625 0.5467312932014465 1.560167908668518 1.0559331178665161 -2.0492129325866695 0.32720088958740234 
bicycle -5.563526153564908 9.52215576171875 -0.5618547797202993 0.7406922578811646 1.8665504455566406 1.857894778251648 -0.1733920574188238 0.31243452429771423 
bicycle -8.292049407959269 -7.016933441162337 -0.8349937200546194 0.5099484920501709 1.5766181945800781 1.094844102859497 -1.0969377756118777 0.30538612604141235 
bicycle -3.3936119079593823 28.498794555663608 -1.4465481042861796 0.6076406240463257 1.6426509618759155 1.6169049739837646 2.171000782643454 0.30201977491378784 
bicycle 14.683670043944915 -9.288967132568587 -0.37303149700164084 0.5918116569519043 1.6856775283813477 1.2622051239013672 -2.171663522720336 0.2609838843345642 
bicycle 14.176040649413551 -7.709163665771484 -0.61082470417022 0.5211634039878845 1.570339560508728 1.0390344858169556 -2.831199884414672 0.1909656524658203 
bicycle -14.098743438721158 7.454715728759538 -0.11264022439716825 0.5600289702415466 1.6083405017852783 1.1005167961120605 3.1311047712909152 0.18985934555530548 
bicycle -8.790515899658601 12.874557495117188 -1.4573912620544363 0.5077768564224243 1.5290919542312622 1.091172456741333 -1.6250889301300047 0.18681329488754272 
bicycle 2.2589569091790622 -20.826679229736555 -2.3889768123626567 0.4114684760570526 1.4398245811462402 0.9531615376472473 -1.5280220508575437 0.1715325266122818 
bicycle 8.620166778564169 -21.412353515625227 -1.4985812902450562 0.5759961605072021 1.7065922021865845 1.1038669347763062 -1.386475086212158 0.17108246684074402 
bicycle 14.169845581054233 -9.724735260009766 -0.4758220314979553 0.5629904270172119 1.664193034172058 1.1255643367767334 2.344446961079733 0.17107808589935303 
bicycle 15.72880554199196 -6.228000640869141 -0.2837001085281372 0.6297878623008728 0.9203801155090332 1.4863208532333374 2.4313409964190886 0.13892494142055511 
bicycle 24.363693237304403 9.834976196288835 -2.053884506225579 0.5670497417449951 1.7917792797088623 1.19716215133667 0.6982654333114624 0.1369650661945343 
bicycle 23.817741394042685 7.363948822021484 -1.7721462249755788 0.7469032406806946 2.203421115875244 1.3021891117095947 -0.125663042068482 0.1342509239912033 
bicycle -30.945100784302326 46.97509002685547 -1.134260058403001 0.7074997425079346 1.7610445022583008 1.554697871208191 -1.7527401447296138 0.1320582628250122 
bicycle -14.1408958435062 22.513458251952898 -1.608754515647881 0.6109537482261658 1.7910457849502563 1.2008814811706543 0.9202014207839959 0.13126927614212036 
bicycle 17.073677062987883 -27.993778228759993 -0.3038317561149455 0.7704113125801086 2.3314948081970215 1.397836685180664 -0.7972992658615117 0.13125871121883392 
bicycle 13.501556396483977 -18.75624847412132 -0.5853399038314677 0.5666168332099915 1.612607479095459 1.1650831699371338 2.9730542341815407 0.12724798917770386 
bicycle 32.60017395019497 4.491725921630632 -1.5147039890289236 0.7359429001808167 2.2277910709381104 1.373549222946167 -1.0311932563781743 0.12445251643657684 
bicycle 2.145931243896058 51.331260681152116 -0.17681428790091047 0.6005889177322388 2.3429114818573 1.628317952156067 -1.5727285146713255 0.1237388327717781 
bicycle 6.81713485717728 -50.62284469604515 -1.1374934911727834 0.6035812497138977 1.7035346031188965 1.2376539707183838 1.6174681822406216 0.1216752678155899 
bicycle -9.817958831787507 11.098930358886719 -1.1351792812347412 0.4641186594963074 1.4946452379226685 0.9870115518569946 2.00469953218569 0.11977460235357285 
bicycle -3.650402069092195 31.36802673339821 -0.0919649749994278 0.8532030582427979 2.627887725830078 1.4503400325775146 -1.9539521932601924 0.1192007064819336 
bicycle 7.2993240356440765 -29.265825271606673 -2.686350584030137 0.411578506231308 1.3865747451782227 1.040960669517517 -2.0254304409027095 0.11762344837188721 
bicycle 41.563552856445085 18.237937927246094 -2.9207143783569194 0.5989343523979187 1.7316787242889404 1.1996471881866455 -0.20816290378570584 0.10604891180992126 
pedestrian 18.98320770263649 1.9757118225097656 -1.1210852861404348 0.6711193323135376 0.7508711218833923 1.6728848218917847 -0.5038605928421026 0.8403335809707642 
pedestrian -3.13646697998081 14.60887145996071 -1.0475025177001882 0.7275115847587585 0.847756028175354 1.7956432104110718 1.109346270561218 0.8341476917266846 
pedestrian 18.261116027831633 17.539634704589616 -2.0345807075500417 0.6394414901733398 0.7084643840789795 1.7740577459335327 1.5772989431964322 0.7964316010475159 
pedestrian 18.929435729980128 20.264961242675554 -2.117861747741685 0.6486603617668152 0.7314796447753906 1.822806715965271 1.418660044670105 0.7899199724197388 
pedestrian 20.73843383789034 21.743064880370866 -2.293018817901597 0.5898188948631287 0.6402344703674316 1.6546906232833862 1.24974262714386 0.7815056443214417 
pedestrian -2.281684875488793 -10.404727935791016 -1.071902275085435 0.6954500675201416 0.8525933027267456 1.6764065027236938 1.6461694876300261 0.7730754613876343 
pedestrian 17.915245056152116 19.984817504882585 -1.963480234146111 0.7224063277244568 0.8711776733398438 1.9440176486968994 1.4680842161178587 0.7719247341156006 
pedestrian -6.742988586426179 12.964256286621094 -0.9611792564392019 0.7018069624900818 0.8146334290504456 1.7147014141082764 -1.9261419773101802 0.7627687454223633 
pedestrian 18.818641662597088 12.703666687011719 -1.6435065269470144 0.6223954558372498 0.6862854957580566 1.7646057605743408 1.2650071382522583 0.7612914443016052 
pedestrian 18.087173461913608 12.986595153808366 -1.6533015966415263 0.6195529699325562 0.6744829416275024 1.7350280284881592 1.2270547151565552 0.7608314752578735 
pedestrian 16.734077453612827 19.472007751464844 -1.9002554416656352 0.7141447067260742 0.8318755626678467 1.8643296957015991 1.4052263498306274 0.7527406215667725 
pedestrian 20.03656005859341 15.714103698730241 -1.796511411666863 0.6848777532577515 0.7743545174598694 1.8604631423950195 1.3266531229019163 0.7484725713729858 
pedestrian 15.462066650390284 8.890632629394077 -1.3418128490447785 0.631941020488739 0.7189540863037109 1.7062221765518188 -1.8810799121856685 0.7474403381347656 
pedestrian 18.126274108886435 15.736221313476562 -1.8003039360046316 0.717460036277771 0.8163655400276184 1.8778369426727295 1.3827825784683228 0.7420949935913086 
pedestrian 15.698410034179346 -6.149444580078352 -0.3455072045326162 0.6015793681144714 0.5932185053825378 1.6584243774414062 2.463629547749655 0.7386347651481628 
pedestrian 6.917785644530966 25.726165771484148 -2.15732550621032 0.6874863505363464 0.7682479023933411 1.7332284450531006 0.2690327167510978 0.7254763841629028 
pedestrian 20.49298095703091 20.30240631103493 -2.0958638191223073 0.6362191438674927 0.7111326456069946 1.78600013256073 1.1880007982254028 0.7078075408935547 
pedestrian 18.525024414062102 32.547935485839616 -1.9559102058410573 0.6494667530059814 0.6810910701751709 1.758618712425232 -3.0230545997619624 0.7016814351081848 
pedestrian 18.824729919433025 11.153701782226562 -1.538054823875413 0.6185966730117798 0.6819658279418945 1.7264091968536377 -2.415305137634277 0.6887102127075195 
pedestrian 24.22478485107382 30.498245239257585 -1.9924335479736257 0.6498454809188843 0.6575655937194824 1.7741249799728394 0.4025591611862173 0.6613643169403076 
pedestrian 22.08626556396439 -7.887107849121094 -0.3980804085731364 0.6434836983680725 0.6948397159576416 1.7239047288894653 -0.09514296054840148 0.6411224603652954 
pedestrian 20.284584045409815 32.892791748046875 -2.0206975936889577 0.5929583311080933 0.6202278733253479 1.7375741004943848 2.882286373768942 0.6362972855567932 
pedestrian 17.336059570312045 7.110576629638217 -1.3013141155242778 0.6423759460449219 0.7432670593261719 1.7184776067733765 -2.2046239376068106 0.6231966018676758 
pedestrian 8.933227539062159 4.501426696777116 -1.0220924615859914 0.6534537076950073 0.6357612609863281 1.7539706230163574 2.574209992085593 0.6199572086334229 
pedestrian 18.956176757812216 17.68552398681618 -2.0904629230499197 0.625055193901062 0.6858105659484863 1.7541335821151733 1.586880985890524 0.6086142063140869 
pedestrian 26.571464538573935 31.460342407226335 -1.9729995727538991 0.6413916349411011 0.6211563944816589 1.8107248544692993 0.1817958354949947 0.605009913444519 
pedestrian 35.24956512451121 32.08153533935524 -2.0837786197662282 0.6583378911018372 0.6557770371437073 1.8123526573181152 3.1143103281604225 0.591273307800293 
pedestrian 7.375392913817905 37.918975830078125 -1.0612344741821147 0.6844232678413391 0.7096126675605774 1.8440431356430054 -1.4562366008758545 0.580909252166748 
pedestrian 31.891563415526832 32.17527770996094 -1.9995726346969462 0.6736480593681335 0.6768590211868286 1.812110185623169 -2.998675107955932 0.5637674331665039 
pedestrian 20.7539825439448 33.276939392089844 -2.0380146503448415 0.5874683260917664 0.6294096112251282 1.7484756708145142 2.860663239155905 0.5591844916343689 
pedestrian 35.80404663085909 -8.79158020019554 -0.6140788793563772 0.6627479791641235 0.6578408479690552 1.7582919597625732 3.062162224446433 0.5532454252243042 
pedestrian 26.503082275390398 32.005020141601335 -1.9849908351898122 0.640792191028595 0.6317217946052551 1.8054267168045044 0.019664049148559178 0.5411598086357117 
pedestrian 30.935981750487883 -10.612247467041243 -0.2387893348932124 0.6050934195518494 0.6240425705909729 1.7475558519363403 -2.5285413265228267 0.5389862060546875 
pedestrian -3.3818359375002274 28.424766540527116 -1.6853137016296316 0.6817034482955933 0.7800136208534241 1.7766042947769165 2.229873959218161 0.5217876434326172 
pedestrian 21.10276794433537 33.515380859375 -2.0449135303497172 0.6130887269973755 0.646354079246521 1.756908893585205 2.8549817244159152 0.5190095901489258 
pedestrian 42.39167022705033 -8.808700561523665 -0.8359755277633525 0.6927233338356018 0.6663161516189575 1.8208917379379272 3.0294411818133757 0.5064889192581177 
pedestrian -5.205558776855867 9.47529220581032 -0.6237984299659658 0.7753674983978271 1.045397162437439 1.8584060668945312 -0.26891243457794284 0.48185044527053833 
pedestrian -2.634643554687841 22.988586425781023 -1.513819932937615 0.627123236656189 0.695162832736969 1.698182225227356 1.2259856462478638 0.4754493832588196 
pedestrian 18.883804321288608 33.69902038574219 -2.125054121017449 0.5904954671859741 0.6300392746925354 1.722564458847046 3.1349836031543186 0.47077131271362305 
pedestrian -5.829376220703466 -51.87386322021507 -2.3049545288085795 0.6654594540596008 0.7178846597671509 1.795690655708313 -1.653274059295654 0.4082525968551636 
pedestrian 9.286449432372706 3.2918128967282883 -1.168572187423699 0.6322778463363647 0.6628016233444214 1.6538312435150146 2.3953579107867644 0.39200329780578613 
pedestrian 30.189033508300327 23.173004150390398 -2.0994484424590993 0.6940402984619141 0.7019988298416138 1.8434302806854248 -0.3378107547760013 0.3814902901649475 
pedestrian 31.864654541015284 -10.631103515625455 -0.26913198828695784 0.5781115293502808 0.6181806325912476 1.7005603313446045 -2.142928600311279 0.3797151744365692 
pedestrian 20.21108245849581 21.80357360839821 -2.355884313583367 0.5838322043418884 0.6319288611412048 1.6524577140808105 1.314191460609436 0.35555344820022583 
pedestrian 11.836669921874488 -36.69898986816429 -1.3310446739196635 0.67735356092453 0.68916916847229 1.8264812231063843 -2.947430133819579 0.28809380531311035 
pedestrian -30.950288772583264 46.66549682617165 -1.0446614027023244 0.6412515044212341 0.6701061129570007 1.7121288776397705 -1.7773156166076656 0.2748619019985199 
pedestrian 50.86909484863253 32.60522460937477 -2.845123291015618 0.6594847440719604 0.6322792172431946 1.8426403999328613 -2.5626213550567623 0.2486373484134674 
pedestrian 51.20268249511679 32.24443054199196 -2.835466384887681 0.6778004169464111 0.6671159267425537 1.8590196371078491 -2.481563568115234 0.2370505928993225 
pedestrian 14.727760314941179 -9.205238342285611 -0.3774656653404094 0.7059426307678223 0.7615823149681091 1.6185150146484375 2.1739371458636687 0.2301500290632248 
pedestrian 17.075546264648153 19.91489410400368 -1.9378092288970876 0.7523229122161865 0.9305631518363953 1.9131743907928467 1.448537468910217 0.22194159030914307 
pedestrian 10.976799011230014 34.40386199951149 -1.6096043586730815 0.6364858150482178 0.6721318364143372 1.6813067197799683 -2.504328727722167 0.21651849150657654 
pedestrian 9.20061874389603 3.926349639892578 -1.0645089149475027 0.6521543860435486 0.6596229076385498 1.7404862642288208 2.5754855314837863 0.21627771854400635 
pedestrian 19.379005432128565 20.534515380859375 -2.183683872222886 0.6503974199295044 0.7324246168136597 1.7963286638259888 1.31885039806366 0.2139797955751419 
pedestrian 18.381248474120582 12.504028320312273 -1.6200562715530324 0.6359685659408569 0.7161221504211426 1.754465937614441 1.2719427347183228 0.21273088455200195 
pedestrian 30.311363220214673 20.835517883300554 -2.4377832412719656 0.6825663447380066 0.6930849552154541 1.6051470041275024 2.138572518025534 0.20641352236270905 
pedestrian 18.861373901366846 -18.30916595459007 -0.11766850948332319 0.65224289894104 0.647743821144104 1.6780155897140503 2.866380993519919 0.20258846879005432 
pedestrian 18.50984954833956 33.26969146728493 -2.0410349369049 0.6402916312217712 0.7109116911888123 1.7562546730041504 -3.0678133964538565 0.20103557407855988 
pedestrian 18.298164367675327 20.51673126220703 -2.047542095184319 0.7184705138206482 0.8666794300079346 1.8866832256317139 1.4440940618515015 0.19573818147182465 
pedestrian 6.828403472900106 -50.5335502624514 -1.1306982040405202 0.6338234543800354 0.6409514546394348 1.72415292263031 2.7248509565936496 0.19035927951335907 
pedestrian 11.195472717284758 33.89934539794899 -1.6910752058029033 0.5685597062110901 0.5979481339454651 1.550121784210205 -2.2048449516296382 0.18991577625274658 
pedestrian 21.23371124267544 34.46245574951172 -2.2069616317748952 0.5763201117515564 0.6109031438827515 1.7205212116241455 3.0725491682635715 0.1818975955247879 
pedestrian -6.802005767822834 9.182056427001953 -0.9393202662467814 0.5333078503608704 0.5872969031333923 1.2020472288131714 -0.17299377918243478 0.1737462282180786 
movable_object -8.738445281982877 12.726966857909929 -1.380389094352715 0.45546776056289673 0.48787203431129456 0.9021469354629517 1.253833651542664 0.17134204506874084 
pedestrian 19.26275634765591 11.145286560058594 -1.5348484516143586 0.6916338801383972 0.7761286497116089 1.7884575128555298 -2.311402320861816 0.1677168607711792 
pedestrian 20.088401794433253 -14.012771606445312 -0.12582626938819175 0.7514170408248901 0.7774679660797119 1.614530324935913 -2.6294932365417476 0.16749197244644165 
pedestrian 18.846893310546477 10.731094360351562 -1.5246001482009817 0.6746141910552979 0.7712863087654114 1.7676056623458862 -2.3638010025024405 0.1646491438150406 
pedestrian 33.94545745849564 1.1037406921384445 0.4051707088947438 0.608887255191803 0.60177081823349 1.7839804887771606 2.6678441206561496 0.1587774008512497 
pedestrian 11.76354217529257 36.182991027831804 -1.0937356948852468 0.6570702791213989 0.6555399894714355 1.7839436531066895 -1.8285790681838985 0.15821176767349243 
pedestrian 31.935279846191122 34.34879302978493 -2.0577926635742045 0.6258833408355713 0.6453603506088257 1.7132136821746826 1.8792942206012173 0.15574634075164795 
pedestrian 42.67319488525345 -9.192573547363509 -0.8095937371253825 0.8003347516059875 0.8514209389686584 1.898237943649292 3.0651486555682594 0.1549021452665329 
pedestrian 8.87023544311495 3.157478332519304 -1.1877381801605154 0.6475833654403687 0.6972693204879761 1.675497055053711 2.3708570639239714 0.15483401715755463 
pedestrian 17.720108032226165 0.4666519165036789 -1.0311768054962016 0.6074374914169312 0.6276476383209229 1.417279839515686 0.16772663593292186 0.153036966919899 
pedestrian 19.43344879150345 33.30473327636696 -2.1071815490722514 0.6244120597839355 0.6843725442886353 1.777932047843933 3.0701473394977024 0.1499878317117691 
pedestrian 26.303512573241846 31.145751953125227 -1.9977242946624614 0.6494883894920349 0.7014529705047607 1.8158717155456543 0.14658474922180117 0.1468687653541565 
pedestrian 11.088386535644247 36.38192749023415 -1.2557027339935303 0.5929210782051086 0.6000114679336548 1.6382522583007812 -1.7239689826965328 0.14664743840694427 
pedestrian 8.762172698974098 2.7531776428222656 -1.1821638345718242 0.5369188189506531 0.5550879240036011 1.5645376443862915 1.955509487782614 0.14531293511390686 
pedestrian 18.825019836425554 15.821182250976335 -1.8642265796661306 0.6926808953285217 0.8038065433502197 1.857795238494873 1.381334662437439 0.1452895551919937 
pedestrian 30.726959228515284 23.11463165283226 -2.1327793598174907 0.7088696956634521 0.7545872330665588 1.812117099761963 -1.4238394498825075 0.14468151330947876 
pedestrian 33.9694824218746 33.2505187988279 -1.9366503953933645 0.612480878829956 0.6303105354309082 1.7595767974853516 -2.659375190734863 0.1416240632534027 
pedestrian 16.87592315673777 -13.939727783203125 0.009030342102057887 0.7382029294967651 0.7552007436752319 1.6115072965621948 0.1007127761840814 0.14149515330791473 
pedestrian 18.798553466796363 -12.434535980224837 -0.2097271680831838 0.6462003588676453 0.6599765419960022 1.5836659669876099 -1.5065569877624507 0.13923102617263794 
pedestrian 18.227806091308196 16.46501922607422 -1.9166386127471853 0.6788349151611328 0.7905586361885071 1.844008445739746 1.478909373283386 0.13484510779380798 
pedestrian 20.485153198241733 15.793495178222429 -1.8298038244247294 0.759943425655365 0.8848419189453125 1.8910317420959473 1.2268022298812864 0.13452774286270142 
f77ef1c17cbf432587d705c88ce76b3b