car 3.8305244445800213 4.361293792724609 -1.086061716079719 1.783759593963623 4.292407512664795 1.5891616344451904 1.3528715372085571 0.8640265464782715 
car -0.33967971801746444 8.877265930175554 -0.9253613352775645 1.9257464408874512 4.535073280334473 1.8221769332885742 1.7771075407611294 0.7974599599838257 
car -10.551002502441406 26.70903015136696 -1.6463824510574412 1.9242537021636963 4.500017166137695 1.6521310806274414 -0.2507075071334835 0.7660019993782043 
car 0.267181396484375 -11.584064483642578 -1.0827858448028636 1.9095501899719238 4.7260637283325195 1.8446145057678223 1.579150025044577 0.7118586897850037 
car -17.692729949951172 28.68950653076172 -1.3228870630264353 1.8597949743270874 4.424314498901367 1.6277141571044922 2.9353621641742147 0.5996547937393188 
car -5.7794647216796875 34.6192932128904 -2.116694688797004 1.8983750343322754 4.473730564117432 1.6260008811950684 2.897648636494772 0.45984700322151184 
car -10.592864990234375 23.214797973632585 -1.1490416526794505 1.9822278022766113 4.747440814971924 1.9519844055175781 -0.8586791157722471 0.42755383253097534 
car 33.87072753906256 3.944969177245639 -1.2608525753021311 1.9463748931884766 4.4872660636901855 1.692346215248108 -0.3440721035003659 0.41777682304382324 
car -9.936477661132983 29.601257324218523 -1.0907318592071604 2.560380458831787 6.693716526031494 3.0357744693756104 -0.25598227977752686 0.387964129447937 
car 24.95075225830061 5.735263824462663 -1.4553120136260986 1.8807756900787354 4.439900875091553 1.6315597295761108 -2.063321828842163 0.3037787675857544 
car -16.573360443115234 24.158264160156023 -1.1536128520965647 1.9795091152191162 4.583385467529297 1.6659555435180664 -0.3775528669357294 0.28558099269866943 
car -21.98083877563471 39.83090209960915 -1.0512312650680613 2.036797523498535 4.802393913269043 1.8323464393615723 0.5602608919143682 0.262202650308609 
car -3.286182403564453 34.51239013671875 -2.123201608657851 1.9001681804656982 4.370513439178467 1.6557915210723877 -0.33763766288757324 0.22151464223861694 
car 20.092239379882756 51.94071960449173 -2.2809174060821675 2.3405208587646484 6.0567097663879395 2.570060968399048 -0.14442253112792963 0.2088417112827301 
car 26.017387390136776 9.20063400268532 -1.7060384750366282 1.999711275100708 4.636091232299805 1.7344502210617065 3.0050891081439413 0.1760741025209427 
car 40.52474975585943 11.71336364746071 -1.7104640007019114 1.9512875080108643 4.52949857711792 1.7009944915771484 -2.7680649757385254 0.17557254433631897 
car -27.280927658081055 39.94641113281227 -1.3695374727249288 1.9111413955688477 4.454303741455078 1.6521899700164795 -0.6950829029083252 0.1734904795885086 
car -24.222036361694393 40.44862365722656 -0.8898628950119161 2.0793983936309814 5.142461776733398 1.9558556079864502 -1.0736401081085203 0.1549101322889328 
car -9.920589447021428 -7.478725433349609 -0.8745344281196736 1.8134671449661255 4.146386623382568 1.5427944660186768 -2.9938082695007324 0.15206152200698853 
car 30.949577331542912 4.585384368896484 -1.329837203025825 1.9258357286453247 4.442645072937012 1.6789805889129639 -3.023303508758545 0.13841107487678528 
car 39.96434783935558 9.908241271972202 -1.6480928659439158 1.9218881130218506 4.455942630767822 1.6828062534332275 -2.782315254211426 0.13053467869758606 
car -24.942985534668026 37.49956512451172 -1.2110059261322093 2.023930072784424 4.769576072692871 1.7922258377075195 -1.2322498559951782 0.12855058908462524 
car -33.836811065673714 48.32916259765625 -0.9429553151130818 1.9701286554336548 4.594924449920654 1.7079453468322754 -0.6736320853233335 0.12708422541618347 
car 33.29557800292952 6.161617279052507 -1.4161441326141428 2.093308687210083 4.965118885040283 1.8586511611938477 1.5273128747940063 0.11932054162025452 
car 24.381607055664062 15.155235290527116 -2.0402228832244944 1.9303911924362183 4.533053398132324 1.6450526714324951 -0.2739177942275997 0.11375993490219116 
car 38.72226715087879 12.22990417480446 -1.873548984527595 1.9758453369140625 4.559035301208496 1.7123217582702637 -2.964782238006592 0.11224199086427689 
car -39.3320579528808 48.282249450683366 0.149835482239709 1.9920034408569336 4.565073490142822 1.7803946733474731 2.169143025075094 0.10932447761297226 
car -9.952827453613224 29.61107635498047 -1.0575082302093577 2.5488715171813965 6.620902061462402 3.06280779838562 -0.2750407457351686 0.6201760768890381 
car -10.624156951904297 23.262603759765398 -1.1396076679229878 2.004369020462036 4.807376384735107 1.9295129776000977 -0.5382505655288699 0.41974106431007385 
car 14.15454101562483 -8.786102294922102 -0.5847429037094187 1.3344507217407227 2.5581886768341064 1.93173348903656 -1.6458660364151 0.2506631016731262 
car 20.114646911621094 51.95725250244118 -2.3624274730682515 2.4147729873657227 6.3957719802856445 2.836759090423584 -0.35757517814636214 0.23179149627685547 
car -24.228981018066463 40.50763702392533 -1.0315974950790476 2.195019245147705 6.260227203369141 2.2213690280914307 -1.6944879293441772 0.22653457522392273 
car 0.26197052001964494 -11.680835723876953 -1.096413016319282 1.8955271244049072 4.8688859939575195 1.8737101554870605 1.5854261557208462 0.17817062139511108 
car -17.776451110840014 28.89830017089821 -1.4127744436264038 2.0543110370635986 5.068211555480957 1.7690945863723755 2.9087765852557577 0.1670699119567871 
car 24.87574768066412 15.087791442870866 -2.1958181858062815 2.091140031814575 5.239345550537109 1.8939491510391235 -0.29212594032287575 0.14972391724586487 
car -23.185989379882756 38.76068115234375 -1.3213298320770406 1.7070882320404053 3.4819109439849854 2.310443878173828 2.72114068666567 0.13910700380802155 
car -52.4528923034668 50.07672882080078 0.9364649057388235 2.292297124862671 4.165112495422363 2.7585361003875732 -3.0776205062866215 0.13570430874824524 
car -5.165214538574162 34.537246704101335 -2.3932120800018453 1.9832741022109985 4.8236002922058105 1.8637727499008179 3.021779362355367 0.12510696053504944 
car 15.26826477050787 -9.817436218261946 -0.3254701793193959 1.6856728792190552 3.0831449031829834 2.1602137088775635 2.323095146809713 0.12336640059947968 
car 17.186485290527287 41.112869262695085 -2.616911888122573 2.2075576782226562 5.555650234222412 2.668447732925415 1.4575392007827759 0.12305006384849548 
car -17.050647735595817 24.29949951171875 -1.0070675611496114 2.0396742820739746 5.344732284545898 1.8757038116455078 2.6456592718707483 0.12144453823566437 
car -21.30512619018566 -34.511573791504134 2.4468562602996755 2.4565060138702393 4.95939302444458 2.718369483947754 1.2592238187789917 0.11226753890514374 
car -28.498657226562557 15.924476623534929 1.967965006828301 2.8124778270721436 5.6240315437316895 3.444448232650757 -2.239352226257324 0.10241249203681946 
car -22.65189552307129 -23.155500411987305 1.65318918228148 1.7576581239700317 4.897025108337402 2.4301700592041016 -1.578980326652527 0.3998977243900299 
car 54.086227416992244 6.859073638915788 0.03862478584049711 3.019904851913452 10.900472640991211 3.631538152694702 -3.072772502899171 0.23811450600624084 
car 20.175506591797046 52.03775787353493 -2.4720776081085347 2.3291454315185547 6.912321090698242 2.933427572250366 -3.005934238433838 0.13470734655857086 
car -21.921173095703068 -37.537391662597884 3.2406415939330913 2.7078237533569336 6.849893093109131 3.5681817531585693 -1.713839411735535 0.13330230116844177 
car -7.457347869872876 -32.72855758666992 -0.6700351238250875 2.936337947845459 9.149615287780762 3.4268240928649902 1.3903917074203491 0.1283084750175476 
car -23.753204345703125 -35.20628356933594 2.8285639286041118 2.711308002471924 8.125844955444336 3.6027421951293945 0.7736493349075322 0.1249096468091011 
car -18.904361724853516 -36.25287628173828 2.912093162536614 2.8029444217681885 9.966574668884277 3.8325419425964355 0.0033825635910036712 0.11704445630311966 
car 43.540809631347656 38.68893432617165 -1.6022820472717427 3.0304431915283203 12.93594741821289 3.459233522415161 1.4733859300613403 0.11559712886810303 
car 7.4837913513183025 43.97271728515625 -1.4975109100341868 2.596048593521118 5.446575164794922 2.9842727184295654 -0.4387648105621337 0.11356804519891739 
movable_object -4.927238464355355 -24.329057693481673 -1.3646112680435323 3.0939831733703613 0.4796631336212158 0.8890228271484375 -0.12959182262420663 0.13413459062576294 
movable_object -51.97571182250988 49.39630126953125 0.3895614147186208 2.4866366386413574 0.5392970442771912 0.969001829624176 -1.501461148262024 0.12025710940361023 
bicycle 14.017456054687443 -8.72536849975586 -0.34853073954583635 0.6069450974464417 1.745112657546997 1.1469510793685913 -1.5103330612182617 0.5084291100502014 
bicycle -3.1655464172364987 30.91593933105446 -0.19290372729302163 0.7684258818626404 2.1756293773651123 1.3568308353424072 -1.3538122177124026 0.4176190197467804 
bicycle 5.141414642334041 30.836578369140625 -2.3347568511963033 0.6354161500930786 1.88460111618042 1.2215564250946045 0.7303465604782108 0.3127842843532562 
bicycle 5.5539894104004475 30.373840332031023 -2.3526549339294505 0.5034369230270386 1.5486700534820557 1.1217303276062012 1.8596571127520962 0.30573421716690063 
bicycle 13.721603393554801 -9.138572692871094 -0.36733976006508584 0.5820509195327759 1.731650710105896 1.1402075290679932 -1.3790667057037356 0.2928644120693207 
bicycle -8.219009399414233 -7.000518798828352 -0.8229789733886719 0.5479956865310669 1.5228683948516846 1.0178275108337402 -1.2055587768554688 0.2840801179409027 
bicycle 3.4144706726075356 24.43537139892578 -2.247756958007834 0.6630503535270691 1.7070075273513794 1.770525336265564 0.5959173440933231 0.2837482690811157 
bicycle 14.687553405761719 -9.314002990722884 -0.2730188071727895 0.6144756078720093 1.7232422828674316 1.2283036708831787 -2.2101192474365234 0.2675588130950928 
bicycle 14.528045654296989 -8.18798446655319 -0.4921828508377146 0.5653683543205261 1.626597285270691 1.1009899377822876 -1.351763725280762 0.267197847366333 
bicycle -16.0447540283202 23.010215759277344 -1.450286149978659 0.7212692499160767 2.003748893737793 1.2325992584228516 2.6326988379107874 0.2102014124393463 
bicycle -8.781040191650504 12.777198791503679 -1.4977560043335032 0.4924943149089813 1.4613327980041504 1.0018624067306519 2.0312750975238245 0.18891291320323944 
bicycle 8.873115539550895 4.557800292968523 -1.006387233734145 0.7608213424682617 1.7429637908935547 1.7279841899871826 2.6570661703692835 0.18687757849693298 
bicycle 24.18136596679676 9.843482971191406 -1.766764044761672 0.4787968695163727 1.5544809103012085 1.0948446989059448 -1.033064842224121 0.18020838499069214 
bicycle -4.520969390869141 9.39549255371071 -0.8141300678253316 0.7585826516151428 1.7753100395202637 1.8625478744506836 -0.050629138946532926 0.16309060156345367 
bicycle -3.7870750427245525 29.08450317382767 -1.8575866222381734 0.7096455097198486 1.9359155893325806 1.7713134288787842 2.1538355986224573 0.15846243500709534 
bicycle 5.738830566406193 -48.18793487548828 -2.0099608898162913 0.6957526206970215 1.8522335290908813 1.353787899017334 1.2061835527420046 0.15635143220424652 
bicycle 3.7219886779785156 36.30290222167946 -1.827042341232307 0.6354838013648987 1.7694395780563354 1.6633038520812988 1.2314077615737917 0.14822453260421753 
bicycle -2.227504730224723 -9.855960845947493 -1.0788936614990234 0.6557796001434326 1.1707676649093628 1.751802921295166 1.5897658506976526 0.13819843530654907 
bicycle -14.65062332153326 22.61088562011696 -1.4518128633499217 0.7702738046646118 2.0562031269073486 1.277820110321045 -3.1033744812011723 0.13665561378002167 
bicycle 16.37847900390625 40.44967651367165 -2.8767914772033762 0.7529147267341614 1.943535327911377 1.3768212795257568 1.994250599537985 0.13520869612693787 
bicycle 14.177375793457145 -7.712177276611328 -0.6605470180511546 0.5438897609710693 1.6303869485855103 1.065548300743103 0.6312948465347292 0.13497532904148102 
bicycle -31.464588165283203 46.35234069824196 -1.071111559867866 0.7961206436157227 1.8703902959823608 1.5255978107452393 -1.907735824584961 0.13201464712619781 
bicycle 17.1273651123048 -28.44160461425804 -0.04624653607608309 0.7827975153923035 2.4362311363220215 1.443390130996704 -1.2918739318847656 0.1285063475370407 
bicycle 4.541191101074162 31.32884216308571 -2.446687698364272 0.8693563938140869 2.3503448963165283 1.3758643865585327 0.8786729574203496 0.11720940470695496 
bicycle 30.956169128417912 -10.956623077392578 -0.14504335820675607 0.695878803730011 1.6004416942596436 1.6037323474884033 -2.428741931915283 0.11593542248010635 
bicycle 11.118141174316406 37.41199493408158 -0.9234449863433838 0.6787651181221008 1.8671140670776367 1.3789360523223877 1.2462624311447146 0.11231823265552521 
bicycle -9.800518035888672 10.99546813964821 -1.1091310977935933 0.4960380792617798 1.544711947441101 1.0124738216400146 1.9738128821002408 0.11096230894327164 
bicycle 33.95846557617193 1.0580368041989914 0.483036845922463 0.7730270624160767 1.510807991027832 1.6000783443450928 -2.586465358734131 0.1105731725692749 
bicycle 6.150539398193416 31.353233337402116 -2.307304382324233 0.8321869373321533 2.388469696044922 1.42354154586792 1.0290988683700564 0.10516096651554108 
bicycle 8.108844757079964 44.76874542236328 -2.429153680801413 0.6459721326828003 1.8290492296218872 1.3121588230133057 2.297147576008932 0.10316307097673416 
pedestrian -6.944862365722713 12.2010498046875 -0.8937283754348897 0.7238340377807617 0.8703029155731201 1.7762889862060547 -1.7315193414688113 0.8424236178398132 
pedestrian 15.463638305664062 8.190303802490007 -1.4115086793899536 0.6292253136634827 0.7149674892425537 1.692065954208374 -1.6049482822418215 0.8398870229721069 
pedestrian 19.414558410644645 1.5681800842282883 -1.1682960987091207 0.642809271812439 0.7145697474479675 1.6528314352035522 -0.5080655813217164 0.8271132707595825 
pedestrian 7.543731689453011 26.02311706542946 -2.1409165859222554 0.6859106421470642 0.7679058313369751 1.745149850845337 0.4883753061294562 0.8145655989646912 
pedestrian -2.75098800659174 14.903587341308366 -1.157447099685676 0.8347997069358826 0.9815473556518555 1.8825587034225464 0.8294383287429812 0.8105334043502808 
pedestrian 18.22166442871105 13.475570678710938 -1.7196604013443206 0.5839550495147705 0.6466418504714966 1.732430100440979 1.2414776086807253 0.7929019927978516 
pedestrian 9.300186157226506 3.240673065185547 -1.0539618730545115 0.6477572917938232 0.6129045486450195 1.7441325187683105 2.66391355196108 0.7893530130386353 
pedestrian 15.705810546874943 -6.221382141113509 -0.3070707917213582 0.6064151525497437 0.5911484956741333 1.6958932876586914 1.7930315176593228 0.7690873742103577 
pedestrian -4.557750701904411 9.323169708251726 -0.7399246692657471 0.7955124378204346 1.0730363130569458 1.864304542541504 -0.19050931930541992 0.7538367509841919 
pedestrian -2.2471122741700356 -9.761428833007812 -1.0698248147964549 0.6769294738769531 0.804282009601593 1.6488280296325684 1.593191448842184 0.7317202091217041 
pedestrian 18.845230102539176 13.121856689452898 -1.6688259840011668 0.5863778591156006 0.6468816995620728 1.7403948307037354 1.2327479124069218 0.7268170118331909 
pedestrian 17.87408447265625 32.221641540527116 -2.1866068840026927 0.6462592482566833 0.6671154499053955 1.7525264024734497 -2.907275199890137 0.725959837436676 
pedestrian 17.02015686035145 6.489894866943132 -1.3169056177139353 0.6252387166023254 0.713729977607727 1.6687257289886475 -2.15740704536438 0.7194243669509888 
pedestrian 3.3350982666015625 24.357009887695312 -2.0878322124481272 0.7162768840789795 0.8341248631477356 1.7536330223083496 0.5317331552505493 0.7000210285186768 
pedestrian 8.920661926269474 4.364723205566179 -1.0238192081451487 0.7402334213256836 0.7370243668556213 1.798749566078186 2.9332006613360804 0.6888986825942993 
pedestrian 18.536819458007642 10.466583251952898 -1.530914306640632 0.6246539354324341 0.6881915926933289 1.710848331451416 -1.9444905519485476 0.6810274124145508 
pedestrian 18.13858032226551 33.470779418945085 -2.2209408283233714 0.6360941529273987 0.6563237309455872 1.7757353782653809 -3.090065717697144 0.6795206665992737 
pedestrian 18.123863220214673 20.819107055664062 -1.9704401493072652 0.7627224922180176 0.8589082956314087 1.9631805419921875 1.5239604711532595 0.6653149127960205 
pedestrian 20.259140014648267 16.100616455077898 -1.8341326713562154 0.6747726202011108 0.7331807613372803 1.8777713775634766 1.289950489997864 0.6321995258331299 
pedestrian 18.28648376464855 16.020645141601335 -1.8693377971649312 0.6952205300331116 0.7484074234962463 1.8566982746124268 1.3911591768264773 0.6171197891235352 
pedestrian 22.88026428222645 -7.9417304992678055 -0.3526205122470927 0.7058167457580566 0.777507483959198 1.8290492296218872 -0.07397139072418149 0.6087294816970825 
pedestrian 20.697120666503906 33.49536895751953 -2.0663504600525044 0.5946716070175171 0.627517580986023 1.740483045578003 2.723300043736593 0.6059543490409851 
pedestrian 20.003700256347656 33.091773986816406 -2.0801992416381907 0.587254524230957 0.6208221912384033 1.7518837451934814 2.7776475588427942 0.6011781692504883 
pedestrian 24.704208374023438 30.703193664550554 -2.0113563537597727 0.6631251573562622 0.6643296480178833 1.8088970184326172 0.3166584968566895 0.5854155421257019 
pedestrian 26.873039245605526 31.726913452148438 -1.998044013977065 0.6627111434936523 0.6563458442687988 1.7948535680770874 0.41965818405151406 0.5625698566436768 
pedestrian 34.452575683593864 31.997383117675554 -2.047531843185439 0.6524142026901245 0.6687871217727661 1.8111835718154907 -3.0165176391601567 0.5604661107063293 
pedestrian 31.097793579101733 32.261940002441406 -2.044862985610976 0.6489313840866089 0.6684404611587524 1.780883550643921 2.9604256788836882 0.5447304248809814 
pedestrian 41.68533325195324 -9.18349838256836 -0.7625319957733367 0.6961789131164551 0.680362343788147 1.8470709323883057 3.1405301729785364 0.5363579988479614 
pedestrian -3.7360801696777344 28.981918334960938 -1.8711764812469696 0.696355938911438 0.7810118198394775 1.7932146787643433 2.20197564760317 0.5046191215515137 
pedestrian 2.8624114990233807 26.823272705078125 -2.1706438064575266 0.5988413095474243 0.6279788017272949 1.6740608215332031 -1.7056274414062502 0.4720108211040497 
pedestrian 18.399490356445256 13.141082763671648 -1.6753293275833272 0.5867793560028076 0.6527187824249268 1.7213521003723145 1.25252902507782 0.4290617108345032 
pedestrian 35.171127319335824 -9.100868225097884 -0.7093223333358765 0.681111216545105 0.6911138892173767 1.8270536661148071 -2.8813874721527104 0.4164085388183594 
pedestrian 35.74038696289085 -11.90568161010765 -0.3725575804710459 0.6746068000793457 0.7074648141860962 1.8499510288238525 2.79575235048403 0.3903290331363678 
pedestrian 3.4893569946287926 35.85157012939408 -1.7182713747024607 0.6583569049835205 0.7113499641418457 1.7807974815368652 -2.497039318084717 0.3822927176952362 
pedestrian 8.720985412597656 5.046791076659929 -1.1036908626556539 0.7202742099761963 0.7635806202888489 1.7080764770507812 3.0578983465777796 0.364447683095932 
pedestrian 18.261680603027344 13.906059265136719 -1.7051162719726634 0.6308498382568359 0.7273218035697937 1.826869249343872 1.3154495954513554 0.32966136932373047 
pedestrian 33.4663543701169 33.50115966796852 -2.068128585815437 0.5908729434013367 0.6131922006607056 1.7682740688323975 -2.5237929821014404 0.3175117075443268 
pedestrian 6.999820709228345 37.44027709960892 -0.9967575669288706 0.6726201176643372 0.6952367424964905 1.8691883087158203 -1.9358512163162234 0.31125080585479736 
pedestrian 18.73771667480463 16.42877197265625 -1.8852033615112376 0.6954246759414673 0.7635180950164795 1.8824219703674316 1.406493067741394 0.3083568513393402 
pedestrian 50.620719909667855 32.03627014160156 -2.810783863067634 0.6902231574058533 0.678558349609375 1.8361127376556396 -2.421922206878662 0.301429808139801 
movable_object 2.086429595947209 -8.201644897460938 -1.693589210510261 0.3736744821071625 0.38108426332473755 0.6463274955749512 1.488136649131775 0.2489253729581833 
pedestrian 20.055145263671704 -14.006927490234375 -0.058926805853850794 0.7631884217262268 0.7862900495529175 1.6118477582931519 2.85816985765566 0.24589161574840546 
pedestrian 18.274383544921875 15.428665161132585 -1.8226996660232615 0.6613779664039612 0.715972900390625 1.8270893096923828 1.4069992303848267 0.24242103099822998 
pedestrian -31.46435546875 46.047935485839844 -1.0216814279556488 0.6213460564613342 0.6534799337387085 1.691012978553772 -1.861321806907654 0.24184277653694153 
pedestrian 11.78591156005865 36.219932556152116 -1.0350837707519602 0.6475860476493835 0.6491966843605042 1.8393399715423584 -2.987364530563355 0.23988455533981323 
pedestrian 17.77243804931652 0.4747657775878906 -1.0192649364471578 0.6052504777908325 0.6260843276977539 1.450570821762085 0.34201014041900646 0.2377440482378006 
pedestrian 11.873336791992188 -36.70406723022461 -1.2243313789367747 0.6495463848114014 0.632019579410553 1.8287427425384521 -2.803435325622558 0.22375963628292084 
pedestrian 18.088638305664062 32.59274291992165 -2.2135581970214915 0.6460418105125427 0.6851146221160889 1.796001672744751 -3.093528747558594 0.21848106384277344 
pedestrian 18.318801879882756 17.11417388915993 -1.8548032045364522 0.7023318409919739 0.7671539783477783 1.8898851871490479 1.660445038472311 0.21470706164836884 
pedestrian 18.303054809570085 17.64582061767578 -1.9343767166137766 0.69962477684021 0.7536017894744873 1.8613053560256958 1.8986943403827112 0.20942142605781555 
pedestrian 35.65980529785156 35.204254150390625 -2.1535437107086253 0.5839952826499939 0.5922778248786926 1.7085498571395874 -2.580534934997559 0.20872348546981812 
pedestrian 17.883026123046932 16.40032196044922 -1.8227914571762227 0.7176903486251831 0.7974272966384888 1.8698277473449707 1.5780642668353484 0.1971340775489807 
pedestrian 18.80710601806635 20.733673095702898 -2.046165943145759 0.7237422466278076 0.820022702217102 1.9035934209823608 1.5754335562335415 0.19295181334018707 
pedestrian 34.37071228027327 32.5654296875 -2.041238307952895 0.6476407051086426 0.6972833871841431 1.8144965171813965 -3.052021980285645 0.18938910961151123 
pedestrian 19.450881958007642 1.1468048095700851 -1.142110586166389 0.6656227111816406 0.7824974656105042 1.6765857934951782 -0.5581127405166623 0.18581679463386536 
pedestrian 11.642623901367244 36.81939697265625 -0.9981840252876424 0.6706379652023315 0.6778402328491211 1.8177961111068726 2.876471344624654 0.18579372763633728 
pedestrian 18.900756835937557 -18.348064422607422 0.05559687316416273 0.6379275918006897 0.6079137921333313 1.747356653213501 1.8861916700946253 0.180355042219162 
pedestrian 5.860847473144361 -47.82291793823265 -1.8520588874816966 0.6200294494628906 0.6545642614364624 1.5397415161132812 -3.044718980789185 0.17740070819854736 
pedestrian 31.958801269531136 34.01932525634743 -1.9595928192138672 0.6238127946853638 0.6410835981369019 1.7500579357147217 2.5759719053851526 0.17327523231506348 
pedestrian 21.064331054687443 33.78819274902321 -2.103010892868049 0.6606351733207703 0.7262989282608032 1.7977092266082764 2.637489620839254 0.17301417887210846 
pedestrian 18.728630065918026 10.932922363281023 -1.550491571426413 0.6612833142280579 0.7454090118408203 1.7467701435089111 -1.9085054397583008 0.17097990214824677 
pedestrian 42.08203887939453 -8.75206375122093 -0.7739946842193675 0.7802373170852661 0.8246744275093079 1.9149878025054932 3.1146767775165003 0.17061926424503326 
movable_object 38.739555358886776 11.216636657714616 -1.9686360359191966 0.43565988540649414 0.44332030415534973 1.3187817335128784 2.9457939306842245 0.1681290566921234 
pedestrian 41.76338195800787 -9.680870056152344 -0.7561280727386617 0.6906565427780151 0.7227787971496582 1.8359830379486084 -3.1160387992858887 0.16782255470752716 
pedestrian 18.816940307617074 -12.42138671875 -0.15877433121205087 0.6665598750114441 0.6735079288482666 1.6109704971313477 -0.386321306228638 0.16780301928520203 
pedestrian 11.083343505859318 36.89157104492165 -1.0046876668930054 0.6729811429977417 0.692664384841919 1.7975798845291138 1.5090500116348267 0.16632312536239624 
pedestrian 50.27329254150368 32.46507263183571 -2.775070905685432 0.652126133441925 0.6574311256408691 1.8327890634536743 -2.4123964309692383 0.1647946834564209 
pedestrian 8.20370864868147 -45.17917251586937 -1.8728406429290843 0.47033336758613586 0.46713149547576904 1.297244668006897 2.3677848021136683 0.16335229575634003 
pedestrian 7.549659729003906 26.47657012939453 -2.1232113838196014 0.7317906022071838 0.8457931280136108 1.7888703346252441 0.5304054021835336 0.16229812800884247 
movable_object 12.771446228027344 6.378932952880632 -1.7486763000488423 0.335405170917511 0.33925044536590576 0.7077626585960388 2.5374415556537073 0.15965646505355835 
pedestrian 20.831863403320312 34.442909240722656 -2.1866438388824605 0.6048893332481384 0.6580643653869629 1.7291481494903564 3.007641140614645 0.15928439795970917 
pedestrian 40.49311065673828 28.893112182616733 -1.967127323150649 0.6472856402397156 0.6584324836730957 1.7162294387817383 -2.785533905029297 0.1576225757598877 
pedestrian 19.25339508056635 13.056304931640625 -1.6445727348327779 0.6880314946174622 0.7703409194946289 1.8163824081420898 1.2619222402572634 0.15665583312511444 
pedestrian 4.416286468505973 38.2795715332029 -1.2244752645492696 0.5939736366271973 0.5977505445480347 1.7213661670684814 -1.204345464706421 0.15438827872276306 
pedestrian 10.552444458007812 36.96110534667946 -1.0684399604797505 0.606958270072937 0.6141752600669861 1.7129268646240234 0.2011494636535644 0.1501450091600418 
pedestrian 19.538993835449162 -11.250240325927734 -0.281003236770637 0.6040441989898682 0.6155440211296082 1.5818560123443604 -1.9884377717971804 0.14994105696678162 
pedestrian 29.880378723144418 23.148178100585938 -2.046672344207778 0.6740671396255493 0.6529563069343567 1.8236311674118042 -0.44169700145721447 0.1484975516796112 
movable_object -15.268760681152457 7.987873077392351 -0.7291658520698618 0.3822169005870819 0.37853989005088806 1.165609359741211 2.252018753682272 0.14769411087036133 
movable_object 22.468818664550554 14.794944763183366 -2.074772834777839 0.4013456404209137 0.39754849672317505 1.2570167779922485 -0.1744341850280755 0.1467602699995041 
pedestrian -29.091228485107308 49.93614196777321 -1.2587502002716207 0.6628943085670471 0.7061350345611572 1.7457510232925415 -1.4572181701660158 0.14325875043869019 
pedestrian 19.470100402832088 -14.606468200683594 -0.04941275715829363 0.7149932980537415 0.729170560836792 1.642061471939087 1.332557797431946 0.14220120012760162 
pedestrian 20.025199890136832 21.914512634277344 -2.130020856857314 0.7029950022697449 0.767732560634613 1.8167563676834106 2.82236892381777 0.14022113382816315 
pedestrian 42.32337951660145 -10.551574707031477 -0.6778889894485545 0.6786432862281799 0.7158793210983276 1.841287612915039 2.6428392569171355 0.1398545652627945 
77fc24547ab34182a945eecb825b6576