car 0.4015655517578125 30.359161376953125 0.09026213735343447 1.9175846576690674 4.511622428894043 1.7077134847640991 1.5339239835739138 0.7968679666519165 
car 12.155258178711165 -39.77143478393566 -1.8788312673568583 1.9065022468566895 4.5776262283325195 1.6282942295074463 -1.5096185207366946 0.6389802694320679 
car 8.80599594116211 -42.7591247558596 -1.7720589637756223 1.9555420875549316 4.6977434158325195 1.6960833072662354 -1.5914034843444824 0.6090607047080994 
car 9.265430450439453 -52.387939453125 -2.02884244918822 1.9657096862792969 4.686436653137207 1.744472861289978 1.6436360518084927 0.4461812973022461 
car 8.166568756103743 41.71268463134777 0.19336906075478844 1.955095648765564 4.540047645568848 1.701453447341919 -1.7408021688461297 0.37129801511764526 
car 10.386215209961165 27.36371612548828 -0.36521911621092507 1.888549566268921 4.296598434448242 1.695361852645874 -1.5980343818664546 0.2353728711605072 
car 19.42975616455101 53.670173645019304 1.319968342781081 2.0956203937530518 5.093691825866699 2.0409092903137207 1.5107928514480586 0.1766863316297531 
car 16.483482360839844 -53.86273574829113 -2.3071913719177104 1.938671350479126 4.495331764221191 1.728317379951477 0.6977666616439819 0.14323338866233826 
car 8.719440460205305 50.06943511962879 0.8932583332061892 1.9357761144638062 4.520553112030029 1.67072594165802 1.525065302848816 0.12536771595478058 
car -33.3032112121582 31.559722900390625 -0.5242180228233195 1.9405252933502197 4.395474910736084 1.7099756002426147 -0.713763415813446 0.11925350874662399 
car -48.271850585937045 27.33301544189453 0.2254903614521151 1.9779616594314575 4.595870018005371 1.7468124628067017 -0.1391479969024656 0.10918095707893372 
car -41.63126754760742 23.713569641113168 -0.3876102566718913 2.0033822059631348 4.694430351257324 1.7550740242004395 2.968724552785055 0.10656721889972687 
car -40.49718475341797 17.064506530761605 -0.7922142744064189 2.001858711242676 4.6501312255859375 1.772665023803711 -0.2192993164062497 0.10032439231872559 
car 26.065124511718977 21.279884338378793 1.623731970787059 2.9705281257629395 7.770035743713379 3.5186140537261963 1.9509561697589322 0.21680347621440887 
car 19.4566650390625 53.86351776123047 1.1689271926880007 2.362780809402466 5.851438522338867 2.724332094192505 1.5964997450457976 0.19279900193214417 
car 28.974319458007812 -5.049549102783089 -1.2845919132232524 1.6536709070205688 3.607504367828369 2.0995583534240723 -2.476611852645874 0.17740485072135925 
car 23.156448364257812 8.76173019409157 0.03976102173329821 2.067997694015503 5.034120082855225 2.0144245624542236 -0.6251610517501829 0.16708187758922577 
car -8.087955474853288 45.88011932373047 1.9928284883499252 2.7697765827178955 11.040575981140137 3.7001724243164062 2.997186247502462 0.15525148808956146 
car 26.70052337646507 17.07552337646473 1.023065567016614 3.3181254863739014 7.016340255737305 3.265462875366211 -1.319277048110962 0.13006220757961273 
car 34.54534912109398 39.87338256835926 1.592704534530652 2.6586899757385254 7.077305316925049 3.175130844116211 0.7626053094863893 0.12749509513378143 
car 9.28089523315407 -52.973571777343636 -2.2159910202026243 2.2058210372924805 5.773301124572754 2.0079872608184814 1.6308801809894007 0.12420037388801575 
car -39.86822509765625 15.381195068359375 -1.2815424203872556 1.7101517915725708 3.1642091274261475 2.136319637298584 -2.5913925170898433 0.10771935433149338 
car 11.297599792480469 -10.029037475585938 -0.38064962625502297 2.873913526535034 12.185404777526855 3.40286922454834 -1.5606161355972286 0.8331125974655151 
car 19.072723388671648 51.306312561035156 1.0388183593750142 1.8335598707199097 1.8377201557159424 2.7495341300964355 -1.8458828926086424 0.1683776080608368 
car 38.051910400390625 42.883033752441406 1.6594165563583516 2.9498090744018555 15.690850257873535 4.061623573303223 0.668376088142395 0.159099742770195 
car -13.4664497375486 41.699722290039176 -0.44485038518904396 2.755345344543457 13.119175910949707 3.5955758094787598 1.2937995195388794 0.1437860131263733 
car 29.162643432617188 38.1417694091798 2.0713758468628054 2.2748234272003174 4.701650619506836 3.339034080505371 2.2602298895465296 0.13048559427261353 
movable_object -8.2197456359861 -47.229942321777344 -2.177306175231921 1.9679096937179565 0.4292994439601898 1.0049991607666016 1.3579586744308472 0.24265693128108978 
movable_object -23.59423065185547 -13.064567565918082 -1.9828400611877282 2.2541704177856445 0.4307655990123749 0.9525781273841858 1.3954395055770874 0.1798858940601349 
movable_object 4.894405364990462 -52.46369552612316 -2.1019151210784788 2.013965129852295 0.4836239218711853 1.059438705444336 3.128432099019186 0.16289874911308289 
movable_object 21.283966064453125 -38.73092269897472 -1.9474775791168089 2.0607616901397705 0.45118293166160583 1.0750160217285156 -3.071455955505371 0.14467301964759827 
movable_object -3.8490447998046875 -51.808227539062386 -2.1583576202392436 2.826488971710205 0.6291363835334778 1.0406367778778076 -0.49592792987823486 0.12077387422323227 
movable_object -2.636390686034929 -38.75188446044922 -1.9306523799896116 2.0178585052490234 0.5973870754241943 0.983322024345398 0.021981716156005682 0.11842837929725647 
movable_object -6.829032897948991 19.06594848632801 -0.7731683850288267 2.2163023948669434 0.4609280824661255 1.0410608053207397 -0.047388315200805546 0.11725068092346191 
movable_object -8.813552856445312 26.098838806152344 -0.4462550282478208 2.1853926181793213 0.3278520107269287 0.9577491879463196 -0.3002375364303583 0.1123206689953804 
movable_object -4.473628997802507 25.48095703125 -0.437851965427388 1.9710062742233276 0.44212135672569275 1.0008615255355835 -0.2450155019760134 0.1083100363612175 
movable_object -2.8097877502439133 -51.290142059326286 -2.24764990806578 1.9949361085891724 0.5105670094490051 0.9803316593170166 0.3566596508026126 0.10760325938463211 
movable_object -17.654010772705305 -33.35617828369129 -1.0612089633941508 1.983882188796997 0.46871644258499146 1.0718108415603638 -0.10042178630828842 0.10634308308362961 
bicycle 9.759117126465071 26.161415100097656 -0.6061519980430479 0.8010374307632446 2.1386587619781494 1.6644874811172485 -1.5687164068222046 0.6018697023391724 
bicycle -12.286846160888445 -28.076288223266488 -0.577600240707385 0.5799136757850647 1.67710542678833 1.1191660165786743 -2.049952507019043 0.2603507936000824 
bicycle 28.47971343994118 -5.069324493408203 -1.1981060504913206 0.8892966508865356 2.2558469772338867 1.6075232028961182 0.7903631925582888 0.24108444154262543 
bicycle -46.492279052734375 26.81143188476551 0.3016040921211385 0.8483270406723022 2.070462226867676 1.6801912784576416 0.5556498765945435 0.23540657758712769 
bicycle -21.826599121093523 -3.9063568115234375 -1.369410991668687 0.6204761266708374 1.6384425163269043 1.067061424255371 -2.6612424850463867 0.2239946573972702 
bicycle -4.454624176025391 25.576782226562386 -0.27080038189886757 0.5590642690658569 1.6721912622451782 1.1002849340438843 1.2695752382278445 0.19675672054290771 
bicycle -10.51463317871071 39.29603576660145 -0.9225910902023191 0.6227682828903198 1.7266414165496826 1.177536129951477 -2.7080092430114746 0.1960545927286148 
bicycle -10.661766052246321 -8.67369461059559 -1.347211122512805 0.6878605484962463 1.8909385204315186 1.2447116374969482 2.9908393065081995 0.18128447234630585 
bicycle -4.354354858398665 -43.42654418945324 -1.6734731197357018 0.6191689968109131 1.7362473011016846 1.1899645328521729 0.5732790231704712 0.17876383662223816 
bicycle 4.927097320556868 -52.43368148803711 -2.08987498283385 0.6640715599060059 1.9354937076568604 1.2714216709136963 -1.5593681335449217 0.17478609085083008 
bicycle -6.800193786620866 19.386764526367188 -0.6542251706123228 0.5953518152236938 1.7797513008117676 1.163317322731018 1.4303416013717651 0.17459802329540253 
bicycle -17.641162872314453 -33.385314941406136 -1.0090830326080162 0.6301148533821106 1.8779324293136597 1.2529296875 -2.368762969970703 0.17362070083618164 
bicycle 21.26288604736328 -38.86687469482433 -1.8764494657516355 0.609731912612915 1.7162671089172363 1.173704743385315 -1.4989271163940425 0.17055653035640717 
bicycle -24.170343399047624 -8.727611541748047 -0.9842614531516904 0.6547858715057373 1.6177968978881836 1.7162734270095825 -0.0658047199249269 0.1652076244354248 
bicycle -9.468986511230469 -6.783172607421875 -1.5213927030563212 0.5582244396209717 1.537679672241211 0.9682431221008301 0.8376141786575318 0.16400620341300964 
bicycle -3.3860893249513992 6.821311950683707 -0.40155884623526283 0.544968843460083 1.5294735431671143 1.0440969467163086 -1.0749676227569578 0.1518910825252533 
bicycle -14.706241607666016 32.076210021972656 -1.5795972347259397 0.5873070955276489 1.6421785354614258 1.1981866359710693 1.2604540586471555 0.15046067535877228 
bicycle -14.255229949951172 1.0245513916016762 -1.4414894580840922 0.6543041467666626 1.491453766822815 0.8397376537322998 -1.4460791349411006 0.1497352421283722 
bicycle -2.7437973022458664 -38.12413406372059 -1.8505184650421036 0.764373779296875 1.9221476316452026 1.4839251041412354 1.1877509355545044 0.14868369698524475 
bicycle 20.074127197265625 30.091918945312386 0.08815410733224205 0.6291580200195312 1.8392016887664795 1.2522790431976318 3.0268986860858367 0.14501270651817322 
bicycle -23.5779972076416 2.2120666503905113 -1.1492861509322996 0.7724862098693848 2.0868611335754395 1.3965624570846558 1.960075680409567 0.14354757964611053 
bicycle -2.5406532287597656 53.71674346923828 0.29645809531213274 0.726102888584137 1.9171535968780518 1.5648820400238037 -1.238924741744995 0.1425948143005371 
bicycle 14.117980957031477 27.37860870361328 -0.3338373303413249 0.6126524209976196 1.6578253507614136 1.1494503021240234 2.585610214863913 0.14237236976623535 
bicycle 15.932785034179915 20.18213653564453 -0.3987765610217906 0.5785300731658936 1.6730049848556519 1.1409794092178345 1.1007076501846313 0.14134733378887177 
bicycle -10.528667449950945 39.85105133056629 -0.7391322851180906 0.7126973867416382 2.0212883949279785 1.3276517391204834 3.138698403035299 0.13826148211956024 
bicycle -39.895454406738054 15.217407226562614 -0.7533963918685789 0.834685206413269 2.1618123054504395 1.5274142026901245 0.06550562381744378 0.13775300979614258 
bicycle -11.667076110839616 -25.617551803589095 -0.9731906652450419 0.5816815495491028 1.6737885475158691 1.1137992143630981 0.6250964403152467 0.13539493083953857 
bicycle -24.888647079467546 -3.4106254577637856 -1.1602830886840678 0.7165298461914062 1.9420864582061768 1.2393467426300049 -3.099515914916992 0.13437040150165558 
bicycle -15.779083251953125 -3.2367210388182457 -1.3579590320587034 0.5171276926994324 1.5257399082183838 1.0479570627212524 -2.1147384643554688 0.13296279311180115 
bicycle 34.51824951171898 44.009140014648324 0.41023489832879356 0.7603293657302856 1.8773783445358276 1.3120497465133667 -2.832601547241211 0.12850403785705566 
bicycle -8.695426940917969 -15.868545532226676 -0.9176818728446836 0.5036572217941284 1.643207311630249 1.0897603034973145 -1.5728641748428347 0.1257627308368683 
bicycle -3.2152137756347656 -50.76987075805664 -2.369621038436877 0.7674977779388428 1.8895087242126465 1.4068068265914917 1.394726872444153 0.12547080218791962 
bicycle -39.170234680175554 23.262802124023438 -0.0038125887513018597 0.8600900173187256 2.253110885620117 1.7952606678009033 2.9745486418353484 0.12510016560554504 
bicycle -23.17982101440407 2.6002845764160156 -1.0752520561218137 0.8034765124320984 2.111423969268799 1.3778314590454102 1.820314232503073 0.12234099209308624 
bicycle -14.149295806884538 -21.188972473144418 0.25746703147889427 0.6366143822669983 1.5345083475112915 1.1685845851898193 -3.102356433868408 0.12061944603919983 
bicycle -13.544425964355241 -49.61473846435558 -0.9995428919792051 0.6021665930747986 1.6093577146530151 1.2017117738723755 -1.6792303323745725 0.12027956545352936 
bicycle 25.51166534423828 36.29164123535156 0.2946952879428988 0.6882492899894714 1.8941285610198975 1.5165984630584717 0.7175546884536744 0.11862602829933167 
bicycle 18.88300323486351 30.833839416503906 -0.5482679009437419 0.5863731503486633 1.669029951095581 1.1343295574188232 -1.4405567646026602 0.11758916079998016 
bicycle -13.416717529296875 -42.92498016357422 -2.0911202430724956 0.6176210641860962 1.6779906749725342 1.2188293933868408 -0.23598062992095922 0.11218445748090744 
bicycle -17.62723159790039 17.732109069824105 -1.3772201538085795 0.5666024684906006 1.595209002494812 1.1125231981277466 1.693424526845114 0.11154134571552277 
bicycle 20.001792907714844 -50.1566734313966 -2.3047170639037944 0.6298816204071045 1.6710240840911865 1.2554594278335571 -1.7179197072982788 0.11125744879245758 
bicycle -24.278070449828874 11.062606811523551 -1.1306513547897197 0.6301416754722595 1.7571957111358643 1.2059979438781738 2.5340736548053187 0.10636050999164581 
bicycle 9.93864059448265 27.871994018554574 -0.27288219332693764 0.8649196028709412 2.3528990745544434 1.8206987380981445 -1.657292127609253 0.10523465275764465 
bicycle -5.501934051513672 39.78289031982422 0.7529864907264834 0.6523132920265198 1.7650244235992432 1.6471843719482422 -1.4922947883605953 0.1043848991394043 
bicycle -8.643501281738054 -42.94533538818348 -1.7936327457427854 0.5701158046722412 1.8219921588897705 1.2670485973358154 1.537938714027405 0.10349506884813309 
bicycle -15.374568939208757 -24.872644424438363 -1.7141553163528318 0.5209829807281494 1.5941011905670166 1.072493314743042 0.5816067457199098 0.10285330563783646 
bicycle 9.893505096435774 -23.769804000854606 -2.1396214962005473 0.5104610323905945 1.5921595096588135 1.0146554708480835 2.0781877676593234 0.10195473581552505 
bicycle 48.91728973388672 53.91002655029308 1.9548290967941409 0.7409880757331848 2.0084927082061768 1.7106190919876099 -1.7354537248611446 0.10117191076278687 
bicycle 24.256576538085938 7.626453399658089 0.35084551572801104 0.6815848350524902 1.9266011714935303 1.2793184518814087 -2.9932384490966797 0.10115732252597809 
bicycle -22.456567764282227 12.984779357910156 -1.3021192550659038 0.6480778455734253 1.852785587310791 1.1971707344055176 2.7616236845599573 0.10084628313779831 
bicycle 18.94207000732422 -4.431751251220703 -1.3767243623733378 0.6014310717582703 1.6456561088562012 1.1178522109985352 1.3416413068771365 0.10059188306331635 
pedestrian -6.369895935058366 -22.43271636962902 -1.1325449943542356 0.6701862812042236 0.7814657688140869 1.7143059968948364 1.9251316229449675 0.8033466935157776 
pedestrian -6.198966979980241 -41.235816955566406 -1.2766648530959959 0.7317424416542053 0.7979440689086914 1.882399320602417 -1.6834008693695066 0.6684684157371521 
pedestrian -5.850635528564226 -0.7232589721678551 -0.5938212275504942 0.7645068168640137 0.9091934561729431 1.804073691368103 -1.444345951080322 0.5980584621429443 
pedestrian -5.488887786865234 39.73309326171875 0.7984392046928548 0.6970607042312622 0.743242621421814 1.8301780223846436 -1.5081862211227413 0.44219034910202026 
pedestrian -2.724525451659929 -37.972839355468636 -1.6874930858611936 0.6829330921173096 0.7115720510482788 1.5409719944000244 -0.183467864990234 0.33739060163497925 
pedestrian -24.113792419433366 -8.705799102783203 -0.8966596126556272 0.6767421364784241 0.7257034778594971 1.7796419858932495 -0.06377029418945307 0.32441261410713196 
movable_object -2.5789413452148438 -25.310876846313477 -1.5248262882232542 0.3844667971134186 0.3870760500431061 1.3049142360687256 1.9573047796832483 0.31663328409194946 
pedestrian -11.059585571289062 20.666755676269645 -0.4109464287757749 0.6316919326782227 0.6184812784194946 1.780990481376648 -0.40996289253234874 0.21099478006362915 
pedestrian -39.88774490356445 -40.960128784179574 0.5482921600341939 0.6787708401679993 0.6934648752212524 1.884501576423645 3.0596841017352507 0.19716870784759521 
pedestrian -13.480777740478288 21.299774169921648 -0.6464076042175169 0.6230143904685974 0.6007960438728333 1.8047062158584595 -0.3094569444656368 0.19018594920635223 
pedestrian -5.936847686767351 -22.46827507019043 -1.1738528013229264 0.6708037257194519 0.7820693254470825 1.6903800964355469 1.8338163534747527 0.18192628026008606 
pedestrian -3.151008605956804 -50.78988647460926 -2.1428787708282346 0.6807649731636047 0.7377015948295593 1.4703190326690674 1.6620519796954556 0.17973335087299347 
pedestrian -14.760005950927507 16.50135803222645 -0.6065529584884519 0.6244043111801147 0.5949999690055847 1.8019990921020508 0.9945179224014283 0.17609356343746185 
pedestrian -8.174049377441406 -7.498069763183707 -0.9902973175048686 0.5885248184204102 0.5678756833076477 1.528782844543457 -3.0469541549682617 0.1724720448255539 
pedestrian 25.499328613281023 -35.685852050781364 -1.9778069257736082 0.6575942039489746 0.6901086568832397 1.7666716575622559 1.2800580263137817 0.17028197646141052 
pedestrian -48.69780349731445 17.229530334472656 -0.47908151149748335 0.639286994934082 0.6473720669746399 1.8302446603775024 -0.9168291091918943 0.15953774750232697 
pedestrian -13.345466613769531 -42.97196578979481 -1.8825247287750102 0.6115456819534302 0.6439204216003418 1.3724496364593506 0.8023573160171511 0.15944373607635498 
pedestrian -38.55398178100563 -41.15603256225586 0.522680461406722 0.6627903580665588 0.6861624121665955 1.8371487855911255 1.930118862782614 0.1468176394701004 
pedestrian -13.410087585448991 -47.135993957519645 -1.319297432899459 0.7304785251617432 0.7764002084732056 1.814914584159851 -1.26129949092865 0.14646679162979126 
movable_object 1.3235588073732742 -25.50790023803711 -2.1163709163665647 0.35126444697380066 0.3599165678024292 0.801963210105896 1.7185700575457974 0.13825131952762604 
pedestrian 48.9295959472654 53.83324432373047 2.0954217910766744 0.6827273368835449 0.712643027305603 1.836464762687683 -1.5952408313751216 0.1334233582019806 
movable_object -10.015708923339616 -8.752971649169922 -1.3960484266280986 0.358843058347702 0.34948065876960754 0.8353551030158997 0.1438921689987186 0.1216287910938263 
pedestrian -52.91830062866188 2.109298706054574 -0.6559535264968748 0.616217851638794 0.6093349456787109 1.8476479053497314 2.0354321638690394 0.11912336945533752 
pedestrian -20.925354003906023 -7.391521453857308 -0.3286154270171995 0.6348234415054321 0.5955629944801331 1.8213499784469604 0.36962616443634044 0.11626072973012924 
pedestrian -46.41495513915993 26.78431701660145 0.1842187345028048 0.8225175142288208 0.9063482284545898 2.030996561050415 0.30227530002594016 0.11609944701194763 
pedestrian 51.318473815918196 29.17226409912098 1.9408627748489486 0.6494524478912354 0.6708361506462097 1.7714197635650635 2.9469311873065394 0.1145479679107666 
pedestrian -19.130016326904297 -10.407028198242188 -0.27969399094580183 0.6092392802238464 0.5712752938270569 1.8141366243362427 0.03600704669952414 0.11174876242876053 
movable_object 18.09307861328125 19.603469848632926 -1.1844754219055051 0.3544262647628784 0.3596685528755188 0.8353271484375 2.2199814955340784 0.11016257852315903 
pedestrian -3.695377349853743 -42.984073638916016 -1.7844777107238627 0.6061569452285767 0.6525537371635437 1.3017138242721558 0.505513310432434 0.11008480191230774 
pedestrian 20.018875122070312 -50.069137573242415 -2.295232057571397 0.6209006309509277 0.6201421618461609 1.4950306415557861 2.9246853033648894 0.10581935197114944 
pedestrian -8.53189468383789 -7.715888977050895 -1.1310726404189921 0.5213671326637268 0.5082420110702515 1.2458173036575317 2.5112693945514124 0.10475887358188629 
movable_object 16.485687255859375 9.306648254394531 -1.2733913660049314 0.3307259678840637 0.339343786239624 0.7389276027679443 3.1326444784747527 0.10389571636915207 
movable_object 16.067840576171875 12.960517883300895 -0.9404344558715678 0.3475468158721924 0.34172770380973816 0.8116611242294312 -2.7593441009521484 0.10206081718206406 
pedestrian -3.13127136230446 -38.128471374511605 -1.6767776012420512 0.6897788047790527 0.7290357947349548 1.5880260467529297 -0.011276841163635353 0.10140661150217056 
