car 6.867683410644645 -6.145652770996094 -1.3679870367050313 1.8211650848388672 4.516048431396484 1.5289794206619263 -1.2335903644561765 0.8495110869407654 
car 1.5662231445311363 -6.756874084472656 -1.0078718662262247 1.8686907291412354 4.846184730529785 1.911371111869812 1.8844693342791956 0.8284591436386108 
car 22.54952239990223 5.5400199890134445 -1.4001926183700846 1.8758660554885864 4.351482391357422 1.6123979091644287 -2.8120498657226567 0.8092997670173645 
car 12.827476501464844 -14.225814819336165 -1.6235847473144673 1.8590329885482788 4.349798202514648 1.6039674282073975 -1.2396229505538936 0.7881712317466736 
car -3.188129425048828 23.054145812988054 -0.4463804662227773 1.8125288486480713 4.396052837371826 1.514404535293579 -1.0727245807647698 0.7469816207885742 
car -26.62984466552723 38.698760986328125 0.4403025209903575 1.9166829586029053 4.557638645172119 1.6728061437606812 2.2146909872638147 0.6553587317466736 
car 13.690681457519418 -28.58814430236839 -2.0862054824829386 1.8082177639007568 4.2833571434021 1.5472911596298218 -1.2766447067260738 0.6372717618942261 
car -28.611055374145508 47.586517333984375 0.7023597359657145 1.9297571182250977 4.545544624328613 1.7536215782165527 1.9224594275103968 0.6075977087020874 
car 34.00192260742176 19.965774536132812 -0.23271821439269047 1.927025556564331 4.493053913116455 1.6410255432128906 0.32257986068725625 0.5345685482025146 
car 29.79668426513672 8.170745849609375 -1.2832056283950948 1.906939148902893 4.363593101501465 1.634130597114563 -2.7682242393493652 0.4532504677772522 
car -3.1934356689453125 -53.135040283203125 -1.9844298362732218 2.28177547454834 5.683382511138916 2.224315881729126 0.2564136981964112 0.2479586899280548 
car -14.07077789306652 42.911346435546875 0.5011791586875631 1.9365276098251343 4.502804756164551 1.662980556488037 -1.1505448818206785 0.23462703824043274 
car -17.6860809326173 39.31410217285156 0.3117605745792389 1.961817979812622 4.630277156829834 1.6905202865600586 -1.2097978591918939 0.13273732364177704 
car -42.34193038940441 30.26823425292946 1.460398435592623 1.99040687084198 4.48685359954834 1.757070779800415 0.383041620254517 0.12223160266876221 
car 34.45294189453125 18.434295654296875 -0.381865978240981 2.012723445892334 4.735145092010498 1.7212778329849243 0.10127544403076248 0.11874011158943176 
car -13.429050445556754 -10.968349456787337 -0.943722248077421 1.8748109340667725 4.506976127624512 1.629298448562622 -1.1228933334350581 0.1174052283167839 
car -19.53948974609375 42.2921142578125 0.5495377779006816 1.9268121719360352 4.535246849060059 1.677405595779419 1.9450972715960904 0.11632958054542542 
car -19.529918670654297 39.8690490722654 0.3253151774406291 1.9318482875823975 4.5019965171813965 1.6609256267547607 -1.0104944705963128 0.10620742291212082 
car -1.0052833557130043 -53.83183670043945 -2.378644943237333 1.9360895156860352 4.597725868225098 1.7242920398712158 1.1919721364974976 0.10592919588088989 
car -32.03007507324219 34.41126251220703 0.4765491485595561 1.9387141466140747 4.347846031188965 1.6842833757400513 0.683310151100159 0.10317637771368027 
car -3.2854919433594887 -53.1930046081543 -1.9799412488937662 2.3396127223968506 6.070106506347656 2.420515298843384 0.2618814706802373 0.2688784599304199 
car -20.784034729003906 -6.919502258300781 -0.14611274003983965 2.13877272605896 3.3940865993499756 2.15429425239563 -0.04801988601684496 0.20170524716377258 
car -33.839485168457145 32.651573181152344 1.2632086277007772 3.267765760421753 5.4119873046875 3.263507604598999 -2.7792563438415527 0.1604844331741333 
car -8.067848205566293 -32.095787048339844 -1.3714355230331563 1.918472170829773 4.068687438964844 2.4741768836975098 1.6433919111834925 0.14633509516716003 
car 33.92198181152344 -53.77325439453148 -2.805147171020522 2.254587173461914 4.327230453491211 2.515860080718994 2.1598466078387655 0.1311149299144745 
car -42.286697387695426 2.6913223266601562 0.9355932474136068 3.2172904014587402 6.839633941650391 3.298832416534424 1.336384177207947 0.12081038951873779 
car 0.34318923950183944 -42.33035278320335 -2.082519054412856 2.2155351638793945 4.211105823516846 2.874763250350952 -1.8696112632751465 0.12038809061050415 
car -15.274829864501953 -42.90801620483376 -1.7838475704193115 1.8568296432495117 3.6579980850219727 2.571934461593628 2.182336632405416 0.10621248185634613 
car -39.283504486083984 -10.971416473388672 1.2365072965621806 2.5352942943573 3.9058399200439453 3.1114144325256348 -0.23974442481994573 0.10473509132862091 
car -44.631553649902344 30.226974487304688 1.3493646383285238 3.7572567462921143 9.592931747436523 4.005765914916992 0.43031466007232705 0.10291853547096252 
car 5.208919525146371 26.70421600341774 0.6234290599822714 2.4786860942840576 5.05247688293457 2.718522548675537 -1.2100214958190914 0.10002463310956955 
car 24.944595336914062 9.725109100342024 0.27208003401754866 3.025923013687134 11.923498153686523 4.715230464935303 -2.7852563858032227 0.8366448879241943 
car -15.883064270019645 -27.29282379150368 -1.3821879625320577 2.577700614929199 8.019303321838379 2.953765869140625 -2.9281694889068604 0.13366086781024933 
car -11.724666595459098 -8.657146453857422 -0.4746294617653035 2.5803985595703125 7.432744979858398 2.7179832458496094 -2.891597986221314 0.10929103195667267 
movable_object -7.3142547607421875 -32.69781875610329 -0.6971899867058085 1.9156074523925781 0.43880602717399597 1.0346094369888306 0.23155856132507383 0.18937459588050842 
movable_object -18.784164428710824 39.77269744873024 0.020612375810728167 2.3139545917510986 0.5669687390327454 1.0224311351776123 -2.773334980010986 0.18075932562351227 
movable_object -14.752616882324219 32.10491180419899 -0.0803203955292986 3.188664197921753 0.6048126220703125 0.8669983744621277 -2.657678842544555 0.1731213927268982 
movable_object 4.4355621337890625 27.11846923828125 -0.19996070861817827 2.1752781867980957 0.4484420120716095 1.0327852964401245 3.1068220774279998 0.1625826209783554 
movable_object 28.414627075195312 30.10945129394554 0.22141745686529646 2.2070586681365967 0.48366498947143555 1.0190494060516357 -1.2289654016494749 0.13323591649532318 
movable_object -4.431072235107422 -27.79842948913597 -2.1015377044677876 2.3226747512817383 0.29726287722587585 1.013298749923706 -0.31049847602844144 0.12707343697547913 
movable_object 0.9037895202636719 -42.18260955810547 -1.4497934579849527 2.0440785884857178 0.45645254850387573 1.0401091575622559 0.8544245958328252 0.1255119889974594 
movable_object -47.1948699951173 14.629638671875 0.3451365828513673 2.0706491470336914 0.5195510387420654 1.1352970600128174 -2.9249634742736816 0.12255291640758514 
movable_object 41.65119934082031 32.563499450683594 0.19257429242132673 1.927053451538086 0.47771990299224854 1.051334023475647 -1.1893835067749021 0.11596191674470901 
movable_object 32.786766052246094 22.51155853271507 -0.6041899323463582 2.073119640350342 0.5380498766899109 1.0245236158370972 -1.2848051786422727 0.10370775312185287 
movable_object -11.630729675292855 19.5108642578125 -1.1803392171860025 2.4031519889831543 0.4933874011039734 0.9391313791275024 0.24679040908813515 0.10196174681186676 
bicycle 9.237548828125 16.375320434570085 -0.3562471866607808 0.7179819941520691 1.5767921209335327 1.8077023029327393 -0.8225589394569393 0.633644163608551 
bicycle -18.806251525878906 39.85388183593727 0.11945558339353113 0.7387195825576782 2.296383857727051 1.3864686489105225 2.029656235371725 0.2609226703643799 
bicycle -12.69113540649414 -28.606828689574968 -2.2595663070678995 0.5110257267951965 1.5330724716186523 1.0661271810531616 -1.8872625827789302 0.24766947329044342 
bicycle -11.14215469360363 -36.2376708984375 -2.538138866424589 0.5423882603645325 1.5940794944763184 1.1279559135437012 -1.8018891811370847 0.23323902487754822 
bicycle -48.797058105468636 27.36345672607422 0.14748558402061462 0.6610506176948547 1.8077912330627441 1.256601095199585 -0.3270308971405021 0.21783068776130676 
bicycle -7.338508605957145 -32.792747497558594 -0.7726569771767089 0.604080319404602 1.6658623218536377 1.1732720136642456 -1.5480636358261108 0.19652536511421204 
bicycle 26.815582275390625 16.29308319091797 -1.3209404945373677 0.5612615942955017 1.6338156461715698 1.0797181129455566 -1.9054474830627437 0.18222543597221375 
bicycle -11.718852996826058 20.06134796142578 -0.9757456779480123 0.4475371837615967 1.4387154579162598 0.9511728286743164 0.5216814279556279 0.180885910987854 
bicycle 4.495246887206918 27.31333160400368 -0.11115425080063801 0.5943197011947632 1.8105874061584473 1.1828597784042358 -2.720233917236328 0.1762399971485138 
bicycle -7.669292449951172 -24.85145378112793 -1.8005340099334717 0.4781162440776825 1.4952870607376099 1.0965168476104736 -1.616811275482177 0.16757622361183167 
bicycle 11.17397308349598 -29.73565101623535 -2.6606469154358052 0.48304322361946106 1.5177223682403564 1.1116783618927002 -1.2657909393310542 0.16488079726696014 
bicycle 6.832767486572266 20.178001403808366 -0.5783335566520975 0.5870915651321411 1.6172614097595215 1.1292381286621094 2.6366513411151327 0.16327424347400665 
bicycle -1.9959220886230469 39.37030029296875 0.47543361783024807 0.6135526895523071 1.7316253185272217 1.1543362140655518 1.2648938894271853 0.16298198699951172 
bicycle -11.673980712890739 19.565658569335938 -0.9752250909805298 0.45965510606765747 1.4688111543655396 0.9535761475563049 1.587900463734762 0.15628795325756073 
bicycle -12.420764923095703 -28.971532821655273 -2.0942900180816792 0.6416149139404297 1.7311384677886963 1.2010809183120728 -1.9259582757949825 0.15454833209514618 
bicycle 7.999931335449219 -17.792213439941406 -2.1001641750335978 0.47897690534591675 1.4954297542572021 1.0123103857040405 -1.4822531938552852 0.15065914392471313 
bicycle 5.226509094238168 24.82206726074196 0.6698759198188498 0.5588611364364624 1.6708980798721313 1.1607356071472168 1.8213804403888152 0.14768657088279724 
bicycle -14.054389953613395 -9.33599853515625 -0.9340392351150797 0.7209447622299194 1.9576847553253174 1.254306435585022 0.34997797012329157 0.14387966692447662 
bicycle -26.64328384399414 27.303192138671875 -0.7048566937446878 0.6046695113182068 1.7441444396972656 1.1753461360931396 1.9540904203998013 0.13980883359909058 
bicycle 23.82034301757801 -22.473789215088118 -2.007676839828534 0.5446394681930542 1.5826709270477295 1.1695644855499268 -1.4506429433822627 0.13544823229312897 
bicycle 47.09837341308594 39.224258422851335 0.3759245276450969 0.696503221988678 1.9517602920532227 1.6041896343231201 -2.209772825241089 0.1310444176197052 
bicycle 5.519401550292855 16.365264892577898 -1.543409347534194 0.5300652980804443 1.4813354015350342 0.9686879515647888 2.127644840870992 0.12996378540992737 
bicycle 8.190315246582031 -21.83745574951172 -2.645898342132597 0.4237990379333496 1.3759891986846924 1.042830228805542 -1.4572761058807369 0.1277375966310501 
bicycle 28.07765197753895 8.224288940429688 -1.4560639858245992 0.44825148582458496 1.468090295791626 1.0496623516082764 -1.7313901185989378 0.12765119969844818 
bicycle 23.71678161621071 -35.6993408203125 -2.9160580635071085 0.5864275097846985 1.6400938034057617 1.1459519863128662 3.0545938650714324 0.12695983052253723 
bicycle -41.70265197753895 5.945098876953125 0.3849534988403178 0.6633007526397705 1.7492984533309937 1.256117343902588 0.7104915380477906 0.12608560919761658 
bicycle -19.342239379882926 40.50597381591797 0.09318506717679043 0.7040573358535767 2.1812915802001953 1.3227040767669678 0.9298039674758912 0.12403791397809982 
bicycle -7.45432281494152 -4.006381988525391 -1.0424402952194498 0.47661903500556946 1.448732614517212 1.1213657855987549 0.2657620906829837 0.11625607311725616 
bicycle 10.534423828125 -27.261327743530273 -2.486290216445937 0.5236755609512329 1.5954757928848267 1.104076862335205 -0.5921199917793267 0.114964060485363 
bicycle -28.672515869140625 22.940948486327898 0.36921796202658186 0.6901024580001831 2.138944625854492 1.497148871421814 -1.2171447277069085 0.11281998455524445 
bicycle 25.621826171875 29.59925079345703 -0.21569421887399187 0.6708352565765381 1.880913257598877 1.285873532295227 -1.7260354757308956 0.10952414572238922 
bicycle 37.99078369140625 30.37992858886696 0.19356057047842512 0.7144815325737 2.0005340576171875 1.3373805284500122 1.2619644403457646 0.10481375455856323 
bicycle 41.63518524169922 32.572097778320085 0.3395697474479391 0.6931906938552856 1.8822648525238037 1.294828176498413 0.27680194377899214 0.10474518686532974 
bicycle 29.60297393798828 28.654563903808594 0.20226746797560224 0.5811942219734192 1.7041875123977661 1.2008424997329712 0.28368234634399453 0.10458306223154068 
bicycle -34.57572174072277 -2.59132385253929 -0.015004778280868436 0.7407345771789551 1.9704668521881104 1.4198017120361328 -0.672719538211822 0.10433217883110046 
bicycle -6.884635925292969 -15.958480834961165 -1.9906451702118204 0.4067041575908661 1.3263038396835327 0.9992415904998779 -1.1185247898101802 0.10275644063949585 
bicycle -0.2898406982421875 -35.684410095214844 -2.1879103183746764 0.6805738806724548 1.7201918363571167 1.8359575271606445 1.6078308264361778 0.1016661524772644 
bicycle 23.70327758789051 -36.31631088256836 -2.871342420578017 0.6295080780982971 1.7294197082519531 1.162379503250122 1.9436782042132779 0.10032758116722107 
pedestrian -5.717346191406364 -9.302913665771712 -0.9918262958526753 0.6854144334793091 0.6761634349822998 1.8958280086517334 -0.09011852741241379 0.8436787724494934 
pedestrian -3.9129447937012856 -10.283821105957031 -1.1906900405883931 0.6235371232032776 0.5667788982391357 1.8338178396224976 0.5617266893386846 0.8417331576347351 
pedestrian 17.83261108398426 0.4630203247072586 -1.2769645452499532 0.6297451257705688 0.5760723352432251 1.8769233226776123 1.9402564207660118 0.8131637573242188 
pedestrian -4.306606292724723 -8.543483734130632 -1.1293909549713277 0.6141673922538757 0.5659319162368774 1.7938694953918457 0.5163360834121709 0.8046298027038574 
pedestrian -4.590610504150504 -7.926071166992415 -1.1045999526977681 0.606501579284668 0.5429108738899231 1.7387393712997437 0.3309217691421514 0.765160858631134 
pedestrian -4.974727630615234 -18.34471893310547 -1.5341204404831217 0.6510125398635864 0.7386428713798523 1.6845613718032837 -2.504075527191162 0.7411896586418152 
pedestrian -5.597805023193246 -10.682853698730469 -1.0785747766495035 0.6073290705680847 0.5787512063980103 1.8033117055892944 0.31080639362335244 0.7387057542800903 
pedestrian -5.290664672851676 -11.454883575439453 -1.1185274124145792 0.6203158497810364 0.575166642665863 1.8830583095550537 0.7787433862686162 0.7319790720939636 
pedestrian -0.7091331481933594 -11.950729370117188 -1.394393086433439 0.7341084480285645 0.879668116569519 1.7287704944610596 0.4655162096023565 0.6883979439735413 
pedestrian 11.271240234375 17.496353149414062 -0.26064479351046543 0.644899308681488 0.7204159498214722 1.6609522104263306 -3.0882797241210938 0.6759676337242126 
pedestrian -0.22177886962890625 -35.64342117309593 -2.164397716522231 0.639496386051178 0.7181265354156494 1.7986524105072021 1.7316282431231897 0.5228002667427063 
pedestrian 0.88482666015625 -39.94647216796875 -2.182588100433364 0.6248515248298645 0.5979787111282349 1.7995036840438843 0.1860069036483766 0.3200654983520508 
pedestrian -0.9539260864257812 -36.7631721496582 -2.155864477157621 0.5986810922622681 0.5913965702056885 1.7609658241271973 1.0736860036849976 0.30283284187316895 
pedestrian -1.3864631652833168 -35.80744171142601 -2.248918294906659 0.6046091914176941 0.6165093183517456 1.715153694152832 0.6820539236068728 0.2622074484825134 
pedestrian 18.70026397705078 0.3708152770996094 -1.1994538307190084 0.6393250823020935 0.6448822021484375 1.8570449352264404 1.9821375052081507 0.2554425895214081 
pedestrian -5.690223693847656 -9.763240814209212 -1.0196166038513468 0.6798171401023865 0.6761026978492737 1.8652173280715942 -0.0609961748123168 0.2333473265171051 
pedestrian -0.9871330261231606 -35.77376937866234 -2.1802701950073526 0.6194851398468018 0.6617206931114197 1.7541508674621582 1.4736772775650022 0.22163689136505127 
pedestrian 37.05805969238281 35.912864685058594 0.31997573375700483 0.6197656393051147 0.6387075185775757 1.6740045547485352 2.757893864308493 0.19859302043914795 
pedestrian 13.957847595214844 28.67644500732399 0.7775346040725424 0.7145053148269653 0.682773232460022 1.782615065574646 2.5995424429522918 0.19377222657203674 
pedestrian 9.258743286132699 16.369384765624773 -0.31196156144144993 0.7295649647712708 0.7940356731414795 1.7078858613967896 -0.9548764228820794 0.1928480565547943 
pedestrian -26.164506912231445 9.848701477050554 -0.04188709706068039 0.6686773300170898 0.694411039352417 1.794916033744812 -3.0970258712768555 0.17261622846126556 
movable_object -11.658924102783203 19.901313781738054 -1.00407457351686 0.35714542865753174 0.3664708733558655 0.7869561314582825 1.3356789350509644 0.17153051495552063 
pedestrian -48.7296142578125 27.439064025878906 0.1729740798473216 0.6262195110321045 0.63614422082901 1.664953351020813 -0.5850710272788995 0.17075210809707642 
pedestrian 25.298110961914062 33.244239807128906 0.8589154481887675 0.7702754735946655 0.7110508680343628 1.9330077171325684 -2.4086475372314453 0.16566482186317444 
pedestrian 41.619018554687614 6.8297309875490555 -0.7916193604469299 0.6022158265113831 0.595732569694519 1.650240182876587 -3.113548994064331 0.1596982777118683 
pedestrian -34.65579605102539 -2.519744873046875 0.10752908885476131 0.5850350856781006 0.5856866836547852 1.6447701454162598 -0.21803867816924957 0.15455257892608643 
movable_object 1.7423286437988281 -37.62997817993164 -2.4831876754761026 0.38502079248428345 0.3788260221481323 1.101900577545166 0.13017547130584758 0.154457688331604 
movable_object -6.470161437988281 -13.388946533203352 -1.287823557853713 0.38623130321502686 0.38205838203430176 1.2211077213287354 0.6311298608779912 0.15429627895355225 
movable_object 39.23944854736328 28.432876586913835 0.2011454254388525 0.4019010365009308 0.4072369933128357 0.9945834279060364 -1.476756691932678 0.1515098214149475 
pedestrian 10.47723388671875 19.65782928466797 -0.310630649328246 0.5744757652282715 0.5868279933929443 1.5213260650634766 -1.7555294036865232 0.15113261342048645 
pedestrian 13.348564147949219 30.189559936523438 0.840756297111497 0.6937217712402344 0.6396057605743408 1.7987160682678223 -2.6257805824279785 0.14941082894802094 
pedestrian -4.594898223876953 -11.692741394043196 -1.2556173801422261 0.6265331506729126 0.6093482375144958 1.8679702281951904 0.8048833608627323 0.14694595336914062 
pedestrian 50.86119842529297 43.432395935058594 1.5770323276519633 0.662061333656311 0.6973965167999268 1.7909023761749268 2.4616311232196253 0.1439882516860962 
pedestrian 47.068237304687386 39.17321014404274 0.24518692493435879 0.6680405139923096 0.7101936340332031 1.8050951957702637 -2.325793981552124 0.13908134400844574 
pedestrian -0.2801856994628906 -36.131385803222884 -2.121872425079374 0.6386203169822693 0.698397159576416 1.7849087715148926 1.7058332602130337 0.1357567012310028 
pedestrian -26.2005558013916 0.34793472290016325 0.3574240803718425 0.51609867811203 0.4993869662284851 1.619863748550415 -2.4214987754821773 0.13480086624622345 
pedestrian -4.375835418701172 -12.304496765136719 -1.3429675102234313 0.5960084199905396 0.5764848589897156 1.785470962524414 0.6640568971633912 0.1305219531059265 
pedestrian -4.612056732177734 -11.142040252685774 -1.1802932024002217 0.6188931465148926 0.5995461940765381 1.8501644134521484 0.6652532815933232 0.1301988661289215 
movable_object 41.1050567626952 29.10514831542946 0.20113749802108316 0.37988191843032837 0.38921070098876953 0.9949288964271545 -1.548157691955566 0.12477024644613266 
movable_object 39.866180419921875 28.63268280029297 0.2016322314738943 0.407257080078125 0.4157021641731262 1.0378999710083008 -1.5044665336608884 0.12342879176139832 
movable_object -7.666717529296875 -24.53376007080101 -1.8641356229782389 0.35799914598464966 0.36300069093704224 0.906599223613739 0.17243826389312789 0.12340398132801056 
pedestrian 23.78345489501953 -22.351675033569336 -2.0486550331115865 0.6975973844528198 0.6478611826896667 1.0096235275268555 -2.529047727584839 0.1224028617143631 
movable_object 20.67706298828125 -17.194507598877408 -2.2662892341614054 0.3389863967895508 0.3450128138065338 0.7713354825973511 -2.600588798522949 0.12216997146606445 
pedestrian 0.4524650573730469 -39.97975158691406 -2.277122497558622 0.6333308219909668 0.6264671087265015 1.798119068145752 0.3224427700042728 0.12071345746517181 
movable_object 5.791927337646257 22.997947692870866 -0.03394903987647524 0.4077575206756592 0.4010007977485657 0.9564917683601379 -0.724530458450317 0.11974114924669266 
movable_object -7.484077453613281 -3.9221763610839844 -1.0637729167938517 0.4543786942958832 0.4633546471595764 1.287935733795166 0.27454340457916293 0.11924265325069427 
pedestrian 45.317481994628906 8.121200561523438 -0.6779109835624979 0.6405357122421265 0.6361120939254761 1.6757419109344482 2.281738583241598 0.11916010081768036 
pedestrian 0.19437789916992188 -35.22884368896507 -2.265985965728788 0.654945969581604 0.7391330003738403 1.8127093315124512 1.667361561452047 0.11805088073015213 
movable_object -11.60422134399414 -29.124456405639876 -1.2863795757293985 0.42466220259666443 0.4118613302707672 1.4350712299346924 1.3804112672805786 0.11514819413423538 
pedestrian -41.16390991210926 -11.826957702636719 1.0280096530914165 0.6222032308578491 0.6215253472328186 1.7582738399505615 0.29425752162933355 0.11178722977638245 
pedestrian -17.504360198974723 -39.78997802734375 -1.4657030105591105 0.6992364525794983 0.6501737833023071 1.9250309467315674 1.7392595450030723 0.11106931418180466 
pedestrian -1.6636161804198082 -37.42018890380882 -2.1339092254638956 0.5965707302093506 0.5760841369628906 1.7829322814941406 0.3203572034835818 0.10992000252008438 
pedestrian -32.78200531005871 31.420074462890625 0.6518571972846701 0.6920672655105591 0.6982229948043823 1.852307915687561 -0.10651898384094192 0.1087091714143753 
movable_object 4.596389770507699 27.842605590820312 -0.23439212143422594 0.4555075466632843 0.45991647243499756 1.0686273574829102 -2.377455949783325 0.10822384804487228 
pedestrian -1.4165802001953125 -36.96919631958008 -2.133182764053359 0.6244221329689026 0.6159161925315857 1.797621250152588 0.5406781435012822 0.10801917314529419 
pedestrian -15.975093841552848 -42.70796203613304 -1.3573455810547017 0.6683713793754578 0.6466020345687866 1.8635066747665405 0.7165204286575318 0.10786493867635727 
pedestrian -3.534015655517578 -10.445873260498047 -1.236260771751418 0.680730938911438 0.6901599168777466 1.7900617122650146 0.6413675546646123 0.10515685379505157 
movable_object -6.804824829101676 -12.430702209473111 -1.1112259626388976 0.4240855574607849 0.42807960510253906 1.3266130685806274 0.4933072328567511 0.10414884984493256 
movable_object 43.515403747558594 29.846824645995866 0.20665480196474562 0.40248870849609375 0.41524195671081543 1.0812160968780518 -1.0236110687255855 0.10326695442199707 
pedestrian -29.87840080261242 -9.336021423340071 0.3274627029895498 0.6136168241500854 0.6236765384674072 1.532667875289917 -0.47596621513366666 0.10318830609321594 
pedestrian 35.17063903808594 32.276527404785156 0.23964150249956617 0.706136167049408 0.7648838758468628 1.683549404144287 -3.0802903175354004 0.10276013612747192 
pedestrian -45.95996856689453 42.22154998779297 0.8013585209846212 0.6950086355209351 0.6827160120010376 1.8679803609848022 0.7083674669265752 0.10216597467660904 
pedestrian -53.85522842407238 50.128028869628906 1.8390805721282675 0.6342661380767822 0.6608129143714905 1.8257019519805908 -1.7511146068572996 0.10188359767198563 
movable_object 38.871482849121094 28.38238525390625 0.20069333910939235 0.4125622510910034 0.4131935238838196 1.0345271825790405 -1.2056926488876338 0.10177327692508698 
movable_object 42.38471984863281 29.584556579589844 0.20721368491648207 0.3797864019870758 0.37785112857818604 1.0378613471984863 -1.2972788810729976 0.10167772322893143 
movable_object 25.29237365722645 -3.888355255126953 -0.6488663554191731 0.3797589838504791 0.3783820569515228 0.9501681923866272 -3.0308771133422847 0.10127803683280945 
3ff58ee0fc4748d9895300f02114aa56