car 20.6212615966798 6.770294189453352 -1.2469221353530742 1.9554517269134521 4.584749698638916 1.6704024076461792 -2.682692050933838 0.7980977296829224 
car -6.120876312255746 17.241729736328352 -0.5353910923004008 1.8937418460845947 4.622840404510498 1.611378788948059 -0.9566460847854623 0.7831259965896606 
car 1.9154815673830399 -6.509960174560092 -0.9698035120963908 1.8949923515319824 4.7275309562683105 1.9438371658325195 2.038096253071921 0.7634163498878479 
car 27.244026184082145 10.009567260742642 -1.099089741706834 1.9073532819747925 4.398543357849121 1.6348614692687988 -2.731407642364502 0.6909531950950623 
car -19.065013885497933 36.26376342773483 0.22083237767222386 1.942427635192871 4.513366222381592 1.7143620252609253 -0.9361333250999458 0.5861774682998657 
car 15.928596496582031 -23.078855514525912 -1.9084234237670898 1.8097546100616455 4.288086891174316 1.5743870735168457 -1.1211304664611823 0.29226285219192505 
car -14.614250183105469 -32.19137573242165 -1.002730131149292 2.0205295085906982 4.65662956237793 1.853790521621704 -2.9203457832336426 0.19906671345233917 
car -46.54354858398426 -1.0050354003901703 -0.2753927409648753 2.025611639022827 4.7001543045043945 1.7711435556411743 0.42847561836242615 0.1418786197900772 
car 30.380386352539176 14.718994140625455 -0.12141910195349226 1.8950759172439575 4.365817070007324 1.7201789617538452 0.5761796236038202 0.139850914478302 
car 51.4415740966798 51.333869934082486 2.0722692012786865 1.9525797367095947 4.6065568923950195 1.7753629684448242 1.980782334004538 0.13318893313407898 
car 5.667285919189567 -36.983352661132585 -2.5290346145629883 1.8748817443847656 4.378652572631836 1.658469557762146 -1.558664679527283 0.13064827024936676 
car -41.79529190063454 10.999855041504134 0.08171436190606585 1.912951946258545 4.430002212524414 1.7159022092819214 -1.330779552459717 0.12711894512176514 
car 4.997650146484489 -53.99074172973633 -2.269325017929077 1.936211347579956 4.53062629699707 1.7013719081878662 1.334028363227844 0.12001809477806091 
car 3.3031883239746094 -53.926795959472656 -1.8560137748718262 2.0331811904907227 4.829450607299805 1.8120043277740479 0.9811803102493281 0.11057308316230774 
car 36.365974426269645 -53.11041259765602 -2.642685890197754 1.902943730354309 4.401087760925293 1.6529951095581055 -1.175451517105103 0.10639604926109314 
car -10.98033523559559 -27.90730667114235 -0.31660035252571106 1.612992286682129 2.942103862762451 2.4450013637542725 0.45092999935150085 0.1991422474384308 
car 4.515293121338004 -53.83816146850563 -2.4647810459136963 2.4690773487091064 4.622150897979736 2.696596622467041 1.5292707681655886 0.18869289755821228 
car -34.98469543457031 18.89728546142601 1.1604897975921773 2.730088710784912 4.347018718719482 3.0194151401519775 -2.4185872077941895 0.18752184510231018 
car -14.733078002929574 -32.653423309325945 -1.1073130369186401 2.1717798709869385 5.4277544021606445 2.11393666267395 -1.9161057472229006 0.16790719330310822 
car 44.09879302978527 38.018898010254134 1.894042730331435 2.6647608280181885 6.30728816986084 3.132216691970825 -2.7176365852355957 0.15712258219718933 
car 32.10057830810558 -34.453056335448764 1.3559526205063008 3.159510850906372 5.289335250854492 3.271073341369629 0.11007773876190087 0.15562839806079865 
car -19.477890014648324 36.790596008301236 0.28528279066087237 2.118316411972046 5.809506416320801 1.9667160511016846 -0.9407587051391606 0.15244272351264954 
car -45.271633148193246 24.388809204102017 0.7753883600235127 2.0547983646392822 3.939535140991211 2.300886392593384 -2.9515292644500732 0.14618343114852905 
car 2.1035118103029617 26.64769744873047 1.2653007507324219 2.892526626586914 5.880875110626221 3.1831820011138916 -1.0474425554275517 0.11614910513162613 
car -42.88927841186512 42.925422668457486 1.8678327798843384 2.3153483867645264 5.236018180847168 2.918372631072998 -1.7432041168212895 0.10915185511112213 
car 2.7678375244140625 -53.90265274047806 -1.91869473457335 2.447383165359497 6.210568904876709 2.6351261138916016 1.2866805791854856 0.10281647741794586 
car 37.5366668701173 -51.21151733398415 -2.6715321540832377 2.195870876312256 5.468521595001221 2.113076686859131 0.6673165559768669 0.10275779664516449 
car -6.257255554199105 37.450180053711165 0.8693153858184814 2.8004190921783447 5.8080644607543945 2.898196220397949 -0.8200580477714544 0.1026780754327774 
car 23.607299804687614 11.623313903808821 0.47888606786729326 3.024366617202759 12.00990104675293 4.549705505371094 -2.6822776794433594 0.7972640991210938 
car 50.06127166748058 40.559020996094205 2.6715762615204 2.8102965354919434 11.702444076538086 3.681325912475586 0.42602455615997264 0.10420801490545273 
car 47.72215270996105 33.92642211914085 1.5066931247711182 3.12454891204834 13.620173454284668 3.9254658222198486 0.322890639305114 0.1035008430480957 
car -10.514373779296761 -45.978031158447266 -1.5748263597488403 2.3416748046875 5.809721946716309 2.5959980487823486 0.46514427661895713 0.10243327170610428 
movable_object -41.67565536499012 42.280891418457486 1.3701828718185567 2.464965581893921 0.42720234394073486 1.040543794631958 0.3912035226821894 0.21220707893371582 
movable_object -21.81334686279297 33.94431304931686 -0.3420653939246989 2.924100399017334 0.6262123584747314 0.9688392877578735 -2.720876216888428 0.15122221410274506 
movable_object 42.82358551025402 31.568107604980696 -0.025157082825913335 2.0763697624206543 0.5728471279144287 1.1329244375228882 -1.1758189201354983 0.14923572540283203 
movable_object -42.45259857177723 44.00339508056686 1.5511097908020162 2.623392105102539 0.44717276096343994 1.0090289115905762 0.4236925840377801 0.14381378889083862 
movable_object 5.259735107421989 -53.127326965331804 -2.4080309867858745 1.9906671047210693 0.5036523938179016 1.0046229362487793 0.31739854812621987 0.14312905073165894 
movable_object -14.48940277099598 23.787765502929915 -0.3424491882324219 2.1949245929718018 0.4937448501586914 1.0031907558441162 -2.619987964630127 0.12730732560157776 
movable_object -10.317611694335938 -5.144145965575717 -0.4218405485153056 2.722900867462158 0.40203937888145447 0.9281867742538452 0.495684027671813 0.10449910163879395 
bicycle -5.932453155517578 -11.062171936034929 -1.0932118892669678 0.6057848334312439 1.7685344219207764 1.7588549852371216 -1.067706227302552 0.6178608536720276 
bicycle 15.255645751953239 -22.34440040588356 -1.8144670724868774 0.856403648853302 2.199206829071045 1.7308317422866821 -1.0848890542984013 0.5620070695877075 
bicycle -41.7216339111327 42.94701385498092 1.1828943490982198 0.788570761680603 1.9323855638504028 1.543804407119751 -0.0812693834304817 0.28902971744537354 
bicycle 28.885658264160156 13.468124389648438 0.07512947916985979 0.5670112371444702 1.6534913778305054 1.1268216371536255 2.182148281727926 0.27002763748168945 
bicycle -34.512554168700945 -9.307121276855014 0.02506472170354357 0.69459468126297 2.099384307861328 1.3946248292922974 0.1442960500717156 0.23410198092460632 
bicycle 5.151180267334098 -52.98773193359352 -2.3779096603393555 0.7270441651344299 1.962330937385559 1.3699073791503906 -1.134180784225464 0.21822653710842133 
bicycle -17.6223335266111 -2.183242797851335 -1.585158586502061 0.4354698657989502 1.3502429723739624 1.0427496433258057 -1.7706129550933842 0.2065463364124298 
bicycle -9.373092651367074 -31.40406990051224 -1.7388076782226562 0.6650451421737671 1.843597173690796 1.2055442333221436 1.4525426626205444 0.1929694414138794 
bicycle -35.86106109619129 28.605354309082486 0.2154332697391652 0.6510070562362671 1.8348257541656494 1.221421241760254 -2.301615715026856 0.1884213089942932 
bicycle 31.535339355468977 6.178554534912564 -1.9967031478881694 0.46608611941337585 1.5085575580596924 1.0351582765579224 -2.751229763031006 0.18759766221046448 
bicycle -45.16193771362293 24.78402709960983 1.0449485778808594 0.7428967356681824 2.4119174480438232 1.6216256618499756 -0.8808134198188786 0.18700242042541504 
bicycle -44.24330139160145 24.230300903320767 1.194970488548293 0.7899956107139587 2.068364381790161 1.4864288568496704 0.6631711721420284 0.1784755289554596 
bicycle 53.73451995849621 36.247779846191634 1.590437412261963 0.7257300615310669 2.367523670196533 1.9986273050308228 0.5806630849838248 0.16953825950622559 
bicycle -10.393630981445199 -21.833564758300327 -2.3209617137908936 0.33614784479141235 1.1276471614837646 0.977398693561554 -1.6645417213439946 0.15598225593566895 
bicycle 42.84986877441406 31.566230773926236 0.41640788316726685 0.7289224863052368 2.1484498977661133 1.4232909679412842 0.4683552980422967 0.1559601128101349 
bicycle 5.025321960449446 -35.677173614501726 -2.5159177780151225 0.5578977465629578 1.5925371646881104 1.1798105239868164 1.843644444142477 0.14985652267932892 
bicycle -0.28956985473621444 -35.086685180663835 -3.102982044219985 0.5504270792007446 1.602687120437622 1.141810417175293 -1.7533245086669924 0.14940252900123596 
bicycle -6.157318115234261 -11.526130676269077 -1.1248574256897115 0.6378294229507446 1.8681073188781738 1.4729640483856201 -1.2771309614181523 0.14687904715538025 
bicycle 6.3633003234865555 36.28163909912132 0.13870759308338165 0.6462636590003967 1.8661417961120605 1.2595148086547852 -1.4827723503112795 0.14337047934532166 
bicycle -15.420509338378793 1.5063362121584305 -0.3972436189651489 0.5675452351570129 1.6026098728179932 1.0635164976119995 1.6470478216754363 0.1407816857099533 
bicycle 37.37099456787121 -24.894407272338412 -0.0976654440164424 0.5846938490867615 1.9400110244750977 1.3240574598312378 -2.475569725036621 0.14017359912395477 
bicycle 19.556823730468977 32.79280090332077 0.20230281352998247 0.6713504195213318 1.7371761798858643 1.7397838830947876 -2.3806509971618652 0.13440364599227905 
bicycle -12.843856811523324 -11.771125793456804 -1.0695428848266602 0.5996010899543762 1.6633538007736206 1.1318048238754272 -3.042384386062622 0.13296297192573547 
bicycle -21.30522537231434 33.200477600097656 -0.4562610983848572 0.7387610077857971 2.2148945331573486 1.4056719541549683 2.020124260579245 0.13120408356189728 
bicycle 1.3778114318848793 27.321380615234602 0.23788270354270935 0.5816662311553955 1.7176728248596191 1.1724810600280762 -3.103374481201172 0.13041335344314575 
bicycle 6.205001831054801 -9.338554382323991 -1.6155861616134786 0.4563670754432678 1.5786716938018799 0.9717628955841064 -1.032312154769898 0.1300373077392578 
bicycle 8.051017761230582 20.030197143554688 -0.30143412947653303 0.681660532951355 1.7018617391586304 1.2312393188476562 0.6520546674728389 0.12731242179870605 
bicycle -32.239807128906136 20.08390045166061 -0.050158768892274 0.5564035177230835 1.5984365940093994 1.1077945232391357 2.327971283589499 0.12617553770542145 
bicycle 0.8510360717774574 25.426300048828352 0.21554294228553772 0.571074366569519 1.660554051399231 1.1659908294677734 1.3652318716049194 0.12373636662960052 
bicycle 27.271110534668082 -25.450746536254428 -2.513171672821045 0.4598325490951538 1.496869444847107 1.1145734786987305 -0.7476321458816537 0.12344033271074295 
bicycle -29.14621162414528 11.848747253418423 0.14971116185188293 0.6134870052337646 1.8998774290084839 1.2625641822814941 1.9485285917865207 0.12292143702507019 
bicycle 39.92127990722679 -49.362075805663835 -2.6876368522644043 0.7133232355117798 1.897545337677002 1.5005728006362915 -0.6306173801422127 0.12217135727405548 
bicycle 14.590873718261832 -20.899158477782976 -1.8452775478363037 0.8179723620414734 2.2858057022094727 1.702783465385437 -1.1193304061889653 0.12157464027404785 
bicycle 4.558223724365348 -35.613052368163835 -2.4212722778320455 0.6608178615570068 1.7711105346679688 1.2276897430419922 1.7054646650897431 0.12005215883255005 
bicycle -33.905242919921875 18.273551940918196 0.08957496285439959 0.5934655666351318 1.7644009590148926 1.2896519899368286 1.4046436548233032 0.11726117134094238 
bicycle -3.27974700927723 35.7320251464846 0.13968612253665924 0.5587082505226135 1.7234855890274048 1.1754238605499268 -1.757237315177918 0.11258139461278915 
bicycle 4.517021179199332 20.00160980224632 -0.28565263748168945 0.5965074300765991 1.5680255889892578 1.1385552883148193 2.860986773167746 0.11246342211961746 
bicycle -34.52347564697243 26.618911743164517 -1.0805375576019145 0.6403969526290894 1.7981665134429932 1.2423021793365479 -1.2471469640731816 0.11180257052183151 
bicycle 20.643333435058707 30.31048583984375 -0.5445767641067505 0.6240838766098022 1.7665491104125977 1.1797280311584473 -3.0083060264587402 0.11074228584766388 
bicycle -29.55467224121071 23.18251037597679 -0.78275066614151 0.6332769393920898 1.6846517324447632 1.1659797430038452 0.1405682563781733 0.1092948466539383 
bicycle -23.26742553710926 2.6218833923342117 -0.12195052206516266 0.5592800378799438 1.629885196685791 1.159811019897461 1.9766162077533174 0.10880205035209656 
bicycle -7.004287719726449 -5.758956909179233 -1.075597286224351 0.49638283252716064 1.4655693769454956 1.088086485862732 1.9453075567828582 0.10874539613723755 
bicycle 37.07315826416027 -24.935338973999023 -0.15590649843215942 0.6068534255027771 1.925698161125183 1.2668993473052979 -0.5386438369750985 0.10828694701194763 
bicycle 7.522163391113509 20.717346191406477 -0.1944960057735301 0.5984246134757996 1.6600466966629028 1.121385097503662 -0.2309253215789804 0.10827682912349701 
bicycle -39.81929397583008 -6.267429351806413 0.31024980545043945 0.6524591445922852 2.1296370029449463 1.4242985248565674 -1.8295878171920776 0.10550129413604736 
bicycle 22.44886779785179 -21.258678436278842 -1.9959695339202739 0.6200154423713684 1.807847023010254 1.140019416809082 -1.1624363660812385 0.10196901857852936 
bicycle 30.228996276855582 0.765689849853743 0.1586253345012807 0.8384069204330444 2.5097556114196777 1.61050546169281 1.2809587717056274 0.10136918723583221 
bicycle -25.452730178832894 32.123718261719205 -0.8048328161239624 0.6178038120269775 2.1729207038879395 1.357285976409912 1.6927288214312954 0.10132329910993576 
pedestrian -2.742313385009652 -11.714633941649936 -1.1814831495284892 0.6165263056755066 0.5568891167640686 1.8330196142196655 0.6268512010574336 0.8927220106124878 
pedestrian -3.393848419189453 -9.351570129394304 -1.1472951173782349 0.6602691411972046 0.5852844715118408 1.7503235340118408 0.15566027164459126 0.8738172650337219 
pedestrian -4.598388671874886 -11.137420654296648 -1.1001403331756592 0.6657226085662842 0.6143578290939331 1.8505502939224243 0.22461366653442327 0.8448333740234375 
pedestrian -3.326389312744027 -9.818298339843523 -1.1405242681503296 0.6507267951965332 0.5826728940010071 1.7847070693969727 0.34526479244232083 0.8383515477180481 
pedestrian 17.58482360839855 1.5885887145998367 -1.1729525327682495 0.6367577314376831 0.5725637078285217 1.8934117555618286 2.2171123663531707 0.8292704820632935 
pedestrian -3.972301483154297 -12.265079498290788 -1.183481693267808 0.6126021146774292 0.556794285774231 1.8692609071731567 0.7203437089920041 0.797768235206604 
pedestrian -0.47960281372058944 19.014686584472884 -0.29587849974632263 0.6661864519119263 0.6495324969291687 1.804980754852295 -2.501463651657105 0.7939785122871399 
pedestrian 0.11898803710948869 -20.29561614990189 -1.5865539312362529 0.6989677548408508 0.8137249946594238 1.7786017656326294 1.7275560537921357 0.7277162075042725 
pedestrian 5.662258148193473 -7.742294311522983 -1.0978071689605713 0.6285738348960876 0.5915506482124329 1.7697497606277466 -0.30751502513885587 0.692686915397644 
pedestrian -14.306465148925668 -18.140747070312273 -1.0375746488571025 0.643796980381012 0.725805401802063 1.7361023426055908 2.1181386152850554 0.6467432379722595 
pedestrian 19.596260070800895 32.8239440917971 0.2721332311630249 0.6459856033325195 0.6949067115783691 1.7943068742752075 -2.445980548858643 0.4278374910354614 
movable_object -17.529453277587777 -2.2576942443845383 -1.5236011743545532 0.334775447845459 0.34718015789985657 0.7772085666656494 0.43262660503387346 0.4226849675178528 
pedestrian -3.8688049316405113 -12.681335449218295 -1.2117483615875244 0.6270065307617188 0.61371910572052 1.871311068534851 0.8139423131942746 0.3071851134300232 
pedestrian 17.563003540039062 1.1332054138185867 -1.181394338607788 0.6761581897735596 0.6505720019340515 1.8776618242263794 2.2585137526141574 0.29875990748405457 
pedestrian 18.211662292480582 1.6222648620607742 -1.2097243070602275 0.6417663097381592 0.6261900663375854 1.878502368927002 2.1054742972003386 0.2977626919746399 
pedestrian -4.441051483154183 -11.576484680175554 -1.1105543375015117 0.6582642197608948 0.6179648637771606 1.8593084812164307 0.3965235948562619 0.2886542081832886 
pedestrian 3.3085594177246094 -37.46557998657204 -2.325493335723891 0.6240368485450745 0.5724514126777649 1.752213478088379 1.0214964151382442 0.2866549491882324 
movable_object -0.10616683959949569 21.50552368164108 -0.2607818543910696 0.5088474154472351 0.5202111601829529 1.4406667947769165 -2.561460256576538 0.28589627146720886 
pedestrian -38.08347320556629 2.803638458252408 -0.20422752201555738 0.6462467908859253 0.6112253069877625 1.8114720582962036 -0.22866654396057168 0.28374600410461426 
pedestrian 21.189392089843977 35.11492919921898 0.7510530948638916 0.6462905406951904 0.6285062432289124 1.8015440702438354 -2.387749195098877 0.272361695766449 
movable_object 20.004615783691634 -1.7039604187009445 -1.2758777141571045 0.4145338535308838 0.41213151812553406 1.3423535823822021 2.6526821295367644 0.24456678330898285 
pedestrian -3.4168777465819176 -12.311805725097656 -1.2020183801651 0.5926303267478943 0.5693134665489197 1.8565374612808228 0.7897914648056025 0.2115192413330078 
movable_object 19.423942565918082 -1.4583396911616546 -1.226451277732835 0.4645862579345703 0.466687947511673 1.418078064918518 2.5397713820086887 0.2014715075492859 
pedestrian -3.3606796264646164 -12.81523132324196 -1.2810125350952006 0.6137458086013794 0.6117760539054871 1.8523069620132446 0.8275614976882928 0.19722265005111694 
pedestrian -42.10361480712879 43.05952453613304 1.4267762899398946 0.6453230977058411 0.6702526807785034 1.7433650493621826 -0.5579713582992563 0.19186913967132568 
pedestrian -39.94254302978504 -5.10934448242142 0.6085667014122151 0.6792697906494141 0.704922616481781 1.8282122611999512 3.14157754579653 0.18419316411018372 
movable_object 4.895618438720703 -35.3058166503904 -2.662970542907715 0.43781059980392456 0.4311233162879944 1.3757410049438477 0.8533669710159295 0.1836380660533905 
movable_object 18.153861999511832 -3.173164367675554 -1.5962419509887695 0.3876893222332001 0.4009239673614502 0.7716478109359741 -2.705899238586426 0.18236222863197327 
pedestrian 2.8284950256348793 -36.673171997070085 -2.2445530891418457 0.6530054807662964 0.6094274520874023 1.741511344909668 -0.0918576717376719 0.17905305325984955 
movable_object 17.89644622802757 -2.8449363708491546 -1.5313510894775249 0.4067096710205078 0.40964576601982117 0.9048291444778442 3.055116478596823 0.16603651642799377 
pedestrian 8.200244903564567 20.01179504394554 -0.20666028559206495 0.6066570281982422 0.6332786083221436 1.503394365310669 -2.1794807910919194 0.16354107856750488 
pedestrian 21.27236938476574 34.68341064453148 0.7406004071235941 0.6454038619995117 0.6617152690887451 1.7882789373397827 -2.596557140350342 0.1632099449634552 
pedestrian 3.157413482666243 -36.960212707519304 -2.285681724548354 0.6391677260398865 0.6112345457077026 1.757669448852539 0.5349451303482049 0.1489366739988327 
pedestrian -2.3329734802244957 -11.825347900390398 -1.2051438093185283 0.6794703006744385 0.6858683824539185 1.8058080673217773 0.6737295389175408 0.14025931060314178 
pedestrian 31.285827636718977 36.71186828613304 1.2224906682968282 0.6366778016090393 0.6600106954574585 1.7299871444702148 -2.560497760772705 0.13163934648036957 
movable_object 19.144226074218977 -1.4199295043943039 -1.2598708868026733 0.45658737421035767 0.46691712737083435 1.4360456466674805 2.457394425068991 0.13061359524726868 
pedestrian 39.776931762695426 -49.052986145019304 -2.7427589893341064 0.6462741494178772 0.6851876974105835 1.8538844585418701 -0.36215341091156084 0.1256352663040161 
movable_object -5.757873535156136 -13.077003479003679 -1.3724219799041748 0.4001510739326477 0.39664116501808167 1.1791701316833496 0.6169165372848505 0.12131115794181824 
pedestrian -23.189905166625863 2.6559753417971024 -0.40813931822776794 0.6554710865020752 0.7218652367591858 1.5031346082687378 0.9408222436904904 0.12102951854467392 
pedestrian -36.43775939941406 -17.87119293212845 0.8634476065635823 0.5689041614532471 0.5551127195358276 1.6720489263534546 1.733813110982077 0.11482320725917816 
pedestrian -36.44091796875 -16.713409423827898 0.8508427143096924 0.6092408299446106 0.6055639982223511 1.7319265604019165 -2.5139718055725098 0.11410193145275116 
movable_object -36.26075744628895 25.460556030273665 -0.7354100346565104 0.38055652379989624 0.3805083632469177 1.0535435676574707 -0.5039199590682989 0.11259032040834427 
movable_object -7.068614959716683 -5.632064819335483 -1.141834259033189 0.4083594083786011 0.40797778964042664 1.10243821144104 0.8466309309005732 0.11119593679904938 
movable_object -8.320587158202898 15.66963195800804 -0.8101406693458415 0.5349500179290771 0.5849510431289673 1.0168979167938232 -1.2359161376953127 0.11111774295568466 
movable_object 20.192642211914176 30.19820404052757 -0.3470069169998027 0.4799567461013794 0.4903900623321533 1.3460224866867065 -1.5296913385391238 0.10676746070384979 
pedestrian -42.787376403808594 2.2400245666508454 -0.5157051682472087 0.5958805680274963 0.6063920855522156 1.6501814126968384 -2.427021980285645 0.10563045740127563 
movable_object -6.922634124755746 -11.098228454589616 -1.2767066955566406 0.42294248938560486 0.45218223333358765 1.188737392425537 -1.098023891448975 0.10533222556114197 
movable_object -29.90269851684559 4.597633361816634 0.3801836967468404 0.39217954874038696 0.38314923644065857 1.3177400827407837 1.309574007987976 0.10442151129245758 
pedestrian 33.41082000732433 -29.023185729980014 0.18931643664838305 0.595630943775177 0.5933993458747864 1.6722543239593506 -2.8681950569152828 0.10369427502155304 
pedestrian 7.524974822998161 20.780715942383267 -0.2233784496784068 0.5390970706939697 0.5478663444519043 1.4032453298568726 -1.2808392047882087 0.102913998067379 
pedestrian -5.835971832275277 -11.030807495116733 -1.0570249557494975 0.6726665496826172 0.8505537509918213 1.8421211242675781 -0.9641261696815497 0.10161703824996948 
pedestrian -35.10812759399414 -9.417961120605014 0.04230375587941637 0.5636692643165588 0.5703344345092773 1.5107097625732422 0.4102708101272573 0.1004616916179657 
pedestrian -44.6499214172361 39.38546752929733 1.1400223970413208 0.6351548433303833 0.6554504632949829 1.7387738227844238 -0.4121142625808724 0.10040856897830963 
pedestrian -2.9284629821776207 -9.354042053222429 -1.2096453905105449 0.7023366093635559 0.7039515972137451 1.7513896226882935 0.11966681480407637 0.10024465620517731 
8336b62c3f6f4bb988c3865cc5df4446