car 7.407333374023544 4.519649505615234 -0.8684948086738586 1.93992018699646 4.651852607727051 1.5765899419784546 3.1156552473651327 0.8384044170379639 
car -8.23739242553706 27.92842102050804 0.5280349850654744 1.8526705503463745 4.5127668380737305 1.6081030368804932 -1.5864065885543825 0.8214596509933472 
car 7.389263153076236 1.9279365539553055 -1.0091912746429443 1.8102457523345947 4.1639723777771 1.532456398010254 -3.1213550567626953 0.815951406955719 
car 7.665782928466868 -0.835411071776889 -0.9585567712783671 1.8920867443084717 4.362929344177246 1.7204976081848145 0.034849524497986055 0.8159093856811523 
car -8.128875732421811 -4.696292877196811 -1.2062624692916728 2.066012144088745 5.079143047332764 1.9050695896148682 -1.5781387090682986 0.8094150424003601 
car 7.979770660400462 -3.7242927551267258 -1.0756506919860556 2.033068895339966 4.757709503173828 1.8536335229873657 7.47442245484528e-05 0.8029964566230774 
car 7.593402862548849 -6.4468460083003265 -1.2274751663207866 1.897521734237671 4.4061150550842285 1.7027534246444702 0.03566467761993429 0.7992205619812012 
car 8.205204010009815 -11.760440826415788 -1.4392604827880717 1.9750841856002808 4.516101837158203 1.7921278476715088 0.0372207164764408 0.7929455041885376 
car -8.250469207763608 14.886978149414517 -0.3295546770095825 1.8841726779937744 4.7303314208984375 1.5486470460891724 -1.5989335775375368 0.7855070233345032 
car 7.386421203613317 -9.115596771240007 -1.3653727769851685 2.00034499168396 4.708654880523682 1.6931641101837158 -3.1202821731567387 0.7523877620697021 
car -8.27965164184559 22.294296264648665 0.13394376635552874 1.9141435623168945 4.87947416305542 1.5684270858764648 -1.554002046585083 0.7235230803489685 
car 12.321899414062564 17.87545776367233 -0.22755663096903334 1.92606782913208 4.537099838256836 1.6888971328735352 0.07829034328460663 0.7184430360794067 
car 7.9173583984374645 7.098133087158658 -0.5493781566619731 1.9804619550704956 4.776816368103027 1.8619170188903809 -0.05250847339630113 0.706352174282074 
car 7.574268341064425 -28.076873779296648 -2.375958919525118 1.900895357131958 4.382593154907227 1.5888826847076416 3.1336019674884237 0.6734374761581421 
car 7.969554901123125 -14.513626098632585 -1.6101588010787822 2.0012338161468506 4.697204113006592 1.7549787759780884 3.0934076944934286 0.6546306610107422 
car -0.25986099243166194 -33.430534362792514 -2.4064207077026225 1.9373366832733154 4.5104594230651855 1.6339250802993774 1.6230705420123497 0.6215169429779053 
car 19.63982391357419 -6.368396759032748 -1.7351002693176127 1.9541587829589844 4.484817981719971 1.7091753482818604 0.020397067070007425 0.6141551733016968 
car 19.653717041015682 1.8618354797367829 -1.547244787216158 1.9435820579528809 4.354196548461914 1.6134860515594482 3.136523548756734 0.5990967154502869 
car 7.444461822509801 -19.90452575683571 -1.9140856266021586 1.865642786026001 4.338326930999756 1.5711264610290527 -3.121512413024903 0.5942504405975342 
car 19.684402465820362 7.310558319092024 -1.1171445846557333 1.8953145742416382 4.224584579467773 1.5878472328186035 3.055667463933126 0.5873125195503235 
car 8.136798858642614 -41.76644897460915 -2.46254181861876 1.9091343879699707 4.440341949462891 1.688002109527588 -0.014739036560058604 0.5777567625045776 
car 8.01872634887701 26.567077636718977 0.3436879813671254 1.9919428825378418 4.828133583068848 1.6343262195587158 -2.9824457168579106 0.5564559698104858 
car 19.413986206054673 -3.7443618774409515 -1.7055739164352275 2.087916374206543 4.850429534912109 1.686273217201233 0.04094040393829373 0.5526782870292664 
car 20.070442199707074 45.75839996337936 0.1499612629413889 1.9963579177856445 4.694309234619141 1.7275655269622803 0.031278729438781974 0.5168624520301819 
car -7.6745758056640625 41.03884887695358 1.4893136024475382 2.151175022125244 5.516826629638672 2.0947649478912354 -1.549975633621216 0.5110600590705872 
car 20.11627960205081 34.63151550293014 0.08923931419850817 1.9763171672821045 4.582165718078613 1.6889958381652832 -0.13399708271026609 0.4834875464439392 
car 19.981384277343814 4.671966552734602 -1.4133293628692485 1.9082181453704834 4.498589038848877 1.6047693490982056 -0.05383777618408216 0.47508758306503296 
car -7.933387756347571 34.46354675293014 0.8071268200874471 1.9127188920974731 4.6265974044799805 1.6300383806228638 -1.5943703651428225 0.45724719762802124 
car 7.634838104248068 37.52163696289085 0.7172452807426595 1.8142955303192139 4.247941970825195 1.5529522895812988 3.04066497484316 0.4247974455356598 
car 20.606338500976648 13.004714965820767 -0.6396704912185527 1.8820526599884033 4.326189041137695 1.6235742568969727 3.0858328978167933 0.39366596937179565 
car 7.984191894531293 -33.35507965087845 -2.382527351379366 2.0480546951293945 4.811522483825684 1.7631323337554932 -3.0231695175170907 0.37342292070388794 
car 7.978183746337912 29.62150573730537 0.281162410974531 1.9702457189559937 4.570937156677246 1.6193187236785889 -3.0678739547729497 0.3428076207637787 
car 8.080230712890668 -35.71430969238236 -2.706337213516221 1.8800427913665771 4.373934745788574 1.5950816869735718 3.1212144533740442 0.3427777886390686 
car -9.246486663818267 53.842514038086165 2.177016258239746 1.9623721837997437 4.59243106842041 1.7129714488983154 -1.2925465106964111 0.26639097929000854 
car 8.132362365722784 51.14696502685592 1.3229451179504537 1.9393898248672485 4.512860298156738 1.6865556240081787 0.04839885234832785 0.2592116594314575 
car 20.603134155273516 39.866806030273665 0.3083002865314626 1.9414849281311035 4.486978054046631 1.6707916259765625 -0.03746831417083724 0.2509714365005493 
car 8.124645233154418 39.97343444824264 0.7871928215026855 1.8462438583374023 4.302651405334473 1.5903798341751099 -3.027345895767212 0.23470203578472137 
car 20.163810729980526 15.853248596191861 -0.4138956069946147 1.9057831764221191 4.338335037231445 1.6491678953170776 0.09503006935119622 0.23275436460971832 
car 8.10996246337885 -38.7850723266597 -2.639515399932847 1.9912861585617065 4.586644172668457 1.6746594905853271 -3.119451999664307 0.22024695575237274 
car 20.150634765625043 -10.9298286437986 -1.9447596073150493 2.027468204498291 4.759588241577148 1.7939318418502808 0.036113023757934536 0.21921434998512268 
car 7.49779129028326 -30.86685180664017 -2.44669127464293 1.8787678480148315 4.330047130584717 1.6214865446090698 -3.090166091918946 0.21162909269332886 
car 20.064605712890618 9.919128417968977 -0.9083640575408793 1.919041395187378 4.433662414550781 1.6960376501083374 3.131771151219503 0.19861377775669098 
car 8.06401824951174 -25.418535232543718 -2.3287062644958354 1.9484800100326538 4.526882648468018 1.6426931619644165 3.0980241934405726 0.19197902083396912 
car -7.600284576415973 54.105827331543196 2.184480667114272 1.9299910068511963 4.323770523071289 1.7079862356185913 0.3131067752838136 0.1690107136964798 
car 7.508453369140703 35.04919433593773 0.5212790369987488 1.9058301448822021 4.448145389556885 1.5977576971054077 3.0990913550006307 0.15666088461875916 
car 20.630012512207017 11.142875671386946 -0.7166085839271545 1.8089995384216309 4.239534378051758 1.6212255954742432 -3.054734945297241 0.1465478241443634 
car -17.08352661132811 -53.71715164184525 -3.5751335620880127 1.9325072765350342 4.537301540374756 1.7069345712661743 1.185100436210632 0.14224064350128174 
car -8.042266845703075 48.274711608886946 1.6980756521224976 1.8359063863754272 4.392755031585693 1.56954026222229 -1.5052120685577393 0.14208143949508667 
car 19.063133239746207 14.117263793945767 -0.5427967905997946 1.8742315769195557 4.46858024597168 1.650730013847351 -1.959188222885132 0.14157330989837646 
car 7.935661315918026 -22.580965042113803 -1.9255511760711528 2.264458417892456 5.675326347351074 2.0766043663024902 0.04470622539520293 0.13563314080238342 
car 7.350753784179702 -17.26922988891556 -1.6289834976196147 2.0930991172790527 5.37562370300293 1.8690826892852783 -0.01945614814758298 0.13430777192115784 
car -13.438453674316335 -46.484050750732195 -2.9548709392547465 1.9307581186294556 4.550743103027344 1.7396361827850342 -2.0905411243438725 0.13361357152462006 
car 11.15415954589848 26.787406921386946 0.1063387766480588 1.8403151035308838 4.301820755004883 1.5710808038711548 -2.2201304435729985 0.11838407814502716 
car -17.740886688232358 -51.91024398803688 -3.4491050243377543 1.913475751876831 4.384571075439453 1.6192853450775146 -0.08318817615509046 0.1053260937333107 
car 3.8863143920898153 -53.99404907226517 -1.5988303422927856 1.9726495742797852 4.5069990158081055 1.8098706007003784 1.7323368231402796 0.10382209718227386 
car -8.070812225341768 7.048992156982877 -0.24618637561796675 2.6793737411499023 7.384393692016602 2.8262884616851807 -1.6200406551361086 0.8035662770271301 
car 7.9360771179200285 -22.613897323607944 -1.879875898361206 2.169100522994995 5.75377893447876 2.0751852989196777 0.07663214206695569 0.6897464394569397 
car 7.33991241455081 -17.270580291747592 -1.619427680969224 2.0222198963165283 5.339324474334717 1.8885116577148438 -0.0004798173904418013 0.6811419725418091 
car 8.082111358642663 -33.32020568847611 -2.4090523719787456 2.016270160675049 5.114995002746582 1.858296513557434 0.04541623592376736 0.39592111110687256 
car -7.663848876953061 41.10845184326217 1.44816637039186 2.0654172897338867 5.513404846191406 1.995389461517334 -1.5354681015014648 0.3389619290828705 
car 6.940879821777322 -42.252014160155795 -2.3556113243102885 1.8293766975402832 3.4009041786193848 2.3753409385681152 -1.1781572103500366 0.16662204265594482 
car 8.640525817871115 -39.20627593994118 -2.5041732788085938 2.0933573246002197 5.3017730712890625 1.9140875339508057 -0.020503282546996977 0.15819017589092255 
car 8.052692413330114 26.590522766113736 0.3426460325717926 1.9385437965393066 4.923996925354004 1.7587580680847168 -0.07158422470092803 0.14891061186790466 
car 20.131088256836 45.82803344726585 0.2886417806148671 2.0562291145324707 5.053600788116455 1.8582946062088013 -3.0591759681701665 0.12985564768314362 
car 20.10891723632809 -10.89469909667946 -1.8415486812591553 2.041367530822754 5.351423263549805 1.8451673984527588 -3.1230263710021977 0.12068279832601547 
car 8.69271087646483 51.25793457031273 1.4491096735000752 2.041353702545166 4.958037376403809 1.8101577758789062 -0.0016973018646237188 0.12049011141061783 
car 20.18482971191412 34.6089782714846 0.12157468497754564 2.0123894214630127 5.059473037719727 1.8754487037658691 3.04898435274233 0.11311478912830353 
car -27.940134048461985 -12.900001525878452 0.13191998004916172 2.5141425132751465 4.9606733322143555 2.9939212799072266 0.22114527225494407 0.11255760490894318 
car -9.2966308593749 53.862060546875455 2.1047575473785685 2.338428497314453 5.100238800048828 2.4665491580963135 -0.3764045238494871 0.11220726370811462 
car 7.53561019897456 39.95425415039085 0.7969846129417419 1.7660704851150513 4.69683837890625 1.7923133373260498 0.15371072292327886 0.10237418860197067 
car 8.667903900146591 -35.753013610839616 -2.679377555847168 2.02530837059021 5.282235145568848 1.8516111373901367 -0.05014598369598357 0.10078176856040955 
movable_object 7.6111412048340625 50.289535522461165 1.2346384525299072 1.9278758764266968 0.46428078413009644 0.9950057864189148 -1.547411680221558 0.2421257048845291 
movable_object 19.07608795166015 44.876808166504134 0.12537768483163347 2.0391814708709717 0.6228399276733398 0.9834690093994141 -1.5700582265853884 0.16670408844947815 
movable_object -5.820777893066399 39.9167175292971 0.42723852396012774 2.2075018882751465 0.416680246591568 0.9648504853248596 0.032812356948852844 0.13891495764255524 
movable_object -16.529201507568324 -52.52336120605446 -3.633881568908677 1.9106353521347046 0.6071917414665222 0.9141820073127747 -0.7407305240631106 0.11672162264585495 
movable_object 6.955814361572315 38.17327117919967 0.40357187390328875 2.7421436309814453 0.5140125751495361 0.9578748941421509 2.185463253651754 0.11181006580591202 
bicycle 6.455966949462962 25.485839843750455 0.05924304574729433 0.5605732798576355 1.5887507200241089 1.0686466693878174 -2.9582629203796396 0.36817502975463867 
bicycle -16.45883941650382 -51.90155029296852 -3.8308119773864604 0.8502488136291504 2.0572569370269775 1.3933799266815186 -0.0854808092117306 0.35923755168914795 
bicycle 6.819183349609354 -32.75351715087845 -2.433338403701768 0.8515404462814331 2.468942165374756 1.4532874822616577 0.02206218242645271 0.21579989790916443 
bicycle -13.542369842529297 5.705482482910611 -0.9822641611099101 0.5014628171920776 1.558624267578125 1.202286720275879 -0.5266989469528199 0.18395495414733887 
bicycle -12.25981140136713 -45.15003204345658 -2.341937780380235 0.7526603937149048 2.0250601768493652 1.4026365280151367 0.2525177001953129 0.1333429366350174 
bicycle 7.44059753417968 39.34943389892601 0.6824246048927307 0.5952082872390747 1.7700552940368652 1.202657699584961 -2.5059623718261723 0.13171182572841644 
bicycle -7.544498443603544 52.602760314941634 1.5790327787399434 0.8343034386634827 2.095787763595581 1.6738500595092773 -1.0525238513946535 0.1282673478126526 
bicycle -13.479728698730383 -30.3115673065181 -2.0765907764434672 0.5877454280853271 1.7000795602798462 1.1773631572723389 0.5296508073806765 0.12688800692558289 
bicycle -13.524242401123033 5.229488372802962 -0.9934686422347738 0.584369421005249 1.6162325143814087 1.1964995861053467 -0.9793562293052673 0.12500108778476715 
bicycle -10.517543792724531 -2.0828056335446945 -1.0989803075790263 0.5268622636795044 1.530755877494812 1.1739521026611328 -0.7876909375190735 0.11833108216524124 
bicycle 6.33783340454108 36.955322265625455 -0.060000404715523814 0.5879815816879272 1.789272427558899 1.199512004852295 0.030035853385925158 0.11823008954524994 
bicycle 23.79270172119145 4.425182342529524 -1.0763990879058696 0.5722094774246216 1.608604907989502 1.2161579132080078 1.3621252775192259 0.11707718670368195 
bicycle -10.506347656249929 35.631401062011946 1.6587891578674459 0.6637883186340332 1.866037130355835 1.2476563453674316 -0.24252367019653306 0.11442189663648605 
bicycle 23.73810577392573 -21.200759887694858 -1.3718601465224936 0.5606523752212524 1.5609657764434814 1.1253821849822998 1.584313694630758 0.10918036103248596 
pedestrian -10.350414276122955 35.57715606689476 1.282249450683608 0.6649315357208252 0.7203398942947388 1.8262397050857544 -2.656813144683838 0.3829112648963928 
pedestrian -11.256664276122955 35.648315429687955 1.4206651449203633 0.65842604637146 0.6997865438461304 1.79778254032135 -0.4473289251327513 0.302724689245224 
movable_object -13.539237976074169 5.674594879151073 -1.093167185783372 0.3604144752025604 0.361482173204422 1.185213327407837 0.23764252662658705 0.28664231300354004 
movable_object -13.302490234374986 -30.211641311645508 -2.0741734504699707 0.36506229639053345 0.36606565117836 1.2609277963638306 0.6939975023269651 0.25066787004470825 
pedestrian -7.562507629394531 52.666328430176236 1.8506675958633565 0.7178283333778381 0.7447525262832642 1.7127022743225098 -0.8891296982765201 0.20041805505752563 
movable_object 7.357730865478501 39.33876800537132 0.8864094018936441 0.36950013041496277 0.365817129611969 1.2203830480575562 1.1880658864974971 0.1947040855884552 
pedestrian -16.046272277831967 -51.846706390380405 -3.5026335716247416 0.6033529043197632 0.6182665228843689 1.5084747076034546 -0.04280626773834188 0.15364281833171844 
movable_object -11.834529876708935 -13.888916015624545 -1.6048702001571513 0.33431190252304077 0.3231062889099121 1.03489089012146 0.14086365699768064 0.1351526826620102 
pedestrian -14.257400512695348 -51.92831420898392 -2.6875762939452983 0.6377801895141602 0.6481087803840637 1.7648310661315918 3.0698655287372034 0.13393324613571167 
pedestrian -11.645751953124957 35.281074523926236 1.4668629169464253 0.6833549737930298 0.7162873148918152 1.7805907726287842 0.07824122905731187 0.12480421364307404 
pedestrian 4.949863433837834 -41.77619171142533 -2.0103065967559672 0.6805797815322876 0.6795526742935181 1.8233530521392822 2.27286941209902 0.12340880185365677 
pedestrian 4.100639343261776 -52.58843612670853 -1.539894700050354 0.6358516812324524 0.6247237324714661 1.7197495698928833 0.5963259935379027 0.11436577141284943 
pedestrian 23.892013549804794 1.9068260192875641 -0.4951062798500061 0.4856489896774292 0.45944806933403015 1.5301028490066528 2.809847656880514 0.11231960356235504 
pedestrian -11.869251251220675 -45.07077789306595 -2.5754575729369975 0.7184853553771973 0.7335933446884155 1.818792462348938 -2.7018690109252934 0.11202841252088547 
pedestrian 23.853347778320305 4.632579803467024 -0.9698795080184794 0.5421139001846313 0.5305688381195068 1.4894498586654663 -2.9812617301940922 0.10681681334972382 
movable_object 23.943450927734453 7.303726196289517 -0.5924026966094829 0.4625922441482544 0.4528633654117584 1.270407795906067 -3.0185837745666504 0.10369369387626648 
