car -7.559265136718771 26.665069580078125 0.13455621898175707 1.7925539016723633 4.490681171417236 1.454099416732788 -1.612356781959534 0.867452085018158 
car -8.192104339599595 8.549018859863054 -0.5728568434715271 1.9398554563522339 4.795736312866211 1.6730223894119263 -1.5855864286422732 0.8613680005073547 
car -8.075283050537102 -17.698654174804688 -1.9599400758743286 1.9094725847244263 4.8634467124938965 1.5289517641067505 -1.5413713455200198 0.8555052876472473 
car 20.118621826171804 5.549667358398665 -0.8760874867439128 2.002755641937256 4.583186149597168 1.7914644479751587 0.054824948310852904 0.8316391706466675 
car -8.01232147216804 14.516181945800781 -0.21462427079677582 1.9634265899658203 4.796026229858398 1.7729519605636597 -1.543773174285889 0.8312027454376221 
car -8.080043792724638 -24.979061126708984 -2.3496215343475484 1.857263207435608 4.58015251159668 1.5190463066101074 -1.5913047790527346 0.8219614624977112 
car -7.660423278808672 -6.109840393066406 -1.2162214517593242 1.9443848133087158 4.807375907897949 1.7517223358154297 -1.5699459314346316 0.8206892013549805 
car -8.010360717773423 -12.082927703857422 -1.5574154853820943 1.8468645811080933 4.4617414474487305 1.6341458559036255 -1.5854055881500246 0.7814924716949463 
car 7.999225616455114 -32.891517639160384 -2.3661227226257324 1.933144211769104 4.575545310974121 1.801345944404602 0.03405952453613331 0.7727631330490112 
car -7.533813476562607 1.0513763427736649 -0.6736438274383545 2.147317409515381 5.725624084472656 2.3489224910736084 -1.570174813270569 0.7585288882255554 
car 8.302333831787074 -10.920448303222656 -1.4083448648452617 1.9925296306610107 4.582982540130615 1.7959930896759033 -3.0904870033264173 0.7557554841041565 
car 8.118091583251875 -13.70184326171875 -1.4756174087524272 1.9817843437194824 4.716216564178467 1.7855439186096191 0.027077078819275884 0.752151608467102 
car 7.931087493896555 -2.4630775451657883 -1.1918530464172221 1.8715314865112305 4.444134712219238 1.5454075336456299 3.110519234334127 0.7401431202888489 
car -3.6743011474609943 -22.52059364318825 -2.114016532897949 1.934626579284668 4.653063774108887 1.6595097780227661 -1.5785926580429077 0.7372173070907593 
car 20.51147460937505 -11.131294250488281 -1.7337739467620708 2.064633846282959 4.869327545166016 1.8362513780593872 0.010636925697327285 0.7193626165390015 
car 20.581520080566456 -16.378475189208984 -2.0085625648498535 2.000682830810547 4.7469282150268555 1.6443932056427002 -0.01428973674774114 0.7185684442520142 
car 7.720016479492237 10.894798278808594 -0.34571248292924395 1.9278663396835327 4.475220203399658 1.6590542793273926 -3.0714483261108407 0.6986448168754578 
car 20.514862060546875 12.133453369140398 -0.6354119181632853 2.013275146484375 4.7600531578063965 1.663620114326477 -3.132144212722779 0.6785937547683716 
car 8.042240142822287 -41.03087615966797 -2.8011205196380615 1.9523478746414185 4.528068542480469 1.678061604499817 -0.02266132831573417 0.6664363145828247 
car 7.927375793457053 13.891227722167969 -0.31489676237106323 1.92103910446167 4.612833023071289 1.5453598499298096 -3.037529468536378 0.6418138146400452 
car -5.787487030029304 45.1837158203125 1.3937182426452779 1.9321507215499878 4.747345924377441 1.7100660800933838 -1.5530434846878054 0.6384299993515015 
car 8.485351562499964 0.055057525634765625 -0.8806514739990092 2.0902633666992188 4.964460849761963 1.8527946472167969 3.131751839314595 0.6018384695053101 
car 20.560508728027294 -8.235000610351562 -1.629366636276231 2.0508995056152344 4.898953437805176 1.7919232845306396 -0.014414429664611568 0.5863277316093445 
car -0.40029907226567474 -36.98902130126976 -2.7957751750946045 1.868801236152649 4.360699653625488 1.5912216901779175 1.6095774809466763 0.5815908908843994 
car 20.59089660644529 -19.035865783691406 -2.2546291351318217 1.9057872295379639 4.428900718688965 1.6042195558547974 0.004076361656189904 0.5625959634780884 
car 7.653636932372997 -46.54827499389626 -3.0071911811828613 1.8462148904800415 4.221649169921875 1.5807017087936401 -0.05482912063598587 0.5390752553939819 
car -7.956634521484425 -44.64183807373047 -3.261172771453843 1.987743616104126 4.696084976196289 1.7525691986083984 -1.5989613533020022 0.5056969523429871 
car -8.016941070556676 20.621429443359602 0.09736920893193712 2.1330604553222656 5.706207752227783 1.9846230745315552 -1.5716382265090942 0.46361082792282104 
car 20.00047302246086 -46.59236907959007 -3.215196132659898 2.0050048828125 4.770723342895508 1.758967638015747 0.09222137928009126 0.45910441875457764 
car 8.045646667480483 -43.651275634765625 -3.0374085903167583 1.9341156482696533 4.484321117401123 1.6725521087646484 -0.030598640441893723 0.441909521818161 
car 7.601024627685447 -35.666603088378906 -2.7375056743621684 1.9238489866256714 4.451359748840332 1.604875087738037 3.103667084370748 0.4145458936691284 
car 7.544319152832031 -49.04415512084961 -3.17432594299315 1.84181547164917 4.326107978820801 1.5913515090942383 3.1138077417956747 0.39609020948410034 
car -7.646076202392628 -32.67399215698242 -2.282355785369859 2.417680501937866 6.243717670440674 2.6316065788269043 -1.572434902191162 0.34943848848342896 
car 15.200958251953061 45.399734497070085 1.3544437885284566 1.923501968383789 4.517442226409912 1.6786891222000122 3.1412749926196493 0.3471277356147766 
car 20.576614379882706 -50.7265510559082 -3.170128345489502 2.008169174194336 4.690884113311768 1.750856876373291 -3.0728173255920423 0.3428822457790375 
car 20.573547363281264 -5.289989471435547 -1.5440367460250712 1.9730795621871948 4.599111080169678 1.6733522415161133 -0.021951794624327947 0.3215228021144867 
car 19.56237792968747 -43.591045379638445 -3.3400335311889506 1.973309874534607 4.578150272369385 1.678982138633728 -0.019789338111876765 0.2684887945652008 
car 14.023971557617102 50.79101562499977 1.572756290435791 1.9509012699127197 4.619683742523193 1.6874746084213257 -3.051684379577638 0.2677328586578369 
car 20.62730407714845 0.16570281982421875 -1.2754527330398417 1.9441306591033936 4.536165714263916 1.6898415088653564 0.09744834899902416 0.2537819445133209 
car 15.250961303710888 42.85104370117165 1.180245280265808 1.9075325727462769 4.488389015197754 1.6515519618988037 3.1216700712787064 0.23680387437343597 
car 27.765693664550795 29.068740844726562 0.5778697729110718 2.082923412322998 4.9522223472595215 2.0172529220581055 1.570663332939148 0.2097269743680954 
car 21.31314086914059 -30.2678279876709 -2.251235246658311 1.9700545072555542 4.682998180389404 1.76603364944458 2.5137932936297807 0.19662566483020782 
car 14.677970886230433 48.286537170410156 1.4638445377349996 1.915635108947754 4.4936299324035645 1.651679515838623 -3.0021970272064222 0.19604773819446564 
car 19.597938537597564 -38.686622619628906 -3.2633330821990967 1.9445714950561523 4.460895538330078 1.6551388502120972 0.05860209465026901 0.17479445040225983 
car -6.8798027038575 51.882164001464844 1.800667643547058 1.9243700504302979 4.5413384437561035 1.7035144567489624 -1.4427523612976076 0.1700650155544281 
car 20.641998291015526 -2.679309844970703 -1.5935077667236328 1.9182344675064087 4.457136154174805 1.590817928314209 -0.015107989311217321 0.16836611926555634 
car 29.176414489745994 17.71624755859375 0.3218688964843608 1.9429936408996582 4.514958381652832 1.691150426864624 1.589256588612692 0.1498250812292099 
car 8.085742950439439 -38.60870361328125 -2.7916836738586426 1.9185224771499634 4.423083305358887 1.6291725635528564 -3.1415157318115243 0.14196261763572693 
car -8.094749450683679 52.450576782226335 1.8744288682937622 1.9378435611724854 4.5468220710754395 1.7559995651245117 -1.6119500398635866 0.14008553326129913 
car 20.124320983886733 -21.85809326171875 -2.2449123859405375 1.9530798196792603 4.489189624786377 1.705854058265686 0.014927029609680679 0.13933570683002472 
car 13.524688720702983 19.45128631591774 -0.2738935351371765 1.8591845035552979 4.409249782562256 1.5997400283813477 1.7684524695025843 0.13470402359962463 
car -15.208618164062536 37.47947692871094 1.9348394870757915 1.9772121906280518 4.576382160186768 1.7066607475280762 -3.082343101501466 0.1316814124584198 
car 29.580406188964808 27.86131286621071 0.5211822986602783 2.2101597785949707 5.620514869689941 2.1941685676574707 0.3286468982696542 0.12565970420837402 
car -5.7657241821288565 50.71873474121094 1.7069776058197021 1.8644707202911377 4.363311767578125 1.6339564323425293 -1.5583544969558718 0.12507790327072144 
car 34.496414184570256 29.08080291748047 0.7737134695053243 2.037292957305908 4.6974077224731445 1.7834844589233398 0.13474297523498582 0.12159212678670883 
car 13.454177856445241 38.75984954834007 0.9690085649490356 1.931362271308899 4.579804420471191 1.6437551975250244 3.101560417805806 0.1196298748254776 
car -7.575946807861371 -38.692070007324446 -2.8793129920959473 1.9011043310165405 4.52407169342041 1.647423505783081 -1.5697420835494997 0.11782393604516983 
car 19.549430847167862 -41.086772918700945 -3.471285581588731 1.9237526655197144 4.44320821762085 1.6610913276672363 -0.029594421386718122 0.11731238663196564 
car -7.450405120849659 -50.068023681640625 -3.6987357139587402 1.8714746236801147 4.460110664367676 1.6146794557571411 -1.4622337818145752 0.11544205248355865 
car 11.115226745605412 51.253990173339844 1.5497144460678243 1.8887584209442139 4.450677871704102 1.6295239925384521 -0.9907112121582028 0.11480247974395752 
car 12.432350158691385 51.860931396484375 1.6306662559509277 1.853503942489624 4.347067832946777 1.6182057857513428 -1.766821146011353 0.11419643461704254 
car 7.523738861083899 -51.87381362915039 -3.3735499382019043 1.9316858053207397 4.4806132316589355 1.6774011850357056 -3.0379986763000497 0.10754039883613586 
car 20.703392028808437 -53.84396743774391 -2.7495274543762065 2.0461010932922363 4.853344917297363 1.832951307296753 -2.731745958328248 0.10617464780807495 
car 20.62992858886716 2.741722106933821 -1.2242164611816406 1.85260009765625 4.3675665855407715 1.5420761108398438 0.014867305755615384 0.10391002893447876 
car -7.645023345947301 -32.702171325683366 -2.220196485519395 2.3418593406677246 6.1556806564331055 2.2647652626037598 -1.5465021133422854 0.5983062982559204 
car -8.001880645751953 20.573936462402344 0.055115219205617905 2.1257264614105225 5.726983547210693 1.949768304824829 -1.5641425848007202 0.5325023531913757 
car 29.66856384277343 27.86933135986328 0.5353298783302165 2.365363836288452 6.345438480377197 2.437624454498291 -3.1242656707763685 0.39124804735183716 
car 20.18286132812493 -46.59226989746071 -3.1572887897491313 2.083772897720337 5.091006278991699 1.9256277084350586 -3.0875329971313485 0.3745483160018921 
car 20.032806396484382 -43.56993865966797 -3.1031460762023784 2.159888744354248 5.351701259613037 2.063525676727295 -3.0756111145019545 0.2562406361103058 
car -7.523921966552756 1.0449295043947586 -0.6816762089729167 2.146665573120117 5.720572471618652 2.205153703689575 -1.5571731328964236 0.1879299432039261 
car 20.70660400390627 -50.70456314086914 -3.0800325870513916 2.1126484870910645 5.077615737915039 2.0201120376586914 -3.0878210067749032 0.18299637734889984 
car 8.017883300781186 -49.39451599121071 -3.259998321533189 1.9743279218673706 5.355818748474121 1.7810688018798828 -0.03445255756378068 0.17191565036773682 
car 20.668945312499915 -16.370750427246094 -1.9421230554580688 1.9333391189575195 4.858698844909668 1.7596724033355713 3.127488438283101 0.15923923254013062 
car 20.668479919433565 -8.215560913085938 -1.6190229654311992 2.043440580368042 5.1539201736450195 1.858901858329773 3.133642498646871 0.15115372836589813 
car 8.704208374023366 -17.584068298339844 -0.8629739284515381 2.3606529235839844 5.782168388366699 2.890634536743164 -0.00619077682495046 0.1406555026769638 
car 15.320869445800753 45.38340759277344 1.3217321634292603 1.9537265300750732 5.0359344482421875 1.8365641832351685 3.0889013449298295 0.13827376067638397 
car 8.193744659423835 -41.0353698730471 -2.750715494155884 1.9089722633361816 4.627795219421387 1.748733401298523 -0.006168127059935461 0.1358213722705841 
car -18.184467315673757 -0.2647209167480469 -0.9292521476745605 1.5200546979904175 3.0090768337249756 1.918449878692627 0.0974577665328987 0.1330660581588745 
car 8.138881683349553 -46.560447692871094 -2.9868123531341553 1.94706392288208 4.89479923248291 1.8174036741256714 -0.016041398048400508 0.12908835709095 
car 14.144538879394538 50.763923645019304 1.6164605617523193 2.0063066482543945 5.096248626708984 1.8621383905410767 -3.0248165130615243 0.11204887926578522 
car -15.912960052490277 -0.3173942565917969 -0.52845698595047 1.9193116426467896 4.069727897644043 2.3416125774383545 1.5707846879959106 0.1116967424750328 
car 21.318962097167876 -30.245361328125 -1.9905955791473389 2.0783252716064453 5.224814414978027 2.0157885551452637 2.855085674916402 0.11038139462471008 
car 13.454895019531278 31.511695861816406 0.9723213315010071 2.263148784637451 5.152453899383545 2.3840136528015137 -0.15935921669006303 0.10054048895835876 
car 7.375823974609311 -19.584880828857422 -1.0599033832549907 2.5737295150756836 6.193826675415039 3.1598165035247803 -1.647274255752564 0.20111413300037384 
car -26.108135223388686 -2.134174346923828 0.11871764063836565 2.8265066146850586 13.654556274414062 3.7541921138763428 -0.3626580238342278 0.13310664892196655 
car 30.227035522460966 27.878372192382812 0.5901959538459636 2.4956421852111816 7.256824970245361 2.8832719326019287 -3.0918941497802743 0.12445441633462906 
car -18.278572082519446 -0.2492828369140625 -0.27525594830513 1.6589360237121582 4.584505558013916 2.041684627532959 -0.1381794214248649 0.12267918884754181 
car -25.53327178955071 -0.29086685180641325 0.32456576824189654 2.884230136871338 14.22802448272705 3.831629753112793 -0.32686865329742343 0.11423088610172272 
movable_object -23.136476516723597 -1.6618728637695312 -0.6923680305480815 2.369263172149658 0.5112149119377136 0.9352034330368042 1.1246944665908816 0.12408463656902313 
movable_object 10.605781555175774 38.14454650878906 0.40646207332611084 2.3560569286346436 0.490975558757782 0.9929131865501404 -1.6709543466567995 0.11332877725362778 
movable_object -23.67836761474618 -2.013141632080078 -0.6480528116226054 2.8429982662200928 0.558344841003418 0.9353384971618652 1.3333019018173218 0.11136085540056229 
movable_object -14.683345794677749 21.71312713623047 -0.3003348708152629 2.27811861038208 0.4780678153038025 0.9360012412071228 -0.2306454181671139 0.10676926374435425 
bicycle 17.206512451171825 31.39630889892578 0.6121152043342732 0.6522387862205505 1.599216341972351 1.5216573476791382 -0.05027365684509207 0.24448716640472412 
bicycle -18.149021148681705 -0.225341796875 -0.8527922034263611 0.6655503511428833 1.5346293449401855 1.0261688232421875 -3.1330471038818373 0.23487578332424164 
bicycle -14.182998657226634 21.475875854492188 -0.11067699640989304 0.5700414180755615 1.6769163608551025 1.0826724767684937 -0.08591651916503859 0.20497417449951172 
bicycle -15.90337371826179 -1.4109077453611008 -0.6270748972892761 0.6084861755371094 1.6749484539031982 1.2440264225006104 2.940199200307027 0.19503651559352875 
bicycle 22.49910736083975 -15.473991394042969 -2.184542179107666 0.6088936924934387 1.799886703491211 1.1306259632110596 -0.08697056770324657 0.1472378671169281 
bicycle 20.798774719238175 -30.245386123657227 -1.854116439819336 0.7276106476783752 2.0833704471588135 1.385441541671753 -1.3261300325393677 0.12798094749450684 
bicycle -18.190711975097685 16.990455627441634 0.02663731947541237 0.6984700560569763 1.9021269083023071 1.2945306301116943 -0.019482731819152086 0.10349152237176895 
bicycle -20.785285949707024 0.8371238708496094 -1.0048234462738037 0.6939696073532104 2.1113572120666504 1.3892364501953125 1.9536965529071253 0.10002054274082184 
movable_object 11.162063598632798 3.171398162841797 -1.2818207740783691 0.3826602101325989 0.3846158981323242 0.7392722368240356 2.9715920130359086 0.815089762210846 
pedestrian -2.9279632568358878 33.517364501953125 0.7964941263198853 0.7583634257316589 0.8531777262687683 1.8332451581954956 -2.9411203861236586 0.5673930048942566 
movable_object 17.843284606933558 8.456295013427507 -1.2789368629455424 0.3770343065261841 0.3769383132457733 0.7483589053153992 2.95920688310732 0.5289311408996582 
pedestrian 17.121368408203075 31.36448669433571 0.5834720730781413 0.7017692923545837 0.7749546766281128 1.8408678770065308 -0.4481222629547114 0.2864031493663788 
pedestrian -13.076606750488232 10.607223510742415 -0.14873728156089783 0.6000745296478271 0.6210794448852539 1.5319726467132568 -0.1383877992629999 0.21042105555534363 
movable_object 13.288078308105526 45.130134582519304 1.2443203926086426 0.5737510919570923 0.5810749530792236 1.5444086790084839 2.343671147023336 0.182626873254776 
pedestrian 10.622665405273395 32.0708923339846 0.5968855619430684 0.615190863609314 0.6336365938186646 1.5497429370880127 -2.5165402889251722 0.17637816071510315 
movable_object -6.974769592285178 -29.57361221313454 -2.5904123783111572 0.43361198902130127 0.42214131355285645 1.2388660907745361 -2.8338923454284677 0.14524662494659424 
movable_object 11.32536315917963 41.07749938964844 0.9331678748130798 0.45135998725891113 0.453131765127182 1.312256097793579 2.4591963926898397 0.1424856185913086 
movable_object 8.165531158447244 21.164367675781477 -0.22723132371902466 0.4014143943786621 0.41009217500686646 0.7974359393119812 -2.737013578414918 0.13837847113609314 
movable_object 13.430961608886662 42.36681365966797 0.9515905380249023 0.45052778720855713 0.44540709257125854 1.126406192779541 -2.7486288547515882 0.13604703545570374 
movable_object 11.420898437499886 3.213470458984375 -1.2898166179656982 0.4548519253730774 0.47843828797340393 0.7838394045829773 2.700560871754781 0.1297372281551361 
movable_object 5.062343597412067 12.442192077636719 -0.741159498691573 0.3297853469848633 0.39840948581695557 0.5546972155570984 3.0328257719623 0.12894362211227417 
movable_object 8.528095245361293 21.203651428222656 -0.2225235551595688 0.4000420570373535 0.40218585729599 0.8194980621337891 -2.817636966705323 0.1267688125371933 
movable_object 7.504066467285057 -27.281751632690202 -1.880896806716919 0.373933345079422 0.3692300617694855 1.3656847476959229 2.317076508198873 0.12549039721488953 
pedestrian 11.776435852050696 28.61772918701172 0.30052220821380615 0.6037395000457764 0.6366907358169556 1.5811271667480469 -1.6651870012283327 0.12272173166275024 
movable_object 11.23944854736321 38.616943359375 0.7463576793670654 0.44985851645469666 0.45846661925315857 1.1857725381851196 -2.050279378890992 0.11411968618631363 
pedestrian 10.549316406249936 30.798561096191406 0.42664778232575884 0.5316445827484131 0.5479577779769897 1.2993483543395996 -2.9719426631927504 0.10648278146982193 
pedestrian 12.177810668945348 29.82318878173828 0.4251628816127919 0.6075748801231384 0.6354848146438599 1.65957772731781 -0.5531858205795279 0.10647981613874435 
movable_object 16.52357482910159 19.048721313476562 -0.39850419759750366 0.41157329082489014 0.39814311265945435 1.195061206817627 -0.19022309780120783 0.10524620115756989 
576f17c305324ed7bf460f0110617355