car 7.5439262390138175 -6.766975402832259 -1.3780920505523682 1.880242109298706 4.4609174728393555 1.553091287612915 -3.0860943794250493 0.8790087103843689 
car 14.666885375976694 22.56026458740189 -0.0852632448077344 1.844136118888855 4.3264360427856445 1.6143208742141724 0.0324058532714849 0.8501100540161133 
car -6.271774291991957 24.258895874023438 0.07585552334785461 1.8057990074157715 4.450413227081299 1.4852795600891113 -1.5683184862136843 0.8417660593986511 
car -8.02606582641587 5.905071258544922 -0.8371618986129761 1.8702539205551147 4.681942939758301 1.5102851390838623 -1.6016680002212527 0.8229638338088989 
car -8.284606933593508 -6.178256988525391 -1.1601923704147339 1.9750407934188843 4.89215612411499 1.8317772150039673 -1.5459105968475344 0.8175042867660522 
car 14.02947235107434 -0.75616455078125 -1.308955669403062 1.9087446928024292 4.5762481689453125 1.5630865097045898 3.108504358922139 0.8149826526641846 
car 7.564128875732653 -9.685207366943587 -1.3194545507431172 2.0144119262695312 4.7058539390563965 1.7655160427093506 -3.0927820205688485 0.8025368452072144 
car 8.277038574218949 -20.574134826660384 -1.7478218078613281 2.1351919174194336 5.010028839111328 1.9211974143981934 -3.115948200225831 0.7942777872085571 
car 20.567550659179847 9.320949554443132 -0.9635112881660461 1.891118049621582 4.539707183837891 1.5514271259307861 -1.6928616762161257 0.7895210981369019 
car -8.103515624999808 -32.85728836059593 -2.197731971740737 1.8445712327957153 4.3525848388671875 1.733145833015442 -1.5830078125000002 0.7486568689346313 
car -8.470596313476456 -12.130271911621321 -1.421644926071167 1.9909350872039795 4.783689022064209 1.7052314281463623 -1.5421029329299931 0.733618974685669 
car -8.146713256835802 -38.668006896972884 -2.419400691986098 2.024075984954834 5.0589280128479 1.755521297454834 -1.538117051124573 0.7131478190422058 
car 20.053543090820458 -8.465812683105696 -1.6817926168441772 1.9292333126068115 4.449699878692627 1.6000783443450928 3.1273472944842733 0.7057357430458069 
car 20.001815795898654 -15.104808807373274 -1.7765593528747559 2.0411951541900635 4.586670398712158 1.8084464073181152 0.10975360870361349 0.6995827555656433 
car -0.3812751770017293 -38.646224975586165 -2.444182872772231 1.9151519536972046 4.471270561218262 1.6500060558319092 1.6409414450274866 0.6947260499000549 
car 14.12142181396499 27.74400329589821 0.05941522866487503 1.9217320680618286 4.370762825012207 1.625807285308838 -3.136548519134522 0.6915079951286316 
car -7.746017456054435 -26.886138916015852 -2.0216326713562154 1.9240442514419556 4.848792552947998 1.6824387311935425 -1.5979119539260866 0.6270507574081421 
car 8.028152465820423 -23.201066970825423 -2.0161509513855123 2.0374627113342285 4.760869979858398 1.7292559146881104 -3.1257858276367196 0.6072226166725159 
car -8.03309249877902 -45.878379821777344 -2.9264163970947266 1.9255990982055664 4.69102668762207 1.6873557567596436 -1.5461061000823977 0.6009021997451782 
car -7.685817718505692 -19.716876983642578 -1.4025094509124756 2.1015219688415527 5.684023857116699 2.3328301906585693 -1.554541945457459 0.5849071741104126 
car 8.182334899902497 -31.540674209594954 -2.195981025695801 1.8922786712646484 4.412743091583252 1.6162859201431274 3.118473354970113 0.551886796951294 
car 14.561157226562685 40.00028991699196 0.5379971265792705 1.8698488473892212 4.337874412536621 1.596470594406128 -3.080157756805421 0.5492817759513855 
car 20.177536010742354 -31.547885894775618 -2.639502525329604 1.9586751461029053 4.498621463775635 1.6705118417739868 0.029417753219604777 0.5490369200706482 
car 14.583869934082244 25.04684448242142 0.010959751904010773 1.9009826183319092 4.503182888031006 1.6096255779266357 -3.119530200958253 0.547507643699646 
car 13.95680999755885 42.40006256103493 0.7540091276168681 1.8897150754928589 4.518261909484863 1.6411094665527344 -3.0313224792480478 0.5302549004554749 
car 13.59175109863299 32.702056884765625 0.5636546611785889 1.9827914237976074 4.575728416442871 1.7473829984664917 1.1229363679885864 0.4889177680015564 
car 20.2630004882815 -28.68690299987793 -2.516678810119643 1.9662363529205322 4.462069988250732 1.7274830341339111 -0.0052185058593743686 0.4828535318374634 
car 14.214019775390721 37.525039672851335 0.5199448466300822 1.8570797443389893 4.287533760070801 1.59034264087677 3.130305115376607 0.46781250834465027 
car 8.101310729980636 -53.6683158874514 -2.942380905151353 1.9627175331115723 4.572422981262207 1.6972851753234863 -0.05255854129791229 0.4363168776035309 
car 7.593303680420171 -34.53107452392601 -2.346200466156006 1.8860440254211426 4.355999946594238 1.608992338180542 3.114104096089498 0.3775021433830261 
car 13.55296325683619 47.64037322998024 0.7389313578605652 1.8838053941726685 4.34846305847168 1.625923752784729 -3.0751438140869145 0.35038572549819946 
car -7.598213195800557 -53.208610534668196 -2.689837932586684 2.165011405944824 5.063482761383057 2.245802402496338 -1.5595195293426516 0.3148895800113678 
car 32.63835144042991 8.169086456298828 -0.5685296654701375 1.9133780002593994 4.434505462646484 1.6805717945098877 -1.2129604816436765 0.30210641026496887 
car 20.24304199218771 -26.035751342773665 -2.5314252376556396 1.984729290008545 4.521178245544434 1.6959006786346436 -0.009784221649169809 0.2999361753463745 
car 27.25536346435567 8.234554290771257 -0.69642174243927 2.0320398807525635 4.78959846496582 1.9444549083709717 1.5202211141586304 0.293783038854599 
car 13.57493591308609 44.81591796874977 0.8785777688026286 1.8332754373550415 4.2578043937683105 1.636254906654358 -3.0582852363586435 0.26458823680877686 
car 27.349632263183704 34.556915283203125 0.3452186882495738 1.917262077331543 4.3953986167907715 1.6725200414657593 -2.762776374816895 0.2600136995315552 
car 24.21443176269554 8.723056793212663 -0.6772627830505513 2.157742738723755 5.1552958488464355 2.0358266830444336 1.5126348733901975 0.24478770792484283 
car 40.594940185547046 9.205780029296648 -0.5748614072799967 1.9652559757232666 4.556602954864502 1.7490953207015991 -1.4304986000061035 0.23493361473083496 
car 43.552284240722756 8.846340179443132 -0.411497086286559 1.8822877407073975 4.387158393859863 1.6770213842391968 -1.5714490413665774 0.21971257030963898 
car 14.141754150390788 30.271713256835483 0.14794860780237684 1.8982534408569336 4.423789024353027 1.6038904190063477 -3.136683702468873 0.21388578414916992 
car 14.14024353027369 35.05956268310524 0.6424667239189006 1.8821988105773926 4.419828414916992 1.6256043910980225 3.1218526999102982 0.2122461497783661 
car 33.89479064941426 5.093574523925554 -0.7077149152755879 1.9633022546768188 4.53106689453125 1.7307928800582886 0.17349588871002242 0.18895015120506287 
car 27.83016967773453 37.54335021972611 0.33495673537254333 2.0182249546051025 4.636218070983887 1.7681816816329956 0.07736158370971742 0.18758034706115723 
car 7.50006103515647 -26.10418891906761 -2.093219518661499 1.9728362560272217 4.596843719482422 1.6525030136108398 3.0813582579242147 0.16350282728672028 
car -8.308700561523224 -0.17549896240234375 -0.8897373676300191 2.0321874618530273 5.867370128631592 1.8467175960540771 -1.5325107574462893 0.1580396443605423 
car 44.669387817383026 23.851341247558366 0.2328517735004283 1.975606083869934 4.717371463775635 1.7665607929229736 3.1200311819659623 0.15572252869606018 
car 29.763458251953345 8.708503723144531 -0.6961365342140198 1.9410349130630493 4.571605682373047 1.7370526790618896 1.5556384325027464 0.15128862857818604 
car 8.073890686035348 -29.054170608520508 -2.1549172401428223 1.9232933521270752 4.486312389373779 1.6268402338027954 -3.1366252899169935 0.14550407230854034 
car 11.879142761230643 48.844909667968295 0.8683347702026367 1.9333370923995972 4.581487655639648 1.6926136016845703 -1.5948158502578738 0.13173475861549377 
car 20.128555297851722 -34.48133850097679 -2.852815628051772 1.9867091178894043 4.570605278015137 1.7133792638778687 0.04352056980133078 0.12878790497779846 
car 20.091423034668125 -36.91219329834007 -2.714199542999282 1.9379725456237793 4.515805244445801 1.6829231977462769 0.046941637992859046 0.11587783694267273 
car 34.42856597900404 8.680419921875 -0.40305036306379805 2.063413619995117 4.8278656005859375 1.8732069730758667 -0.02854895591735783 0.1126473993062973 
car 20.130355834961133 -17.728187561035384 -1.9675261974334717 1.9987266063690186 4.594200134277344 1.7459769248962402 0.09804940223693874 0.10673010349273682 
car 30.895629882812635 9.905078887939226 -0.5452420711517476 2.0026450157165527 4.628501892089844 1.7784825563430786 1.8591488043414517 0.10596325248479843 
car 41.05146026611341 6.296714782714616 -0.6069828867912435 1.8754820823669434 4.312291622161865 1.6505249738693237 -1.3992342948913574 0.10424743592739105 
car 26.136978149414276 1.4897880554194671 -1.4107232093811177 1.8015339374542236 4.126855850219727 1.5118125677108765 2.6636284033404745 0.10294154286384583 
car -8.272468566894254 -0.18643569946334537 -0.8612638711929463 2.027831792831421 5.681065559387207 1.8786677122116089 -1.521256923675537 0.7254178524017334 
car 24.20811462402354 8.819747924804688 -0.7073920965194702 2.1957767009735107 5.331344127655029 1.9804251194000244 1.5230547189712522 0.6251962184906006 
car 27.260437011719 8.667026519775163 -0.6784589886665486 2.115661144256592 5.515443801879883 1.980068564414978 1.5443004369735716 0.52403724193573 
car -11.828063964843516 52.66476440429665 1.931256294250474 2.322767734527588 6.0380401611328125 2.5737524032592773 -3.1017165184021005 0.5091395378112793 
car -7.56173324584946 -53.83802795410156 -2.61531138420105 2.439207077026367 6.077988624572754 2.7821500301361084 -1.5645265579223635 0.373081773519516 
car -20.672016143798608 -9.85768127441429 -0.19052335619927874 2.681431293487549 6.868556022644043 3.1726760864257812 1.4641822576522827 0.3359185755252838 
car 7.548656463623228 -37.643218994140625 -1.1236199140548706 1.619956612586975 2.889954090118408 2.619774341583252 3.110375229512349 0.2810102701187134 
car 20.604316711425994 -31.53266143798828 -2.502159357070923 2.118297576904297 5.343020439147949 1.9414218664169312 -3.1280455589294442 0.23851992189884186 
car -8.161750793456807 -38.72358703613281 -2.429295301437378 1.9558457136154175 5.313820838928223 1.7662360668182373 -1.5276618003845217 0.2370523065328598 
car 14.08850860595718 32.66453552246071 0.8180701732635498 2.037975788116455 5.110559940338135 1.911598563194275 -0.07378184795379562 0.23461748659610748 
car -7.681816101074034 -19.886333465576172 -1.3750033378601074 2.1275346279144287 5.862822532653809 2.1202685832977295 -1.5447204113006594 0.19341669976711273 
car 44.67375946044942 23.857452392578125 0.21860171854496002 2.1672942638397217 5.371438980102539 1.9668211936950684 -3.120002269744874 0.170794278383255 
car 20.636627197265877 -28.66340446472168 -2.3910813331604004 2.104785680770874 5.295294761657715 1.9164602756500244 -3.136289596557618 0.1675456017255783 
car 8.635841369629087 -53.73755264282249 -2.802165985107422 2.1144063472747803 5.369121551513672 2.1523244380950928 -0.05793845653533835 0.16144081950187683 
car 32.15086364746114 9.317722320556413 -0.516743540763855 2.0018157958984375 5.770107269287109 1.8762092590332031 1.3745266199111936 0.16068390011787415 
car 4.033222198486595 46.558792114257585 1.69713294506073 2.784609079360962 9.038389205932617 3.5015196800231934 1.5599972009658811 0.16051986813545227 
car 8.628677368164208 -31.53039169311546 -2.175490617752075 2.04994535446167 5.293302536010742 1.8914648294448853 3.1129475275622758 0.1524377018213272 
car 14.125663757324393 42.43088531494118 0.6847336292266704 1.8660528659820557 4.713580131530762 1.7413387298583984 0.042801737785339695 0.15017685294151306 
car 14.691253662109574 25.036460876464844 0.11535464227199554 1.9264755249023438 4.810077667236328 1.7694214582443237 0.01924622058868448 0.1345839947462082 
car 10.486869812011946 -38.6658630371096 -1.3240692615509033 2.915576219558716 9.078779220581055 3.776538372039795 3.1275532881366166 0.13374869525432587 
car -8.047004699706818 -46.36281967163109 -2.997262716293349 2.0741119384765625 5.508697032928467 1.8974751234054565 -1.5293260812759402 0.12319415807723999 
car 44.6991424560549 2.066982269286882 -0.06204429268838396 2.1416563987731934 3.5322749614715576 2.2821435928344727 -2.8268136978149423 0.1215355321764946 
car 27.869262695312674 34.545959472655795 0.5396453142166138 2.135472297668457 5.436623573303223 2.0132358074188232 3.057013098393575 0.11345116794109344 
car 14.0827255249025 44.760093688964616 0.9913392663001872 1.9659370183944702 5.1237287521362305 1.871535062789917 0.027487874031067498 0.1115289255976677 
car -32.067749023437244 39.854637145995866 3.049098491668701 2.74654221534729 3.901869773864746 3.236891746520996 -2.8809118270874032 0.10780717432498932 
car -32.12686157226535 37.533218383788835 2.970536708831773 2.69014835357666 3.232163906097412 3.1719672679901123 3.0480635801898393 0.10759960114955902 
car 8.097537994384911 -34.487220764160384 -2.157478094100952 2.0892271995544434 5.427207946777344 1.911638617515564 3.0233209768878377 0.10694219172000885 
car 14.703689575195522 37.48959350585915 0.5514919161796428 1.9374428987503052 4.976968288421631 1.7651134729385376 -3.1287519931793217 0.10301705449819565 
car 14.640396118164247 35.03575134277344 0.9045691490173198 2.0790774822235107 5.2601165771484375 1.8855808973312378 -0.0023368597030638083 0.1014440581202507 
car 4.051223754883068 46.608795166015625 1.7370126247405864 2.8460440635681152 9.10342788696289 3.179328441619873 1.5492819547653196 0.6823816299438477 
car 3.9148445129396485 53.803535461425554 2.390851259231553 2.9354991912841797 10.100394248962402 3.4702534675598145 -1.6421582698822024 0.23097284138202667 
car 7.374496459961183 -41.092926025390625 -1.6341753005981445 2.7858455181121826 8.512785911560059 3.57159161567688 -1.6037434339523318 0.1556219607591629 
movable_object -14.629955291747802 -5.225288391113509 -1.220774292945876 2.0946764945983887 0.405076801776886 0.948762059211731 -0.77289605140686 0.281952828168869 
movable_object -13.65917968749984 -4.411586761474837 -1.2887935638428019 2.3696084022521973 0.38153916597366333 0.9408779740333557 -0.5935356616973873 0.22251129150390625 
movable_object 43.568687438965114 23.075996398925554 0.3576897084712982 2.261537551879883 0.5475110411643982 0.9965934753417969 -1.5705761909484866 0.1372242569923401 
movable_object -12.337604522704812 18.149536132812045 -0.23894479870797625 2.450998544692993 0.4384251832962036 1.0283458232879639 -0.06709814071655242 0.12388378381729126 
movable_object -15.06748199462865 -5.233825683593977 -1.2557982206344747 2.7151689529418945 0.5134401321411133 0.9260116815567017 -0.7322189211845394 0.10961837321519852 
movable_object -13.930740356445128 -4.092144012451399 -1.3141843080520772 2.484701633453369 0.41291213035583496 0.945518970489502 -0.26690483093261663 0.108096182346344 
movable_object -9.998863220214652 51.83550262451149 1.3978478908538818 2.148373603820801 0.5007376670837402 1.0269238948822021 -1.5979645252227785 0.10722730308771133 
movable_object -12.829250335693118 17.73247528076172 -0.25684356689453125 1.9463613033294678 0.4841700792312622 1.003797173500061 0.1993839740753175 0.10017771273851395 
bicycle 18.31612396240254 1.6227455139157883 -1.3633658885955953 0.5230891108512878 1.546735167503357 1.0547816753387451 1.3303040266036987 0.5811187624931335 
bicycle 15.788269042968963 2.187965393066179 -1.2686189413070679 0.5197230577468872 1.675506353378296 1.0625722408294678 -1.4564667940139773 0.5409878492355347 
bicycle 16.55496978759784 2.5656661987302414 -1.2989270687103414 0.510161817073822 1.5689858198165894 1.079696536064148 -1.4473016262054443 0.3804864287376404 
bicycle -25.97599220275854 -3.9839515686035156 -0.6332980394363545 0.7443668842315674 1.9856884479522705 1.6031469106674194 -1.386959195137024 0.30026954412460327 
bicycle 16.944557189941598 2.206523895263672 -1.3138055801391744 0.5218376517295837 1.6463533639907837 1.1669678688049316 -1.7574549913406377 0.2935899794101715 
bicycle 17.801399230957195 2.0372047424314133 -1.3096768856048584 0.5664489269256592 1.6920347213745117 1.1581432819366455 0.0936667919158939 0.21361413598060608 
bicycle 18.29378509521503 2.6091232299802414 -1.3574907779693746 0.5545725226402283 1.7263351678848267 1.138149380683899 -1.1637418270111082 0.1616152971982956 
bicycle 11.541275024414276 32.75244140625 0.39224275946615705 0.6520968675613403 1.8240978717803955 1.2372605800628662 1.516114830970764 0.1507582813501358 
bicycle 40.07585906982441 7.565555572509538 -0.774594843387618 0.6386890411376953 1.8475755453109741 1.2983384132385254 -1.3702480792999268 0.14535948634147644 
bicycle 17.72315979003933 2.6314849853515625 -1.3783609867095947 0.5482677221298218 1.7058590650558472 1.1647335290908813 -1.2933247089385984 0.13985879719257355 
bicycle 26.112663269043118 37.0998840332029 0.1684013158082962 0.6616851091384888 1.726942777633667 1.2104843854904175 -0.6172156929969782 0.13823772966861725 
bicycle -20.12240219116187 -11.206478118896712 -0.0837661772966527 0.967494010925293 2.6371073722839355 1.713435173034668 1.5285218954086301 0.13777309656143188 
bicycle -17.152961730956882 -28.402446746826172 -0.591297507286086 0.7015761137008667 2.009153366088867 1.3853785991668701 0.4705625772476204 0.1358523964881897 
bicycle 17.042907714843963 1.6466140747068039 -1.3482161760330342 0.5424730777740479 1.6826341152191162 1.1775765419006348 3.0992887655841272 0.13280358910560608 
bicycle 12.346679687500227 46.66661834716774 0.09270835667847166 0.7132365703582764 1.9221301078796387 1.4152252674102783 -2.802490234375001 0.1275586038827896 
bicycle -13.364349365234155 -11.084045410156477 -0.9826605319976807 0.7074317932128906 1.9712430238723755 1.2097580432891846 1.614415470753805 0.12693162262439728 
bicycle 18.254112243652525 6.378376007079851 -1.2356464862823486 0.4838453531265259 1.4839407205581665 1.0453637838363647 1.652822796498434 0.12016692757606506 
bicycle 23.755920410156463 -12.280364990234602 -1.584540367126479 0.5361508131027222 1.5720384120941162 1.1341283321380615 -1.1346881389617918 0.11932700872421265 
bicycle -12.782485961913878 -20.692195892333984 -1.83628511428833 0.5235459208488464 1.547755241394043 1.048957109451294 -2.013104677200318 0.11202307790517807 
bicycle -25.633546829223352 -3.4513511657717117 -0.6087317466736124 0.7766526937484741 2.0793726444244385 1.6098564863204956 -0.6649969816207882 0.10408957302570343 
bicycle 17.744720458984602 6.73130798339821 -1.1687772274017476 0.6493569612503052 1.8942720890045166 1.1919082403182983 -1.193178653717041 0.10321813821792603 
pedestrian -6.7077178955075745 12.326614379882585 -0.3322306275367879 0.7205832004547119 0.9143631458282471 1.7528629302978516 3.1119740645038045 0.8273902535438538 
pedestrian -11.004951477050579 -14.88587951660179 -1.3073098659515523 0.6179589629173279 0.7111175060272217 1.8114933967590332 1.6547334829913538 0.6446574926376343 
movable_object 10.951187133789183 -17.533283233642578 -2.0693714618683003 0.3614799976348877 0.3634190559387207 1.1477911472320557 2.2495601812945765 0.5834997296333313 
pedestrian -11.50321960449201 -15.132297515869368 -1.2739559412002706 0.6071210503578186 0.6884069442749023 1.8011984825134277 1.6798914114581505 0.41371652483940125 
movable_object 10.306831359863477 12.846954345703125 -0.932779908180251 0.35775482654571533 0.3590397238731384 0.7388163805007935 2.390823189412252 0.403139591217041 
movable_object 11.819679260254098 12.979545593261491 -0.9003675580024861 0.40963223576545715 0.4157308042049408 0.8298361301422119 2.0420511404620565 0.19089576601982117 
movable_object 10.85450744628928 20.451026916503906 -0.3260611593723439 0.37028223276138306 0.373788982629776 0.983694314956665 1.9575122038470667 0.16433647274971008 
pedestrian -13.337570190429513 -10.320339202880632 -0.9279348850250386 0.5972495079040527 0.6146597862243652 1.5684367418289185 -0.18635308742523185 0.162100151181221 
movable_object -12.437419891357212 17.230682373046648 -0.22644174098968506 0.39844706654548645 0.4013494849205017 0.9521338939666748 0.21869647502899212 0.15763357281684875 
movable_object 15.098457336425891 6.905242919921875 -1.0071452856063985 0.35072848200798035 0.34788233041763306 0.9235062599182129 -0.6431958079338076 0.13416099548339844 
movable_object 18.217689514160433 6.4352264404296875 -1.201874375343337 0.37069055438041687 0.3856956362724304 0.7914301156997681 -0.9224271774291988 0.13351522386074066 
pedestrian -12.758216857909886 23.74188995361328 0.2937224507331706 0.60634446144104 0.6385639905929565 1.241694688796997 -0.44661378860473594 0.12990760803222656 
movable_object 11.066223144531492 13.458274841308139 -0.8589601516723775 0.4022795557975769 0.4136769473552704 0.867558479309082 2.4823325316058553 0.128683403134346 
pedestrian 12.254211425781481 46.6509094238279 0.4769526422023631 0.6348922848701477 0.6654188632965088 1.554274559020996 3.053664509450093 0.12650001049041748 
pedestrian 13.582641601562688 17.545410156249773 -0.32543087005615234 0.5957164168357849 0.5692338943481445 1.6502655744552612 2.1643894354449666 0.12275911122560501 
pedestrian -15.292613983154073 10.460060119628679 -0.09897709637880325 0.5833499431610107 0.5928965210914612 1.5895235538482666 1.0061231851577759 0.12125333398580551 
pedestrian 45.842048645019716 1.9395065307617188 -0.21804270148278704 0.696455717086792 0.7086930871009827 1.7969236373901367 1.1938365697860718 0.11990925669670105 
movable_object 12.185760498047124 1.9657096862792969 -1.1896972656250142 0.3571702837944031 0.35941082239151 0.8011112213134766 -1.6794425249099736 0.11547768115997314 
movable_object 10.41014099121109 12.537918090819858 -0.8994609713554382 0.3607806861400604 0.3675810694694519 0.7537635564804077 2.3481677214251913 0.11096590757369995 
movable_object 10.9096908569338 17.869033813476562 -0.615205705165863 0.35584399104118347 0.36501020193099976 0.787550687789917 1.7458856741534632 0.10423579066991806 
