car 1.1039085388180183 -21.371322631836108 -2.0635962486267303 1.859177827835083 4.3799848556518555 1.5678833723068237 1.7639778296100062 0.802783191204071 
car -2.6671562194826492 22.549964904785043 0.3991374671459127 1.8934358358383179 4.492646217346191 1.6380646228790283 -1.633381843566896 0.7803235054016113 
car -4.106342315673942 -3.9367752075194744 -1.1918671131134104 1.917393445968628 4.641335487365723 1.7723101377487183 -1.504914760589601 0.775554895401001 
car -6.661521911621378 25.530982971191293 0.48343393206594243 1.9202442169189453 4.5879130363464355 1.618387222290039 -1.5993314981460591 0.7265543937683105 
car 2.809078216552507 40.454849243164006 1.9967613220214844 1.934784173965454 4.563924789428711 1.7557156085968018 1.5371707677841189 0.682059645652771 
car 5.906047821044638 40.52590179443342 1.8448958396911408 1.895002841949463 4.585671901702881 1.6629955768585205 1.555921673774719 0.6462003588676453 
car -13.507518768310888 40.53338623046858 1.0180253982543732 1.8860334157943726 4.51738977432251 1.7840313911437988 -2.996170997619631 0.228475883603096 
car 30.888702392577898 11.062316894531136 0.5552697181701518 1.9556200504302979 4.5334320068359375 1.7326421737670898 0.07892346382141105 0.21838229894638062 
car -9.298736572265966 51.27291107177717 3.0023546218871786 1.8948582410812378 4.42485237121582 1.7244367599487305 1.40233314037323 0.15745161473751068 
car 35.10234069824202 12.861595153808423 0.5253603458404328 1.8744919300079346 4.359385013580322 1.6291568279266357 -0.06595253944396967 0.15491339564323425 
car -48.29467773437534 20.040000915527287 0.5763117074966289 1.961719274520874 4.450302600860596 1.7855918407440186 2.944702450429096 0.1524137705564499 
car -7.449329376220874 33.30170440673811 0.828464865684488 1.9119632244110107 4.693896770477295 1.5982952117919922 -1.4377783536911029 0.14008034765720367 
car 6.302413940429346 47.12940979003889 2.184816837310777 1.9018734693527222 4.480935573577881 1.7054989337921143 1.5384703874588013 0.1380525827407837 
car -12.149116516113509 51.879341125488224 2.98401832580565 1.9790681600570679 4.527468681335449 1.8030662536621094 1.6153410116778772 0.13770008087158203 
car -24.924404144287337 26.074607849121037 1.426840901374817 1.9990286827087402 4.776853561401367 1.7991869449615479 0.1494903564453129 0.13476863503456116 
car -6.93647766113304 42.135169982909986 1.5115323066711213 2.026824712753296 4.583024024963379 1.869924545288086 0.12924778461456288 0.12166311591863632 
car 22.939079284667628 -2.12170791626005 -0.4533315896988128 2.0554232597351074 4.880548000335693 1.7904309034347534 -1.7046153545379663 0.11071017384529114 
car -6.251976013183992 33.846160888671704 0.8853372335433818 1.8554586172103882 4.519927024841309 1.5728360414505005 -1.4831489324569722 0.10866007953882217 
car -8.007751464843977 36.91744995117182 0.8476263284683014 1.8816438913345337 4.538211345672607 1.5563478469848633 -1.4608730077743548 0.1017109602689743 
car -40.475471496582145 2.1235618591307457 -1.4453299045562744 2.4727590084075928 3.5276453495025635 3.081824779510498 -0.28792893886566195 0.38394230604171753 
car -29.17498016357456 13.441459655761662 0.09720297902821073 2.833296537399292 6.8407087326049805 3.003270149230957 -0.6450199484825141 0.2990439534187317 
car -14.113597869873217 40.54095458984358 0.9277831315994121 2.1421914100646973 5.6555280685424805 2.044431447982788 -3.038963794708254 0.2636870741844177 
car -9.89513397216831 41.69409942626936 1.6335643529891755 2.8662397861480713 8.823371887207031 3.1903419494628906 -2.9427978992462185 0.2365722954273224 
car 9.37217712402304 -15.226013183593864 -1.302975416183486 1.7048207521438599 3.1611039638519287 2.3597207069396973 0.12707233428955103 0.1523827761411667 
car -11.75902175903343 53.086769104003736 3.0918765068053986 2.6805713176727295 6.88402795791626 3.178992748260498 1.4351750612258913 0.11678113788366318 
car -26.66227722168003 26.024276733398267 1.5087518692016317 2.4248130321502686 5.712918281555176 2.1875147819519043 -3.0496990680694602 0.11247603595256805 
car 22.980041503905852 -2.07925033569353 -0.41707226634028416 2.151022434234619 5.611227989196777 1.9877684116363525 -1.685423731803896 0.11191659420728683 
car 2.800472259521257 40.54799652099581 2.050863981246934 1.867964506149292 4.78133487701416 1.825757384300232 1.5332618951797485 0.1034659892320633 
car -20.62779235839878 20.067306518554517 0.7518028616904999 1.5922988653182983 2.861833333969116 2.3030171394348145 -0.6876947879791264 0.10022909939289093 
car -12.785320281982536 41.71714782714838 0.9001686573028493 2.437223434448242 4.465019226074219 2.234849691390991 1.9083927313434044 0.2408697009086609 
car 9.261985778808196 -15.256370544433594 -1.1102819442749094 2.1146926879882812 3.0524954795837402 2.33909273147583 0.6797660589218141 0.1997295320034027 
car -7.4451904296876705 41.82067871093744 1.9552186727523662 2.460347890853882 2.986624002456665 2.8584542274475098 -2.860737800598147 0.11979590356349945 
car -15.945148468017749 51.291473388671704 2.814678430557244 2.675588607788086 9.542360305786133 3.3514657020568848 -1.0250879526138315 0.11105213314294815 
car -21.33911132812517 50.65217590332014 3.761843681335428 2.8819010257720947 12.336795806884766 3.7898943424224854 3.116151634846821 0.10466070473194122 
movable_object -13.996704101562784 -2.592060089111442 -1.668423414230361 2.244321584701538 0.43808114528656006 0.9953414797782898 -1.4684419631958023 0.1296200454235077 
movable_object -12.379806518554972 39.96825408935541 1.0912828445434428 2.051518440246582 0.3982602059841156 1.0432723760604858 -1.4592316150665299 0.12911772727966309 
movable_object 10.55738067626919 13.061279296874886 -0.31095194816590777 2.0985958576202393 0.47192078828811646 1.0172834396362305 -1.2142723798751844 0.11788254231214523 
movable_object 8.504295349120753 -39.40734481811529 -3.4007184505462646 2.540477752685547 0.5002896189689636 0.9894295930862427 -3.0085151195526145 0.10326158255338669 
bicycle -6.134685516357649 32.03831481933577 0.15017041563987021 0.7763142585754395 2.019970417022705 1.3676221370697021 -1.0825390815734874 0.2754671573638916 
bicycle 9.172397613524993 -14.627693176269588 -1.532139778137207 0.6651357412338257 1.8572587966918945 1.2664648294448853 2.9016359488116645 0.26526591181755066 
bicycle 10.43362426757784 13.052398681640568 -0.14708763360978594 0.5422269105911255 1.6830370426177979 1.0863771438598633 3.131202761326923 0.2331421673297882 
bicycle -6.368583679199389 -0.8906593322753906 -1.660614252090454 0.5840612053871155 1.5559611320495605 0.7725489139556885 -0.10870385169982899 0.1880064159631729 
bicycle 26.72437286376936 15.188407897949162 0.6258632540702678 0.6213359236717224 1.6972140073776245 1.2454884052276611 0.13073313236236622 0.16848556697368622 
bicycle -15.324211120605696 -18.467884063720646 -2.973482608795166 0.5108791589736938 1.4792945384979248 1.0260748863220215 -1.7233526706695579 0.1580585092306137 
bicycle 9.737945556640227 -45.230148315429744 -2.4299180507660054 0.7522188425064087 1.6750903129577637 1.6962803602218628 2.16173488298525 0.15229803323745728 
bicycle -14.685836791992415 5.7497520446776775 -1.096726179122932 0.5078999400138855 1.5129129886627197 1.1086137294769287 1.2395721673965454 0.15118548274040222 
bicycle -22.917591094971044 3.9117813110350426 -2.185575485229492 0.552742063999176 1.5944654941558838 1.0710198879241943 1.1459990739822385 0.14020878076553345 
bicycle -12.373191833496321 24.373893737792912 -0.04563780128955841 0.7629489302635193 1.8647106885910034 1.4502711296081543 0.16305053234100333 0.13253001868724823 
bicycle 28.914222717284986 10.618339538574048 0.5844084024429179 0.6962367296218872 1.6283845901489258 1.5875135660171509 -0.668747425079346 0.12652328610420227 
bicycle 7.536495208740121 38.07525634765619 1.423309803009026 0.6428511142730713 1.5750470161437988 1.1741108894348145 -1.625997781753542 0.12500181794166565 
bicycle -17.694713592529695 -8.006294250488338 -0.9028266072273397 0.7248764038085938 2.0119211673736572 1.3464654684066772 -0.6332252621650699 0.12418846040964127 
bicycle -12.773399353027628 21.848159790039006 -0.30145958065988054 0.5268347859382629 1.5320158004760742 1.0400378704071045 -2.2821331024169953 0.11055013537406921 
bicycle -6.218795776367415 31.09136962890608 0.18553829193113103 0.7484935522079468 1.9398964643478394 1.3800872564315796 -1.3293337821960463 0.11035987734794617 
bicycle 8.125644683837777 7.490383148193359 -0.5554133653640747 0.5394288301467896 1.4355099201202393 1.6491938829421997 1.5112115144729614 0.11000873893499374 
bicycle -15.938430786132926 0.36221313476556816 -1.7340800762176585 0.6070428490638733 1.7113975286483765 1.2735685110092163 -2.7345356941223167 0.109572634100914 
bicycle -13.553283691406705 -5.609508514404354 -1.791386127471938 0.5651116371154785 1.828750491142273 1.1780132055282593 0.16064357757568395 0.10794511437416077 
bicycle -9.92576980590843 -16.471725463867188 -1.920471191406243 0.6127991080284119 1.6526494026184082 1.810996413230896 -1.3565037250518814 0.10695043206214905 
bicycle -26.684860229492358 11.783966064453011 -0.8179342746734761 0.606049656867981 1.8017675876617432 1.1979124546051025 -1.0912102460861215 0.10360512882471085 
bicycle 33.22886657714821 12.913833618163892 0.22024805843828688 0.638857364654541 1.7877943515777588 1.2279034852981567 -2.548702955245974 0.10114894807338715 
pedestrian 8.634075164794751 9.232517242431527 -0.2960537374019694 0.694428026676178 0.7861942648887634 1.7661099433898926 1.4178787469863892 0.87940514087677 
pedestrian 6.243213653564226 -11.244083404541016 -1.1193336248397898 0.7346667051315308 0.9628989696502686 1.8469984531402588 -1.6133643388748191 0.8474275469779968 
pedestrian 8.11940765380831 7.447383880615121 -0.45339399576187134 0.6369966268539429 0.761271595954895 1.7213746309280396 1.5578802824020384 0.8395377397537231 
pedestrian 7.672672271728175 -20.65041351318365 -1.6519136428833079 0.6573470830917358 0.783480167388916 1.7773284912109375 1.7389348188983365 0.8319061398506165 
pedestrian -10.413028717041357 -11.722434997558594 -1.5600227117538523 0.6868869662284851 0.8254382610321045 1.7691460847854614 -1.450205087661745 0.8316317796707153 
pedestrian 7.060096740722486 10.090110778808537 -0.26279327273368835 0.6395660042762756 0.7501335740089417 1.7023330926895142 -1.5782546997070335 0.8142241835594177 
pedestrian 7.950519561767294 10.68341827392561 -0.24072095751764522 0.6109004020690918 0.6906002759933472 1.683111548423767 -1.6607933044433612 0.8105540871620178 
pedestrian -9.926425933838118 -16.382507324218864 -1.8949189186096262 0.6660919785499573 0.8263739943504333 1.7684345245361328 -1.3790603876113907 0.8080394864082336 
pedestrian 6.784626007079964 0.6889991760253338 -0.7605602741241526 0.7732132077217102 1.0201698541641235 1.8652384281158447 -1.5840884447097798 0.8029850125312805 
pedestrian -8.317386627197436 4.583980560302621 -0.769818663597114 0.7333989143371582 0.7027758359909058 1.8254433870315552 -0.009411334991454986 0.7938123345375061 
pedestrian -19.44255828857439 8.735240936279297 -0.7960383892059397 0.6007575988769531 0.583820641040802 1.712895393371582 -2.507879972457889 0.7631630897521973 
pedestrian -11.6907005310062 31.000320434570256 0.877332508563974 0.6132729649543762 0.693873941898346 1.7899919748306274 1.4512640237808225 0.7528645992279053 
pedestrian 7.1498069763179615 7.055164337158089 -0.5104155540466451 0.6505064368247986 0.776907205581665 1.6758006811141968 -1.5827571153640767 0.7376524806022644 
pedestrian -12.797958374023722 6.686511993408203 -0.6577647924423218 0.7003992199897766 0.771071195602417 1.8155425786972046 -1.8249760866165181 0.7294460535049438 
pedestrian -11.118350982666243 30.720245361327954 0.8262324333190705 0.5905781984329224 0.674749493598938 1.7439205646514893 1.464277148246765 0.7181668281555176 
pedestrian 8.474941253661825 11.92871093749983 -0.107626795768752 0.6155653595924377 0.7280266284942627 1.703735113143921 -1.7507917881011985 0.7046618461608887 
pedestrian 7.368247985839503 12.658843994140454 -0.07054766267540202 0.62601637840271 0.7475919127464294 1.648871660232544 -1.7509690523147605 0.6993893384933472 
pedestrian 10.334854125976506 33.70573425292952 1.5909878015517975 0.7213290333747864 0.7661904096603394 1.8578033447265625 1.385125994682312 0.6976746320724487 
pedestrian 6.517948150634481 -20.906597137451286 -1.6681460142135762 0.6695989370346069 0.8060267567634583 1.7863733768463135 1.7073133627520962 0.6884815096855164 
pedestrian -17.479923248291243 5.8371849060058025 -0.9887061715126109 0.6501720547676086 0.6443818807601929 1.6493592262268066 -0.4307025671005248 0.6770237684249878 
pedestrian -11.802532196045206 6.706539154052734 -0.7059600353241109 0.6574652791023254 0.7383812665939331 1.7217727899551392 -1.8430958986282373 0.6590278744697571 
pedestrian -18.038108825683878 0.7753791809080894 -1.5490647554397796 0.6806949377059937 0.6926931142807007 1.6898123025894165 2.761964384709492 0.6528552770614624 
pedestrian -20.030555725097884 8.180309295654126 -0.8608074784279083 0.6025243997573853 0.6108018159866333 1.693488597869873 1.0965329408645628 0.6216101050376892 
pedestrian -19.6550102233889 7.879764556884709 -0.8352717161178731 0.6000693440437317 0.5753440856933594 1.7259702682495117 2.164899651204244 0.613149881362915 
pedestrian -15.672172546387117 4.9670677185058025 -1.1333346366882324 0.5888528823852539 0.6697068214416504 1.2999951839447021 2.8193524519549755 0.574948787689209 
pedestrian -16.623783111572607 5.058223724365007 -1.160336494445815 0.5616831183433533 0.618656575679779 1.353208065032959 2.1108730475055135 0.573203444480896 
pedestrian -17.69641876220726 5.016727447509595 -1.1631996631622386 0.5782790184020996 0.5995602607727051 1.4541244506835938 0.26948559284210233 0.5619075298309326 
pedestrian -19.008769989013786 1.10181808471674 -1.569292426109321 0.6805426478385925 0.7023118138313293 1.6740849018096924 -0.23235845565795904 0.5388839840888977 
pedestrian -15.256187438965014 0.5064773559569744 -1.5865936279296946 0.6011422276496887 0.6643854379653931 1.222715139389038 2.766179863606587 0.5244722962379456 
pedestrian -19.7211799621586 -2.5404701232911293 -1.6424223184585642 0.6705655455589294 0.6604495048522949 1.8279799222946167 -2.785209655761721 0.521673321723938 
pedestrian -16.631870269775618 0.23959732055669747 -1.702082633972168 0.5666308999061584 0.6149736046791077 1.3214737176895142 1.3553558588027954 0.5172628164291382 
pedestrian -20.657066345215128 -1.6891403198242756 -1.7490125894546509 0.6637347936630249 0.6702245473861694 1.8081415891647339 -1.9384719133377097 0.5120426416397095 
pedestrian 11.511428833007471 51.739776611327954 3.0132608413696147 0.7044243812561035 0.7433639764785767 1.8794927597045898 1.2251137495040894 0.48759523034095764 
pedestrian -31.70895195007347 8.16169357299799 -1.239190459251411 0.6175178289413452 0.6558542251586914 1.67274010181427 0.6303516626358036 0.4723643660545349 
pedestrian -16.637428283691747 5.783927917480412 -1.0815929174423289 0.5958400368690491 0.6342391967773438 1.419151782989502 -2.4505677223205593 0.4614359140396118 
pedestrian -15.889118194580192 0.2906532287597088 -1.6991260051727366 0.552099883556366 0.6187220811843872 1.1498708724975586 2.0932739416705526 0.4596308469772339 
pedestrian -16.975078582763842 5.039676666259766 -1.1517304182052683 0.5687464475631714 0.6222192049026489 1.4088817834854126 1.1902157068252568 0.4516211152076721 
pedestrian -22.95338439941429 0.1127853393554119 -1.9842122793197774 0.6319106817245483 0.7128661870956421 1.3654371500015259 -1.3507741689682022 0.44619300961494446 
pedestrian 11.127296447753679 51.26872253417952 2.9980442523956086 0.7061372399330139 0.7188836336135864 1.880972981452942 1.0322514772415161 0.4415646195411682 
pedestrian 7.582794189452898 10.475112915038949 -0.24208812415601955 0.6300159692764282 0.7289519309997559 1.6804090738296509 -1.6530990600585957 0.4351561963558197 
pedestrian 10.712623596190952 50.84761810302717 2.9156029224395468 0.6902328729629517 0.7102104425430298 1.8561168909072876 -1.6977105140686055 0.43252694606781006 
pedestrian -23.065977096557845 -1.0891456604005043 -2.0470943450927805 0.5658011436462402 0.635727047920227 1.3570462465286255 1.584527317677633 0.43131402134895325 
pedestrian -23.895008087158487 -1.44498443603527 -2.006635665893562 0.5797910690307617 0.644415020942688 1.4741891622543335 0.7448045015335085 0.4298669099807739 
pedestrian -23.54775047302263 -0.2811317443848793 -1.974982261657729 0.6051931381225586 0.6944003701210022 1.395359992980957 -1.0406062602996835 0.42658495903015137 
pedestrian -29.80352401733421 11.28160095214838 -0.7637949585914683 0.6655576825141907 0.6864707469940186 1.8202745914459229 1.7288606802569788 0.4233480393886566 
pedestrian 28.871337890624773 10.681022644042685 0.46397915482518926 0.6537669897079468 0.675591230392456 1.7897396087646484 0.0841785669326785 0.3861839175224304 
pedestrian -14.649639129638956 5.808567047119084 -1.0762455463409566 0.5665411949157715 0.6241587996482849 1.2830263376235962 -2.870604515075686 0.38088732957839966 
pedestrian 28.939804077148096 13.129058837890398 0.6324735879897858 0.6232695579528809 0.626254677772522 1.7330734729766846 2.9443114439593696 0.36062759160995483 
pedestrian -18.366325378418082 1.3614768981932457 -1.5413789749145579 0.6178906559944153 0.637712299823761 1.605156660079956 -2.096868038177493 0.34898462891578674 
pedestrian -12.335521697998331 24.383506774902344 0.1717965304851532 0.6953906416893005 0.7520775198936462 1.3883639574050903 -0.1395230293273924 0.33507171273231506 
pedestrian -36.23454284667997 -19.37231063842779 -3.0837376117706228 0.720975399017334 0.7319133877754211 1.8409658670425415 -0.7209892272949225 0.3308289051055908 
pedestrian -12.325744628906648 6.541278839111271 -0.6655993461609029 0.7089985013008118 0.8215451240539551 1.8017268180847168 -1.8286209106445335 0.3259761333465576 
pedestrian -21.431442260742358 14.727081298828011 0.16638273000716453 0.6602706909179688 0.6525381207466125 1.778756022453308 0.37057816982269326 0.29733601212501526 
pedestrian -15.188945770263956 5.739334106445199 -1.1005666255950999 0.5643597841262817 0.6112071871757507 1.2899141311645508 -2.8474445343017605 0.2636221945285797 
pedestrian -25.688308715820426 -2.8865127563476562 -2.0104050636291575 0.6625944972038269 0.7000036239624023 1.6668446063995361 0.8233400583267216 0.2501465678215027 
pedestrian -22.553344726562727 -1.511188507080135 -2.0984506607055735 0.5622522830963135 0.6340175867080688 1.3850374221801758 1.8075464407550257 0.2488907277584076 
pedestrian -23.694761276245515 -0.9788513183594887 -1.9947932958603047 0.5822589993476868 0.6644435524940491 1.4402272701263428 -0.08418798446655293 0.24064752459526062 
pedestrian -15.774185180664233 0.8203048706054688 -1.7032622098922658 0.6257242560386658 0.7116426825523376 1.1682758331298828 2.98705703416933 0.23067308962345123 
pedestrian -24.18277549743692 -1.0343437194824787 -2.004192590713508 0.6103986501693726 0.6759840250015259 1.462498426437378 -0.019510984420776256 0.22344058752059937 
pedestrian -14.29811096191446 5.711772918701001 -1.0508955717086934 0.5480403900146484 0.5757127404212952 1.4090408086776733 -2.821299076080325 0.21982121467590332 
pedestrian -22.023782730102766 -1.6758079528809162 -2.0751140117645406 0.5534874200820923 0.5891067981719971 1.4964793920516968 2.3447778860675252 0.21794632077217102 
pedestrian -20.43597030639671 8.54265975952137 -0.8785175085067891 0.6215032339096069 0.6618179082870483 1.688608169555664 -0.1539908647537231 0.21283262968063354 
pedestrian -18.819660186767805 2.6339073181152344 -1.4390578269958567 0.653300404548645 0.68255615234375 1.6288014650344849 -1.0288219451904306 0.2018679529428482 
pedestrian -21.083473205566634 -2.0356559753419106 -1.8449313640594625 0.6189596652984619 0.6609259247779846 1.6809287071228027 3.074548069630756 0.1969580352306366 
movable_object 8.81317901611294 -14.312858581543026 -1.7337167263031077 0.357992023229599 0.35913628339767456 1.1225390434265137 2.2727745215045365 0.19152116775512695 
pedestrian -11.57965087890642 30.553237915038892 0.8327686786651469 0.6655493974685669 0.7901206016540527 1.8120108842849731 1.4692636728286743 0.1897016316652298 
pedestrian -33.71636581420904 13.480842590331974 -0.08367540687323327 0.6801549196243286 0.6363307237625122 1.8650188446044922 -0.5847400426864628 0.18795818090438843 
pedestrian -22.310838699341048 -1.9332084655761719 -2.087184429168694 0.5489393472671509 0.6015637516975403 1.442808747291565 1.9967334906207481 0.1865050196647644 
pedestrian 8.096202850341399 9.877449035644418 -0.2509811520576619 0.6750025153160095 0.7958599328994751 1.7427973747253418 -1.7007411718368555 0.18465830385684967 
pedestrian -15.916278839111555 5.594112396240234 -1.108656406402588 0.5842665433883667 0.6483431458473206 1.3348145484924316 -2.6913824081420925 0.1818002611398697 
pedestrian -18.867546081543196 0.42611694335931816 -1.6637368202209473 0.6683989763259888 0.7090737223625183 1.6723788976669312 1.1671890020370486 0.173417329788208 
pedestrian -9.938758850097884 -16.904605865478572 -1.9539356231689666 0.6880309581756592 0.8470221161842346 1.7837183475494385 -1.3991382122039813 0.16972392797470093 
pedestrian 14.521850585937273 15.30731201171875 0.4623679518699575 0.5637214779853821 0.5934099555015564 1.4262561798095703 2.5605381170855908 0.16775649785995483 
pedestrian -16.512493133545263 0.787796020507642 -1.7172427177429341 0.5963226556777954 0.6417745351791382 1.348909854888916 1.002441763877869 0.1551302969455719 
movable_object 8.144794464111044 -14.322662353515739 -1.7328472137451385 0.3742309808731079 0.37558674812316895 1.1372690200805664 2.5712893644915966 0.1545652449131012 
pedestrian -18.38385772705118 2.716922760009595 -1.5042361021042012 0.6680333614349365 0.6982512474060059 1.5604327917099 -1.022303581237794 0.152915820479393 
pedestrian -15.851638793945597 1.5095062255858238 -1.7288576364517283 0.5916802883148193 0.6589904427528381 1.1532446146011353 -2.1874859333038357 0.15205910801887512 
movable_object 9.18418502807583 -14.507183074951286 -1.5835565328598094 0.41479578614234924 0.41544657945632935 1.2392234802246094 1.8458369413958944 0.15054261684417725 
pedestrian -24.221166610718 -2.8521690368651775 -1.949054002761848 0.6627007722854614 0.6999878883361816 1.7264248132705688 2.004841629658834 0.15046918392181396 
pedestrian -18.86032485961948 2.112117767333814 -1.4924561977386688 0.6597291231155396 0.6997233629226685 1.6740007400512695 -1.02077078819275 0.14967741072177887 
pedestrian 12.177841186523153 15.403251647948991 0.43729442358014836 0.5690491199493408 0.6015344262123108 1.4576747417449951 -0.861359119415284 0.14866667985916138 
movable_object 7.512805938720533 37.71142578124994 1.5152786970138408 0.4486786723136902 0.449201762676239 1.3033887147903442 -3.1081967353820827 0.14743930101394653 
movable_object 33.14417266845658 12.872947692870923 0.31377893686292424 0.4577721357345581 0.4667547941207886 1.2288480997085571 -1.9819030761718774 0.14709675312042236 
6832e717621341568c759151b5974512