car -5.578712463378906 6.860397338867415 -0.8036721348762441 1.8714865446090698 4.616362571716309 1.533553123474121 -1.6065849065780642 0.8974660038948059 
car 6.831695556640639 -24.84419822692871 -1.706223130226121 1.8730990886688232 4.402984619140625 1.601155161857605 3.128734890614644 0.8716939687728882 
car -8.135288238525405 -11.201618194579623 -1.245292544364915 1.8696823120117188 4.6894378662109375 1.5630357265472412 -1.6451014280319214 0.8579819798469543 
car 14.695579528808551 9.35231018066429 -1.1897428035736013 1.8576536178588867 4.285398006439209 1.55607008934021 -3.1232423782348637 0.854134202003479 
car 6.838321685790987 -38.67813491821266 -1.8802081346511699 2.0610694885253906 4.841299057006836 1.7855056524276733 3.1172364393817342 0.8187420964241028 
car 15.85224914550777 21.802955627441634 -0.863407552242272 1.776520848274231 4.112541675567627 1.508246898651123 3.1270065943347367 0.8035622835159302 
car 13.534072875976449 -19.032859802245866 -1.7865887880325175 1.9112757444381714 4.550803184509277 1.625781536102295 3.0836840311633504 0.7735021114349365 
car 15.340782165527287 24.100204467773665 -0.7136568427085805 1.8796610832214355 4.369653701782227 1.5976314544677734 -3.0861253738403334 0.7709295153617859 
car 15.13751220703115 6.8018074035646805 -1.1750049591064382 1.9820187091827393 4.641219615936279 1.6491934061050415 -3.106910705566407 0.7682856321334839 
car -9.370681762695327 -29.577663421630632 -1.3949264287948537 1.9290236234664917 4.783029079437256 1.7159268856048584 -1.586097598075867 0.7556179761886597 
car 15.316909790039077 29.073165893554915 -0.6344589591026235 1.9710983037948608 4.577198028564453 1.6854472160339355 3.1137476603137406 0.7505497336387634 
car 15.311866760253892 4.1263313293459305 -1.183362841606126 1.8927676677703857 4.454375267028809 1.7141832113265991 0.006211996078491943 0.7487908601760864 
car 14.609367370605412 14.497810363769759 -0.9883186817169118 1.8649052381515503 4.377557754516602 1.5818533897399902 3.1129491964923295 0.7421329021453857 
car 14.517494201660128 11.823234558105696 -1.0806479454040527 1.9964722394943237 4.766341209411621 1.6519016027450562 3.1225016752826127 0.7280303239822388 
car 15.73110961914061 19.447189331054915 -0.9935207366943288 1.874968409538269 4.384873390197754 1.546734094619751 3.1226750055896195 0.727777361869812 
car 27.863319396972585 4.862186431884993 -1.2810893058776855 1.970522403717041 4.477867126464844 1.759446382522583 -0.06924200057983322 0.7106978893280029 
car -9.057556152343821 -23.5549697875972 -1.2472107410430837 2.0344929695129395 4.868985652923584 1.8506362438201904 -1.584175944328308 0.6951069831848145 
car 15.816055297851534 26.548439025879134 -0.7523609399795532 1.8753068447113037 4.337429046630859 1.5797789096832275 -3.1038286685943612 0.6603133082389832 
car 15.180465698242244 16.907890319824446 -1.005725860595689 1.8768730163574219 4.409700393676758 1.544688105583191 3.119473282490865 0.6398521661758423 
car 32.59649658203122 2.108604431152571 -1.3821083307266093 1.941043734550476 4.498964309692383 1.6761735677719116 0.0344744920730597 0.6344271302223206 
car 18.7403182983398 -33.52587890624977 -2.3465738296508647 1.912475824356079 4.580699920654297 1.7186516523361206 0.009453535079956303 0.6206790804862976 
car 43.64374542236321 -10.403919219970476 -1.1089122295379497 1.8398826122283936 4.274124622344971 1.6209938526153564 -1.4981091022491455 0.6057103276252747 
car 6.719772338867145 -27.724174499511264 -1.6804780960082866 2.0161354541778564 4.684357643127441 1.7539587020874023 -3.121766567230226 0.6047465801239014 
car -1.6695632934570597 -36.18345642089798 -1.7620742321014333 1.8913261890411377 4.529398441314697 1.609288215637207 1.5916913191424769 0.6019606590270996 
car 15.8367919921874 34.376197814941634 -0.6042613387107707 1.8965370655059814 4.370615005493164 1.610276222229004 3.098401371632711 0.5896994471549988 
car -9.130523681640753 -37.02819061279274 -1.1293089389800954 2.181428909301758 5.495498180389404 2.3769330978393555 -1.6233140230178835 0.5657119154930115 
car 27.21413421630855 -9.232215881347429 -1.5834910869598318 1.938658595085144 4.646100997924805 1.7049376964569092 -1.5549520254135132 0.5624260902404785 
car 46.97309112548825 -0.41352844238235775 -1.2183291912078715 1.9911246299743652 4.587577819824219 1.7900789976119995 0.030434727668763057 0.5512702465057373 
car 15.941680908202997 39.69532012939476 -0.43469876050948386 1.9491333961486816 4.430999279022217 1.6374372243881226 -3.1087517738342294 0.5373257994651794 
car 29.85927581787108 -9.237339019775163 -1.474449276924119 1.9666354656219482 4.645185470581055 1.7605661153793335 -3.056796550750733 0.5189768671989441 
car 32.77210998535149 4.663509368896712 -1.3390724658965993 1.8767132759094238 4.2605133056640625 1.604447841644287 3.107315842305318 0.4992538094520569 
car 15.804840087890554 31.63611602783203 -0.6915143728256155 1.91548490524292 4.459072113037109 1.6019487380981445 3.0530198256122025 0.49714016914367676 
car 32.664428710937486 -9.237243652343295 -1.3625599145889211 1.9887129068374634 4.707795143127441 1.7832682132720947 -1.5992529392242434 0.4654897451400757 
car 46.480690002441364 -9.96119308471657 -1.0616077184677053 1.9020614624023438 4.3973493576049805 1.7206308841705322 -1.2635941505432127 0.4364389181137085 
car 44.781158447265554 4.411727905273892 -1.1821522712707448 1.9747265577316284 4.4838762283325195 1.7197864055633545 -0.017598867416381003 0.4355536103248596 
car 28.56640624999997 10.671447753906477 -1.108641147613504 1.9921727180480957 4.627785682678223 1.777950644493103 3.106297318135396 0.4302294850349426 
car 15.823463439941449 42.215492248535384 -0.3291499912738658 1.9525516033172607 4.535855293273926 1.6890017986297607 -3.0672259330749516 0.3979647159576416 
car -9.40192413330071 -44.12889099121048 -1.6321816444396973 1.8682951927185059 4.460371494293213 1.6709620952606201 -1.60141396522522 0.3881072998046875 
car 29.05661010742176 18.898490905761946 -0.8604679107665945 1.985764503479004 4.580387592315674 1.6755750179290771 3.086053196583882 0.3857843577861786 
car 6.239871978759808 -49.543510437011264 -2.245272159576402 1.9168156385421753 4.529233932495117 1.6527104377746582 -3.1055059432983407 0.37385016679763794 
car 19.490798950195327 -38.815628051757585 -2.597943305969231 1.9139724969863892 4.393490791320801 1.6185606718063354 0.04917585849762058 0.3704686164855957 
car 38.02132415771473 -9.41112899780228 -1.4786181449890066 1.8542648553848267 4.315062522888184 1.6296539306640625 -1.2094683647155762 0.3558177351951599 
car 6.267185211181598 -41.598239898681186 -1.9978771209716726 2.0163183212280273 4.681878566741943 1.7094316482543945 2.9838593641864217 0.2998996078968048 
car 28.454299926757784 7.623958587646712 -1.252350091934197 1.9474893808364868 4.561580657958984 1.7611825466156006 -0.08839929103851216 0.2976642847061157 
car 29.109008789062486 15.978309631347884 -0.7935322523116994 1.9679811000823975 4.489158630371094 1.6981651782989502 3.1401549021350297 0.29446297883987427 
car 47.17912292480463 18.33558654785179 -0.17624996602533827 1.9670710563659668 4.432553291320801 1.7494096755981445 0.0019518136978156893 0.2909996807575226 
car 47.022071838378835 23.636260986328125 -0.44454142451284895 1.9956700801849365 4.614983081817627 1.7298591136932373 -0.03599560260772616 0.2642885446548462 
car 15.824081420898438 44.77001190185547 -0.3191818594932485 1.9822313785552979 4.5770769119262695 1.7378135919570923 -3.1112918853759775 0.25534576177597046 
car 50.662109375000014 9.282993316650618 -0.8647509813308645 1.9851462841033936 4.547625541687012 1.7535533905029297 -2.97948980331421 0.23397214710712433 
car 17.17297363281243 -45.783908843993686 -2.5318410396575857 1.91111159324646 4.560123443603516 1.6791129112243652 -1.5719356536865234 0.22664488852024078 
car 15.862396240234375 50.66831970214844 -0.4472169280052114 1.9896628856658936 4.661398887634277 1.7466578483581543 -2.9157638549804696 0.2221759706735611 
car 30.816192626953054 32.647514343261946 -0.3797342777252055 1.9899407625198364 4.686302185058594 1.7646815776824951 -0.06217205524444528 0.20744235813617706 
car 15.953041076660199 36.958114624023665 -0.5079817175865173 1.8859106302261353 4.378879070281982 1.6333675384521484 -3.1360139846801767 0.20327070355415344 
car 33.27792358398435 7.660076141357649 -1.1335760354995656 1.9431816339492798 4.524165153503418 1.666749358177185 3.0764496962176717 0.19222694635391235 
car 29.12136077880858 14.004463195801009 -0.8571867942809988 1.9846928119659424 4.535647392272949 1.7216947078704834 -3.0585405826568612 0.18617799878120422 
car 19.382118225097656 -27.956666946410678 -2.3045361042022634 1.9976387023925781 4.668439865112305 1.6941719055175781 -0.08520030975341718 0.18028908967971802 
car -9.90169143676755 -49.46902847290016 -1.8022704124450613 1.901585578918457 4.493459701538086 1.6639127731323242 1.2999249696731567 0.17817774415016174 
car 5.176040649414105 -46.54846191406227 -2.143169879913316 1.914946436882019 4.490049362182617 1.657501459121704 3.0082648436175736 0.17008250951766968 
car -3.7622070312500426 41.172225952148665 0.6055238246917725 2.37088942527771 5.954000949859619 2.532639503479004 -1.696298956871033 0.16294032335281372 
car -8.789852142333999 -17.301467895507585 -1.1795371770858694 2.055138349533081 5.725481986999512 1.9157979488372803 -1.6013256311416628 0.16084404289722443 
car 18.384040832519474 -30.931873321532976 -2.4539041519164897 1.8455450534820557 4.298078536987305 1.5400352478027344 -0.03949213027954072 0.15920041501522064 
car 49.59002685546862 7.455383300781477 -0.9559952616691447 1.9097886085510254 4.3857574462890625 1.6966582536697388 -3.0936832427978525 0.1554737687110901 
car -3.249446868896541 47.18135833740257 0.1671641916036748 1.8436846733093262 4.37180757522583 1.6013237237930298 -2.466258764266968 0.15166273713111877 
car -3.2663803100585653 52.446319580078125 0.145736426115036 1.9184290170669556 4.505588531494141 1.690821886062622 2.952978436146871 0.14559343457221985 
car 18.941902160644474 -36.30194091796852 -2.4747796058654714 1.9319249391555786 4.47583532333374 1.6370980739593506 0.04967045783996626 0.14392021298408508 
car 6.866954803466783 -30.358659744262695 -1.90190589427948 1.9229555130004883 4.461551666259766 1.6211273670196533 3.128284279500142 0.14155149459838867 
car -8.696113586425795 -53.89180374145485 -2.514895439147935 1.9214701652526855 4.480625629425049 1.6816198825836182 1.7328313032733362 0.1403963267803192 
car 6.895126342773338 -35.71521759033158 -1.9622040987014628 1.9266622066497803 4.48524284362793 1.609037160873413 3.136840168629781 0.137673020362854 
car -1.5059432983398153 53.813468933105696 0.16351529955864663 1.9176132678985596 4.521716594696045 1.6926257610321045 -1.3881980180740359 0.13592159748077393 
car 5.72114181518549 -44.063552856445085 -2.075848102569573 1.955477237701416 4.5583391189575195 1.6709058284759521 2.9561789671527303 0.13510183990001678 
car 35.15389251708976 -9.353130340575945 -1.4132717847824026 1.9195929765701294 4.497776031494141 1.6786999702453613 -1.4779553413391113 0.13316494226455688 
car 6.319171905517521 -51.94213485717751 -2.299579381942742 1.8924384117126465 4.411613464355469 1.6357848644256592 -2.915813922882081 0.13085615634918213 
car 51.96259307861325 -0.32499694824173275 -1.551116943359368 1.9313212633132935 4.409582138061523 1.6431496143341064 -0.21635365486144967 0.12936465442180634 
car 39.2788925170898 -8.154331207275163 -1.3756631612777568 1.8305212259292603 4.20604133605957 1.5713815689086914 -0.09104907512664706 0.1282794028520584 
car -15.884368896484432 39.30910491943382 0.28207892179490557 1.8997050523757935 4.407371520996094 1.6649117469787598 0.5640443563461309 0.12683098018169403 
car 47.67738342285152 -8.23286056518532 -1.122219681739793 1.9169819355010986 4.40763521194458 1.6844696998596191 0.1774073839187625 0.10920915752649307 
car 49.54359436035155 11.057273864746548 -0.7936425209045197 1.940849781036377 4.498697757720947 1.7188071012496948 -2.52950406074524 0.10063350945711136 
car -9.9872016906738 35.75860595703148 0.6264523863792419 2.5328640937805176 7.596098899841309 2.6001510620117188 3.130219761525289 0.8578298687934875 
car -3.7895698547364134 41.70301818847679 0.8573232889175486 2.5130531787872314 6.985172748565674 2.9054551124572754 -1.7046065330505373 0.6929225325584412 
car -8.775562286377024 -17.474418640136264 -1.170187473297112 2.0632119178771973 5.664001941680908 1.8952527046203613 -1.5828531980514529 0.681746244430542 
car -9.12245178222662 -37.05323791503861 -1.1049007177352692 2.2046470642089844 5.620167255401611 2.1838507652282715 -1.625631332397461 0.3396284580230713 
car 32.633094787597585 -9.331150054931413 -1.3392264842986918 1.980363130569458 5.2343597412109375 1.8341566324234009 -1.6225761175155642 0.2275172621011734 
car 45.82339477539061 22.542633056640852 -0.8177281022071696 4.071187973022461 8.522777557373047 3.856302499771118 -1.6119447946548464 0.20171260833740234 
car 29.659790039062415 10.623352050781477 -1.079424262046814 2.0945658683776855 5.466146469116211 1.9019981622695923 -0.22838020324706998 0.1753496378660202 
car 45.198692321777344 4.4085006713871735 -1.1100126504898 2.0885653495788574 5.250119209289551 1.9091159105300903 3.09910470644106 0.15419255197048187 
car 6.369136810302734 -49.53732681274391 -2.30680251121521 1.9173557758331299 4.994787693023682 1.8297820091247559 0.042942523956299626 0.1489238440990448 
car 27.20519256591801 -9.352012634277116 -1.5059338808059621 1.984161376953125 5.137452602386475 1.8735299110412598 2.5732939879046834 0.14883531630039215 
car 30.93555450439443 32.683616638183594 -0.39989790320395 2.0929954051971436 5.052134037017822 1.9233418703079224 -0.02808988094329778 0.14442574977874756 
car 15.877532958984347 50.69252777099632 -0.45070239901541953 2.0433056354522705 5.555811405181885 1.9727435111999512 -2.960106849670411 0.1411084532737732 
car -9.943614959716768 -48.898967742919695 -1.924654722213738 2.0479331016540527 5.76979923248291 1.9132379293441772 0.35063242912292525 0.13396519422531128 
car -9.384956359863239 -44.137702941894304 -1.6423993110656667 2.0585074424743652 5.011233806610107 1.8748843669891357 -1.5874549150466921 0.12851670384407043 
car 46.47284698486324 -10.461330413818132 -0.9343986511230398 2.0125579833984375 5.376222610473633 1.9087798595428467 1.7029231230365198 0.1284620314836502 
car 15.800559997558594 29.072952270508267 -0.5842122435569692 2.0695157051086426 5.356560230255127 1.85987389087677 3.12665015855898 0.12513011693954468 
car 29.838996887207003 -9.368206024169695 -1.3471529483795095 1.9972050189971924 5.15303373336792 1.811127781867981 1.473207116127014 0.11977417021989822 
car 18.84841156005858 -33.691455841064226 -2.378833293914788 2.045109510421753 4.984254837036133 1.8176944255828857 -3.125338077545167 0.11928224563598633 
car 47.63765716552727 18.34626770019554 -0.09914159029721503 2.0777688026428223 5.296760082244873 1.9551634788513184 -3.117041110992432 0.11792925000190735 
car 6.829177856445227 38.69072723388672 1.526667356491096 3.074775218963623 9.175384521484375 3.7568583488464355 1.5339931249618526 0.1149703860282898 
car 38.00946044921871 -9.86822891235306 -1.4404581785202026 1.968064546585083 5.3595781326293945 1.803708553314209 -1.2916591167449951 0.11099125444889069 
car 28.46350860595699 7.597358703613736 -1.302701950073235 1.9677605628967285 4.956526279449463 1.8933851718902588 3.106185022984639 0.10687747597694397 
car 17.19644927978507 -46.46517562866188 -2.550875425338731 2.1755530834198 5.972552299499512 1.9711815118789673 1.5797613302813929 0.10559478402137756 
car 32.68093109130851 2.1287117004396805 -1.3153769969940114 1.9783381223678589 4.808841228485107 1.8356391191482544 0.012880444526672937 0.10280658304691315 
car 5.759132385253935 -46.591053009032976 -2.211170196533196 2.0130162239074707 5.182618618011475 1.8182706832885742 -0.050446748733519654 0.1020832508802414 
car 5.826316833496051 28.386779785156477 0.46581923961640825 2.950824737548828 8.787096977233887 3.5464038848876953 1.5093277692794795 0.8814793229103088 
car 6.843551635742159 38.10184478759811 1.1751153469085764 2.854848623275757 9.832769393920898 3.538987398147583 1.5238629579544065 0.35870546102523804 
movable_object -18.134227752685618 -19.676528930663835 -1.0460712909698415 2.452699899673462 0.3342803120613098 0.9743180274963379 -0.009914755821227715 0.2711380422115326 
movable_object 17.768722534179744 -1.4043540954589844 -1.6454551219940043 2.0748586654663086 0.3900126814842224 1.0422133207321167 3.0376055876361288 0.1590062379837036 
movable_object -22.97903060913096 -37.60723114013649 -1.0146492719650198 2.0376574993133545 0.48880866169929504 1.052631139755249 1.466991305351257 0.10569532215595245 
bicycle 15.440498352050696 -16.41193008422806 -1.8930245637893535 0.5860635042190552 1.709174394607544 1.1061427593231201 -1.3789263963699339 0.41561204195022583 
bicycle 15.910156249999929 -16.017734527587663 -1.8807830810546804 0.6655895709991455 1.7083535194396973 1.122678279876709 -1.584838151931763 0.37638023495674133 
bicycle -8.108078002929716 27.680091857910384 -0.4184901416301585 0.5917171239852905 1.7074077129364014 1.1908036470413208 3.0772932211505335 0.3376196622848511 
bicycle 16.392547607421903 -15.951999664306413 -1.9390435218811035 0.6456358432769775 1.6683473587036133 1.0754722356796265 -1.5864906311035158 0.3328309655189514 
bicycle -11.867298126220732 -28.69208145141556 -0.4761934280395437 0.5287341475486755 1.5579633712768555 1.124368667602539 -0.11110675334930349 0.31869247555732727 
bicycle 17.69135284423821 -16.446121215820085 -1.9162102937698293 0.6698943376541138 1.7247586250305176 1.1596275568008423 -0.9830786585807797 0.23474568128585815 
bicycle -12.731006622314467 -3.2535591125486008 -0.21760900318621879 0.8780902624130249 2.537431001663208 1.594415307044983 -1.6150639057159426 0.18688035011291504 
bicycle 27.759643554687486 34.58655548095703 -0.5104733705520488 0.6435273289680481 1.8664566278457642 1.3544577360153198 2.6888006369220165 0.16241803765296936 
bicycle -15.28425979614255 -15.18354415893532 -1.0584559440612793 0.7105198502540588 1.8788249492645264 1.1872481107711792 -3.097659587860108 0.16086412966251373 
bicycle 26.650192260742088 -7.500671386718523 -1.7479755878448415 0.7713981866836548 1.9812569618225098 1.6335772275924683 -2.4295344352722172 0.1538681834936142 
bicycle 13.544784545898395 36.990943908691634 -0.5676883459091044 0.6185374855995178 1.626739740371704 1.147315263748169 2.1813171545611776 0.15184727311134338 
bicycle 17.108062744140497 -16.016819000243913 -1.961461067199707 0.7876673340797424 1.870443344116211 1.1250104904174805 -1.7018443346023562 0.14548823237419128 
bicycle -16.423019409179744 -27.20248603820778 -1.15470898151397 0.7253737449645996 1.7153010368347168 1.146000862121582 2.482012573872701 0.1419595181941986 
bicycle -4.556972503662124 37.31101226806686 -0.505575656890862 0.5953876376152039 1.650359869003296 1.1279743909835815 -0.236131906509399 0.137742817401886 
bicycle -20.597934722900433 -27.44998931884743 -0.7339277267455984 0.5830814838409424 1.6897152662277222 1.1387842893600464 1.5333298444747923 0.1366969645023346 
bicycle -22.997203826904396 -37.57650375366188 -0.7768759727477956 0.7351526021957397 2.0198142528533936 1.3937194347381592 3.074964825307027 0.13210728764533997 
bicycle 13.990142822265625 0.2949256896977204 -1.2485678195953298 0.516423761844635 1.6184496879577637 1.112471580505371 1.6544702688800257 0.12582015991210938 
bicycle 42.81034088134753 4.505958557129134 -1.0064880847930837 0.7042204141616821 2.0493669509887695 1.3534735441207886 2.2781093756305135 0.12382197380065918 
bicycle 13.993057250976506 26.535675048828352 -1.07252454757689 0.4675650894641876 1.515745997428894 0.9946829080581665 2.0115402380572713 0.1203499585390091 
bicycle 4.3857841491699645 -49.463279724120866 -2.4054617881774902 0.7235797047615051 1.8505706787109375 1.2972331047058105 -1.8297120332717898 0.11359875649213791 
bicycle -18.986446380615305 -17.508480072021257 -0.5948671698570109 0.7004698514938354 2.0306010246276855 1.3250004053115845 -0.6097800731658928 0.10799401998519897 
bicycle -12.247653961181626 23.699325561523892 0.19991093873978372 0.6065254211425781 1.634284496307373 1.250313401222229 -0.9523385167121884 0.10362458229064941 
bicycle -11.719917297363253 20.121704101562727 -0.08750052750109205 0.521050214767456 1.537950038909912 1.0785157680511475 -2.4452586174011235 0.10268400609493256 
pedestrian -9.722545623779368 -5.5352020263671875 -0.8923491239547658 0.6769335269927979 0.7917564511299133 1.7076067924499512 -2.8552508354187016 0.8133876323699951 
movable_object 10.466423034667912 -5.323825836181413 -1.6462047100067139 0.39443233609199524 0.3955421447753906 0.8066692352294922 2.9762495199786576 0.7861436009407043 
movable_object -4.426883697509837 37.13752746582054 -0.4321804344654012 0.35386595129966736 0.3594093322753906 0.7508935928344727 -0.790295124053955 0.40208008885383606 
movable_object -6.564197540283274 34.031684875488736 -0.4027494192123342 0.36882269382476807 0.374103844165802 0.832596480846405 -1.1846170425415037 0.39745765924453735 
movable_object -7.408428192138587 34.385971069336165 -0.3325923681259084 0.3452419936656952 0.34861519932746887 0.897820234298706 -1.54363214969635 0.3607071042060852 
movable_object -8.704196929931669 27.695289611816634 -0.3551485538482524 0.3552676737308502 0.35792937874794006 0.91219562292099 -0.6647459864616388 0.3463183045387268 
movable_object -6.933574676513615 34.32984161376976 -0.3831979036331177 0.3716977536678314 0.37356996536254883 0.8991619944572449 -1.3361254930496216 0.3321816623210907 
movable_object -4.08323669433598 37.268173217773665 -0.3699979782104421 0.36197441816329956 0.36375463008880615 0.7755211591720581 -0.3832231760025017 0.31053149700164795 
pedestrian -12.273063659667997 -28.91734886169388 -1.0773887634277273 0.5919636487960815 0.6093196868896484 1.7638338804244995 0.12074637413024951 0.2737712264060974 
pedestrian -11.639217376709027 -28.645395278930437 -1.1378279924392558 0.6149218082427979 0.6393053531646729 1.774915099143982 -1.4576058387756348 0.2671509385108948 
movable_object 16.46271514892568 -30.79077720642067 -2.727689743041985 0.38268131017684937 0.37900209426879883 0.8827130198478699 -2.9086833000183114 0.21579623222351074 
movable_object 10.952072143554688 -5.6135063171384445 -1.65394544601439 0.39269739389419556 0.40643203258514404 0.7741250991821289 2.56227142015566 0.2065904438495636 
movable_object -7.397575378417969 27.53639221191429 -0.467457354068749 0.3478805422782898 0.34960299730300903 0.8161546587944031 -2.9331400394439706 0.2021489143371582 
movable_object -1.4849357604981321 42.95662689209007 -0.1869993805885244 0.3816187381744385 0.38302305340766907 1.100400686264038 -1.8370649814605715 0.19873738288879395 
movable_object -4.943141937255831 37.07746887207054 -0.4434780478477336 0.3410392701625824 0.34185582399368286 0.7735303044319153 -0.32457232475280673 0.1872497946023941 
movable_object -1.418628692626939 46.44087982177757 -0.20826072990893607 0.4059560298919678 0.40553945302963257 1.1006311178207397 -1.6657066345214848 0.1828249841928482 
movable_object -16.61711120605473 37.6222839355471 -0.062085807323448705 0.5445943474769592 0.5416934490203857 1.1247546672821045 -2.5530652999877934 0.1814047247171402 
movable_object 10.92786407470706 -5.240596771240007 -1.6563053131103445 0.41166895627975464 0.4229883551597595 0.7967954874038696 2.788487259541646 0.1799396425485611 
movable_object -5.609176635742216 37.51959228515625 -0.28027379512786155 0.36204466223716736 0.3629096448421478 0.8283559083938599 0.19159960746765198 0.1672867387533188 
pedestrian -15.193084716796946 -6.344551086425554 -0.5659655928611684 0.6104028224945068 0.5687031745910645 1.78346586227417 -0.09119272232055585 0.16136418282985687 
movable_object -5.094539642333984 37.33506774902389 -0.3233763575553752 0.36047738790512085 0.36192962527275085 0.8140764236450195 0.26456856727600203 0.1592904031276703 
movable_object 37.46532440185538 -7.508544921874773 -1.6596711874008108 0.3889274001121521 0.38945814967155457 1.1909637451171875 1.1653491258621218 0.15266819298267365 
movable_object -11.803005218505945 20.102783203125227 -0.06760849058627372 0.3948742151260376 0.39083606004714966 1.0934381484985352 -0.1766654253005976 0.1464133858680725 
movable_object 17.87371063232419 -0.15115737915016325 -1.7010171413421489 0.3572920560836792 0.35732078552246094 0.8770169019699097 -3.0337853431701673 0.14534251391887665 
movable_object 13.338226318359347 37.297187805176236 -0.5726203322410441 0.42914867401123047 0.4291730225086212 1.163183331489563 2.849596563969747 0.14086724817752838 
pedestrian -14.305667877197294 -10.11344909667946 -0.6910003423690725 0.5920239686965942 0.5655073523521423 1.7450456619262695 -0.11768102645873946 0.131014883518219 
pedestrian -8.306594848632884 39.50970458984398 0.44400158524513955 0.6069653034210205 0.6049931049346924 1.7174477577209473 -0.36519193649291926 0.1305546760559082 
movable_object 13.910697937011633 0.4480018615727204 -1.3116527795791484 0.40621694922447205 0.3954595923423767 1.291412115097046 -0.3435001373291007 0.13008099794387817 
movable_object -8.740894317626982 34.572189331054915 -0.16840185225008497 0.2975527048110962 0.28621089458465576 0.9837942123413086 -1.7900253534317019 0.12840016186237335 
movable_object -6.3255882263183025 38.70302581787132 0.04615442827344651 0.41119906306266785 0.4069637656211853 1.180332899093628 -0.1238378286361686 0.12760643661022186 
movable_object -8.189167022705107 27.740356445312727 -0.39222240447996626 0.3814363181591034 0.3960423171520233 0.9235629439353943 -1.4864252805709837 0.1273113638162613 
movable_object 18.15067291259757 -16.64151763915993 -2.0048370361327983 0.452886164188385 0.47317031025886536 1.2342922687530518 -2.8164105415344247 0.1257992684841156 
pedestrian -14.572299957275334 -5.121788024902116 -0.5641894936561513 0.6168097257614136 0.594083309173584 1.7577333450317383 1.1799119710922241 0.12365275621414185 
movable_object -8.033962249755916 34.51943969726585 -0.2943789064884115 0.3281121850013733 0.3261769413948059 0.9634200930595398 -1.6735751628875735 0.12330083549022675 
movable_object -14.823249816894474 34.371208190918196 -0.2205996513366557 0.40459924936294556 0.407528817653656 1.05571711063385 -1.2544026374816892 0.12248928844928741 
pedestrian -12.313766479492202 23.651336669922102 0.19775429368019815 0.5692135691642761 0.572885274887085 1.605963945388794 -0.7470209002494809 0.11858375370502472 
movable_object 12.882507324218722 -4.618736267089389 -1.6108462810516215 0.3473893404006958 0.3421591520309448 0.7865390777587891 1.2203918695449827 0.11514302343130112 
pedestrian -14.546314239501967 -5.551815032958757 -0.5687412023544169 0.571581244468689 0.5446390509605408 1.7330708503723145 1.4297419786453245 0.11487326771020889 
movable_object 18.376312255859276 2.2186584472658524 -1.756862163543687 0.3561798632144928 0.3550885021686554 0.7927186489105225 1.2065626382827759 0.1103563904762268 
movable_object -14.116226196289048 34.510246276855696 -0.23573529720305686 0.38910675048828125 0.39129021763801575 0.9766169786453247 -2.205899000167847 0.11029814183712006 
movable_object 17.87196350097649 -16.950386047363054 -2.009361982345574 0.41552263498306274 0.4242827296257019 1.2078218460083008 -2.893373966217042 0.10965543985366821 
movable_object 14.128440856933523 33.52686309814453 -0.73762047290802 0.3598722219467163 0.3522337079048157 0.9978235363960266 2.767358128224507 0.10854734480381012 
movable_object 12.397171020507855 -4.608623504638217 -1.6245623826980449 0.3543977737426758 0.35569798946380615 0.7736853957176208 1.4771853685379028 0.10765384882688522 
pedestrian 15.88274383544929 49.999137878418196 -0.22670266032218223 0.669391930103302 0.7108974456787109 1.8136943578720093 0.06158614158630428 0.1068982407450676 
movable_object 17.86930084228507 0.088630676269986 -1.683112025260911 0.3572823703289032 0.356861412525177 0.8381776809692383 -2.502009630203248 0.10635347664356232 
pedestrian -14.640563964843707 -3.7342910766597015 -0.48950886726378684 0.597126841545105 0.560685932636261 1.7407076358795166 -1.0213886499404903 0.10413998365402222 
pedestrian 3.9098434448241477 -54.08866500854447 -2.5001449584960866 0.7027271389961243 0.7593472599983215 1.8398921489715576 -1.4270312786102295 0.10034449398517609 
