pedestrian 634.3010556747536 470.49436759524207 680.1597418454371 566.4894841782519 
pedestrian 697.4302627914784 478.0292314468709 756.2929283082316 582.2919364531256 
pedestrian 944.248456258318 477.7153007673124 1008.8854119315166 605.404806131082 
movable_object 957.6425302562608 530.7059787709026 1010.3756839684111 604.6954830202575 
car 644.5924502489233 430.1618354638667 847.758845794254 523.3971403531502 
car 859.2600176599657 471.9807382878151 954.8695890771709 511.5686615836979 
car 721.4241725888814 475.6574360107053 875.6945939944286 543.7433652018468 
pedestrian 707.1434356473364 470.10446318747495 779.8373938274945 607.7287494503049 
pedestrian 734.1108305769158 485.3866935005538 795.7520262373041 601.4668457490114 
car 853.1006196716168 479.6515227199598 1006.11846935658 531.5573421489737 
car 522.5488839086869 435.1075454278443 676.9372246745731 524.9725158264591 
pedestrian 761.8981282984031 478.3276514840826 811.0089266282413 575.7360931084797 
pedestrian 777.8142092395325 471.55011459284515 858.2305011653162 593.792884269274 
car 0.0 498.01621213193744 1098.524530186476 900.0 
