car 665.9748074967754 409.77471598574033 811.7239062109207 540.4466117918115 
movable_object 1590.899133868025 548.6777691043822 1600.0 625.435384738272 
car 54.064072265599286 443.33490520077964 306.5549746995537 543.0842849000462 
movable_object 1447.2356160151915 623.1536813455627 1554.3166359473626 787.8710720059045 
movable_object 1417.2729736583767 530.7892238016733 1466.244847570208 601.8183082671875 
movable_object 1363.53180663231 529.5517762810547 1408.4783362018352 599.4066997315149 
car 499.4170168916035 445.2402359323476 654.8990634544003 540.1279689480469 
movable_object 1283.1909289562163 521.9674284194001 1327.057107624645 588.3797463556012 
movable_object 401.42130939144715 782.3970854873926 576.3161609393755 900.0 
movable_object 438.805674019495 494.92491748849704 470.72856368369986 541.488245293002 
car 230.23205169970927 422.15168750988397 469.9901388549843 548.5354553352422 
car 0.0 449.0982199321994 158.5397466453795 533.763203306863 
movable_object 1322.4558370748596 526.1378985054138 1366.565062117592 593.7096708124685 
