car 389.5221981941147 387.1112121069937 624.2563210000854 536.0516944639502 
movable_object 1309.5091077872326 559.7138550851982 1384.1955458644234 663.9392890379735 
car 0.0 432.2807541824683 30.351492893265025 525.5006553648127 
movable_object 636.7751829123159 704.0531965253721 799.3614103044227 900.0 
movable_object 1137.0616796862255 529.1510146212823 1198.073007172253 617.9785918014002 
car 1496.414753285629 332.26305223849823 1600.0 519.5767449645065 
movable_object 1081.791599921702 524.5237789972002 1138.9390187843803 611.2426884562296 
car 202.321086681607 427.7748597901451 437.4264477472933 536.3586663296694 
movable_object 995.8624588769445 516.9303947336803 1050.937235011316 598.5065680096814 
movable_object 111.45192843053324 482.91263743368694 153.38994342558706 536.463892408398 
car 0.0 409.1467552122285 231.2263884567878 551.1884899707096 
movable_object 1344.3553753664103 604.5210175930337 1444.3646657023564 758.5619226300884 
movable_object 1036.3399072017746 521.372402638818 1092.2851590900748 604.6874475091105 
