pedestrian 970.2608775680368 449.93913671960667 1089.752484849828 658.1821586481784 
pedestrian 1134.2128008192801 438.90252458100747 1313.9575828292848 719.4691807185284 
car 706.668289422835 476.34679393210746 777.2850392047749 505.7042679234035 
car 704.3204853555228 474.0136317586056 850.0027762956018 533.8113008432296 
pedestrian 1522.2958813167927 464.30705774084765 1539.898559782531 503.809480124363 
car 859.0628603146869 470.4508720993671 954.9967908255721 509.9641496471547 
car 660.6504634858903 470.7911945161182 725.2630655036804 502.8426840198254 
car 1463.7829659787985 464.39064885048714 1600.0 567.2861307883759 
pedestrian 1225.20437728055 451.489003143994 1399.1700068300743 699.1615831461254 
pedestrian 1470.2055355750354 461.3538826334452 1493.5197143881426 506.6592484672707 
pedestrian 1453.0106864056079 400.40185620701317 1600.0 727.2758228941485 
car 0.0 497.1506603260162 1098.9735454516476 900.0 
car 773.5836396147918 471.94121813802957 854.6802083874609 503.16435777934976 
