car 949.2018408577525 527.2231749621359 1054.9320902722784 618.4304551934175 
car 1314.8005130863985 538.5156839302509 1496.2447431069913 666.6014088193697 
pedestrian 919.1856067711417 572.1278337644378 997.8882685994793 750.9936311384284 
car 1245.6566753120246 542.6983043497455 1392.253846281038 642.3847438169284 
car 1198.3503455898979 531.5613575050118 1333.3532113594458 608.624417572693 
pedestrian 978.1368812977705 540.8032641097698 1083.1606481645254 741.0092160471416 
car 847.2483714918851 536.1071341395437 1036.8649248604181 723.9775273891786 
pedestrian 1167.3357671751382 530.0659172628253 1254.3918595366779 752.1915488608145 
pedestrian 977.2009884785132 541.6891008492897 1076.1972757606075 759.8580823157238 
car 971.5677881088784 529.8195771042742 1046.8483983294373 595.5683787813033 
car 994.26429403026 528.4033999565748 1116.7944142863835 659.5276998756934 
