car 1576.4378276953914 359.69957168263886 1600.0 843.2237194686221 
car 1359.1997097580734 450.47835600088547 1552.046434578216 538.2379094421622 
movable_object 796.3001197271607 590.1799469580026 851.111629292178 701.0558166512213 
pedestrian 1453.8712638304175 390.8519230577424 1548.4792487234859 611.7336399551884 
movable_object 1248.74983469225 687.836835463587 1385.5681883687296 900.0 
movable_object 31.174598074753735 555.8411834989981 104.05171816635581 645.3431348604672 
movable_object 0.0 568.0837032860115 28.40254538691105 661.3924499474746 
movable_object 161.9916021198022 538.76700261409 221.83162903865565 618.584600999579 
car 1516.6329369598288 441.56391070341175 1600.0 545.4215744035789 
car 786.4047180047858 319.82024918458205 1234.9908060644277 737.8372506385231 
movable_object 105.70188337296767 547.5460928576015 171.98751192567312 631.447080352212 
movable_object 1240.0476710728067 668.845444444778 1337.7856595515962 865.388720124689 
movable_object 709.3879873180422 602.767742890478 791.2116488815946 727.0954758283618 
pedestrian 1444.1653540232044 399.5919684874284 1565.0121318507422 636.39597077167 
