car 837.9268262990549 521.5874386171928 952.676868523884 609.7732076741728 
movable_object 1503.8125935248177 564.5036834410514 1600.0 672.8505307678629 
car 1166.6318036911462 534.3323313494575 1308.948865015884 656.6505112352263 
pedestrian 724.8727109052782 564.2807154604211 806.9702893921065 733.0697819927148 
car 1128.2697284594783 536.4367357190138 1250.0589699485683 632.2679683503831 
car 1100.6156225362367 528.0915565914618 1216.539560438584 603.0450650763989 
pedestrian 643.3239503381336 532.0333651865401 752.7492823170788 715.3360158865786 
car 626.5979289964077 528.3875430411971 857.4081436776195 703.1726142302347 
pedestrian 802.1053879426576 522.2416773939094 888.7654988370675 724.7949395967732 
pedestrian 793.3831489656361 524.5887952297519 883.2528938748032 729.8040123502544 
car 884.7145264336757 525.4662099891566 967.3651653577364 590.0284595465967 
car 828.2292341994146 523.7274765987955 958.0983958897674 648.7028425157899 
car 1336.9971017032562 554.0724202336677 1600.0 900.0 
