pedestrian 790.8649771686822 447.11479546278474 875.9889426598012 637.4109021517017 
pedestrian 956.2230957255088 466.7369407334698 998.5671276432665 595.0047989674794 
pedestrian 1131.574430372453 502.1384130694915 1163.704303169469 589.9635367469515 
pedestrian 682.517399907106 515.2735239024074 745.2323856061279 584.1158536063867 
pedestrian 1103.3370208707681 483.7608362484843 1146.1265692964964 595.7188877418288 
pedestrian 1538.2548461481317 469.29312571170266 1595.304120804941 586.4979073565228 
pedestrian 1150.5703740339936 473.0378794365221 1199.6690127816105 596.9620677089225 
pedestrian 457.76960561596974 422.80871811457627 586.4352763800073 705.1139947244748 
pedestrian 1313.843645482624 475.1097029509831 1354.6613874733905 558.9804021490571 
pedestrian 507.8872371657085 463.3761664668982 554.8748905684346 574.7975639760991 
pedestrian 562.7532801001978 476.8465765560009 611.5190372255039 585.4102931116712 
pedestrian 513.2820600359672 505.55503762525615 589.6917029512122 622.7566560774181 
pedestrian 484.1802522474631 489.3989715218838 520.7680729375071 575.4974774684424 
pedestrian 806.6208343463368 436.24284320875495 894.3404116249241 629.9831707026741 
