car 720.461346165259 518.5653124158766 848.5435468992669 604.19355131651 
movable_object 1268.486991239736 562.3786952891217 1355.6911236933784 664.6693646393919 
car 1001.4752653290863 533.0055553206389 1118.9725830363311 649.392169614919 
pedestrian 522.4830448647141 558.8547776896768 607.3747027870235 717.4235359514257 
car 1005.0338967063451 534.4427213072523 1103.0316034975865 626.5047441724251 
pedestrian 341.6961243740872 525.8878328677382 457.78639757775835 694.7509688936734 
car 408.75698135850047 523.5297450609739 677.7615984062743 685.6122104474846 
pedestrian 466.0644104923636 516.4383355970409 559.2253197613998 701.9306923361496 
pedestrian 581.2722163163394 521.2074230159349 668.5886257948736 711.8188093157082 
car 790.6257237900862 522.5855011872951 880.8584369310231 585.753819208418 
car 658.720394853869 521.6056334654221 810.8264885999358 640.6235201653261 
car 786.7361425565496 543.7614778921796 1600.0 900.0 
