bicycle 336.5249479675337 368.31122358613857 691.0822010331387 645.8362755693378 
movable_object 131.43442036135772 414.47419187957775 189.19471992530165 447.6236340538353 
movable_object 88.21840982811017 414.26360205297937 148.63226333479156 448.38647210587686 
car 510.2569569116825 358.346443387344 657.7674399103266 453.04019570304104 
movable_object 0.0 417.1563357174912 63.21819492269383 453.81902799593786 
movable_object 0.0 418.50714420520416 8.854866953309156 456.1193399074959 
movable_object 172.61167247104564 414.9603235416971 225.23829107934023 445.67463498412314 
movable_object 278.54159601047076 402.84874291730773 323.4241405044492 429.6802654834882 
movable_object 245.65794534590395 411.5486522293767 294.9093856214133 439.6203895374018 
movable_object 210.50277836949337 414.87555091493635 262.3217789746747 444.86723755439124 
movable_object 41.888480928197964 414.89752847164624 106.94740210449689 449.8475949823021 
