bicycle 209.3548569835259 366.0009730805641 513.6755590984606 624.1476396806509 
movable_object 158.3369333562512 412.7155111493283 214.65093730048525 444.842406423415 
movable_object 115.81588496866479 413.13786367595867 174.60977914689693 446.175003670542 
car 526.8072653047734 360.6519254146453 676.4105648312092 453.8698119167612 
movable_object 16.973011010575366 413.92970199898355 90.34717896687846 449.25574526296276 
movable_object 0.0 414.71086101872 37.112357322224895 452.422713433256 
movable_object 199.02145614255656 414.8429838523437 250.4507761597571 444.70434686030535 
movable_object 304.0854170285465 404.2984256782095 348.201818012136 430.5374108771194 
movable_object 0.0 415.9027204125304 9.75661988850288 450.00865515863865 
movable_object 271.39799267558686 413.1880770333821 319.71985861790364 440.60471046111223 
movable_object 236.41137388802215 413.60687534544354 287.16482721513245 442.76783840953516 
movable_object 70.41458293243686 411.6781685630327 133.49313430576336 445.379628484135 
