movable_object 263.78424177745563 512.5066752375329 399.17677705390804 569.0978338004818 
car 872.7616995393936 470.9034218693974 927.363272630264 508.4748146922843 
movable_object 591.1357192789395 496.8541037536738 622.3132009521149 520.7748741658322 
car 696.0746222523475 402.155459187017 1034.137835107332 735.4934084207063 
car 912.7858447435381 245.20116739232316 1275.5442967134493 622.3953826613675 
movable_object 461.22365390720427 509.17142344646464 524.6902192923228 544.6936023427078 
car 1006.0119994429461 9.222623863754034 1600.0 828.3691643746413 
car 584.0330390528733 482.10358419415957 663.893796612193 509.04215429228384 
movable_object 385.1519790731413 508.7664867454194 476.53719403871406 550.7210600713871 
movable_object 70.96945890000498 512.4157639332119 268.34790116585503 579.4326101511632 
movable_object 507.4570074372749 511.22685144463935 558.5886321949089 542.6073293798505 
car 913.5973863129029 470.9695205480342 998.6940426336762 523.0192181705373 
car 768.3232740832906 468.6798752421061 904.8256868005643 571.6077358279075 
movable_object 0.0 506.2715299259582 75.00778968047048 575.7235256249552 
