car 262.0559203870705 430.3783371027617 391.34060552021623 486.9761396851799 
car 0.0 414.9522506404192 155.76825131835733 482.0350020337231 
car 0.0 423.2067187264137 81.00981626544815 524.1885557001793 
car 923.2994263377935 470.61500471540177 998.0463792741409 500.4239123777798 
car 1486.7226550935225 508.9983942256117 1600.0 861.6187003768313 
car 574.4924464572863 469.6458380333218 690.6984539415548 546.2997538433237 
car 0.0 416.638096571136 12.906223256864546 792.879861660261 
car 1033.0505267763688 480.9484530170483 1100.9179512257472 521.5273024539089 
bicycle 1112.6674717924266 492.61865216845206 1585.7925187558208 626.1089543028635 
bicycle 1019.9091203556114 469.0069913320773 1051.5396056827637 522.1599047210403 
car 0.0 430.01196545085617 524.9441956043275 695.251946508492 
pedestrian 656.3196469558294 461.2631105477301 678.4494934667424 504.4395209056178 
pedestrian 310.9261496988283 445.9080941413344 376.4511031068417 555.9719782722161 
pedestrian 735.6363805331313 460.44377253876934 745.8082387796729 485.5465258256817 
pedestrian 765.6630545660468 464.3219487562236 776.6138132183703 487.0113755557667 
car 1066.0754694829197 471.28729516151134 1155.7083700763528 530.2037963178658 
bicycle 0.0 475.72110807982665 106.86580795984634 583.0301858048513 
car 417.0580465659927 446.91813285052353 642.3809506932305 584.0883852185058 
car 174.43622064863246 426.9807960495423 321.54070276677044 484.4602969918021 
