car 760.7917294349754 458.2012086155207 818.858754153761 481.52162201284955 
car 981.495648230733 462.9757451586743 1022.0398143581338 486.29162900928014 
car 1015.5276076923077 442.78850209194877 1091.838575541954 498.8561301902795 
car 971.9200359668044 462.7163923016641 1002.2942567980832 482.56981143112864 
car 1107.8961727187302 454.97575370441353 1248.1945795579707 525.8624322805044 
car 504.0283726601287 464.02390629300413 594.8178183838796 496.868929847076 
car 1170.3399711888742 448.43847750234306 1411.3719679548685 555.996283145177 
car 123.18283136308165 477.68788911825783 384.41416741881045 556.3347236456306 
car 321.214331373548 465.75462778146397 460.5452350002706 515.45908207193 
pedestrian 1189.9211124246424 448.7398129847697 1218.9900560295735 501.07942615868615 
car 862.6968919754521 457.9858635335141 913.3587449850808 501.80225966817824 
car 999.633686826089 455.455975556109 1055.298259323403 491.8580238410362 
car 547.0139167357672 461.68690485983916 708.9192578886451 518.5669048267226 
car 681.0372489548138 463.90142381438125 772.3241873944436 494.1660980963803 
car 394.5717395368061 472.70501801918584 508.1049595044732 507.95873554704275 
car 570.3476668829214 454.0371580115244 720.4576593833106 511.7198928165898 
pedestrian 1173.222917726231 447.14841893202225 1199.9385817593914 501.1705550889786 
car 1306.5177796279008 475.83184818621675 1600.0 630.9235574493598 
car 953.5554373462973 448.5907480845988 990.3594819667943 479.7310743688122 
car 642.4313468251913 457.1302902579445 759.9957872139076 500.3029182584859 
car 720.3262871787049 458.5449278017224 797.3332703360248 488.8074786194255 
car 1073.5411813678265 459.6883607988759 1166.8408573329305 508.6740800928249 
car 947.5444488492518 461.00075832402626 971.0546585517218 480.18342561969575 
car 461.16974450992666 471.0207164877017 557.213809812728 500.7611025151946 
car 543.4316783706983 470.25880305848085 618.7162573695012 494.2082513032902 
