car 947.9096467167045 483.6831473462928 995.4768377676269 514.423856307232 
car 914.7423108028187 475.1277333985815 939.7126436062345 497.591171211532 
car 906.6764672546111 484.04580478454164 921.4038811840775 494.90349552523776 
car 930.9779988575082 480.5659779154488 960.559344294186 500.9574630756108 
car 1188.6328037454246 381.2748204311964 1600.0 751.7664267383684 
car 534.3942252756427 486.43413020255696 629.0515410809193 521.2204254141247 
pedestrian 981.2816854384382 477.95179195466903 991.858649002253 498.995870847744 
car 833.8318203273911 475.70818179647176 884.5992221625792 519.685402274649 
car 0.0 492.70913702220224 20.50751181636991 598.9980616586101 
car 750.4631073947211 481.53784828987125 798.5189040045962 499.57531225162387 
car 524.4959597315885 383.79963421529 757.5145384047532 569.7694748254593 
movable_object 1231.7874940286822 537.5780302341852 1272.2783844099608 591.828149116394 
movable_object 1292.160937928283 597.6336536603455 1378.8015538026666 712.7202160179354 
pedestrian 971.2472806373875 477.74197838775484 980.583811791832 499.2438237375914 
car 943.7259910398446 484.5965565529339 974.6035852286622 506.05561952579046 
car 114.56972903873705 482.75215628538234 385.62718836471754 561.4438591176365 
car 898.9590115113664 475.2633001687825 918.1891315430117 493.06645466210904 
movable_object 1143.6211232797873 506.87485887882485 1163.5688643568062 534.2635202433978 
car 0.0 234.56038418316916 687.4251882754093 708.0006734537183 
car 273.97390033663766 481.9598610699447 466.25815917572675 545.8617825885843 
car 1276.6195827418153 422.05013474412664 1600.0 579.6561028100526 
movable_object 1196.2763208926478 505.7564261558639 1216.7729747248297 533.4061355378782 
car 0.0 480.8389941881851 184.84378861671686 590.4095806181156 
car 0.0 484.8525274668667 293.2680493211273 570.4997794681137 
