car 753.1357807309649 470.3504587620527 813.9347631807819 494.53650318098863 
car 985.6028487865476 475.7715652508056 1029.3881311910877 500.42460027558684 
car 1026.7477232663655 452.850888624027 1113.7486791673261 514.5524536752324 
car 974.9016897874437 476.0145807908449 1007.2870682798933 496.8489166004957 
car 1140.9634067309653 467.8175764526248 1318.1123291342649 551.5433091295508 
car 475.3599314430738 474.930013482185 573.3840721974424 509.8145207587212 
car 1228.052800215286 458.92722615518244 1572.930846708372 597.857279894871 
car 0.0 488.9536787308215 283.11867257093684 584.2452783090706 
car 256.0520941473393 476.4639620356351 414.7612999543621 531.4485138344918 
pedestrian 1219.8817924491198 461.60394482938887 1253.0257514484722 519.0453670433275 
car 863.8123068907528 470.67770739603003 912.9810256409387 513.1434271436453 
car 1007.1519848991854 467.9779967354305 1068.7888125434777 507.2197870761551 
car 493.3603328910577 472.9051233758484 683.7437453405611 538.4007560346344 
car 662.3990609524858 475.08555989403 762.0355470485264 507.65701718500924 
car 346.8054264137684 483.43262929442494 473.1807133311841 521.6003646115621 
car 527.8451318506942 462.85271492400904 700.6203838165382 528.0913569232852 
car 766.596018883984 470.32916285506906 821.049707068157 489.2897210632799 
car 783.9930242934844 475.1146681311461 830.5053467926016 492.69872057495917 
pedestrian 1201.4953282560205 459.3339343746271 1231.7425920798116 518.6124653840758 
car 1453.3509970950226 490.214384540565 1600.0 652.4870358129527 
car 955.3556002033565 460.9066030806562 994.5087779121121 493.44637064267454 
car 618.9647368438048 468.07999412679845 748.1665025291258 514.8953516439962 
car 706.9084788106891 471.75207265728415 789.2526748869076 503.7425319585341 
car 1095.8072768001741 473.02550712581615 1206.7000329267703 528.4477725846385 
car 948.2905506124883 473.5709487509092 972.9632354236405 493.4529403333798 
car 696.790704624044 469.8978396311232 779.0679647909037 498.99673107315687 
car 425.34711941062807 481.8317419297574 530.2009267003853 513.6067095682334 
car 519.9742180371242 481.5246797487548 600.5860389939179 506.70347127089985 
