pedestrian 1197.6537522742642 487.8113071638284 1226.2720358709466 542.5907740592951 
pedestrian 721.5961556237976 460.07240259478965 736.045987403612 494.8828045764364 
pedestrian 972.7132914854349 475.5468283476871 985.9862872093672 503.7237181199466 
pedestrian 677.7156267501252 460.74748758953643 702.6953861958837 509.2177510779511 
pedestrian 596.677665954271 476.97160842956373 634.0078685172491 539.5239337831089 
pedestrian 710.1112853580893 462.14187164155294 723.70160792023 497.9555314880045 
pedestrian 1016.1841003046341 475.65522587874 1031.9919273482058 507.3801407772583 
pedestrian 385.9203557979636 462.71008993892144 447.20756188518106 573.3455153288056 
car 826.6893863596893 477.3479804897262 876.5639731838602 517.4700739541831 
pedestrian 1596.6990006196838 494.58675156434543 1600.0 557.5193916074359 
pedestrian 539.4234462558649 473.06441212200434 569.71262338013 538.895417839626 
pedestrian 1104.6894788732523 482.74622458788804 1137.9176642772466 546.5809110744327 
car 863.1810476453323 471.89487003844044 913.8733787205656 502.2313725437431 
pedestrian 606.156190027233 468.67874734525185 644.3941922062007 532.1502492937603 
pedestrian 563.337266433341 478.79075424895325 597.1154228166326 549.3016585405813 
pedestrian 699.0346411136281 461.5946324773428 714.2982206173652 496.94203396030156 
pedestrian 521.8138887655049 464.7664135048856 559.9872965766538 543.5695951555181 
pedestrian 1268.7872267893154 505.19538574763055 1303.5390589184929 549.6032700245363 
pedestrian 1222.375698097218 477.94080537040185 1256.30440604024 537.9824237216952 
pedestrian 319.19024103014726 457.2432506018208 390.34792407199376 577.5008333332637 
