movable_object 263.85495887042083 512.7037562334014 399.237863114933 569.3081425661103 
car 872.8546895829347 471.02782089468144 927.5283266876594 508.64717552648113 
movable_object 591.1855033651558 497.02258678936226 622.36349346454 520.9470969054312 
car 695.9670672941152 402.2289445182375 1034.2665750287263 735.8046119532698 
car 912.8108043367007 245.3276441712322 1275.6006350930775 622.5076431678013 
movable_object 461.27983933201955 509.35237138973156 524.7446279431537 544.8820923621001 
car 1006.0094679047916 9.359507255402004 1600.0 828.4559924163489 
car 584.2018074589472 482.2659014432784 664.0528991797628 509.21287165465526 
movable_object 385.12129545833227 508.94984150158973 476.50303361277804 550.9056024194573 
movable_object 71.06134324118536 512.632105020364 268.41839298073944 579.6661722434117 
movable_object 507.5110603459044 511.4033892306592 558.6419086885346 542.7900319437422 
car 913.6359149331673 471.0879995204475 998.7396989890912 523.1469324564413 
car 768.3561223932747 468.8106985937149 904.8693823202467 571.7556358024316 
movable_object 0.0 506.51362311122205 75.09755278790945 575.9784301441898 
