car 578.1970160767177 466.70058474698817 721.6958757729524 517.6203694715877 
car 163.54527436006921 458.9038151557254 536.8216572390937 572.432232173666 
car 323.2382489704958 464.10936560244477 634.9828461870169 559.4936147042944 
pedestrian 768.1740327188014 475.80034431188574 776.6677918694863 499.3922985933506 
car 825.0454825832558 473.7308721949312 879.045629353748 520.488388018591 
car 545.4438259393264 482.1112643635025 693.8611077874832 529.8840295905395 
car 603.5718189169057 472.30263986761065 726.8797388870659 515.678263450124 
car 0.0 489.2746200309106 207.91068167903722 555.5826106052272 
car 0.0 422.99492614960604 186.75666187023452 692.2433092336348 
car 965.5311585478365 476.9747688111141 1026.5060275076673 501.0148802936235 
car 867.6915872374065 476.4138786085243 895.2712983095631 496.871326168604 
car 0.0 448.04529359207436 442.21034050841286 605.827866189968 
car 0.0 440.3918612022506 408.9078824594726 643.3987919221008 
car 1023.6589537924423 472.26914807315126 1106.1073555139371 504.1137197419401 
car 420.3986138281533 471.6002842409018 645.1821202640339 546.6955561306756 
car 437.4828809510896 461.11080410067296 662.5141254571259 537.7473847942305 
car 634.8835406133122 471.32674836444124 735.1423621755752 509.94958456959114 
