movable_object 263.74687243991497 512.9411584524252 399.1395168576744 569.5555964969723 
car 872.6872941793525 471.24746022884625 927.2348407112898 508.78979324119473 
movable_object 591.1047881112785 497.2491845706079 622.2836754439936 521.1760639801067 
car 696.1093512459835 402.56540792543404 1033.8401998269778 735.5951785119789 
car 912.7282650201403 245.56931246541714 1275.505945003738 622.7096136459814 
movable_object 461.19016412656714 509.5838444007063 524.6579356717002 545.1186822438398 
car 1005.9056910435608 9.70446471455347 1600.0 828.6311076082548 
car 583.8091639198461 482.49282357521577 663.685895136361 509.44848300034533 
movable_object 385.2550332165066 509.19607520356425 476.6483716868178 551.1804140217479 
movable_object 70.9295282290668 512.8764432684856 268.30534670205316 579.9245657432141 
movable_object 507.4244290784525 511.63340952195773 558.5575361126096 543.0242597556776 
car 913.559182197989 471.2973465936177 998.6634526269613 523.3585611740544 
car 768.2809271582469 469.02395699553455 904.7955411219057 571.975046183837 
movable_object 0.0 506.7666083855104 74.95657054888059 576.2258644057429 
