car 492.631344465015 462.62134374946487 680.218234490546 531.6771361424516 
car 1379.892504473168 495.20554052325855 1600.0 654.8067759331994 
car 0.0 474.37655489684005 212.97593029734668 546.747365228827 
car 1184.5990427245858 493.5565239539022 1401.04760716218 583.1531662055268 
car 239.8898427711486 488.46279177927494 396.1240101631931 531.8046851909194 
car 161.46275305903097 485.66047746049713 340.22405768973374 536.2983407175195 
car 686.0887340959646 475.7897330552401 779.5591585800669 505.39982663436524 
pedestrian 807.0899056890573 477.9898779184967 812.5260925489945 493.7257096731571 
car 845.208784082383 477.6397029577996 893.6375376783226 519.4046065570703 
car 722.5631911997543 481.29091314679954 785.7022068849939 501.95088387689736 
car 0.0 467.79696169225866 119.26829998438613 549.4055428274111 
car 514.5648961647385 483.70344400400074 591.6085012578944 508.952303796396 
car 571.1605229129988 480.3284190640142 711.9416450325647 527.8873977170836 
car 625.1299781512462 474.9352342630719 734.6821348916437 516.333787473109 
car 643.9184492754143 469.36519190463247 749.1342805208933 507.4874778798548 
car 873.5025183535091 480.7631654137794 901.4383929818006 495.16697481789527 
car 590.5406033668197 472.8218265204364 727.1558451704843 517.4892014780348 
car 661.0940017747088 472.7249853130389 762.8947380591324 509.1672681305241 
car 1058.0225497672197 445.6454851428109 1225.3198618488275 548.2330464374259 
car 1453.6681553754809 500.13312439009184 1600.0 848.4182534565396 
car 0.0 422.15498682074525 20.38634824648117 691.5680716086342 
car 1011.1787235502128 483.0878742064184 1078.7938098871548 528.6699227502652 
car 700.6485679046696 473.4591943798788 782.5277810643371 502.3343979555186 
car 745.0326081913898 475.3969021207853 799.1107493637633 496.26009098933076 
car 386.71683396254286 481.03743689230396 502.0528850139311 521.244395530351 
car 73.32934512797912 492.68611649675654 287.99137498026926 554.7625166732748 
