movable_object 263.7199146305911 512.3892066523689 399.12562789316473 568.981912319637 
car 872.7799091256169 470.78081201905525 927.4763084505657 508.412308241755 
movable_object 591.0913881115941 496.7362706497957 622.270743502108 520.6572835555153 
car 696.6871918364175 402.2732732698445 1033.6421906682813 734.5167303790178 
car 783.2588626282159 460.29519561499023 876.5610775021377 534.9470752950726 
car 912.7482244575466 245.07127174450062 1275.494684010904 622.2771311319431 
movable_object 461.1736499976828 509.0537877097218 524.644882006177 544.5765342340259 
car 1005.9805279788126 9.053728611190715 1600.0 828.2411740730822 
car 583.3797792374295 481.9902771940543 663.2872354277796 508.93693008357286 
movable_object 385.5469893799286 508.6731629697868 476.95077791727357 550.6720022751448 
movable_object 70.88485850548237 512.2983762691091 268.28775213963695 579.3179906818301 
movable_object 507.40973596962317 511.10921750581406 558.544727007255 542.4900755820843 
car 913.5585256013447 470.8524649326372 998.6537280102203 522.9018332172196 
car 768.2822014183824 468.56264791067326 904.7866036598306 571.490953347945 
movable_object 0.0 506.1539087559037 74.92997338979153 575.6008709496067 
