pedestrian 1072.7328399150406 468.88564406275566 1089.939785948413 505.09779271157157 
pedestrian 743.5857010485275 448.2440995603105 754.1782344178903 474.4903888288921 
pedestrian 740.2486247913124 445.2121883866134 755.384645580414 478.44859938156776 
pedestrian 746.0114807504359 463.1631351787715 766.1386894846269 503.7077695644369 
pedestrian 729.6324796908015 447.07879718713104 742.1277566605916 480.07235880568044 
pedestrian 475.8449637378238 437.5531346702876 526.5774290111947 530.2793519145145 
car 834.0867535542039 463.5957427376037 875.7071524258508 496.58208754782385 
pedestrian 689.9061123746051 460.48596529288676 708.100661866119 501.6316015402032 
pedestrian 916.076669233841 460.43804157760104 938.8730159939703 508.0713043164185 
car 1244.4202947179006 492.07677037217206 1600.0 643.111388306653 
pedestrian 775.6376511764802 462.3871096013291 797.673697526395 506.93152258554267 
pedestrian 700.860328353103 464.148096686505 722.9018227623386 506.1140964398574 
pedestrian 717.478488952512 447.77469158789893 731.8355383967619 480.2467513914856 
pedestrian 666.2236179383463 454.1457727742761 690.3438020533792 501.56669699672216 
pedestrian 1172.302553637519 484.9902529628971 1197.657116847044 518.7889702367264 
pedestrian 1086.9317439423446 463.92439121302345 1107.0318690914044 503.49036337419915 
pedestrian 416.0113329047096 434.89094436289497 468.6770369276634 529.0384689974902 
