pedestrian 1085.2072414742868 466.55364677676346 1103.134942821073 504.66300598368787 
pedestrian 741.5087631401743 449.8446270098769 752.2649567748394 477.05076879871973 
pedestrian 735.0029972550858 445.2048550726717 750.5357552681984 479.93567867901953 
pedestrian 723.0074257220621 463.2161836287915 746.1211371715191 505.53235705963095 
pedestrian 726.2164406201675 447.96585551164986 738.5940665989278 481.47584987653255 
pedestrian 978.4053157949619 461.5446668631284 991.2995590339597 487.401017771997 
pedestrian 463.2559856432737 440.72619322711597 515.5423254059411 536.7882166758812 
car 831.7486531687297 464.925749754124 875.7315679015053 499.05486429274174 
pedestrian 668.7537123927675 460.7989871385253 688.4261892559782 504.43845345351855 
pedestrian 936.3782016539556 461.7143922264927 959.8893851155918 511.2900044807395 
car 1288.8787939436293 492.6409769226728 1600.0 667.1809989334474 
pedestrian 755.9003416485272 462.440722029723 778.8150159087235 509.00277996970664 
pedestrian 683.1594564364902 465.1093883761303 706.8850735831116 509.70216819217484 
pedestrian 714.1133745577465 448.6258393592482 728.7518216204162 481.57707604570356 
pedestrian 650.4499354595594 455.76981405570297 675.4738381615275 506.27859646336725 
pedestrian 1183.9704055391153 487.1042374261041 1210.4067378839013 522.2077025920194 
pedestrian 1099.798496794715 463.6042144441845 1121.0351770015375 505.2247821211029 
pedestrian 398.72447065684656 437.0967187408687 454.4353365043033 535.6636758501052 
