pedestrian 837.4679740838872 458.8266848910983 850.9033712896307 487.63365851567335 
pedestrian 750.1542767622409 441.27621470054476 762.933043892431 468.82633746635383 
pedestrian 589.7269194853645 438.74657694773396 620.9158625018318 500.3958612187664 
car 832.7240932003945 456.58880336660263 864.3243429327553 481.26953442120913 
pedestrian 799.7749852496969 455.6675113723393 808.9004938105193 484.03487381735823 
pedestrian 825.2907193065734 453.2370384979744 843.6764040652757 488.074968055883 
car 1048.4141892100622 475.03373706576104 1161.4222768950503 534.684172486968 
pedestrian 857.3570547395318 455.75595233402254 872.7808414220868 487.40680373428654 
pedestrian 804.3607744979576 459.2981531974577 816.314378828142 488.4029783991716 
pedestrian 737.7345019650719 443.294623129518 749.1578318714114 470.5187611909734 
car 202.85547791691928 454.22284620753896 615.8341552383259 653.5303618377806 
pedestrian 776.9497734309791 453.4682190678374 790.7950616869923 485.4066963689356 
pedestrian 1085.2582636443228 474.7058449924446 1102.9914753579883 499.5179204263857 
pedestrian 571.8505557061823 440.0323298588874 601.4532139098378 499.72253670581676 
pedestrian 411.5984832740581 444.1565491832428 474.69587565168655 546.0985338458028 
