car 27.776135542939176 435.3982261167797 494.349782747552 594.8109971265471 
car 693.7454034131496 469.2859934126064 781.1193326251613 500.343383634704 
car 591.9632557898426 468.0506314962044 726.4419860708969 511.5947220984539 
car 0.0 487.7485417446606 57.576235190808724 562.1452252532157 
car 625.6935270906458 469.5909367931185 755.6689714798756 510.7003832946064 
pedestrian 799.8173021469046 472.72279339359073 806.1033416717951 490.8788654541314 
car 340.92067704904457 467.880999881217 613.3225909966388 552.252078586342 
car 844.8710156884028 472.5676611566982 895.1020836238968 515.945922182536 
car 685.5316991385613 478.2328813664948 767.5234404140599 505.0466289021018 
car 408.05863629198086 480.20247872901797 513.5497210208988 513.7979543208957 
car 283.0552787672245 473.17085904977387 588.1675370714904 570.1945297471831 
car 484.93154583341516 465.2210307853674 668.1672950401728 532.6173437812231 
car 529.0317814117409 460.3571995423934 696.3569005160614 519.717764740625 
car 908.4376150295155 475.4401158308595 950.6023276640736 493.13233715841375 
car 881.8450822005666 475.0237425456105 896.0702827486671 489.0882965985796 
car 403.2973769572291 462.4833805615147 646.2939990839483 539.739732669333 
car 565.3428142232518 464.4027727053743 721.1753260404927 519.2445696180847 
car 1235.1458038590781 379.34437898341105 1600.0 658.2978761174977 
car 1090.9290131976534 477.29342014923577 1220.2621175332195 551.7608178441236 
car 651.2344327329674 465.2334194360812 761.0633333341726 503.82529064925507 
car 718.2060952396303 470.0882144477361 784.494926166613 495.6869436643128 
car 134.57502457960936 476.03994256152436 327.6393385189955 538.4824998714946 
