movable_object 263.79231409477933 513.0565562694585 399.17336052163955 569.6677255290525 
car 872.7726097097011 471.36864596393315 927.412578413725 508.9685326626639 
movable_object 591.1351760171449 497.36954104906846 622.3119866152829 521.2956628406325 
car 696.3343333750441 402.76193301043196 1033.744010384894 735.4793700096051 
car 783.2898363011622 460.8882056275802 876.597783584197 535.55312801438 
car 912.756087959261 245.71292186269852 1275.5396512581292 622.8390069655941 
movable_object 461.224615605041 509.70201582739236 524.6879022786334 545.235272554414 
car 1005.9301310764669 9.899995219538502 1600.0 828.7733530919435 
car 583.684262744105 482.61541518058755 663.568894389162 509.57138350647915 
movable_object 385.4036187708807 509.3190089739209 476.79248418506836 551.3118438828266 
movable_object 70.99061861777568 512.9886450349846 268.3457103389406 580.031781722711 
movable_object 507.456602011594 511.75230515638435 558.5863840994268 543.1419586185949 
car 913.5862569218192 471.42497738845793 998.6907864599254 523.484961792628 
car 768.3119043195356 469.1497261785163 904.8223041829506 572.0975805435905 
movable_object 0.0 506.8748450742212 75.0096436677812 576.3365487297236 
