car 924.1092128210507 478.8836070565647 953.4705728440176 496.8617456675882 
car 1222.158388741018 483.4956302454566 1600.0 704.7400548090152 
car 939.7616593294835 466.10662330994387 986.442712908804 504.15497543518677 
car 918.0583458988086 479.72608235239187 941.2184517994054 495.4951405158469 
car 982.5851244745513 474.2004902688892 1048.078181616607 513.9673720080692 
car 555.9890679930068 480.92524671821366 624.2584299165535 506.32160346492674 
car 1003.0305102139369 472.83449318120995 1090.8657317215486 523.0718147937034 
car 462.7156085489294 482.1230577662164 552.333402385236 516.2734522051901 
pedestrian 1053.4705832076731 469.0689404206629 1071.2459136805826 504.51387391412106 
car 822.2213080329132 473.2478572874642 875.2607295969519 519.2387424485446 
car 933.136960258106 473.46619589722195 970.3507477365298 499.80677840405406 
car 0.0 474.19470105053847 19.798783769989058 538.3852422697187 
car 637.7955974365287 478.82881214200677 732.6158892532626 513.3335794322185 
car 495.8160248483465 486.7290360429899 573.9083635131917 512.1603695629043 
car 649.485622096943 474.7115398892564 741.5981009647815 511.2922237573282 
car 0.0 497.6409280671501 210.98735968071733 561.6449005330064 
pedestrian 1041.4452646593902 468.5532332214098 1058.1422317310044 505.036014367262 
car 1035.4675375922764 483.4858074274389 1130.085206743857 535.612625869619 
car 904.4923187365076 467.0450179398365 932.7909223702212 492.2423983544286 
pedestrian 1263.3517124304117 463.7007748127293 1309.5957569389486 528.2469269249325 
car 675.6055797066334 475.40149302552527 757.9416155646908 506.2102043267093 
car 724.9595925969177 474.5867532916036 783.680156484364 498.0045522771622 
car 970.3001609532856 477.08894080201867 1020.6379480756207 507.71975814172407 
movable_object 387.30546869869113 506.5728735271986 419.1140203753223 550.7008309010016 
car 901.8848706551979 477.2669092681227 920.8585401863321 493.2923333417919 
car 532.1894316710343 486.31877063514304 602.219573857176 508.67249154868733 
car 580.2334532430843 486.3643685897002 638.461310730808 505.35810553977177 
