car 427.9508526227814 496.87450737391913 551.9873358614734 551.0199448389859 
car 836.4058519124206 484.2822314505226 861.1054783449085 502.31369747688507 
car 589.4911269964396 496.93268472480537 633.3950732184355 520.699997746982 
car 794.7079199168055 487.2137485866116 863.5067720804552 513.8142046316532 
car 865.9578267278762 482.03926819158255 933.3216220549623 510.8049617900786 
car 400.41754451040805 496.3881337170643 510.42842821272444 547.8386859348786 
car 851.5037052850016 483.91923563444703 888.2869753889381 504.56687958168675 
car 970.6060726341246 484.87670050962794 1037.4208857972615 509.600582817774 
car 0.0 496.11200372088484 159.92234982481318 613.7283710358727 
car 630.3061754497464 493.13562591535293 686.8398893230705 522.542618003264 
