car 702.9778455870319 469.9511270499933 757.8673807427741 504.6390461298103 
car 585.0503615237574 475.6050390848317 652.6405488997051 518.9017685926668 
car 806.1832475268814 468.2256214581672 845.3607742580788 508.4950136809419 
car 454.1043441765242 485.6092624836366 559.4134839944833 529.2615997098012 
car 377.48989465487233 463.0510116718361 516.5339812330836 544.9494178330451 
car 785.0110273532656 439.24871178613773 823.258727078224 478.6397938048123 
car 627.7294597482698 481.5385212931244 675.8706106037971 512.7396837992383 
car 515.750694618785 476.32877682347987 602.1882233312328 531.8214569608944 
car 811.5476372240829 471.1621336724387 866.2442247177347 494.0009199147584 
pedestrian 558.3676896475123 467.49017226816187 570.9481615606467 488.14246026185623 
pedestrian 973.6668518688233 463.04934839616146 988.7244311853805 496.8853495916195 
pedestrian 1074.008693670517 466.6490813997591 1194.8735255360073 651.8571166928501 
pedestrian 1020.7364939876214 458.85782106015733 1052.4780230447 529.9198667504457 
bicycle 687.9009732478381 479.3347779792667 704.7309992627038 509.2904408931572 
car 651.0335125224258 478.82552067641745 695.7398830152924 506.01651449764785 
car 595.8877655195625 455.21483103795697 659.7212975167247 506.8499984603925 
car 184.20404478462805 487.501711629773 358.53360052837803 552.2560463022794 
pedestrian 1381.7395503642979 409.7563687526576 1520.5199186732489 609.1906124614487 
car 418.3550082237346 479.7797947045227 550.1092915405628 550.7903537362268 
