pedestrian 1122.1594525427597 474.2511348082879 1215.782928000109 639.2242946433215 
pedestrian 809.9919778459979 490.2536524543931 843.4053279504424 563.9925391375994 
car 359.7245184455476 507.61616436245953 384.4525712618819 524.7152471240065 
pedestrian 1430.566186163754 464.8221344597069 1494.1085443991444 540.3143762492402 
bicycle 134.39947017285493 503.7580044230692 221.49298871071707 593.2078720118235 
pedestrian 995.4098557248487 480.39909064881607 1065.039448613697 617.7742410972162 
pedestrian 100.08159157909478 472.0409299453581 231.1785168989675 694.1522713121354 
car 385.42772145642743 399.2654609534816 802.4496651072905 879.5476032579012 
bicycle 1389.1156463365808 459.10968544867364 1567.0205210534418 628.4748554998716 
pedestrian 1099.3815665035759 472.7761702287743 1168.9242156153955 632.7929708414174 
pedestrian 1079.4146994818575 473.425514443594 1135.0818974421795 598.0655163964018 
pedestrian 1135.559045298604 459.2601447950746 1230.2547720268876 610.5456023087485 
