car 692.4759861198315 498.6042568197771 720.0522000222855 517.3132820042391 
bicycle 1115.3044031098177 462.15390322940067 1183.3392433966774 535.8625764686482 
pedestrian 877.6676736179327 487.7258955396245 885.7235493906983 502.75225585931196 
car 664.6161269972871 495.4261817292008 768.0068427719793 568.1386002675563 
car 645.1871398831449 498.92434480203 695.1163767828558 527.196837023406 
car 795.6475701469886 489.5322699168745 848.854574461542 535.4321109199825 
car 538.1731710645463 498.2759669767947 621.1760445684313 544.260318499798 
pedestrian 599.2152376828943 514.7102247128539 605.4235908489571 537.6751065852877 
car 0.0 497.9361955202853 270.4184315255584 730.5076868517186 
car 747.7691926643334 498.3073157584095 793.4921570111181 535.6575171284934 
pedestrian 498.1650676368686 503.0159127588105 506.12009147371583 530.7689179880954 
