car 1022.765910731857 479.9251786806027 1302.5520587144072 569.2261245958751 
car 517.047190076748 491.2786399578746 717.996882675214 555.3117260778923 
bicycle 846.6477004229178 484.8818322552065 892.988322173005 514.8831026571838 
bicycle 832.120965186369 474.8517392516198 890.8456883519711 509.4568699702065 
car 977.4305890975852 487.749962160956 1139.097591931316 541.9090496880737 
car 180.1771238980207 487.36383483757544 604.2429542899681 624.6982211005036 
bicycle 833.66596719649 477.145750370497 882.2444123314586 510.8987245021533 
car 1220.3406711326056 485.5527019153968 1600.0 663.3342254591764 
car 0.0 496.3580945520698 411.4468730397146 749.0588182361487 
car 0.0 488.45624258906645 171.88940459219603 878.6099847414637 
bicycle 703.8729060101876 465.9032139550693 743.9477109706002 496.9332307944962 
car 998.948324833017 485.92031035488753 1169.2214037922463 549.0849883659167 
bicycle 896.718386886274 476.1149538247715 953.2159310240418 507.33515901399005 
bicycle 698.9680287519101 476.89797825578677 747.0180179822624 507.685796651887 
car 14.047938985475469 483.69505110094804 299.3797278074802 572.3855223364022 
car 317.05484377378144 427.0461851567422 655.7854791399416 520.3001951594617 
car 395.02129456270694 484.4622895513974 664.5696328071671 575.7138038991986 
car 343.1639187034975 498.68098268413536 652.03005299886 595.5635596905928 
