car 591.3171256771568 475.8972701540872 704.157747719834 541.6926817187064 
car 6.312215276439448 481.2115955472588 373.1431491774904 621.1616247588374 
bicycle 1052.5174426915314 478.54545199672964 1077.8491678447224 491.3494734588822 
car 805.3514518302343 472.6515991923308 875.0640617810684 527.426956271998 
car 0.0 501.5563903183135 18.564960239861307 610.9669480867335 
pedestrian 173.54366466691863 452.4074473315848 209.81398775382866 503.5885027650329 
car 776.8120727442748 441.81763449991035 825.063466420473 494.409678399527 
car 794.110443637628 477.88174513642315 818.6232584291379 497.5046842351424 
pedestrian 11.927868365129209 487.12475145087535 95.66358698432057 573.9726272287403 
pedestrian 322.41990463988645 455.59010408874343 351.54859502601437 494.80681343070455 
car 361.5116092301682 496.5377090407145 515.2556003919987 568.2944423008499 
car 292.1972199439418 481.8018674272899 401.2824075813791 522.2952112019498 
car 1002.8788818809522 482.7274990043546 1092.9428098837636 513.8569816028681 
pedestrian 459.5442213956501 475.5219275858729 477.37319592162555 506.1902668039844 
pedestrian 1118.776463592608 465.6253059733399 1152.7945903324096 534.449605802612 
bicycle 467.23078114486987 489.24299554956366 532.7617173750456 569.2087054624635 
car 485.39472989905033 492.1962094942298 593.5459932795358 544.4435414889858 
car 369.85533926683627 446.85490189481385 531.8206445154948 549.3968001814852 
