pedestrian 1286.4553975223005 465.34160619308113 1407.3540733412917 667.26328988307 
pedestrian 834.2307533169836 494.29015983324916 859.91637165216 540.6229414689266 
pedestrian 1110.1933836941073 481.4299560381009 1160.0717581450588 551.1689312085833 
pedestrian 1119.2368346582082 470.5160630622811 1204.1043071330043 626.4791139752671 
pedestrian 667.8125857053673 487.1691817109155 744.455980684366 636.6133482592818 
car 342.1458812030598 508.05820929427665 439.5741281301861 563.0672813249868 
car 281.9060350163346 507.2410214838388 365.31559965516414 556.2739268030047 
car 406.93344667418836 405.2350352660352 833.3591145502294 878.4095881662696 
pedestrian 1248.7340344434174 465.3993859687164 1338.0998951974143 653.5625776424926 
pedestrian 1207.381076681596 464.5681622859186 1272.9731745304146 604.8425267312715 
pedestrian 1284.3463031720516 446.6048522565638 1416.9397031549543 626.2292718610516 
