pedestrian 4.468066515815072 507.08097428510996 66.42190846473167 578.4036472681751 
bicycle 1047.2296308591383 471.29581067683665 1092.6674856744771 526.7108291824698 
pedestrian 870.0936812222014 482.19068703793084 877.634450185138 496.37295521046553 
car 649.2074596274539 490.9259579574026 761.3165140633807 569.1199288997592 
car 666.4771602554725 487.9704413147905 703.7004164334206 511.5986537457621 
car 791.286779011973 485.05119935406174 845.5183430607134 531.7818889953505 
car 622.7238957638509 491.15954703129734 672.668379176522 523.4596666842662 
pedestrian 610.3398135203083 508.1498556478557 616.037687815157 529.5424733757651 
car 127.09409916511645 491.1219033525666 510.7277304751149 637.7570724542395 
car 737.0802319159834 493.34015146085846 784.8902038384014 532.5603093587862 
pedestrian 524.3361521946815 495.99806459048494 531.3777447503397 521.2707719569474 
