pedestrian 1118.4107359060138 474.4474342847664 1211.50744930894 639.1877115735032 
pedestrian 810.1022684417364 490.10679127978705 845.4751051021083 566.4306710642818 
car 362.5781435317236 507.5268230094469 385.85171241704666 523.7368572073765 
pedestrian 1466.8577848317657 462.9698387385295 1533.6975380721826 540.2116193023318 
bicycle 217.9078287310682 504.1440955957409 278.58372334595674 570.3727245180678 
pedestrian 995.1776835613435 480.49905037412475 1064.797202939837 617.844804037406 
pedestrian 99.15847097451105 471.79119481838984 230.41794729462762 693.9630370620465 
car 385.4026912175358 399.3926018708407 802.4308412003493 879.6761557257182 
bicycle 1227.8566525238718 474.88986586436704 1357.61861795211 613.0351692456428 
pedestrian 1099.3459033217598 472.85671432426466 1168.9020181335395 632.871568109211 
pedestrian 1079.735321102941 473.5961655613785 1135.330408216797 598.0324020302039 
pedestrian 1141.1677934462805 457.9617685770926 1234.999089389538 607.5891800194663 
