car 622.3596902360925 477.63696141362925 717.9161169230223 535.0651366126193 
car 256.22008541898913 489.73920447617513 476.3660366696203 593.1249528248511 
car 799.797779819332 470.337205409086 859.5629872526492 522.1937333504709 
car 0.0 513.0948693643686 240.37493645561935 628.4379378358499 
pedestrian 242.9472690169057 468.1511878382155 274.93769173096445 514.0537422475267 
car 775.3776421580754 441.43729691374193 822.3827737919001 491.6096518968047 
pedestrian 172.6809347690147 499.77487305091654 235.91120744991466 570.6244983333097 
pedestrian 370.67638664754355 467.3557033318423 396.67718702138075 502.93717116343777 
car 454.8477977226151 495.66394775157187 567.9563415950577 555.235880331106 
car 0.0 490.49801690646706 210.94872329638554 663.2345919248435 
car 948.720338000451 472.2795307347954 1031.4841953118544 502.57058095214205 
pedestrian 480.1167092975793 482.12806725476787 497.38884997861106 510.5492130649491 
pedestrian 1068.495168528732 459.4175877339863 1097.3560601460463 517.5541226687802 
bicycle 557.998907979599 493.6311789507665 601.401120413118 553.7202191047085 
car 534.5844746315274 493.57516105171095 622.1016268278158 540.0887368510328 
car 437.66955528631144 458.79512557690765 567.7154432545626 546.9227458405231 
