car 660.7223242022891 450.0013458451263 687.4122171544857 472.5320098079303 
pedestrian 906.2673174672572 458.7893661058238 918.0917196882675 481.2394877955501 
car 729.8854764591329 460.1191769844112 793.225512620011 507.4486677955075 
pedestrian 933.9699424108628 457.1755991639712 950.3686712165567 487.3908252156043 
car 600.8315617945755 426.38901275036744 643.6756536789582 476.66593163100237 
car 811.9726496496145 452.7811571276148 857.9789700797446 492.0237564661826 
pedestrian 416.6657362918835 465.7295676449176 428.7745506042659 506.1936541843322 
car 543.7215963428165 457.72714810568135 577.1622393124636 483.2106465190652 
car 777.2742688779307 455.6358915886592 806.2232359496911 480.86774299207116 
pedestrian 915.5305812340339 451.7071813452304 929.9773758951667 478.9028767966785 
pedestrian 924.3305458171487 457.3322879738127 938.5572159604029 483.8071285719368 
pedestrian 0.0 450.1562190170464 27.963042344479234 517.1957804816782 
