pedestrian 1278.482965978063 465.30020811698597 1406.1339457201855 665.4803314423369 
pedestrian 837.8438789057886 493.58561883486146 863.7186439716737 540.9621561150267 
pedestrian 1129.5525455214909 479.2635043315887 1178.4573887211184 547.753834332848 
pedestrian 1116.8878042427214 470.7080370389673 1201.3801746238878 626.2088350939812 
pedestrian 619.0086895968185 485.6508270986606 699.0567953362896 640.8916773512373 
car 381.0767610501737 506.83957719238714 459.92118127126366 552.5080794200634 
car 318.5174321544902 506.635372988237 387.6197163669635 548.941121257858 
car 406.0252333674968 404.6220436559528 832.8102001009236 878.2870754406374 
pedestrian 1244.4082649689556 464.30377824244783 1333.1992657732278 651.6028222468716 
pedestrian 1215.2263817455635 463.6830010975709 1275.279593829423 604.5964688905818 
pedestrian 1281.3513550112061 446.68212951816105 1412.8779190870193 624.945868483147 
