car 689.2094570501076 469.6827179515952 751.0059548514566 508.65853996895476 
car 540.8013199371841 476.7731527546735 625.594913083405 528.230134131496 
car 805.2240407996495 467.2174788610554 846.6446306404154 509.58216682369454 
car 380.95082561689975 489.08497950253513 514.357927158588 542.153511408724 
car 254.3427804030635 461.367564866957 450.5346308149357 566.0510993971308 
pedestrian 399.86551527235474 456.55329478533764 420.5761243482479 490.0737096978525 
car 782.7726235035677 437.5890237422366 823.1019235118583 479.44652635077995 
car 599.6630218183558 482.89109886081815 657.2001697828464 518.7976097857186 
car 439.33436748869565 478.46825963719783 556.823884730678 548.2550612452599 
car 834.4630314456587 469.7437279838283 895.8176359143216 494.11488420780506 
pedestrian 539.1098971325365 469.1956088970595 552.8110409995116 491.5904074101742 
pedestrian 988.8107507763829 460.61733893101245 1006.215930820905 498.8232540941255 
pedestrian 1088.3086414116842 448.2417348886959 1135.76331331651 548.1305131899644 
bicycle 671.006544837912 481.71190488012303 690.8628817238333 515.4888823550269 
car 630.2109689214961 479.21881311293845 681.9963092917039 509.83343533608485 
car 567.914744341998 454.25568262573853 642.5106951849924 512.4003605282279 
car 0.0 490.06406718200975 248.35096784282212 576.4103904998577 
car 272.4613804724307 479.57579689806 473.3226097889464 576.2064361017927 
