pedestrian 893.5359934768494 500.8850222815281 907.5192551530326 530.0744946818537 
car 791.5170133339698 502.5779279788559 818.546223036547 524.1424017647356 
bicycle 870.3225882522181 493.3202457580762 892.3257939119616 524.0767633366285 
pedestrian 691.4678485991197 487.9263824592826 728.6051888276814 556.4460548173048 
bicycle 1429.9358160767001 440.8013521625122 1597.9948442151745 591.0097658518955 
movable_object 360.263387949775 525.3098927169309 432.5911320861406 580.1687897905537 
pedestrian 900.0164265585491 482.36499002311604 942.0756717073813 549.2212321760686 
pedestrian 942.2132150136686 488.84555468972246 972.0709871444169 536.1122980659333 
movable_object 1560.8536528676823 462.8154071299877 1600.0 488.15765079792624 
pedestrian 861.1397126175931 493.1278661764248 878.2676290193084 523.4232336236054 
car 173.44313156495477 477.25145722099336 408.69625073954165 592.2041787097952 
pedestrian 289.4482143281321 508.2988272395681 336.5486879463899 568.9901133639679 
movable_object 1253.7332134989042 479.17245978310933 1302.8238587615178 501.3239378229587 
pedestrian 957.300782077609 480.50462426469824 994.8314034859599 544.979761858276 
movable_object 1480.1899763762483 464.32993024075165 1537.722547040488 489.9898560950277 
pedestrian 1186.307691456221 464.4657570849584 1248.1789976882733 554.3628167451882 
movable_object 417.2264891431734 519.4840507653633 499.2603935740809 570.5143562500574 
pedestrian 410.57883496197906 485.75455932894045 455.95333554010654 579.2874785291768 
movable_object 1219.5243906906187 480.4642866733902 1269.142093837015 501.8710863325388 
car 234.39885243100076 513.4559799938198 325.68831079518895 555.1337319671288 
movable_object 1139.353063029033 484.88507862265925 1186.141110837219 506.25814869933845 
movable_object 1382.694174296958 469.9590758901949 1435.1016746622172 494.594698859006 
pedestrian 868.8606602936063 479.9612245600493 907.1604752594259 544.0691123558411 
movable_object 1440.2833433116534 465.3945502135688 1494.593527337468 491.87531853808815 
movable_object 295.20830176351353 526.1782727924256 387.7983747422976 592.9279761410716 
movable_object 291.8741429119426 525.9734840383016 342.958646613884 599.3260716108203 
movable_object 0.0 754.0718531233133 280.17635030614485 900.0 
movable_object 1175.781368861564 483.11084058424194 1221.1560667894194 503.63784595622565 
car 105.21427086754267 508.72296961396063 264.21676193092395 568.8065322306663 
pedestrian 1008.7588495458054 479.39098314545873 1054.4437705716375 542.1329058065716 
movable_object 1409.9317416673669 478.48991022926225 1428.0698139993897 494.54458658515034 
movable_object 495.9678306833352 519.11798496683 570.2911760556843 561.8840246231607 
movable_object 573.0860041855038 574.623475462291 641.1726896493385 665.3718898926935 
car 0.0 505.58181485812094 89.90894858461903 576.3396288706525 
pedestrian 187.918901223178 508.288181095686 237.00507523737727 570.4468888737357 
movable_object 1099.2025241888957 486.62614129998695 1151.564976380629 512.5474454629706 
movable_object 639.9804834028064 531.7670573613821 708.4176262824112 619.0548398331158 
movable_object 163.3383139557457 555.4560699927762 214.1365281482903 606.8789768135965 
movable_object 284.06129101738316 536.2143945715504 331.0862245518624 559.3655242283304 
movable_object 1057.8537948713995 489.47972900107885 1104.8023143893797 511.13661645289136 
car 785.4677181476155 498.41512600684786 815.4353293404512 525.5676653162575 
car 494.23272767991165 414.2828496252667 715.8934879126837 602.9731962512158 
pedestrian 945.4147390253772 484.8815108341431 974.8308440479666 534.8276533273731 
pedestrian 834.2062469729597 493.2257239496512 849.4599211822048 522.7928584946825 
pedestrian 301.3198497028047 505.08259280196177 343.5360483396794 569.4078876338822 
movable_object 1421.9693883692573 468.14200460581077 1475.356860088899 492.59234995865654 
movable_object 1427.7243762360902 475.2359091557815 1446.62383892418 492.4477230668412 
movable_object 1141.9342709303098 493.30977843257716 1154.5811921174407 510.028622414237 
movable_object 1521.9762808166674 462.01833131618304 1575.98753365953 487.58369847836366 
movable_object 709.2618604865772 519.3223775878025 748.9908453340729 566.9185227510304 
car 0.0 504.70431289290815 197.26407237597118 601.1496794914794 
car 0.0 515.7382820886161 45.02177226680316 632.2150430187075 
pedestrian 939.9739692817107 480.42442998780916 986.552301303655 548.9494349686264 
movable_object 685.0609248634468 522.9712079183087 735.9022862520975 585.5256296717833 
pedestrian 638.4324527655156 494.89669412708145 670.2561826134951 560.7733902434775 
movable_object 238.21602331388573 532.2956164633622 290.8552444503796 557.6249289827201 
movable_object 667.2360953601822 527.4777488117086 724.7050391621806 599.0961235039408 
movable_object 1056.587715851174 489.4880025482499 1105.8201416140394 516.4793413129987 
movable_object 699.8729999027269 523.822502717606 740.4739471983728 579.7009021649877 
pedestrian 417.81493819931256 492.7893822479004 468.863669263746 592.498049118817 
movable_object 708.1934939213149 514.9348338624907 752.369360525696 562.1714077309231 
movable_object 146.8036597881625 597.1595915507146 279.1705137270889 659.0260635197828 
movable_object 1050.232540276186 498.13853869210453 1061.6323633152329 513.5009610090352 
movable_object 747.467322622887 513.4725064325122 753.8767268317745 522.9269881528307 
movable_object 752.4078086355167 512.6268518870718 759.9496446223429 522.6180105689517 
