pedestrian 919.4832518027247 498.2248734174056 932.6141572352819 525.5251189528465 
car 823.6933852561269 502.1444388678287 849.4950225501135 522.6021053226749 
pedestrian 739.04116880595 489.41287539999695 771.0205452471777 548.0724229508447 
bicycle 1306.47209607372 454.51069885424926 1390.5189491605886 559.5201061879735 
movable_object 468.06731212295 520.073203054791 522.4156920802433 565.3141230003961 
pedestrian 966.7444550437319 478.5416718645771 1006.9185133105453 540.143654756073 
pedestrian 961.8458843204238 489.1444114133819 988.7430545316905 531.5223140226693 
pedestrian 889.5591072543855 492.83326613758027 905.648310104611 521.1554407225809 
car 329.71896208816713 481.51396140723983 502.2524321210643 574.2283090072194 
pedestrian 348.2165381203152 506.331205610024 387.5642609118562 558.5107362868463 
movable_object 1256.9122676104248 478.6656035555555 1303.3853674161087 499.52576146543674 
pedestrian 1027.20951649643 480.58421867038425 1061.672031681991 539.4702639947393 
movable_object 1475.6977908216916 463.9847136036345 1530.7679724761297 488.37541034535946 
pedestrian 1158.3871669928574 468.63712037487693 1208.958768499639 543.794935521109 
movable_object 510.08037948331986 515.0984804402209 576.4970991804273 558.0866965985458 
pedestrian 501.9929371186435 487.9420474547124 551.2980683685219 562.1908070247761 
movable_object 1226.8066603851748 479.83421205056425 1273.6591671396081 499.9601963206617 
movable_object 1148.4244301158476 485.50795194005957 1192.3749777132343 505.4970142782356 
movable_object 1381.107039535754 470.65331619434164 1431.202210998556 493.9874425508446 
pedestrian 894.6711110610431 482.5689528745734 928.178508981034 538.4717274578015 
movable_object 1436.01585334828 466.42875505714505 1487.9257649267204 491.52311416973845 
movable_object 426.02314981993277 522.8532774065346 492.5452061459352 576.6353643813571 
movable_object 428.83818679023614 522.2485871171868 477.0307249592461 579.7757386044393 
movable_object 525.1885261559647 611.7072120206491 621.1882287617091 730.139142781933 
movable_object 1182.6135671190277 484.11161807569243 1225.3128494377283 503.34127459218166 
car 215.3107463976427 507.90443204845343 351.96183161400063 561.7331094027777 
pedestrian 986.8758093761978 483.1900402417787 1020.770951779817 535.7676281942502 
movable_object 1406.4286061940456 477.7302428808642 1423.3391788673462 492.87733202291395 
movable_object 572.6008629350144 516.0221001364581 635.2449649840541 552.5418612134532 
movable_object 680.7487481155217 551.5435770635944 725.1430030092707 612.8864322380996 
movable_object 1109.8984084540223 486.2278398128531 1158.906641832155 510.3828466850817 
movable_object 715.6449125508477 524.729314349158 763.9069908664582 589.9069850273504 
movable_object 350.3536490818051 543.7331669236069 385.1608695611735 582.7835793572714 
movable_object 365.6308754028222 532.5363643616281 406.87656806133344 553.4395122161175 
movable_object 1071.420927115349 488.89063729506523 1115.284312119448 509.0735054133191 
car 818.778309028505 497.60044705612256 847.0290837487378 523.1875300869315 
car 594.6967941250987 432.5723267578134 764.1066052655492 581.3057997515647 
pedestrian 963.4308572278944 486.0235606733182 989.788696496019 531.0046662276015 
pedestrian 865.4572602652103 492.802358296141 879.8266387109253 520.4693397946276 
pedestrian 356.2974604460137 505.37148710729554 392.0263713332025 560.9862140920158 
movable_object 1419.21198991425 467.7584912180681 1470.3263279196356 490.97784594968556 
movable_object 1517.3614343271452 461.61041247916694 1569.242321281813 485.95534482424813 
movable_object 758.4900682966955 514.9592351995817 790.934014684473 554.8381155780277 
car 0.0 394.6295891019237 166.1674522441576 620.817767351017 
car 140.86567460266465 505.62488975904455 338.5577360057159 584.3902755774246 
car 0.0 509.02256244350207 275.871862936071 629.0721117959562 
pedestrian 1017.2058381100649 478.9093632436828 1057.7871675142987 541.4043218439741 
movable_object 742.880569303469 518.5356196070159 782.2915086638965 568.8320436555443 
pedestrian 693.8817464068767 495.38314611411994 721.5884130855524 551.9613367079751 
movable_object 325.2280232304466 529.5893958665529 371.19608511221514 552.4352897239642 
movable_object 731.6268385041116 521.6420931992826 774.4113681253327 577.331896991877 
movable_object 1069.7301993124306 488.8017267732502 1115.6065294459627 513.8846497789287 
movable_object 752.2575594343875 518.9082206531897 784.4462377194267 564.7844731052055 
movable_object 150.60963143265803 561.0811557258963 202.27312581202798 615.8787968006668 
pedestrian 523.2047102645912 493.4386480151624 561.8611472433718 573.8960353366712 
movable_object 755.1866493457353 513.9650379420995 794.1706260062683 554.3796230570737 
movable_object 384.7874892858997 569.6150698080415 458.3409630645075 609.2367364840494 
movable_object 781.1512308276571 511.6587375121237 787.2256109448347 520.6414713292976 
movable_object 786.8839742573232 512.4603877827127 794.0415863433764 521.9923911250613 
