car 650.096488672294 471.5808598532056 731.5172531368869 521.5341269641323 
car 394.3909990461426 481.1943497319723 543.9055425342962 559.23039183562 
car 800.1534302000264 465.94259401080154 853.3889036871825 514.3497668459574 
car 124.06386850331742 500.2826887406025 370.6581379160074 586.666624286168 
car 0.0 453.040862447477 202.59578978103536 629.6359014948745 
pedestrian 304.86187419172666 461.17320808848814 332.38230614156436 502.2123335002955 
car 778.1793893958627 436.5412855859282 822.8632199204045 483.74614691975853 
pedestrian 415.4604302627495 460.5897366404998 438.0738639837012 492.7439336254377 
car 518.7284587170403 487.8621036230531 606.0093347133153 537.1216938712313 
car 111.20838994880059 478.4031583823202 391.3618061495439 606.283650909196 
car 902.1749381147076 468.1145406977856 977.0425156645919 496.12445758675466 
pedestrian 501.90200255940863 474.41114667510016 517.9098422791795 500.54941324675144 
pedestrian 1035.3749787090508 456.81841655883954 1059.2840342674224 506.6293234835839 
bicycle 610.3810463882984 486.1479891586386 642.187765895903 534.1109394798359 
car 574.5798340047932 484.4902259917525 646.6087005418789 524.3650512780965 
car 492.31761346734515 454.4753174049074 598.1877669130458 530.0987907418329 
car 0.0 484.183987501558 98.05970959415079 648.1575352255549 
