pedestrian 693.446588209907 496.65802756900126 712.2685861246964 535.5833251745723 
pedestrian 869.52267796669 487.55451307824467 886.675188711131 520.9961003378967 
car 560.2660736744465 504.59935778298507 596.1924832687658 532.5588862008526 
pedestrian 1291.74133823933 452.576946376078 1311.8753718317469 477.28348305090884 
bicycle 662.3853209276116 499.1928102549083 692.0394244402235 540.5736587158517 
pedestrian 823.6746973013143 490.7786938716026 841.6829218949883 527.3296169833047 
pedestrian 205.28247705292796 486.5238939327278 302.9331992332102 655.7342586449349 
bicycle 438.4458098247838 509.22174401497523 468.55055899820263 546.0241803253901 
movable_object 154.89264125627105 536.3579559716709 208.16095086475414 562.2377256367214 
pedestrian 406.3237780068145 479.4877506125335 489.4174248873855 611.5125051857159 
pedestrian 774.4651348477267 491.6673465421004 822.5896466559977 568.7151545136102 
movable_object 1472.0181184750459 454.7989872662832 1523.8507269076028 483.4503223182465 
pedestrian 727.6043427510855 494.3358931632358 749.1463838697177 530.7295307716561 
movable_object 1438.8292076699693 457.8510088522237 1489.627434417316 486.458994502015 
pedestrian 652.0163427079199 498.80805756661664 675.3435771538667 539.6195295072595 
movable_object 96.78152662607957 540.7369058662256 162.52235400329837 570.3978675465044 
movable_object 1140.9031338204297 481.1245668698652 1195.3307325833318 508.3744793298484 
pedestrian 526.0641340540741 484.1844695683223 591.429535983498 599.4448158010729 
movable_object 1367.64265912357 464.3548041281671 1424.0941916499942 493.3686085338761 
pedestrian 1421.7097195054032 409.62181366602726 1593.4204280752535 641.0387915977808 
movable_object 1103.9280825124195 481.36362685839293 1160.3993230020014 508.079385487763 
movable_object 483.8444491239964 528.9850567179923 493.37900733206413 542.1194443919628 
pedestrian 869.5966916968649 487.2905307663483 886.8390104172264 523.418205114902 
pedestrian 762.5706249392136 497.9238472222816 784.9205115591233 532.4165097823786 
movable_object 1016.9351163566304 487.9753922202918 1072.850195405158 515.5825159665239 
movable_object 1272.1181215619888 470.3580408946267 1325.535774078713 499.0979471448006 
pedestrian 644.357932853458 471.8686219913263 721.1769989545061 601.9059269414854 
movable_object 0.0 549.7299102401411 20.93559847085978 580.9611796393772 
movable_object 1331.314698995194 466.86795911602275 1385.5900116888693 497.2700523156319 
movable_object 1061.2075425942162 484.9181048090036 1114.2179267340164 510.96788393720817 
pedestrian 1356.7939980570138 442.52601842827534 1477.9367439827563 604.3005780481815 
movable_object 1300.9739178796872 478.53971647499174 1321.3246285028124 497.28007010732534 
movable_object 964.5226964532524 489.22272546492957 1029.2291969115136 523.8324053261824 
movable_object 914.1966579140486 493.0346730871398 973.6050592672455 522.279450411863 
movable_object 538.2704634434868 526.403191420597 547.4898406032667 540.5364423525178 
movable_object 497.91325381218417 527.991654838695 508.96176586724914 540.0010393012254 
car 549.9083251820598 505.32700735386703 592.2011980073269 541.6193566014798 
movable_object 1506.022689043765 454.4301476497221 1556.026048390743 481.7504045501786 
car 0.0 252.88104916948058 73.17573043075242 781.3556647226426 
car 438.3940393312114 514.94391473868 485.26152709764676 544.3265050264245 
pedestrian 757.9765149882653 495.9116628197226 779.9705148538428 531.249760752481 
pedestrian 835.6470323920189 490.936150395906 854.803925505748 524.6385697935567 
pedestrian 777.3466704641853 481.11543810904595 825.0900775401868 561.0801088810866 
pedestrian 624.8121337381377 500.4396925859022 645.7106368273295 540.1083442163069 
movable_object 1309.289585391692 468.02998045929996 1362.6415373365483 496.1112499606287 
movable_object 1571.5018549312047 449.9823657945893 1600.0 475.28112140638746 
movable_object 1320.197446906502 474.72173729505005 1340.8325909408518 494.67961939077867 
movable_object 1019.9416331553202 496.36344118970726 1036.3124621154618 518.1179672043113 
movable_object 1539.0199172875764 450.5790191478432 1591.2413508319687 478.0980980805083 
movable_object 1405.3092498393498 461.1252163256618 1456.9948899475457 489.59448893179615 
movable_object 149.52836049021033 557.0538771589767 337.5445496093152 708.1735175940042 
pedestrian 514.4932450860107 483.38695172781104 591.0672473880762 607.648519384238 
movable_object 0.0 596.5323357200753 122.79274244590394 848.7931809494296 
pedestrian 64.71712435017342 487.1219905518706 162.92253652137592 649.6258041667016 
movable_object 1273.5160520123975 478.64121381990094 1289.0888315043476 498.5720627239114 
movable_object 22.641921328381354 589.0745492373444 85.71469726897924 649.3537306172565 
movable_object 527.7906538821467 525.0209153205244 538.4011280958466 541.2243797433556 
movable_object 198.90094173594375 533.7950704889915 243.9746075237019 558.2040619002382 
movable_object 913.3003006237412 492.92627538270403 976.3355256955654 529.6193619685889 
movable_object 0.0 571.00211847804 256.0667473523999 797.4691900907815 
car 397.30085433089437 514.829337177084 455.93147503752283 548.17822514566 
movable_object 90.48512514223997 541.9987169843544 288.6065277289117 650.6240247267451 
movable_object 273.1930294929937 547.1071347456328 353.21264545455017 668.0415698360296 
movable_object 528.8257800089287 525.9486365848833 538.5149635725667 541.9779661245384 
movable_object 906.6173707090952 502.5414739370096 922.0236423988482 523.2535089371579 
movable_object 514.2848560635524 525.3753022443235 524.6864354780272 538.2106186138607 
