pedestrian 1136.9963191149484 434.8178115485399 1264.355482998748 586.1801562268207 
pedestrian 148.5794748225561 483.3394115748499 186.1318056771663 538.8587150569414 
bicycle 1193.4951746849067 477.37651003271816 1238.8722122586262 501.02846260574177 
car 927.6295060071259 441.8345034454447 1217.6450834795562 573.6997254451209 
pedestrian 330.9299957427376 477.47116224960286 355.62799187323407 523.438270674323 
car 787.59405784841 477.01277931612333 831.7334979583384 512.9082896945051 
pedestrian 0.0 489.4534047048393 37.37942099503967 559.3206482076005 
pedestrian 415.0282912356313 491.4143181581762 438.4585918798625 536.4805669165179 
car 714.0276847871237 426.1127106097342 785.6549510626197 513.0202907176285 
pedestrian 47.30536077696576 455.87106519939186 87.5699767582374 512.6344056890315 
car 726.4351889781399 479.50632235050614 768.4790968693418 514.3286666579285 
pedestrian 875.8532083696998 470.7958169992212 890.3700055803826 501.6054277175912 
pedestrian 135.75289345949957 471.1047238567411 174.22057375301716 530.1829002066379 
pedestrian 1011.8740437266132 464.7855152506214 1031.0466127820469 493.95442120868927 
pedestrian 219.16326430733181 477.68636305359274 243.17802328812928 528.8566577719354 
car 579.4369186941138 487.16120550451063 629.5445596044091 520.7512734672944 
pedestrian 76.67991038952492 488.89878559535714 115.11583940716984 556.4729815435082 
pedestrian 347.7043429990981 481.01041979018567 370.24341728404056 527.7378147086752 
pedestrian 285.7932188903955 481.09019497463464 308.469274278564 523.5230800862812 
pedestrian 94.53423322987788 488.4394741513841 134.37320030938898 557.1490963109754 
pedestrian 74.31362051107303 471.5115491937022 113.55205021107957 527.9953637250433 
bicycle 1207.077319023087 471.0785756170251 1258.4832407215088 501.67075606211955 
car 784.549302041527 478.09534946877733 823.6062058009203 506.8913790535375 
pedestrian 237.0546258487844 493.80615225719043 326.32893312465296 598.7287827488612 
pedestrian 311.93608449711604 478.3682689023897 334.86164848264417 523.4442461843108 
pedestrian 389.3152614862683 477.01795001912274 405.1945014295688 516.9473165764509 
pedestrian 407.1635193028992 479.5931565347513 423.65990226591555 515.5045544612611 
pedestrian 33.70795241876057 479.7026446566001 103.63939201773587 567.0161381466368 
pedestrian 424.9915227922015 488.34718676664255 447.6208576254234 532.2473788593591 
pedestrian 265.8467521596215 488.43729872170655 294.9637566906125 527.1404722421064 
