movable_object 644.6865737779402 524.2922935475227 660.4637336536168 547.8360196903354 
movable_object 596.8332773111356 519.5551391672647 641.2124865478746 562.1766334751452 
pedestrian 809.3275874567076 495.79307153270906 839.8711601458004 546.9704958348801 
car 741.2913976508984 480.1078271996467 776.7132187866949 517.9942338848685 
pedestrian 818.1949494730738 495.58811613428173 845.0168945583124 546.0864509294117 
pedestrian 473.67151708964184 504.0002499467277 518.0365001635984 562.7982528394173 
movable_object 627.0678088087099 530.5378862789195 642.7813645957033 555.7651003322283 
pedestrian 887.2002269352454 486.795329492038 925.7698141837533 549.2857779196412 
pedestrian 161.68623191124576 498.62546061363525 189.15255664374357 532.8704814178403 
movable_object 573.1444157764398 520.916327885101 620.4667855693696 563.4143322759633 
pedestrian 820.0454555543442 497.39483283915126 855.6964195010987 548.4529607973133 
