pedestrian 1122.718408880365 475.09748070852527 1216.1559042854367 639.8707161096094 
pedestrian 787.127679448217 493.42813985289763 818.9863731231758 550.712849402161 
car 273.57953012147635 510.3286659410853 334.7397405014448 541.8052937837518 
pedestrian 1186.1981522410156 478.0454954936014 1235.0799716066867 542.0330418709855 
pedestrian 999.197445190147 481.0849379405169 1069.0328334012424 618.6142098386954 
pedestrian 103.83116933744903 473.97666309824564 230.15551262792283 695.2388880970727 
car 343.72506632484925 506.41039187192706 373.8585452670837 526.6782975113147 
car 392.6555000582115 404.69746146961614 796.8463107693199 868.0192955603046 
pedestrian 1092.7864046539162 474.285106373444 1161.6077014742104 632.4717134760692 
pedestrian 1078.5978682506309 474.5790678305081 1133.9683832807682 598.4327919198633 
pedestrian 1127.8035115168834 462.6832118883808 1216.6220739507078 612.9057414544708 
