pedestrian 1129.9205593625773 473.5068105226528 1238.9971741517115 642.0763451826249 
pedestrian 824.2308138957983 484.776557323642 874.6995254096014 575.7379707550497 
bicycle 363.47986851434274 504.1559708968424 385.9612325928985 533.3067898421443 
pedestrian 994.3313738925591 480.70072859616295 1063.8053793231218 617.8501371506104 
pedestrian 94.87929659551119 469.94590969286617 226.84809473324165 692.2470080034468 
car 385.3771778343777 399.3825586422061 802.4178469573402 879.6769488705382 
bicycle 855.5278646860421 493.9762219111527 899.5419299332909 564.1373054933348 
pedestrian 1099.3553575252024 473.0034558716876 1168.8843636222077 633.0193221235996 
car 0.0 532.2220070319601 55.60527893534006 708.1756099988879 
pedestrian 1081.719255649935 474.17417312234716 1136.8863671882712 597.6028337655644 
pedestrian 1130.6462529800442 453.0595139938477 1230.7218509872941 613.5239040801607 
