movable_object 534.9994951752496 534.2686094749847 560.0367514856139 569.6089262544156 
car 518.2125324002209 505.53416760457617 625.3756661845762 558.75511842664 
movable_object 395.52656672715074 532.4416770044727 495.3347521384282 610.6426956790918 
pedestrian 843.8970768121715 491.1132276802373 887.6122752551463 567.92016732546 
car 697.9984959019534 472.0504146330136 748.9132543487672 522.1963241348234 
pedestrian 851.6555281161504 490.95133994717764 891.8172209387498 565.7020460856645 
pedestrian 5.0658227836558956 526.6031825109125 112.8174786102188 633.6537314739126 
movable_object 472.3450823144432 548.3879776116623 501.4503324832415 590.9475676559119 
pedestrian 960.8905213151276 474.88967983946 1024.0386895507058 570.951537398168 
pedestrian 5.553266516605041 499.27278205774 44.859236175246174 542.5742473970314 
movable_object 354.100326794125 534.7979561219742 461.00551315439566 612.8442378446797 
pedestrian 859.2035147467219 493.3953309608561 913.72503763571 571.8221277524796 
bicycle 914.3022676163948 509.04599883554954 946.8429705153317 546.8881111058811 
