car 989.7343593483772 481.97637389958817 1219.9589935368974 556.9698631782261 
car 555.3085736408259 491.7146700390973 728.5125539575204 547.3031768444562 
bicycle 840.9978827462221 486.03605718668274 883.3738303679069 513.5096887966012 
bicycle 827.5524524642692 476.95669058346556 881.6989689520327 508.92205339786557 
car 957.562196018038 487.02379244209493 1098.5646136827384 534.8168833501248 
car 328.4193292080123 488.27730341065467 647.754005102936 593.7544571436116 
bicycle 827.9785878958129 478.71596926152375 872.5346361464077 509.7171440817078 
car 1116.2119116921851 486.82762291079086 1495.9601074681345 611.537997440131 
car 21.189624723534987 495.2617694547171 539.1315904234657 653.1095987094504 
car 0.0 492.1509232400262 444.7949749549085 740.1064108503778 
car 1379.9273092116252 465.3881352198742 1600.0 775.1090830449449 
bicycle 709.4523003549615 467.54256508858435 746.2939817292229 496.14003370556503 
car 974.2991127453058 486.9112011738859 1120.7503435349938 542.0250586572405 
bicycle 887.1161514931309 477.2539451311805 938.9237751575906 505.9748112832798 
bicycle 705.2040713766846 477.6562454243001 749.2958101189444 505.9771055881142 
car 141.49374444268952 485.6982461407224 373.72946539986333 560.3622646757934 
car 358.0553486949931 434.2401185281691 666.1237370949237 519.4130557366105 
car 465.63602534323735 485.3446266693139 687.068147246601 561.2214764746948 
car 433.92781269520174 497.6549984471054 679.6680123312875 575.5837775682052 
car 0.0 495.6179606555726 161.38879882927554 815.7287122452308 
