car 713.7732473236744 477.610522938046 763.2432568802611 509.1885664622465 
car 615.9137286701997 486.61732963017533 671.853312209231 524.8140570957053 
car 806.4932933915829 475.8346560379569 843.8657017485954 514.4077142808012 
car 0.0 498.908180037631 318.1595109532719 673.5780816165391 
car 458.5318563452092 474.00014032480334 563.7482622375719 541.8495316567966 
car 786.5025872225158 450.0475796365124 823.1804942785528 487.4038394704075 
car 649.6140999090118 488.55696723862866 690.7920891772493 516.4159077306518 
car 567.5989318609629 485.6446788478696 634.9801904123187 532.4435594461845 
pedestrian 958.2907161273212 472.73064003486553 971.7792682605524 503.10113234116676 
pedestrian 969.417618123448 480.5564219262829 1031.632022198892 584.0344886705241 
pedestrian 978.2697288950571 472.81397872697914 1002.3921003739132 528.0263136132262 
car 667.6817641429333 486.4520207401855 706.908889467232 511.18761011657006 
car 618.2392814929527 464.53912598413376 673.8844189799883 511.1508642158639 
car 310.4214670756399 497.09232312184383 437.4004536699875 549.887517071202 
pedestrian 1148.9669485978957 448.54741434795494 1213.4179084530842 558.8169878800617 
car 504.0270559214447 486.75680055138463 598.2801912434368 542.9108013970348 
