pedestrian 831.2516825279827 480.15225409578363 877.6971637403643 582.2640046969078 
pedestrian 888.6192180662233 490.9685960014369 916.8919160035351 552.6219966700905 
bicycle 1062.8386888414261 501.29727362719683 1112.9387279799985 531.1685110802704 
car 1246.2346870338265 454.5375812924347 1600.0 719.3179221023172 
car 506.0477225597642 480.3956839768084 569.5272875110096 533.4581138430219 
pedestrian 823.9578754814896 485.86259666610397 860.7351144850312 552.6257817167669 
pedestrian 875.8944952798906 488.79896338437743 911.4773544686069 574.3664334888534 
car 403.49388218411264 401.5978555896417 501.5215476816912 529.7012133253364 
car 398.11415879682613 478.24569009109393 476.0909735786681 531.2715881978249 
pedestrian 660.2898099566057 491.85591878661063 681.2919365197844 535.9437204623991 
pedestrian 790.7985366337543 479.9201205851955 812.1323430206635 513.7035500333577 
car 0.0 479.58858007169647 117.12034490365438 569.8124835728407 
pedestrian 986.3737478338053 478.30257408061266 1008.4600617042973 535.6535176411139 
bicycle 1080.7988289556577 494.9603932294417 1136.571892578217 533.8644068079009 
pedestrian 732.3241659419373 478.1391269637112 758.4341012745672 555.5128205070453 
car 520.0506546082578 479.2040068122777 571.2586253630257 518.4739176784647 
