movable_object 600.6894300920168 522.5252401352948 619.8643680972762 550.4259059670161 
car 619.6093590896775 499.16467562625303 690.1218117201721 537.1834339677257 
movable_object 526.8936241022976 519.3800580918413 587.8586667009921 573.6056118317731 
pedestrian 819.592848088572 488.485757174909 853.8832851003477 549.0650307142422 
car 720.8754775354685 471.30075151135253 762.9404991096609 514.2545968806043 
pedestrian 828.6943822794758 487.38153209228534 861.6870270735001 546.8759173025406 
pedestrian 320.9481695665025 504.73771910440007 381.71640376019275 578.9199061092282 
movable_object 570.4881260295491 532.0917474616215 590.6493808806281 563.2611237823069 
pedestrian 917.0486144038966 477.51557580192224 964.3405427409668 552.1375175245302 
pedestrian 95.3339519759792 492.6356824290619 127.54920624413415 530.6403694821068 
movable_object 497.2379469840416 521.1290318998932 562.3898254233511 575.2291000500795 
pedestrian 833.0424181531484 491.1862469836916 875.3205396289743 552.1294331562311 
