pedestrian 553.4947253760256 490.5584879921071 583.8246899099624 552.8017933766434 
pedestrian 1355.5790826171176 450.08835775465695 1425.9970411914621 595.7037081332096 
pedestrian 1244.4474630765692 471.78837396373314 1286.8025788383648 558.7506017210836 
car 989.4617350862858 484.11834581995345 1081.0958979524576 534.4147606681728 
pedestrian 180.35852569034674 486.12376932089194 245.75808670930118 606.7984376317935 
pedestrian 1323.4333933214336 470.5696881162211 1366.8524472375148 561.8130960523073 
pedestrian 1279.604555946955 486.4921079589309 1304.388302639024 543.4894855174441 
pedestrian 296.31882046360903 496.2388061268447 314.57696545364144 559.5005040453044 
pedestrian 581.9291121087455 480.26626685329074 621.6929611870579 556.6303744192347 
car 968.8163363266211 474.2594196530995 1008.4495864547237 503.7123000913941 
pedestrian 721.2097922923273 481.3785326854905 735.8716055038022 522.0619761130461 
pedestrian 1230.8056497457283 467.3028571448619 1251.8462745091501 511.73107950226733 
pedestrian 243.51990163062638 519.5804912372275 296.28921142072767 590.7763154199196 
pedestrian 530.7473471391044 480.1313980373607 565.3996806642652 547.6478415356399 
