pedestrian 1099.1408085872577 414.4265246251644 1262.0923466577424 680.8714170159426 
pedestrian 1192.4072671851527 415.61692745240947 1404.6223511126204 764.793895248914 
pedestrian 818.3335800254685 491.93455955007084 837.8528802444047 525.7634157956302 
movable_object 767.402331540871 496.52851317936836 789.9601609802193 521.5168174094924 
car 700.4886050764451 462.6154115378847 733.0458052185411 499.0754427719451 
pedestrian 287.4617167242087 481.82012173667886 300.9264223662819 513.6864736809036 
movable_object 760.4390627839302 495.20541609106675 770.3281560664803 516.4075435410941 
pedestrian 772.0809840230196 483.7223424669923 785.3960885769176 518.1794615362072 
movable_object 762.5421546976263 495.0789682559716 778.7335669701777 518.363356973033 
car 390.3743508227828 481.5758181053414 467.5672260937247 527.8717185393876 
movable_object 761.246978962729 496.31778537891097 771.7166415127409 521.8091996897888 
pedestrian 1215.3040599394458 423.4714616559846 1414.0900681029805 735.1865454174836 
car 466.1939032943379 471.29345684509184 543.8030943471983 526.6858663172815 
pedestrian 41.87342857305235 476.40534268123884 72.48624239590148 531.146470545038 
pedestrian 1368.5656232625656 366.02973432553125 1600.0 715.0680704865418 
