movable_object 1011.7274085844903 585.7943499910923 1103.0350336270035 710.9753683054057 
movable_object 916.6328648319983 553.9949785186604 969.1687139646606 625.9651595181635 
bicycle 463.54300592040244 471.41985243928286 574.8626794542337 536.2681576413489 
movable_object 1224.0647888823285 527.6880201009329 1254.7690129827224 569.5982569542462 
movable_object 1250.3888761015714 529.5076677464896 1288.8226571423654 574.6970788954334 
movable_object 1134.9719310046348 522.1103004850671 1160.4099802409398 554.5010683942547 
movable_object 1176.5534092730888 523.570944900797 1206.33363803854 562.9385024684069 
movable_object 1118.2381305565987 520.4007243781342 1141.5743838402368 552.8574945331438 
movable_object 1066.3989012877294 517.3287475422263 1086.6391735541335 545.0544700922022 
movable_object 1529.4624495971427 557.4294194352552 1600.0 623.4268344823131 
movable_object 824.216615037008 514.0403420344928 843.8848205081504 540.1845767661147 
movable_object 1290.6995384162146 528.2262955332535 1328.483834111489 578.6440182687966 
movable_object 829.3921799311338 519.2453140255955 850.8037578377456 546.1799012993147 
movable_object 1370.3600455823355 542.4844153745373 1417.8082974842262 594.7636460619206 
movable_object 874.3783950220397 534.8493653312227 912.5030548107952 584.1239348482961 
car 531.4854344305505 372.9307424425187 939.934203053243 787.3264539173705 
movable_object 1252.5083592927401 679.3962203557662 1466.0610332785243 900.0 
movable_object 1194.2820850366754 527.4484163385358 1227.2811133494674 565.6172126893787 
movable_object 1331.1097832021414 539.815745790655 1375.4506968423327 589.5229788187088 
pedestrian 443.1081353299031 422.3651158400149 470.7085170267007 453.5758667161647 
movable_object 840.1446299616954 522.0601078123818 864.7918719931267 554.5988250396762 
movable_object 1159.7341471369582 522.4246584564391 1189.3937371779868 559.6712792369278 
movable_object 1420.3867542052265 550.771248040092 1474.1744925013782 604.3567121269318 
movable_object 1095.030844606882 514.9106100603925 1119.1372385509626 548.9939402126845 
bicycle 493.1652053878927 471.29312844782237 596.937347280285 539.2718716185535 
