movable_object 654.7635938088277 485.36146719968207 708.6785271463725 525.3290499073007 
car 1015.5253021424112 474.6862219352441 1051.6998928563598 503.8989905722756 
car 944.5099860631796 474.1728760819791 978.9836184564219 494.00493411763745 
movable_object 575.3295135924521 481.62394469169595 631.0292765364202 520.9357217098001 
car 1339.8009991376443 479.5646221613708 1542.6201715415657 570.0299355887375 
car 864.9999931448759 469.9048891905584 899.260598786616 494.9497352618871 
car 1196.0906278422349 427.39919403854645 1391.4986483897903 533.6004324826118 
car 739.2827562860984 470.3068057339434 869.6684281738678 572.582000518704 
car 930.8481814356969 472.7961120350509 964.6153856045073 498.31083763688 
car 1130.7138317909523 480.7407891744471 1238.1475915132175 533.4491083755271 
bicycle 1071.3636026894414 476.2276609517185 1109.0447921482084 513.2507802452396 
