pedestrian 0.0 424.1368000897439 60.633833855449154 809.513487910985 
car 0.0 494.61810186968614 280.56486793507503 643.8889945811593 
pedestrian 1598.1748388068113 543.8873465755561 1600.0 617.5360002980241 
pedestrian 1008.2106764581104 554.9396091688941 1052.7996432197851 641.5869626251573 
pedestrian 969.371287614054 502.6711881947404 1003.8467686819947 574.7626128265151 
car 355.79455016311096 476.58810596965066 854.0831604312358 878.5945402264625 
pedestrian 1468.137838312726 547.8347516303464 1509.6737141144677 623.9794997332058 
pedestrian 650.3221267324017 549.1086623876961 696.9213754756877 653.9216501553009 
pedestrian 1101.304296449689 505.7066033784356 1149.7937435890674 573.8047282475129 
car 0.0 521.1144278250555 56.05493464599149 600.6685830599152 
car 582.6434221944648 536.0856850361438 780.0189688718615 604.0901750397845 
pedestrian 1340.627713625945 564.5884714322069 1390.5702634584104 660.844242827513 
pedestrian 1078.1269644460883 561.1897555447159 1136.5413924432248 662.7419321468462 
pedestrian 1590.9420396614114 546.9290260352724 1600.0 619.4097583079529 
car 76.68140676837231 530.285182626843 375.00477633146056 625.3260341004727 
car 143.104406024486 460.5946054005711 494.2385901116074 621.9966722071609 
pedestrian 581.1114845479294 529.2981255131705 702.7667336629025 694.1353862066544 
pedestrian 1423.45222210306 544.1416809200707 1456.5115373911756 610.9404387574465 
bicycle 992.2561087165465 577.1719679092795 1078.6838207451478 630.8651912714677 
