pedestrian 352.55984052637444 493.2328342906873 379.8504047940725 564.4344773183562 
car 515.2051416987754 478.8847145871937 597.1652821367472 550.739873428773 
car 926.9684444145155 469.3051254421703 973.530465453599 509.8491000273192 
car 986.3075594388895 477.27539771845034 1072.6877873992833 535.1756857519918 
car 552.1465012116068 470.1771094294368 628.6178985344434 541.6504347123781 
car 1073.3443094727193 460.9848277961239 1270.0679001789852 592.161216087604 
car 900.5891035765352 475.1895566859551 933.0710974184746 504.58588396403087 
car 368.52553098337177 485.14129718782556 532.7447101851332 584.7489995223418 
bicycle 0.0 466.2809429498687 143.22933189668848 740.1380402538831 
car 1160.4972996544873 453.3287905625998 1470.5528429854483 643.6520220110203 
movable_object 268.5458171619306 565.4580149658087 304.1399186584911 632.8225330755857 
car 82.09381198803607 421.47875484378363 440.14923189083277 653.9754566741556 
pedestrian 380.4695440974891 496.7066761262668 405.8983227643747 571.0918585123306 
car 961.2402795029852 467.90450180278253 1023.4176216073474 527.6145367094797 
car 1035.6028018655447 474.0774873354138 1159.2380173524894 562.8371167485202 
car 1305.6490395259361 426.19204852277124 1600.0 742.0737859477904 
