car 718.589613896828 477.1078155139532 767.7632393925079 508.97130917597826 
car 139.18551604130266 407.8524607723113 461.3873881850088 603.8101644314413 
car 473.2111819787593 468.6623560602093 603.7740982305548 545.9171772306852 
car 772.2602188766508 469.60094084920473 815.5577585718936 497.8455320109824 
car 534.484303484654 469.2050237539667 642.317578613596 536.7884544538551 
pedestrian 0.0 439.7771851165588 23.077355260514345 581.1999473560022 
car 0.0 439.4959421156445 207.2236615040141 672.0120579832236 
car 1569.881523824827 470.93589763181103 1600.0 526.5797450449448 
car 1100.0020909638433 470.77180037730886 1302.0147824884732 540.1057343977442 
car 912.8769151038485 451.25211930855835 957.60308220497 505.34114942596193 
car 1357.3695025531217 494.4824689417427 1600.0 636.2012122399643 
car 1110.2625941068113 464.43398090787707 1347.8478277161162 552.2050815884965 
pedestrian 0.0 436.32601336829214 82.27702392382814 583.8052017652649 
car 1497.4046942380282 477.7970517671509 1600.0 531.2655042190145 
car 601.6091198586879 480.5978419830715 676.5474098791441 527.8245364325079 
car 1041.2989879009324 479.81956002202804 1117.4224779095657 505.44679896182697 
car 489.5539095443928 489.8859438517897 693.1994515771231 618.5981874455836 
pedestrian 838.0044234813519 473.22367334643025 860.4201166483616 515.5828671726849 
car 1294.5890315264269 450.9257357055468 1600.0 609.7747896480366 
car 356.34281173534424 474.63180745909887 537.7199968320878 561.3187570736663 
car 658.7051147949152 465.29147725726534 767.3656139872519 498.6086323354237 
