car 525.9542977081907 453.8452569238826 703.2667184118146 555.5072345620397 
car 1271.665860511376 490.6546149109077 1462.3102228908338 558.2476768280793 
car 1455.6023811599393 510.98568739350617 1600.0 595.3348958377071 
car 1293.076625845426 492.4846597235789 1494.972676175117 554.8322895415351 
car 1049.322885556069 322.39807489377745 1457.4503035503342 668.0454877732935 
car 1250.2235226446082 494.01905863723476 1426.7211642974155 551.4070365274997 
movable_object 354.498917011741 522.307337095922 378.7626074986202 563.6366637210098 
car 1371.012684869929 500.69899950041844 1600.0 578.0792024190465 
movable_object 566.8956085057812 521.7613368059787 588.8785799639415 558.7799022409795 
movable_object 154.54350832894892 531.0133435186837 199.93013337727893 590.2902462315867 
car 588.8971232181548 436.97796133540015 638.6004718854199 505.43601688692746 
movable_object 209.78610456371592 527.8664934772946 255.60187454889535 587.0553347372431 
car 1317.3489176202995 485.90862404706235 1544.1180169364943 561.5471064390897 
movable_object 46.45145760955034 524.4018972073543 91.03337090662858 583.7275481897597 
car 997.8018897613745 393.03435099450957 1226.857029776178 578.314659151734 
car 920.7870351273554 482.4781265069813 981.728993001866 507.721684495281 
car 20.13759027578259 428.846101714486 482.22907079172603 566.8879049431516 
movable_object 96.60256431824611 525.5639142740198 143.89776503507474 585.0536535459446 
car 1491.1749404806253 493.3180132499211 1600.0 591.4332296271713 
movable_object 540.8910674210431 521.206766463046 564.6932773185837 558.0977509030478 
movable_object 390.93014168938294 523.2867253127405 423.0013926665459 565.1813005468531 
car 1573.7582253283433 494.16387896125974 1600.0 587.9034631345759 
