car 984.8117632341916 476.5048177570221 1233.7920213357688 585.1500072856599 
car 0.0 499.43048393382816 3.245131964286933 623.9414064307165 
car 1335.7434741704083 497.43599210621977 1587.6425695952175 578.5309670736264 
car 1223.9685086714678 493.32886665614524 1466.6556705296834 582.3794255300778 
car 875.4547401645641 475.208296910386 1088.001342084425 586.8594821087162 
car 738.5166194488165 489.0974679639123 926.7035732136231 598.6592137743041 
car 580.6258523122252 496.94509101733246 789.4465662670475 626.6594010506187 
car 412.5283612621542 508.23998221543735 579.9821710778588 624.6434287767244 
car 214.15733101818338 510.2296185780927 377.49790899413 630.2138851681624 
car 1109.3492576986055 501.430311052582 1361.289615350208 602.4290401721232 
