car 366.4325637034925 376.678738546717 746.9618756172543 539.1181289362594 
car 1498.9115551325865 406.85027970187593 1600.0 497.8319000773131 
bicycle 35.88634378037801 438.1233954888906 180.89559468275797 627.1687762874134 
car 1196.5157075354807 403.154337784742 1367.0001239647802 488.06155707477456 
car 924.4056029090896 411.21364847761487 1222.6323236615608 546.6238379890331 
car 485.3966902602185 366.7496868234048 1028.0359391001286 601.0686205556149 
car 422.43648109377006 366.76708762922533 885.3520799623577 561.0535826841272 
car 804.2048062399218 398.77074513668424 1073.0524297648924 516.8075622019211 
car 0.0 369.75489389057645 609.8068501591605 900.0 
car 856.4926153889386 401.49023950495393 1600.0 900.0 
pedestrian 1526.1574144275628 426.1222490091174 1600.0 625.9694136408801 
bicycle 619.3052330849637 486.71482242156094 845.3726189504604 630.8609335283751 
bicycle 938.8729201609467 477.9041368757241 1148.3689981715563 623.5051516132329 
car 1389.2639636422275 408.6910253341733 1595.6434199519442 492.59043935223957 
