car 740.5533458730304 488.0681154592884 1036.110669402932 654.1171889172165 
car 1304.1511074460473 503.2112952825684 1600.0 617.8974096707211 
car 170.64446055499818 496.48848554805744 359.88700857763376 557.8332792964779 
car 926.1982227480713 504.0028450604943 1264.435207481622 640.604181179613 
car 54.02265511386859 497.183989764461 383.0790632880585 617.7064794948257 
car 502.3834926221049 505.7503434046124 724.0808226566364 671.5599014123518 
car 1212.6981567716346 504.7563743312029 1583.2810824888948 627.2925845129325 
car 1079.43875392108 490.0333950597602 1442.1892249904522 634.8362746569891 
car 80.3831080162024 493.21552699908864 375.5161612629247 595.4305074321015 
car 1435.431168396624 493.5905023798509 1600.0 603.5411706883976 
car 1541.915428390825 498.3693111431358 1600.0 585.5438513274834 
