car 345.80753305999775 482.7463065536941 580.4382273654775 676.4370278728945 
car 1059.2278497275527 497.2844167883346 1406.2563266082502 625.2840575245268 
car 0.0 513.3201640651439 179.82942443565702 578.1680209371125 
car 578.606914958822 500.1370235288869 872.7976158246436 657.9261280000629 
car 0.0 519.3020135476269 72.31239434791141 640.069667486864 
car 0.0 518.9590521927912 259.94261079634686 712.4406663877829 
car 939.8459879689832 503.9898676486229 1288.7244845825896 642.5304493753965 
car 1470.7070235890515 488.2093712369215 1600.0 592.4287713584471 
car 770.0411395887331 486.4134972551628 1102.73102811572 651.8922204913947 
car 1461.9464940655114 174.24893137050043 1600.0 767.2010522676754 
car 0.0 513.3338047492309 98.08493136755573 617.0900976332731 
car 1201.4299727187001 483.2181068621821 1568.87226704251 615.5984050229382 
car 1335.7316446232094 487.97867754849125 1600.0 600.7236355279621 
