car 1318.1597130155078 475.1265806249535 1574.535839260468 570.3972982795383 
car 615.7205984171469 474.96088604151527 842.3201922723698 605.3987755366013 
car 0.0 458.44841997440386 144.34705407129 886.2194002818602 
car 188.05914866055852 501.2513188166062 361.8054368448359 624.6580492454302 
car 1586.514873019963 485.514913915962 1600.0 609.7510071657872 
car 893.0411159873073 494.2635801122554 1121.554594662057 587.8014588159687 
car 1222.893715665472 479.22125810575534 1471.1997169176916 575.4098050148236 
car 280.1073262070383 408.02736793004823 834.6434766631132 897.5930502892969 
car 1354.9400257593172 440.1092528067495 1600.0 647.5599853799795 
movable_object 1174.1811981240012 553.4322999619666 1243.102949625789 641.1595688573381 
car 1133.6099838257178 496.09773402623745 1360.8629469802474 579.3742508611222 
car 1486.209475224167 491.8446647911266 1600.0 558.4414053160353 
