pedestrian 733.5405675107154 434.41413974051136 771.5697399819594 513.120767649469 
bicycle 960.3333181563734 439.8567844506295 1112.816983584682 525.6209217893288 
car 0.0 536.5923482082668 40.079105682617566 633.6872581623365 
car 94.48660209271702 450.54437493951554 218.38408026583633 577.148570323265 
pedestrian 92.77319531064278 491.10202628071744 175.31219409106157 631.7466286323277 
pedestrian 635.1857054286124 463.37573699152676 667.3830754415447 521.7395053919881 
pedestrian 592.0176130531482 467.4301767965953 626.6789487732068 520.7040961341525 
car 0.0 362.5168037399148 1547.190238489444 900.0 
pedestrian 777.5447828432251 433.6146668735959 830.472270572776 528.3000279671807 
pedestrian 809.1050552422046 408.6467203013875 870.7466839373208 556.8823983462989 
bicycle 996.2440085913296 436.38188211164754 1172.4405105112646 548.5724084781998 
car 54.43438262821423 518.5587720362138 216.86708168965365 601.5221757995914 
