car 1196.6206679889538 456.3406728514996 1411.5904918463098 547.318819378354 
car 295.8468652698048 448.6306450877562 915.071225552487 900.0 
car 1034.99577711135 481.94424375395715 1213.5460099833083 554.4851961030728 
car 342.4450637006198 469.54126929918056 568.448638583094 679.5711291649486 
car 1590.3850186120005 412.448767607132 1600.0 512.1505385104521 
car 1123.4841764736623 475.0527915831844 1304.4394378133613 549.2181942306352 
car 1370.6133016733195 478.1679836165339 1600.0 736.1031198465403 
car 444.9468985786947 472.7321701543859 552.3721836740565 569.4849696029908 
car 0.0 482.62108469781316 302.95895237189563 695.6777895919648 
car 541.6122073565567 477.94623936291083 831.2905262780399 651.2923541866734 
car 673.4052531899733 479.43122128300615 800.3608779808052 571.0541542364207 
car 111.94878050778247 493.56911920978206 265.09247930421066 607.8801702878162 
car 1458.4400805190683 459.7237447042938 1600.0 583.1105281098271 
car 948.8238888517158 482.41710077326326 1124.3642090333037 558.603336627689 
