car 600.7325498373472 466.0337078605677 904.3607728554144 660.9234752370322 
car 373.84961408186274 479.28186066747105 609.8390974706105 670.9812093514363 
car 445.1129346933607 483.16667359545585 569.8286142541879 582.7030483316852 
car 0.0 489.1171852160013 8.082927062558744 594.6988250401729 
car 274.6362818263885 480.5269146892904 416.9322437418978 595.9257311079788 
car 112.51222860509259 491.70231447170204 281.6067105067463 593.2837321920072 
car 630.6583256862938 403.9229460639436 813.760919899791 570.313371688481 
car 11.97567880179521 467.33369359852617 901.3645367963642 900.0 
car 0.0 498.05192379139174 121.56389661558646 703.2072032837801 
pedestrian 985.4836624173755 457.8021238096176 1012.3065806622292 501.40707719669825 
car 789.5610256061749 463.79032038758254 1106.2955868050656 644.513786579078 
car 1457.2065605983742 320.2846667368421 1600.0 519.748082658573 
car 1057.8230390443387 455.9750050901704 1600.0 900.0 
car 725.8879629785027 505.564119814405 1600.0 900.0 
