car 275.8800021970978 475.8935035600016 428.9374514866723 565.443585789862 
car 980.2510698477912 426.7205670060378 1600.0 892.1484752657204 
car 1583.9634054202058 433.8457112415189 1600.0 637.4053874132095 
car 682.7562859796328 443.60480958505866 882.9093563806119 610.0750840939243 
car 0.0 497.5200852616125 120.45571871725187 584.2985354182716 
car 1261.8196043611229 419.39761287083417 1600.0 599.4190966949051 
car 667.6713820163347 451.9567901668645 849.3834194961705 553.2509630912232 
car 1129.5896376893945 417.4207543113614 1275.7380930015493 507.53520870629745 
car 1078.2285301615443 428.2690437298488 1343.669235940649 597.6167301768368 
car 1400.6569510296997 430.7451067302319 1600.0 576.2396184789741 
car 1337.8289067199858 417.81066540952224 1519.0593708503293 508.321370087064 
car 897.923930710787 450.18080475942565 1008.0963688314789 547.3725680427767 
