car 112.84215320859147 393.93471432893494 1248.8180844296685 900.0 
pedestrian 1564.6202559838418 451.0029142980744 1600.0 528.2564860477555 
pedestrian 1023.2643815077906 506.0495756242498 1075.8553749132097 620.7606437728545 
pedestrian 1408.1999112263352 461.98853165033177 1448.6512109262364 545.7548537233253 
pedestrian 610.0337813845983 422.6163002111785 664.3911731114725 526.3227757065519 
pedestrian 1443.0671177304384 419.0531338736515 1485.557365185098 490.9969872363932 
pedestrian 1310.0987807582571 469.41082050903236 1356.0583132039606 567.8260577960543 
pedestrian 1540.156094655676 434.64815793498076 1588.0577553716942 515.7124554297571 
pedestrian 967.8451820961853 422.4366792810649 1029.8484273045237 507.5619612272992 
car 546.831455701267 473.03032615511637 855.2725156031897 581.8865762945009 
pedestrian 1484.8381191080325 459.96239106315153 1529.4756976424733 547.0029045834472 
pedestrian 1506.080841959454 458.9110651951246 1553.9196192898823 549.1043520196705 
pedestrian 1471.4730454049072 437.8958728451984 1514.9617765651922 510.8390061493884 
pedestrian 1230.894143015449 463.28339586705033 1268.3076600297507 536.6881672707343 
car 0.0 510.9123794932471 788.4152898645348 803.8478626887554 
car 0.0 341.71968574948676 759.0952519592406 752.0555786054754 
pedestrian 1071.79997771726 484.7736313720143 1124.7342942453035 592.6715814467589 
pedestrian 1113.4890182417005 434.93644373643804 1153.4531937957584 506.2468947562078 
bicycle 1169.174860223825 504.0980885037812 1277.5804388892423 570.8546260219911 
pedestrian 1449.1615690422204 448.5202434944615 1523.489522678248 558.6039650722673 
