pedestrian 1483.290212809825 428.5995193944277 1600.0 692.6420858204723 
pedestrian 1536.4397315980098 464.852124004135 1600.0 616.4012609011413 
pedestrian 37.7358600456312 452.43564241481266 94.21311723873214 561.3873372498897 
car 887.1541569872093 457.7838097006399 991.3991437965465 547.8694414326278 
pedestrian 1360.9959199377881 447.83398597751994 1440.74636693834 598.522407293128 
pedestrian 138.37803586383956 478.08000993009114 198.45261195878663 591.1776590069437 
car 770.0612991753009 339.344112117678 905.3509156345344 534.2657591502704 
car 731.6398070098443 460.5051564899101 860.9699750399498 544.848190611567 
pedestrian 1180.0974212791248 457.36702444639906 1221.3133620402832 543.1384339772578 
pedestrian 1407.3936681736293 437.13042066898333 1451.2550111378596 498.9846210350756 
car 76.10971684502672 485.61833582952937 284.63015082117926 652.5888732446673 
pedestrian 0.0 440.19608965809067 36.02805403381347 557.6731232195418 
pedestrian 1108.5642099367576 439.21543829822207 1170.1785615386652 593.0621974074216 
car 939.1511017733446 453.2930743441208 1017.0885057001618 517.8637320610424 
pedestrian 0.0 431.16949116896893 29.081755726880157 499.25787340631763 
pedestrian 9.802701048396349 443.62055210456435 51.018650622218914 540.1591192680896 
pedestrian 71.85613970611661 438.33042017495893 111.05115947804758 524.7455530279075 
pedestrian 180.02972059983497 469.96908641973533 236.6859243307328 578.4560310933624 
