car 1590.3612164216809 504.66121938658557 1600.0 555.0367803890394 
pedestrian 538.9903437190682 458.96763789701447 681.2542532988298 772.2784245948587 
bicycle 1346.5979827824056 497.4482989531882 1400.8187856183984 558.9808556547749 
pedestrian 164.5924561938496 503.51467114291745 259.7823034078528 641.0374730290965 
movable_object 667.1014391251462 545.8439879239401 738.3702898643737 585.9545323030775 
movable_object 992.786306917249 531.0386665545717 1050.4481668658057 562.0971387706925 
pedestrian 806.3024226620262 450.5539067483224 953.3845636348419 697.3087018171755 
movable_object 792.9915951068953 539.7248643772753 849.1819232526232 578.3863432150057 
car 1133.48154879564 511.90622981208645 1207.5242740991714 562.4905490553716 
movable_object 934.921120734537 534.0683125655592 999.0156874346911 568.1081239755575 
car 0.0 458.4678491177903 15.422232819421346 689.6947244358159 
pedestrian 441.32950916557877 489.3777674823809 547.0698225750584 646.6850536452807 
movable_object 957.1923696317294 537.5062712607245 1005.6372782728636 573.2201553817434 
pedestrian 1017.3029441761944 457.20864945266453 1159.415533648606 698.6662485499687 
movable_object 748.53489924523 541.9831036135287 787.1260874410991 585.5732630672504 
movable_object 0.0 561.9805115944522 213.6996010344265 708.7274559169159 
car 506.4347004435035 517.8760454931182 639.0246141701297 582.2924687362665 
movable_object 1433.2676172751874 535.5335957503659 1451.0680464969628 558.0226216705536 
movable_object 746.8371267068358 606.4079846529788 830.67938466109 725.5020155473325 
pedestrian 1478.9812853021442 388.28140240190334 1600.0 809.7281465994657 
movable_object 823.0062403184686 544.3548431965723 844.2071809510754 580.3039388143637 
movable_object 917.9975242454284 535.9636061099013 975.8543607555697 576.2879278096952 
car 324.3573180776565 511.5665071313622 497.2949072969507 597.5107341702002 
movable_object 835.6994046003417 541.187603350641 894.0961011654653 577.0251890955246 
movable_object 213.68164479048502 556.9284826658717 438.27813833616574 681.754516875575 
car 120.01855743268837 491.24273078976194 366.27800828140835 588.7800463696935 
pedestrian 352.7014908757014 484.0437116171842 437.71200587929064 625.7535574826759 
movable_object 445.97596730710876 556.0460441811073 510.70781756843536 594.0921286505322 
movable_object 544.1737479633679 549.3590333799333 604.776372349129 585.6626514183873 
movable_object 851.8044001495778 538.9151170052589 922.1513599793341 576.0909635665062 
movable_object 1473.1681376346166 539.179329820064 1494.4161342254454 559.8098482204157 
car 1539.6865578948048 496.8814113293256 1600.0 564.2773598948498 
car 1354.5355910082678 508.5211576888882 1441.4316788635144 556.1386833577171 
pedestrian 569.3188985183713 477.11238288273955 660.3157011919214 629.5401312883687 
pedestrian 221.05796277196282 499.6394984811984 303.09958485144614 628.9054092955854 
car 1281.168352449922 505.4318615737678 1345.8063314217143 549.7681198940883 
pedestrian 489.1342185130653 469.23429258242663 583.3059686378335 634.011477299939 
pedestrian 656.0105226618931 514.3208504197097 701.0265753513132 579.5951877409916 
movable_object 189.07054514682838 608.8511590781773 660.9591462233733 900.0 
movable_object 1091.1807837970507 546.6697448385082 1106.5232332667515 563.5404259682578 
movable_object 593.4153944357929 547.6522401619488 673.7264166901206 587.1308311839819 
pedestrian 966.9529622234661 446.10855922897935 1135.9233489991136 709.3589947072943 
pedestrian 468.36637362548623 463.9648651627025 603.1732391168578 718.117931661777 
movable_object 495.24460632006895 547.8214766300799 558.8673583063746 586.2353010675646 
movable_object 719.148683289281 538.7236147813552 768.3865508826015 583.990611182746 
movable_object 567.6347338419446 598.8261951166584 632.8208899169857 679.9800353742022 
movable_object 1499.24958798734 529.6692472678479 1521.294512655623 559.3718940820537 
movable_object 1041.710413279892 530.5472771438303 1093.6619459086648 561.162558906454 
movable_object 0.0 628.9967901529878 306.7812047256815 900.0 
car 1271.702232526674 508.91121193403046 1375.4282650699465 561.5275398288629 
movable_object 519.0604789633844 560.6667254197109 759.6827218429711 727.6959135771364 
movable_object 575.7545837415662 570.8590877172795 804.7224877260717 815.5724377086333 
movable_object 1498.4793820248972 530.325631910269 1518.453448745233 559.5262341272727 
movable_object 769.0196275138989 540.8419168328447 806.4668374505787 578.008510021956 
