car 0.0 453.4993206861228 819.6072637404475 792.3518826236349 
car 0.0 506.6612501109116 365.77475761532196 713.669394680308 
car 736.7158474304656 488.2793919200502 1180.277683962009 665.1626150710412 
pedestrian 1245.8103002503117 404.6477200256491 1298.9677914030433 490.36099367038173 
pedestrian 844.4168170828065 458.36641430987635 933.3237480194424 593.2406497526483 
pedestrian 1489.5702082668658 395.51677807218744 1548.7676268248265 471.2774140100311 
car 1043.2683539096602 469.15458467911657 1580.0487519850124 677.5932981577138 
car 1328.4260829179937 442.0426605032668 1575.4365955936307 528.8290061695375 
bicycle 0.0 449.0387512977773 490.85556248712135 847.5203281958997 
car 1576.0565648421257 471.6961250616908 1600.0 613.3244835755613 
car 1310.194262867394 349.5465631539949 1600.0 617.8621585029329 
