pedestrian 0.0 529.6139914181907 32.526992552359 696.3587578152863 
bicycle 1055.9233365228094 434.1582839826548 1201.929780114561 516.9370027908169 
car 0.0 524.5781528540067 108.26569300200356 637.3959373385615 
pedestrian 0.0 512.9918969854341 115.1940518580983 802.1179029552588 
car 40.71811040810923 414.4734144940991 226.7718952062189 587.33297812637 
pedestrian 317.07967108948736 475.37986175006256 371.73149920861067 591.9230930040882 
pedestrian 714.7507389258737 446.8513546594052 749.1884025375205 508.71868457781267 
pedestrian 656.9909951624677 450.84156040510936 694.2961714168317 507.5731554736274 
pedestrian 782.1666851932979 429.2282478181582 827.6551961842231 511.6670667486222 
pedestrian 907.4258063298589 400.8159749725157 965.9844991763223 543.9519401659599 
bicycle 1092.820826014504 421.697783314593 1262.2493187734676 529.669614922717 
car 126.34883535385775 508.36674690667115 264.45929526023906 589.0536212330722 
