pedestrian 579.0348969794452 497.56475801132956 623.9767341864275 595.3807642496967 
pedestrian 1363.7435430331966 481.19694849578053 1416.248244659513 551.0253362635005 
pedestrian 449.4509221170525 493.4182653797154 497.7686698963964 602.6089681506159 
pedestrian 109.14740929864011 518.1851274966714 163.14359506287715 596.6504989408562 
movable_object 671.8569154636672 544.0068311981582 909.5459454816917 664.2411819768881 
movable_object 429.10152339408023 552.5228682136224 679.6770855280819 673.5815020506819 
pedestrian 566.665471994111 495.90573968563797 615.3482137892471 603.5651978333889 
pedestrian 229.11614366084797 515.4201159090446 292.9616585132297 614.6760262415703 
movable_object 0.0 553.6364207678489 183.40082200941046 681.5551314029938 
movable_object 1338.1966671836817 537.6607199856107 1575.3039809531733 658.2626109735264 
movable_object 166.3765682916693 556.2724214628677 424.72299669970266 677.6088322814801 
pedestrian 487.0932115876747 504.49510679178337 541.8904461990907 601.1445104000924 
movable_object 1439.4917469109778 570.3745356595374 1524.1805679164195 656.7636092864817 
pedestrian 249.3493003997164 506.09952620564644 312.29741031275034 606.2620445170447 
pedestrian 488.7318769681271 502.1268680945595 540.6923115008705 600.2692474245608 
movable_object 1517.7021368740934 535.8767196590246 1600.0 650.1559781636663 
movable_object 1533.1132334731014 568.0388535531498 1600.0 659.5565821819422 
movable_object 1322.7406908661947 560.3142080077607 1383.0508720350808 647.8699555399199 
pedestrian 242.47951705582764 518.0616930209851 276.58688758171155 566.4850552520694 
