car 0.0 500.84167000279115 15.430502202926291 652.8587108409126 
car 0.0 503.0133002360615 99.17967796236356 635.1546675334104 
car 571.0841765050799 444.74885770889495 667.1817276188675 477.525910679618 
car 644.9746996532049 463.9175397160709 1077.3171741932638 609.8114727371359 
car 609.9734231588811 446.87334761625755 877.7865237951933 550.7563402874063 
car 0.0 467.08084347525073 156.83504561232704 517.599503678127 
car 290.5448928366638 447.97807743319817 412.75940320208355 486.55900581747204 
car 610.83254761955 460.61474026524337 808.2432762108448 525.3878828029837 
car 550.7552428462453 443.2537018435905 639.540992509886 471.45314321132804 
car 0.0 451.56827412676967 245.21065033829686 562.1635963114807 
car 631.2938664687965 451.6933703532136 991.8722881048984 587.641298155766 
car 639.2309731441512 465.16764271357164 943.0945680919604 566.6036816050735 
car 658.0747398729611 293.1500632876037 1347.2827733850195 673.2701989139622 
car 0.0 489.3180514682437 189.62931690297768 600.3462256141886 
car 0.0 489.4093323447654 233.44422010881664 590.3486695480427 
car 0.0 470.5021438912141 41.05451643330781 528.6521378609112 
car 227.64679643892188 453.6653128832738 383.3396799154251 502.8012905127067 
car 585.6480706556879 450.51501878381697 710.393632520213 496.76364407810206 
car 611.2242256400524 466.3550613257345 899.7540341814814 555.4864324313963 
car 46.16369738455276 456.91902562098386 302.1838097278218 545.2382447463032 
car 1565.0818041237937 346.6426458171906 1600.0 592.6009396887212 
car 607.2500454006499 462.52139867019025 793.81359173025 522.9548014122423 
