car 353.78968135286595 453.8622453572142 806.535601399352 607.5291383784167 
car 339.92753953688305 450.5923486363811 721.3842993220907 569.6855090889135 
car 445.3063810775807 438.11820255393474 545.1480575220189 473.22549571026855 
car 1085.4714386459907 478.09352555846215 1384.7607982261352 581.5488734531476 
car 809.1182389466655 441.1320065013491 1031.697217616358 530.2704616053509 
car 0.0 520.5089010683696 6.220056104150544 761.969886279542 
car 0.0 443.0257663938795 124.7316858642292 498.6144556551644 
car 193.9484654486348 429.4542260212792 324.2359451686579 473.36112791492104 
car 730.2373661197707 461.0646860007656 904.6475403852577 519.674263944542 
car 401.54994495518906 442.19479174860953 489.6308426984167 472.41929664429836 
car 213.69281647216724 420.188926082598 356.45477442082336 476.86587586513343 
car 489.970385437068 436.60819205974155 606.4946991217113 479.72253397434935 
car 241.7524704517392 405.24253385297123 517.2141414564435 516.3782913405928 
car 982.2766102292693 451.30761500428343 1257.8175349411695 554.6522168799376 
car 928.6156122093403 464.10526707306775 1169.4017294543087 544.6088521092951 
car 1274.2483409000056 379.44411806227237 1600.0 613.1049845855631 
car 0.0 450.02122652030073 72.65501579195485 593.8498618676688 
car 296.21051751205334 442.138395094805 618.029816580369 547.7788669834125 
car 777.7998579972962 459.8148487757274 958.8661287806814 525.7184397294344 
car 287.9860229806397 438.85008392998986 575.0212595000745 536.1050420600793 
car 0.0 448.9702001684889 89.81208330791127 556.7871676959527 
car 0.0 440.3707822008416 95.73409483489489 503.6046426537699 
car 225.6504668648866 438.3372940069091 384.77052226600006 491.7337165603434 
car 0.0 399.9215860727744 95.59170216915031 439.8244112599833 
car 0.0 444.84745584878823 103.20657877275644 548.1359652009087 
car 600.840616208617 437.2851980227149 733.9661836611075 490.7805445065584 
car 515.0102926683498 442.30701915897464 639.6004655064125 489.7850455865065 
car 859.1848991215221 468.0738290934389 1091.143830980328 541.4503544844206 
car 275.2177357167054 434.78704444049424 505.75844629162907 521.9801644912919 
car 0.0 433.7093270038943 100.0630726046841 513.0974483077043 
car 75.1715198566517 402.8592694171879 193.23434917887496 445.02786728378226 
car 471.5208786816 460.04460940457113 917.1628702564035 641.3272910374786 
car 0.0 449.24406223860245 47.77370498420675 651.4802023790834 
car 0.0 478.9635740315464 44.250131695062386 625.2562375679362 
car 684.4446660003371 453.2481393703118 853.3073733202693 509.7533374904573 
