car 313.210133222875 455.63119243808876 772.5899973959288 611.1550202982454 
car 316.7486846528949 443.5415830728526 699.2199024788002 566.8907080840064 
car 534.4532982601047 435.3162646793427 631.7365489460103 470.396612169703 
car 1105.7927553123038 476.24635171400143 1438.8403553940916 587.5266959539746 
car 849.9333338537396 442.5388144465251 1084.0181321572488 535.6177057120461 
car 30.07856972380971 437.3290158088909 209.58451188325697 493.9636416844937 
car 289.03544639283757 428.1950516599604 411.5773429319659 471.25332077054435 
car 781.0598285652478 456.47962081994626 960.924408851059 517.5095756193596 
car 494.9187367459271 440.0243045784714 581.0272567104462 470.10390701810644 
car 574.1162764686171 433.26401278051185 688.5781168170649 476.57706584028904 
car 281.9194631508958 404.35648711694773 548.8985347484195 515.507874603615 
car 1008.3714587744566 457.79990071343656 1307.4959646348136 568.0671525835594 
car 960.5586781459389 466.05671141349677 1218.6790570120136 551.7198685748106 
car 1288.176393802057 369.24820015083003 1600.0 625.1236939142841 
car 0.0 444.8301527835703 51.09655151167568 584.2773656652083 
car 311.4755417562741 446.5863877041865 628.4194060751611 553.773436891688 
car 824.2580975289737 455.3565527586773 1012.6861289303265 524.266246599243 
car 312.49543555655697 445.6382149674755 593.049124737686 543.6063618847702 
car 0.0 444.91085823883674 105.47112109464966 550.9800720849302 
car 0.0 432.2800799042728 171.85507799407873 497.0077810480796 
car 305.855163310874 434.6167914230899 457.06815742488965 487.5569077129858 
car 103.04400778367159 398.85550415137965 209.78359678522156 437.19390965524735 
car 0.0 436.86536757116585 135.4389521512724 539.1699299974434 
car 591.9853989794068 438.76154989458036 715.248572570609 486.6788867478085 
car 894.687909412198 466.4002568955965 1141.0324134343675 544.2255982101195 
car 317.81233793302727 428.38065689940424 542.7381530003933 516.3232613406141 
car 0.0 429.062414907278 158.2625565730052 508.7958562412925 
car 192.22757607722045 393.88587160984133 302.2611467843503 435.06963215722374 
car 406.96936005529136 457.00191227596605 867.9913440238386 642.6730451541265 
car 0.0 472.3071235156457 6.338823826996515 599.9098132763309 
car 738.8728336123735 456.675650233831 911.5909639710092 514.721824322991 
