car 0.0 477.5194093410368 132.35327488802943 796.9331190799022 
car 279.22936605829574 502.3762135950409 782.9329917517433 708.5281014611867 
pedestrian 1529.1769752439309 453.5973000374043 1583.9282567695363 547.0210144797715 
pedestrian 1083.7479546525772 413.09894895399304 1138.1036812951131 503.616598032575 
pedestrian 586.3468692143344 467.79657919077033 673.5854712195568 613.1385833818988 
pedestrian 1351.2688765282126 402.8802570501103 1412.081032215843 481.7209953883858 
car 552.8526416818166 490.30574314334234 1175.537740543117 741.1046384308431 
car 1134.1115510094182 452.5775721245407 1396.7481914592274 546.062028149361 
car 1248.0896724217325 474.1901121352585 1600.0 666.7854966178132 
car 1009.6220494953654 351.7243329458157 1594.9981664640593 651.3092728371371 
pedestrian 1568.6821942309593 455.11680067232555 1600.0 542.4009101767969 
pedestrian 1449.36993760579 423.69945905100417 1489.3911242758581 488.75200029309616 
