car 407.48810346573674 452.8608356551292 895.842267847711 613.593503629819 
car 617.4581370608453 427.8545936634902 899.8126563586783 538.1509084567222 
car 208.7332369889839 449.9983824056333 365.9879891553348 496.1504433740688 
car 494.80953716134434 434.6478371501345 610.9022557450365 472.1374947363306 
car 678.6543531834583 443.0116613504343 882.4464755999911 510.89889946391065 
car 24.905684637706262 431.4288713310601 314.93162034901485 534.539632644063 
car 490.3071079499637 435.10711495722956 888.8973391526455 582.730093662631 
car 561.2656079801678 450.4669368556783 891.6651214863301 558.9416592036803 
car 128.06244862978556 245.69614416437102 969.85186019786 699.2795372756657 
car 0.0 473.0718899015334 189.61635049749754 576.1854666440255 
car 0.0 470.3304124472406 260.68623069208 563.0801483410602 
car 405.2257036996171 441.5845999737776 553.0074581151317 488.84186179887996 
car 578.4245721577855 451.3780706221998 887.0786635223801 545.6090191935006 
car 142.77407418729547 443.58963098201394 381.4446616266262 526.2974082725806 
car 1346.1756197393888 303.7764497688835 1600.0 616.1492256298762 
