car 0.0 508.8183591886806 120.85623830276542 605.3428995045748 
car 439.9960221199683 459.6638337374981 1028.9977507435085 900.0 
car 1595.2846714085897 444.4737264263975 1600.0 521.8336388771711 
car 1184.346947568998 454.49219436469 1600.0 805.5027013395279 
car 267.6437289580635 477.769250619301 515.6488918266239 660.1468210809569 
car 950.4154232305311 456.8722944996351 1241.097036589408 636.7044954056487 
car 394.0166223957944 487.56021926993407 547.2209808490817 590.2885761291401 
car 1519.1820212241155 460.78400681032184 1600.0 530.94800770647 
car 875.2237703801177 452.8517028592345 1004.6575188883651 541.8495207777263 
car 768.1282617296628 463.5485582502944 988.9089246481768 637.5539979419698 
car 1091.4576685636732 471.5404123467941 1447.0151536833152 626.643888390407 
car 1078.0023377955458 458.24646647109057 1233.4221744317197 545.416052146407 
car 638.6343397547624 479.0090544072148 737.0910783600044 578.2973555153702 
car 1341.6994580680284 464.9272916730814 1551.901491176773 541.0942118745463 
