car 0.0 492.5825777805837 209.38288344340867 659.9420566907586 
car 0.0 487.75965859033323 246.15539611201322 616.4167942801824 
car 582.015554617378 443.54255225083625 677.6260417279511 476.6274537505901 
car 783.1613881863431 465.01045570712495 1201.8142091126106 601.5268333983687 
car 686.7628340026505 447.82832661738325 949.6075567581078 548.4011540861899 
car 8.279871579920501 460.50575228106743 189.77661892890333 510.65787407929355 
car 313.0017486494791 444.32837128480384 431.84353328547365 483.33600513381145 
car 670.2634666531816 461.46357731561415 865.0679573429217 524.081283881927 
car 555.1259378908254 442.81017550010984 643.0320513375316 471.5615123014531 
car 28.332179066790324 430.9574139601857 333.7056574784937 540.3625584360905 
car 745.0215470456607 453.1028605990459 1098.205832012448 582.2348595809619 
car 737.6813366383896 466.4632253214044 1035.9590228937907 562.7167677116122 
car 851.9652514737286 306.00629774943457 1507.3253141588507 657.3548319755529 
car 0.0 475.9246211131673 303.9969090753866 584.664277642277 
car 690.3974512716583 463.06742270136647 897.5687261575757 535.5403362317097 
car 0.49451389636142196 471.13347815210386 330.97837354352555 569.8564559570598 
car 0.0 460.54002598794204 91.85179632114661 518.6691372638753 
car 269.37378447332816 447.8892437415264 418.8643047922252 496.79402215635906 
car 607.6015271625081 449.2181601961025 731.5898704784307 495.09565141355233 
car 699.104999360344 467.2063996083867 981.7324517733755 552.1276801038418 
car 132.6820443062852 448.5281778120961 373.47247850598944 535.1633693668216 
car 0.0 463.5265280332517 4.11832554781882 534.0210696077279 
car 0.0 489.22199367396803 144.74286505312477 697.8590650067034 
car 647.0255537234252 463.43397553075397 831.5085215604179 522.0742889144333 
