pedestrian 73.18734173977509 455.30766591115326 288.6315858602215 784.7347835743061 
pedestrian 280.4822343442362 497.2627062539724 362.66382960936505 659.4182271536728 
bicycle 1194.9387092792572 448.8065416328026 1330.893303666567 524.9714063449807 
car 12.461513546147938 505.3974247981201 228.3010913935823 619.2703649719477 
pedestrian 86.38161317735056 492.75891534589283 196.43637895837495 667.9998399988682 
pedestrian 322.6748452046999 482.82307520293546 467.9079390921705 743.130370224588 
car 65.96995843477379 382.12156158754647 289.3713248295109 572.4260168599033 
car 0.0 519.0359316865625 74.69542856324337 615.9641136335531 
pedestrian 463.4424457426245 469.9330661208751 510.6093330227707 575.8155729984995 
pedestrian 796.4545635628222 447.0929390589806 830.1088441527861 508.871952273601 
pedestrian 730.6129341010977 448.4055772863352 767.3616648648589 505.08523830778364 
pedestrian 881.4956603069791 434.67683793554033 918.6158475670595 511.2716577572704 
pedestrian 1046.3046281726747 409.34893341827126 1104.158252688981 545.1059459416741 
bicycle 1234.0493792380464 434.03494626983445 1389.466279280774 533.2400486315013 
car 234.18810568075443 488.6936806254398 343.2099675474952 564.6762389700735 
