pedestrian 639.97268622561 502.61288547885675 682.9157732220758 594.6824923754552 
pedestrian 1375.3913918935432 481.9270575970958 1430.622452064783 569.461472200975 
car 577.9627189689123 518.2631465424188 672.696311282496 569.6451722619961 
bicycle 580.7631818431827 498.9932048483531 628.426021997785 596.5555595312941 
pedestrian 1261.7526168983336 489.59641059436586 1303.9053805462115 583.1187520065731 
bicycle 342.9494194511489 501.87595761820694 411.09966461649447 568.4248193282135 
movable_object 0.0 541.0086201481118 34.11556377258537 578.0394175249114 
pedestrian 920.8874737403996 502.94876231109026 965.0204870212597 573.4369910520154 
pedestrian 558.3469382493497 501.492048497025 609.1626905163209 594.5299368159091 
movable_object 337.45365979213295 541.6808732165325 361.0724600724683 571.3687367614999 
movable_object 441.51833274611135 542.4607714015075 460.5836947876365 566.2214307260873 
pedestrian 1364.304585065861 483.64740769886254 1416.5089451118572 578.3794470651995 
pedestrian 1077.3300975390675 502.66543044805445 1122.041209919413 583.6646082851141 
movable_object 1454.8928209896326 517.092680699064 1600.0 608.898073562038 
pedestrian 1275.9053362208151 489.3884223584028 1323.7241376702675 573.5015935979726 
pedestrian 822.8732086364547 510.4616148191124 873.2947656844967 591.6817113438055 
movable_object 1251.8665845067196 517.2947810596585 1499.901292075101 632.886093186568 
movable_object 1084.180744128514 525.1036550772332 1285.2825804957702 615.9177763709229 
movable_object 514.4309121395032 548.1977193653235 535.9337344838403 569.3234897744683 
car 471.3546565577316 509.6492821688465 600.7424026545377 579.7491914943482 
car 379.2899924964831 513.9570728147148 489.77931607833733 564.1902755912442 
pedestrian 1080.2802450099252 502.1684276125856 1125.4161960460813 584.5329898757391 
pedestrian 1290.0807947190983 492.8292671758038 1338.4676225401502 578.3081617791579 
car 81.06455186963801 507.5199791740507 221.8698378378058 583.0624462157718 
pedestrian 533.0463795120536 501.1775865219283 576.7034748440441 588.8501053005936 
movable_object 1459.589626009095 551.8730641657535 1519.2542483405548 630.2394395666897 
movable_object 74.35247241799989 559.0759652930112 95.75819487706399 579.4316754442054 
car 461.9432571167789 503.98146186224824 555.5302566999964 560.5158837139107 
movable_object 1269.916093185604 521.6729705969193 1485.112177268873 625.0566049706952 
pedestrian 918.9913856548006 512.6904562193737 943.2544996196926 553.8114716889689 
movable_object 416.85253233956377 545.0890806277617 440.7865251378812 576.8845215999885 
movable_object 28.786670308750054 541.4251331366223 103.53876943802804 578.6830257668471 
movable_object 1055.3956858499055 519.9071429989996 1270.2208450530743 637.8862921992712 
car 199.10443694626107 514.5950828699342 352.6155389489852 574.3792423153352 
movable_object 458.50687550691674 542.0975492308495 479.6071278782811 572.9688956954021 
movable_object 309.96659756023035 541.7722817746411 335.5441296789897 574.4539394375714 
movable_object 1031.9036195924978 552.814502977627 1071.3633150365658 620.1946321937168 
movable_object 372.767954568896 540.2548603946007 395.43025552779017 568.8089358203032 
movable_object 479.71307970037134 541.4877515903601 499.26086186843384 563.1669096476046 
