pedestrian 524.0864098622897 433.2187238721281 682.852972862513 728.3270434780536 
pedestrian 668.6146005627601 433.2559266595684 849.565823434833 777.4955511178754 
pedestrian 818.6982977190643 491.73824085929175 838.2206708713111 525.5659067412431 
movable_object 767.4971452500615 496.45353915124707 790.0624919270797 521.4512078862269 
pedestrian 1339.3735854571146 432.76114800124395 1510.4761420949167 718.1185062278433 
car 1446.8546137557196 424.69042371577723 1600.0 547.0524022538962 
movable_object 1456.4473136463016 565.5533550852324 1600.0 729.0101042857041 
car 694.4581447181055 460.2803230390675 736.6359083741197 508.2723993801539 
pedestrian 261.1113494128247 483.05810403233505 275.68690568336416 517.0844816652676 
movable_object 760.4428532747745 495.00859471209037 770.3320741188545 516.2105309058879 
pedestrian 770.7807914880772 479.5843607097475 783.4369472328482 512.3624663870585 
movable_object 762.5815875621978 495.06657705042267 778.7747532376441 518.3605493831899 
car 391.6546772775857 481.38062302316666 468.69815871243065 527.6606327813262 
movable_object 761.2507625473281 496.12052703561744 771.7205819344548 521.6116809600584 
pedestrian 726.3546868276641 435.3586281935634 906.1772447556706 739.120720396234 
car 466.19865961415064 471.0900086136419 543.8065516674055 526.4831635386702 
pedestrian 86.92112247168942 479.1716237009741 114.70475369514297 530.0925255707511 
pedestrian 863.1194630511679 388.1914247560292 1034.8020216572993 708.2988539118724 
