pedestrian 820.2806022389948 492.26033081108324 839.8105832800763 526.0823776439737 
movable_object 767.897799872277 497.4207844683256 790.4900054828684 522.4538578372202 
pedestrian 99.93396425080755 487.8152580826473 121.3156727662783 533.8556474304762 
car 537.3843182646325 460.04684559095523 920.719834442062 590.977499219012 
movable_object 760.4602455338508 495.52790826670406 770.3468473818235 516.7292741466806 
car 0.0 448.4925450302569 402.2154185414262 601.5764545780769 
pedestrian 760.5216431548739 483.4376596807723 770.7435732364763 510.08608918797165 
movable_object 762.6818440475723 496.4011416968413 778.8762452664687 519.738626174424 
car 588.9240806022572 481.4695889274048 614.2913524610152 500.02002227273374 
movable_object 761.1835779740526 495.62746094644086 770.8920367989135 518.326344142967 
car 375.85965780109944 481.1397183358795 573.0681464354714 542.5928168672395 
movable_object 761.2685270931756 496.64088779552424 771.7352107313308 522.1315885665388 
car 566.7955396120565 487.06550426825817 594.8417585812435 511.4776647962923 
pedestrian 239.98766689223214 485.4592588380106 259.1424356564043 523.8140417141535 
