car 109.16753843141477 454.62917686490016 536.2750445470699 599.492888546699 
car 1200.8932531733058 437.3392379723071 1266.8187332618477 480.3467936398915 
movable_object 1428.8335237770161 517.7580258321628 1475.1968024050036 597.4812284570821 
car 1156.454326857693 431.56756602963696 1232.3175166713988 477.813137583539 
car 980.2291239616494 449.08604626911455 1031.264361401196 493.62344002538794 
car 396.50332660726144 471.9038156446891 537.1272169950312 548.9971826351708 
bicycle 567.5354226158668 465.5990312988286 681.9203167477945 511.2459558223005 
car 1084.1771553777994 456.64596008282626 1365.8985959998586 607.5701686459364 
pedestrian 1190.141512566036 442.46214916213665 1221.8860464908992 513.8966728239832 
car 655.1323981355832 430.3820471673293 727.0029058429636 494.3622155372132 
car 585.0850766436664 462.17879888529507 713.3187120620772 543.072269427285 
car 930.0299699834512 448.43950707562175 957.6924672750544 477.7586627391592 
pedestrian 1302.0139518342244 445.539359278565 1360.984266518786 552.9539804435296 
car 488.53990484436923 449.2301503165946 603.3052155962617 522.413757921122 
