pedestrian 820.2706976802224 491.7189656621649 839.8008683753291 525.539410824351 
movable_object 767.7885573357528 496.93019959251 790.3834067716163 521.9658926280046 
pedestrian 78.01433458408906 486.95575016229037 100.34550397328869 534.5661123809359 
car 0.0 496.55168155828727 286.27373639385485 624.4252102466844 
movable_object 760.306827543612 494.99253952073104 770.1924725920672 516.1929122835392 
pedestrian 759.5951210514935 483.0200100272625 769.6345300132465 509.2073773037054 
movable_object 762.5451442635824 495.93181704052375 778.7393045806508 519.2714092657461 
car 597.2181250222018 479.97165323815096 620.8706928444051 497.3070790996206 
movable_object 761.0298213813362 495.1295998990232 770.7372467549802 517.8291985812581 
car 36.79551411436872 494.77564620754254 294.2953057026604 564.5399412090123 
movable_object 761.11487393706 496.10427881084934 771.58040805679 521.5937862782436 
car 576.7994829408619 478.6824611549675 602.416665791037 500.51715917606333 
pedestrian 244.04249280371428 481.46480522973224 262.7939911610794 519.1189769727671 
