pedestrian 819.432516805504 491.47645967372574 838.9622723627444 525.3016816837932 
movable_object 767.5276098853979 496.4353355257887 790.110548149478 521.452376633474 
pedestrian 177.9880244296736 475.6467279024462 347.5351263201608 724.4903722818457 
car 335.017686830857 477.7312366672822 653.0130768665599 583.2069061142142 
movable_object 290.3052658754724 579.8157718667886 425.1596304968658 718.7165585346137 
car 424.5481969693243 404.6084299448466 732.4136005658979 535.9600238023135 
pedestrian 181.14548187477183 488.11419250924524 199.0848507598324 528.3316852534971 
movable_object 760.2431552341466 494.74548590567036 770.1321095324334 515.9471255519975 
pedestrian 764.1992363684903 482.6279854598652 775.3111472781584 511.51929148990115 
pedestrian 194.1726209625462 422.1316582472199 410.91052914771535 789.8605237895965 
movable_object 762.428952080435 495.2890805466641 778.6244152702249 518.6096236473815 
pedestrian 88.91691570919865 460.0733067183994 296.9114202163188 757.886529093235 
car 520.6482511062106 483.66296479505496 559.2419661785079 510.2407383144218 
movable_object 760.9668962005782 494.71092248491965 770.6778736412734 517.403733740992 
movable_object 761.0506419993535 495.85682368057445 771.5201247530947 521.3476051700266 
car 520.4171104511793 473.1234591847574 574.2688067276047 514.0235892449314 
pedestrian 194.78437256425124 483.1228309531775 216.5061863806594 525.4757023674241 
car 1333.3779074210654 429.76322654581753 1600.0 534.2257245491252 
