car 0.0 385.7731249914436 430.6600272296871 791.8319124956623 
movable_object 529.8622084928095 519.5970539451621 555.7547309887058 555.9306932162336 
movable_object 578.2778405536537 534.009691809903 613.1895792904637 583.5734839069132 
movable_object 391.6566034970944 578.0892932051589 454.1729016594322 673.8376161290613 
car 441.0820521992908 412.55738041049324 511.7259218735495 515.5740475453813 
car 767.0972042799106 470.00089830222294 797.7912188842281 496.67413808474316 
car 1268.8635200681313 141.37320037655442 1600.0 842.200869345038 
car 925.4196820517388 469.9279248378479 1003.0813464401042 500.8192099186956 
movable_object 375.2503164189201 512.6974828255804 396.02134879503365 548.7539938848961 
movable_object 507.6394304290688 553.2510088403347 556.540190673593 622.8687508901229 
movable_object 598.0597056644731 524.2467621286602 626.7654000933802 564.230836433012 
