car 486.0536083266591 479.73375258125657 617.8421591255129 551.9593190600858 
car 676.6322166096187 468.83069682841443 746.8517331206376 512.5523096134327 
car 1227.930508296642 478.1927542805991 1440.4734194171565 544.385476850606 
car 1403.5166795529467 470.6762279985838 1600.0 559.128231407617 
car 1339.3487669051178 473.9873441406285 1591.8269651637247 555.2554933730233 
car 1195.3693677727745 484.0286369556125 1359.7371079410887 532.7712063939167 
car 900.7530730311105 432.82854161714255 982.860984267075 525.2932000812378 
car 1061.628015450295 482.0944113157545 1167.690705787826 514.3061083590003 
car 0.0 498.25766150023406 117.83040137165217 680.9188769367188 
car 1100.2571577025603 476.38478203414377 1228.4234060090569 517.7585402334752 
pedestrian 329.8154328660099 467.55503017799475 410.51596884459997 597.3648021144439 
car 1052.6364053655936 478.4215541407641 1150.5181290844198 511.8917165277737 
movable_object 1579.9632421039578 514.42064606769 1600.0 593.6663952346927 
car 482.93284876487917 461.9401944165935 660.4908283328488 514.1384227768519 
car 1208.4989821857118 474.06615214341156 1391.5926450302754 536.6741968354083 
car 1086.7467269467893 477.5928090391291 1203.854695193824 516.4137739004458 
car 1289.6180621627489 484.89677752779045 1518.8957438808839 555.5262936987211 
