car 1261.66417389296 439.4862156651457 1356.50679597326 491.9345488379627 
car 1562.7849376618376 431.62501480927375 1600.0 490.4385414678876 
car 347.5004170956082 453.80144552033926 877.0705339933386 658.7749074401971 
car 1253.6974849253752 446.3449239319645 1336.187190750442 496.8904297851304 
car 697.2494912761964 468.81042989201234 734.1850458337393 506.1740679785295 
car 1130.1560143661604 454.3330197140506 1216.4132104101752 506.66078339179734 
car 1196.6552789594316 440.9614869628674 1288.9495725188126 494.4978433512977 
car 1001.1478987226651 465.3401623412204 1064.479585284123 518.7171861112099 
car 958.7475552529817 462.02288910445515 1012.9060813397397 506.5903005631188 
car 213.3657166097301 497.30268854261567 433.58412657339386 607.17240158975 
bicycle 503.1778422473445 481.9626405695482 654.2649683244075 536.966973573 
car 668.9629883438026 468.774049071214 724.1613959205577 510.25051234984903 
car 1247.6162371261817 465.9618275650889 1600.0 804.366260861168 
bicycle 1150.9833553523008 467.1486466177843 1171.0852141825246 511.1265323730998 
pedestrian 1228.9307717266622 453.1220285098309 1266.3243920268926 533.5102205755684 
car 625.1350512145153 445.00846848975374 709.1804465921566 518.1393606572229 
car 1365.7319803000892 437.57431410967877 1550.7171908923158 527.5482173736807 
car 423.93904339231926 483.15766696453693 651.8657202688951 604.331591642789 
car 935.5428753094633 464.2032924313191 966.3386590733761 496.4102669849858 
car 1542.6714977456716 436.2771074006462 1600.0 523.4177187611922 
car 385.56122009066047 467.54798670770685 542.5982689226496 561.4995960836596 
car 978.1852197141816 457.6080779526077 1060.0277429245168 514.4964759305843 
