car 0.0 477.49453694841964 314.86136681588516 628.7908248604297 
car 229.93320126723208 458.6902626087572 460.039347722694 575.8940439277776 
car 730.5216896880424 478.3475988523078 768.0119499490785 503.3133213255479 
car 496.5700684767551 443.71679053379967 617.0571666151566 536.9801348302959 
car 591.5823935545724 471.0476805678638 664.317380561543 520.3112318388511 
car 765.884574750317 472.3202762907619 802.5315202860536 496.37801663074043 
car 617.6404247347855 471.25483977011635 684.2316078652907 517.0359190591103 
car 1417.0008578987213 482.0055375195774 1597.734036342855 547.0100883735414 
pedestrian 342.09727933858073 455.15246819318224 385.666742306677 532.386889520073 
car 392.3429439434775 456.1072879925506 556.3168914589884 551.5940047546285 
car 885.4755541336618 458.16095863550476 922.4078623949468 502.8850337107925 
car 1080.2023419950526 477.9836968326037 1275.496292379857 540.188512484226 
car 1530.3786295818302 492.35007509494466 1600.0 554.7164743728177 
car 998.077336230806 469.56671267065434 1139.0993248829473 523.3512933400574 
pedestrian 381.1101756277738 452.28844114989914 419.36869115826613 530.9775066661774 
car 1315.999489318398 480.79751373883954 1397.533880614909 519.5128566589296 
car 655.0360759649323 480.22133485515394 706.1336538349343 513.9272981491824 
car 994.6653806897439 483.7542201425988 1057.3024257226166 505.165545660224 
pedestrian 877.2791770409636 474.5554370540346 894.2486045694708 506.4454723710299 
car 1065.4185743419685 464.03404491001123 1282.1363895067173 541.28177759715 
car 1201.1398995129682 450.19501926763814 1571.558788131953 581.4094428300914 
car 547.7132367536238 474.5184572001723 640.5949866895752 525.2013394045805 
car 673.1035888297677 468.0864774973246 764.6984670902426 496.29249279568984 
car 1168.5737480417383 449.2778522674259 1465.412879994228 547.0470849172183 
