car 1080.6468486798783 477.7144320843115 1136.9859548918057 512.0604451128398 
car 1251.846705164974 467.68351609824634 1436.4369750266137 550.6802829663909 
car 1005.3796069860286 474.8521877268693 1037.2114708886197 496.5417331834403 
car 1104.107060750258 477.1391085094568 1147.4558399639016 505.40324056211614 
car 951.5253610183282 477.47460457664357 1002.2808356691976 514.4939696554645 
car 759.3772399597764 472.32217895726563 901.2111683117907 582.4369810805143 
car 1190.7252950362574 478.41031468120303 1269.670004435729 516.855195935659 
car 1143.7954061939647 476.76133273200713 1232.1250438629063 524.8166166735363 
car 1101.659823784211 477.41746325278814 1157.2334786520012 507.8593116366583 
car 1205.7321196950688 479.27361835776514 1267.4564166815019 513.5836080248296 
car 1437.9037488512586 468.54529171305944 1577.1667123966029 533.2043054719086 
