movable_object 1401.8595874214682 761.4529171430918 1600.0 900.0 
movable_object 899.9118542445163 526.6786852576546 941.0973389104992 580.3537148255705 
movable_object 1018.0050329256301 594.3291067620078 1114.6449296730752 723.3682546722441 
bicycle 371.5482541833286 459.2103093083963 521.9064791454023 545.435109576169 
movable_object 1374.1505722559652 528.054070935728 1417.4240756968425 583.3336392718747 
movable_object 1421.0914942726847 532.5165583976049 1476.9165027938463 593.3746955497444 
movable_object 1237.854330181905 519.7097913703514 1270.8364655535047 560.0467599456424 
movable_object 1303.1552691509396 520.7489998978413 1343.3444048259978 570.9940458963115 
movable_object 1214.5231917190738 515.954043208502 1244.4332422064679 555.9236714853699 
movable_object 1145.4516116135042 513.5251172794946 1170.729145122351 547.1318708177408 
movable_object 852.6029146628143 501.94330998855594 875.5694831904312 532.5327125894139 
movable_object 1492.5482981517066 535.9616463499078 1549.604557932024 605.750188030005 
movable_object 828.7845291360435 489.53267494239356 843.4039694386474 509.93953969437143 
movable_object 857.3342681996515 506.0737763786614 882.7790150710913 538.1189583002953 
movable_object 926.4358238871902 544.1799203805849 981.6513040922645 615.1557674544712 
car 178.20176286799642 349.3205665355826 733.1161571445843 768.5657851534731 
movable_object 1331.4174348368606 526.446895876861 1376.5188195304222 575.6422868281871 
movable_object 1565.705775153307 539.9617996583477 1600.0 608.9902012089686 
pedestrian 413.896511012316 400.2468464547674 445.0015076617859 434.9351314574142 
movable_object 873.9368803087 512.6692704320278 904.5142367714598 552.9908775050868 
movable_object 1273.1262675138057 518.3908154748257 1312.293976980774 565.2447396006215 
movable_object 1180.8095390709054 510.1209054141913 1211.2450937772633 551.7205773980428 
bicycle 416.2087124743212 453.88677681900606 553.8676760117435 543.424538972327 
movable_object 823.6925513214192 483.85806728757785 838.3637525503913 505.76096814747683 
