car 1025.929739692357 475.0195096251217 1067.4129832100646 501.7588753905685 
car 1441.9898491701592 475.3970517625684 1600.0 593.0255926735304 
car 1091.7277255620345 472.6953852467958 1181.8519598299063 520.7395374141739 
car 1290.533721508225 473.0603421473056 1441.8084073197724 546.1698680189045 
car 978.5923998901638 476.81288024849187 1005.0246812273755 495.44058430097334 
car 1041.873193026081 477.65941660831254 1072.0072542301787 498.970854715707 
car 950.4418174005862 475.03550436468674 1006.1846703144657 514.8364226809923 
car 748.5469632115188 481.3921673903676 897.15920103806 598.6532805651331 
car 1057.6409443229845 476.17840266229416 1114.590533971265 510.4375412931593 
car 1214.1263061991297 472.9161513189095 1355.1791866484461 537.8908215416594 
car 1228.6020874701835 470.44951552358003 1302.2710490084528 512.169260896779 
