pedestrian 748.1529634806063 429.9169509857044 794.5942499461842 524.9145560762979 
car 0.0 361.66710420567057 197.4213406800741 469.6259527953208 
pedestrian 996.0333537257628 438.81030963097584 1031.6896255370052 520.0853378793895 
movable_object 705.6087476242176 462.3741243018622 794.0358014797033 512.7174946545668 
movable_object 1589.9461068396897 494.5411059238945 1600.0 531.3213242155397 
pedestrian 941.3634600484339 434.2006044210612 977.2917329112968 518.4785375259459 
pedestrian 1061.6346868418757 455.49969069417426 1135.069544753717 593.7698447999989 
car 635.836170538417 419.123386598094 842.4271882550902 510.5127565713019 
pedestrian 983.2028666594335 434.2687546216245 1031.5998151212295 530.9347239150845 
pedestrian 967.7089357036285 436.46862055305974 1003.9951524054551 521.1808140690553 
pedestrian 34.167479640382396 403.9927529314835 137.30241909878984 560.5984690196476 
movable_object 785.4544490436134 465.1040938839626 860.4124637063416 518.4252909509966 
pedestrian 558.3378069299421 424.7695924593602 603.9732094340834 500.0866635977519 
car 1525.0944665568013 459.2652793847491 1600.0 518.6234582084493 
movable_object 829.175049694626 490.2344587750706 857.8535043575931 532.4656784097617 
pedestrian 742.3247014437737 423.7618388781671 802.5680198084963 544.1117621028584 
movable_object 623.1303067755165 456.7389103830798 715.329706490888 509.586517886572 
movable_object 525.9942642356168 447.09481913658004 625.2782601785444 498.772520514327 
car 1385.2556557912474 448.27008990115996 1494.169882656989 521.7471906802297 
movable_object 843.2143866310425 468.06539886748783 900.6083923526119 518.1634611149348 
car 1312.1517667739133 438.2857457840119 1452.2977047496413 518.3269009587926 
pedestrian 1036.7156513814232 432.4976701824665 1077.3903361996402 525.0749047349262 
movable_object 1473.7816352077223 490.78159646434693 1514.0988805265933 525.1726435111356 
movable_object 235.01312132928368 457.88407823848416 342.88966392124445 515.6653331114915 
movable_object 1514.7762742786483 495.3637967539614 1556.7161212533003 529.3659370760704 
car 341.5158302083977 362.1899035098183 593.3800305530787 518.08743895405 
pedestrian 1055.6114184852481 434.6686529791264 1102.226410481068 540.6256759376647 
pedestrian 1018.6544269830216 437.51818441925343 1053.3478213544643 518.1549507895372 
pedestrian 1208.651455175436 443.05781621289617 1313.129886051192 602.3573647875826 
pedestrian 1020.6076070038137 427.15870980086106 1068.882269145393 532.5860748991582 
pedestrian 1574.7942870094535 465.1268777195425 1600.0 526.1725380374697 
movable_object 866.2150471817102 489.7783611965128 895.3048129884608 529.8546799016543 
car 324.711308152646 414.2102364805124 580.8914638977533 588.2843420162534 
car 1145.6475232987991 466.95565794358293 1185.9556696538968 497.54936074745643 
movable_object 611.7424251218806 472.51222403592493 727.8638181355907 532.7926982820604 
car 225.03703639635276 361.0385831240317 582.1687126280023 492.43008170053344 
movable_object 1528.1011637805386 494.58354764313214 1597.02623832168 532.3269918068801 
car 606.4506616172464 434.17423565500786 767.116879849536 496.92563682982575 
car 291.7759541713704 428.5131076856544 481.77773262684605 488.7334871950038 
pedestrian 942.9344564629083 435.2964044166684 981.1401932888657 523.4964290090197 
movable_object 412.20854132796507 461.81911515167315 524.3869199484815 521.7187721951417 
movable_object 917.9587116641651 489.01988227282465 944.2008153896373 529.76050187001 
pedestrian 789.1904421468307 429.73158404791263 824.0991367886533 516.9260968074282 
movable_object 1492.749977962549 492.85601141457374 1535.6962804710206 528.2266529006082 
movable_object 937.4123896826802 488.7700316183447 964.044835325749 524.6815293382867 
movable_object 324.4263260220001 459.1392911724836 433.8776621768745 516.6905108177826 
movable_object 508.94171557779504 466.26793324571156 627.4592602085354 527.9728566475635 
pedestrian 528.071156018916 423.3871318686694 568.3381858096118 502.4816156212191 
movable_object 825.8690784330535 469.7018582726994 870.1393617458986 529.2465218694588 
movable_object 720.353709611464 470.3773119491847 835.6943462847512 537.4015370856614 
movable_object 172.42978714957513 454.6919098554922 192.38475886596677 480.70297512649995 
