pedestrian 1241.4781351080749 426.67122421788673 1343.5316073166534 614.1609390794246 
car 260.197415915688 366.37261159752796 501.89533429904225 493.62439549157824 
movable_object 1137.7120495747583 484.6602554245144 1285.6495909359826 567.816158253424 
car 1027.348002093429 416.7492168187058 1358.3657191830255 562.4064654798636 
movable_object 151.52043312861517 461.36090110678595 180.43579237429364 490.7644673835993 
movable_object 1273.8018793874378 493.7383419785997 1416.209169709104 585.968305421304 
pedestrian 909.9998080141138 429.8819674137146 982.3947515770908 546.7271574339227 
movable_object 1424.5354899008123 541.2101885487227 1486.0682628832997 629.6988077134163 
pedestrian 1316.5764400514443 392.4188580601611 1482.7933368313325 709.1490926435113 
movable_object 1007.9567626655197 482.28094682583446 1153.0059618741236 566.4395516156652 
movable_object 864.9849518433654 473.1754811686703 1012.1415402107577 552.4421196681019 
movable_object 27.55102170191059 487.3378375556388 77.22671055285545 533.9401123935861 
movable_object 1387.546863322639 495.82035785808364 1516.5710485181417 587.785357725053 
movable_object 264.57215068193005 497.74359992110584 320.7875754931752 555.4993331780015 
movable_object 418.2157048293312 476.62735391215983 568.0452613054877 568.6220274213302 
movable_object 58.557218795386895 454.6374481769782 87.79456984036872 485.34770988364636 
movable_object 278.04211565477056 470.1768499877339 306.70257372215536 502.4377963319526 
car 563.4625045930958 326.1452587762713 963.1543943538064 592.5635629951939 
movable_object 1489.6245640657075 535.8256378584816 1550.1156246232079 617.2142051994509 
car 144.21730304662617 387.7192437485598 510.7061887827445 627.4628478236267 
movable_object 989.3973011894113 503.6974960274987 1211.6251141831833 623.8389324623358 
car 515.0420553898362 361.1986215507271 953.5056665039023 535.7717171401005 
car 983.950764123591 448.40970259037323 1221.5982647269777 542.1837166946096 
car 573.6460983937076 440.960253496757 814.294774661948 523.8055254974136 
movable_object 660.3629083986289 483.63247276994673 840.3145388783145 588.4079308289023 
movable_object 1589.0577644369987 531.7441091231519 1600.0 610.7281535401165 
pedestrian 1310.7612282224934 430.5183733038563 1388.363056686262 593.2740189908036 
movable_object 537.4261491607649 478.4427404345594 700.9408815950735 574.4217800460133 
movable_object 810.7639907576352 492.1939776096444 1018.7256811035281 607.6579653403553 
pedestrian 869.58895182353 434.6998187685225 933.4125797553718 558.1764839692079 
movable_object 1409.979540420536 505.17466950309466 1487.37270799577 625.879771685535 
movable_object 1190.1912143532788 504.6807028161424 1438.766143348106 644.4236197051893 
movable_object 435.9662648253925 480.79349072455796 460.1772215575951 514.0686013429557 
