pedestrian 0.0 436.1699248690677 258.22890240486754 760.9480809732809 
car 69.02531652726859 500.62341585582425 339.06874849607465 636.8301301103064 
pedestrian 1581.573627706758 554.0880538385629 1600.0 625.6390670128379 
pedestrian 978.2544749336568 567.9857561002894 1021.194881447864 651.4201369334079 
pedestrian 1012.045936038512 511.211365301331 1052.323309061533 580.3037228075971 
car 515.5823422129554 469.973556359784 961.3326037330964 851.8645322262743 
pedestrian 1500.381757210275 557.4767076173234 1534.4433647237634 628.8503397541391 
pedestrian 660.0964176903815 552.917157438907 705.552381785435 654.0979669189181 
pedestrian 1126.7708936163494 514.4461218621954 1172.9378451920127 579.3694216221775 
car 0.0 519.1147603111241 120.61414953211253 595.7229130466019 
car 608.3302359263524 543.9876238887623 795.1083277366025 609.1171383893858 
pedestrian 1253.4720573567583 571.1297966601906 1300.2860165740326 662.5666084980958 
car 1552.842355490327 551.3447621065746 1600.0 815.6152765458852 
pedestrian 1023.6058007775414 565.7117663085056 1079.106462899064 662.7411450460036 
pedestrian 1591.9904611616494 555.7397065697676 1600.0 625.2230089171946 
car 145.40339285494818 533.0531949770907 420.1777926912902 621.7000812204942 
car 201.79248481335205 469.47449838001785 528.634227075679 620.97426973646 
pedestrian 557.2855997296526 527.7805441569512 674.9006350562757 684.625981230863 
pedestrian 1460.8077186454323 554.1626789719876 1493.0603877139026 618.0693963230849 
bicycle 995.0627119558695 581.5199734101492 1076.8739564182058 632.3032860328947 
