car 483.8611329650245 380.91504870444714 733.2856907908465 521.2537728866589 
movable_object 1598.1924777452532 559.4299241606202 1600.0 605.2160453380682 
movable_object 0.0 485.71769870336095 14.364202336624526 528.1067968803064 
movable_object 53.05731333222095 467.1312265042287 73.79026604387983 493.10118230637397 
car 1410.8663229800427 407.430816453308 1600.0 594.4583537321079 
movable_object 370.3676693955919 481.0031129857395 399.18286336125993 512.3666576014365 
movable_object 73.12604424687429 466.71279034607414 97.76847709173258 493.4513962929125 
pedestrian 1252.6066225670259 428.5845654043725 1363.6728485004915 590.5892406781416 
movable_object 1388.4638091233962 494.8810307782129 1600.0 614.5400938545203 
movable_object 1183.650695969561 488.04901796417965 1392.958698140114 595.0497123815123 
movable_object 198.17561665680714 505.5423028897057 250.3423901431798 558.9345700316527 
movable_object 434.92677648884535 521.3087028383671 500.2841549859195 593.1909645738828 
movable_object 213.58802037046095 478.4657854888526 243.0061526730557 506.73525293792136 
movable_object 601.0078671936445 502.2819026434075 791.2602457877001 629.0647920629642 
movable_object 97.86401633577266 467.688699506427 120.35402474011521 496.2877353957436 
movable_object 284.0031110214929 475.5286550283352 312.19365332052894 507.54311122708367 
movable_object 490.7244573533988 487.12960236574315 520.6703180207029 522.7709748272591 
movable_object 143.9799162322863 472.43283017785643 168.89064358436184 499.2861631160955 
car 788.5592723890957 249.60706683747463 1361.9338194178451 663.2204499945674 
car 111.54060114024135 389.0603420398015 479.18718011532616 654.5566734864061 
movable_object 1473.5753603129817 540.4596374857507 1600.0 729.7676849852959 
car 746.38880028294 337.684048572817 1275.55835402267 557.6928768787757 
car 1327.8822261106025 455.212072135049 1600.0 577.7526123517371 
car 809.9617703535249 454.40682610283153 1103.4180441751823 556.2478551348332 
movable_object 68.62484277362101 489.98152656211573 114.01651794285544 538.1193230038617 
movable_object 919.2391172779413 512.5708957963309 1192.9726274910229 676.513401030505 
movable_object 745.9519701186091 509.29425205766614 972.0688563899012 650.175916960256 
movable_object 35.1808147230467 467.4662453605354 58.75287221133794 491.74067824051957 
movable_object 1153.8885142927754 521.3352024589876 1511.0707378098057 718.7542543178786 
movable_object 850.6964992981822 503.15602802825555 887.3366111084036 549.5722077186313 
pedestrian 1195.2727747143508 434.74320905427766 1283.7857452249618 605.5310282130836 
movable_object 120.51498208997722 471.99207780426894 145.34094058990314 498.68758850145724 
movable_object 654.9139946087215 494.14903081190863 682.2616581924449 532.5710772154868 
