car 1204.1427954813075 358.5665754811674 1600.0 601.9142877988165 
movable_object 554.0068972473077 511.02127882180764 596.6572303750298 568.3037816813629 
movable_object 495.60679368911326 506.2406130682216 527.7230334970897 548.213020148025 
bicycle 127.6621650348845 449.77200898522136 220.86035382119903 500.04461251909095 
movable_object 716.7702727156623 497.06414609531 736.6910161376618 526.0558575210503 
movable_object 1037.2845689778424 528.4127959568474 1078.1989700267513 574.9012958488174 
movable_object 728.7350773181327 495.5077220397798 752.8362649675432 525.9738606353915 
movable_object 743.5795193697386 574.0516625554394 829.8265728372827 676.7269577212578 
movable_object 690.8963292517485 495.11405063770474 711.2100058482919 523.3030964021553 
movable_object 1189.725085744298 663.9508256550278 1414.3906199775213 900.0 
movable_object 858.7052307329891 510.7739754720838 892.5892374825642 547.1868449693034 
movable_object 409.38241403497244 486.82845330763854 426.90838471405795 508.6852652393404 
movable_object 751.1051067278747 490.00506970465614 773.8804385958637 523.07532572458 
movable_object 932.0947741973273 515.590603624574 967.6440853273523 559.0998649327393 
movable_object 1223.1087084341168 540.7768090603464 1274.9996249928406 601.0391462736678 
movable_object 418.6677635206618 490.5436482657018 437.3180892986397 512.5263414456055 
movable_object 790.8567028768191 503.8392451340341 817.2471110870868 536.1935528890518 
movable_object 464.582627594726 474.637571061061 491.9640267937981 507.81820547943613 
car 319.00003046518606 373.2632997045998 674.7046166007722 726.9744178170628 
movable_object 614.3306694897492 532.6520216043888 671.0933679928617 605.7186256261211 
movable_object 703.054914821851 497.45419937186347 725.0738621570259 524.2926122700757 
movable_object 770.9987126335997 501.58850841229105 796.6401894602535 533.1935211681865 
movable_object 1599.542015383107 639.0107959880495 1600.0 647.1487801091147 
movable_object 427.9095843294047 492.56197695139036 448.41222086809853 517.9797662803534 
movable_object 679.2529382702024 493.42393606071175 699.8882454862162 520.4648516524668 
movable_object 815.6381256553101 508.8733046027583 844.11534776884 540.9155754582519 
bicycle 149.35258925323433 452.4665147329866 237.1090154170234 505.3756066025629 
