pedestrian 1045.2922631410343 429.55596626949966 1122.6871035944746 580.8817697566419 
car 148.99155354861117 363.1613810643664 391.4811700976212 485.09726508555144 
pedestrian 1399.099343817164 447.66507198060157 1465.6716273027364 562.9379602468006 
movable_object 978.2399136061185 477.2735207817636 1103.1142139310007 548.6917040315666 
pedestrian 1357.6220480736533 432.83700653060185 1421.0881847194598 575.0617271394623 
car 882.9772283090501 417.581899860649 1166.7928569142393 544.2232707844772 
movable_object 42.53149303394794 455.766052972485 71.72366429108628 484.36608501180035 
pedestrian 1451.8344844052406 437.8062200901397 1525.7437708116329 583.7801840266558 
pedestrian 1404.872822299279 437.1699375912859 1481.4927513927785 584.7998271240731 
movable_object 1090.498870170613 481.36649500492183 1204.2520696415672 558.9230426438913 
pedestrian 778.4305265066866 428.85252776207506 841.6644534558324 531.8597011187724 
movable_object 1181.6182644409182 519.1952889819119 1229.1857249943378 588.6727496490835 
pedestrian 1061.1528958681745 406.3486868027106 1171.6944027718512 633.8275987698908 
movable_object 865.4510701432715 471.0969961409618 990.8271415913534 544.2537703946331 
movable_object 738.6492375953374 463.18215656264795 868.9878179393861 533.2298083330687 
movable_object 1179.6091383424782 483.86864061542326 1275.845054638358 559.4362753014249 
movable_object 185.06857811964676 486.0066118578795 237.8660079031156 538.7234465972766 
pedestrian 1470.282401687989 436.9119375125495 1537.2799234737379 570.7966750665026 
movable_object 336.48922178933327 470.27236828929887 474.20719225993076 551.3328184714516 
movable_object 174.97081762473448 460.08755012177454 203.24513092459324 491.03176019795177 
car 470.3378003707739 340.2416940296599 821.3640744628068 566.7726674893181 
pedestrian 1584.6842456741406 428.31597941077746 1600.0 587.3692337770171 
pedestrian 1436.076412795478 442.4824500747639 1496.6875351401457 556.5969037429562 
pedestrian 1520.7558032410527 420.92454156017914 1600.0 582.1124035081548 
movable_object 1238.2006831559363 516.2854820859322 1285.4218240709545 580.858152641539 
car 171.26244500652862 394.9157149058781 514.054611315186 621.1607624983695 
movable_object 839.1263998695465 490.6776874439081 1018.818369264994 587.3532528509323 
car 407.6000482967112 362.32481457112885 820.6541467396737 521.8531676378971 
car 847.3144601512143 441.8150313236548 1056.7773543919668 524.9538375392855 
car 467.26455410978673 435.80516349245664 692.6570302354432 511.79933600560696 
pedestrian 1362.145257828015 433.6280669213059 1439.809399937074 587.1326330550922 
movable_object 559.7907680627721 474.7721992087388 716.4094672845149 563.7629866127639 
movable_object 1318.0458487215121 513.0768337179221 1360.5375634674165 578.2447711121806 
pedestrian 1106.6317176855905 430.9433755857176 1164.9292614821982 564.8060209388154 
movable_object 1341.6523526869307 515.1608918109669 1384.3687670312484 571.8022404998004 
movable_object 449.5110177667814 472.356650174446 595.5847921762044 555.3683949019272 
movable_object 690.2435466951388 481.97086885649884 864.6443418482243 577.3010224822907 
pedestrian 741.4988174822192 430.98269639558345 797.7615258307649 539.6486237541026 
movable_object 1174.6824301064032 488.44398518523394 1238.1112048575071 584.5195955374891 
movable_object 1002.5600993664954 488.9496418979264 1192.723409487062 599.0405859186366 
movable_object 334.01415304131206 471.65407759338666 356.8762709966503 502.97344825120524 
