car 1550.410096176391 476.09107868561017 1600.0 574.2715873815833 
pedestrian 0.0 395.2168949824787 53.2705350675969 677.990981076891 
bicycle 599.0986828675755 509.1429429336048 671.1885150941476 605.9500031973366 
bicycle 84.39223878712666 515.4261365147216 270.70330039523844 664.7037843839372 
bicycle 909.1935528445331 507.55746126862164 946.5285778639842 577.6666916301839 
bicycle 362.9667120948525 482.4979790694757 486.68975583864926 600.4988009618568 
car 1161.7337448729413 499.82742893383903 1314.248419067388 604.1722534924485 
pedestrian 609.9727587442378 457.66346314084444 701.9263991134877 617.6326782040821 
bicycle 512.0277703624881 492.8361373177682 607.2112920356891 604.023982273712 
pedestrian 0.0 381.3824585234262 4.459828830558506 621.4111595608805 
car 1422.8482863519885 495.8439598080875 1600.0 595.137066090225 
bicycle 189.4010250138657 490.67659320052394 341.4387600707353 646.5467351698024 
car 1283.481982987006 489.0346793879264 1454.0721185734476 595.215581472297 
bicycle 540.6640290950628 490.35451855556045 617.1240173643736 579.8632563715952 
bicycle 293.2878511577872 458.9073570326052 446.19611222648246 605.7724444793946 
