car 1404.9731215959741 353.9062422751315 1600.0 599.9635761639062 
movable_object 664.4227323953666 515.9214535193898 711.267093067996 580.3037420348012 
movable_object 607.051013417678 508.8681632313863 641.0489011967418 554.5208139397088 
bicycle 240.30612843534172 448.13838742313663 333.6684940114856 500.16110735611124 
movable_object 844.1482906524716 493.7162767931738 865.3645408837508 524.5374173520744 
movable_object 1213.4237707171899 533.5091961214487 1262.6629775868635 587.4459838029492 
movable_object 856.6049952880111 496.83905365185035 882.394337267394 529.4053893737482 
movable_object 788.5739369445167 490.81983826111525 807.695276865848 516.0906569876274 
movable_object 887.1194808695918 597.370832079293 1000.599543152806 732.8988936210571 
movable_object 816.2012617078972 491.9543841882061 837.6376527962656 521.7368666206648 
movable_object 777.2762931932442 489.33466408384635 794.9812467964988 514.8262135872841 
movable_object 999.7767441401949 508.7213047355714 1037.7273475711274 548.8914403356858 
movable_object 530.5397909292734 488.9900312730695 547.9369333565377 511.3494981636499 
movable_object 880.496265305973 492.99909680537047 905.0557463686091 528.522066955344 
movable_object 1085.374015289999 513.7600022318217 1126.258008249923 562.5860180344516 
movable_object 1457.5225883103676 552.6186198399455 1525.2739535747926 626.4262835566492 
movable_object 538.3503603301084 492.85129717104684 556.9551081892706 515.4511649204157 
movable_object 923.9663979164578 501.80869275889506 952.7943165466522 536.8719151631634 
movable_object 578.432564002077 480.54966793999563 606.7047960216546 515.8016484079117 
car 351.0714054474789 360.51852638067857 740.5976891043967 748.2015747731841 
movable_object 729.7237330411131 538.7386472668094 795.4912595449039 624.8140487779667 
movable_object 828.3356266996459 494.3415659052223 851.6564366286927 522.7905562761404 
movable_object 902.5250695229033 499.8284824707901 930.3551573986919 533.9266342053554 
movable_object 546.3474591606802 494.9158664145967 566.9633949576161 521.2595585994727 
movable_object 804.2009011897073 491.3388085604491 825.8915179163838 519.8417801849116 
movable_object 952.8002029711081 506.39805771831993 984.2793612801569 541.4312408997002 
bicycle 262.8691424315272 449.03763774810983 350.6252392382432 503.774009300357 
