car [1313.09473761754, 1037.0203325073462, 0.7164354454686644] [-0.3322741501184358, 0.019450371346561156, -0.0007689611343839357, -0.9429819621373075] [1.900319218635559, 4.821738243103027, 1.5051075220108032] [0.0, 0.0] 0.85695481300354
car [1310.1484077997711, 1063.2119759760794, 1.8984528560864133] [0.8972988775074424, -0.014430977957419775, -0.013063503432762013, 0.4409941226106525] [1.9551284313201904, 4.683300971984863, 1.6527431011199951] [4.411963926304965, 5.788542956139804] 0.7956957817077637
car [1257.1335952976267, 1028.9521136059016, 0.2542506413462867] [0.4122314864042756, 0.013515886277543927, -0.014008178499641557, -0.9108711727627442] [1.9465786218643188, 4.561232566833496, 1.7606593370437622] [0.0, 0.0] 0.7429918646812439
car [1294.603333872437, 1045.4239759435889, 0.8328912351077828] [0.9335808333853317, -0.013187348903508053, -0.014317893547671922, 0.35783783937533076] [1.9121952056884766, 4.454906940460205, 1.579019546508789] [7.545973737433907, 6.917275946647549] 0.6357290744781494
car [1253.0789515503984, 1024.544100798401, 0.19046576265199283] [0.351719159248978, 0.014403908275637398, -0.013093344612143407, -0.9359031599318637] [1.9033033847808838, 4.303205490112305, 1.7085462808609009] [0.0, 0.0] 0.5293413996696472
car [1321.5930367006058, 1033.7285002423346, 1.0296112870685166] [-0.3543410782619449, 0.019463069995635417, -0.0003116939048433253, -0.9349136281012368] [2.171869993209839, 5.2674479484558105, 2.2003445625305176] [-0.0006268694776266501, 0.0019384124625806236] 0.3123387098312378
car [1319.7892470081965, 1076.9305391796024, 2.666368924365366] [0.8964573565017093, -0.014455831828717191, -0.01303599527788988, 0.442702269846477] [1.9768773317337036, 4.680615425109863, 1.7485684156417847] [6.742884137394723, 8.611957799258171] 0.3002258837223053
car [1317.7167839529195, 1074.6848640439441, 2.5790485410181425] [0.8949839316870325, -0.014498994149337602, -0.012987971951109008, 0.4456734833656547] [1.9226264953613281, 4.523348331451416, 1.6660573482513428] [4.584978650009186, 5.890405123658085] 0.2834315598011017
car [1337.9483345889428, 1087.2750973087732, 3.578114649250909] [0.8442565600306564, -0.01576098215764454, -0.011423646010435136, 0.5355856164969874] [1.9156160354614258, 4.4820427894592285, 1.6717573404312134] [2.740352729740331, 4.9886767252262345] 0.2575346827507019
car [1298.3806559676364, 999.7107186990323, 1.1624874985817453] [0.9270390109412796, 0.00010892292476699303, -0.019465260916355077, -0.3744592954464736] [2.016726016998291, 4.641936302185059, 1.7885305881500244] [0.0, 0.0] 0.2434760332107544
car [1367.4645041796023, 1015.9928036617796, 0.05090884266677154] [0.9956002061033387, -0.005500705455792244, -0.018672184827543285, -0.09165872222677318] [1.8920422792434692, 4.350400924682617, 1.6867074966430664] [-0.3325633361327616, 0.3475929657410675] 0.22783735394477844
car [1339.2390178558962, 1086.1490913245407, 3.6070936075224243] [0.9280437443622547, -0.01340308171656193, -0.01411614845644815, 0.3719622296730426] [1.8914308547973633, 4.431471824645996, 1.6643202304840088] [3.1790516708904892, 3.417190417551194] 0.16893351078033447
car [1274.7437594624412, 1039.865119762342, -0.2716836122307319] [0.36194128489078053, -0.019464962653310536, 0.0001532176574235572, 0.931997638433095] [1.8295037746429443, 4.196706295013428, 1.5537879467010498] [0.0, 0.0] 0.1504059135913849
car [1280.432874971056, 1075.0888244770078, 1.296371298576435] [0.5683450234506524, -0.01896912789181351, -0.004368115585620752, 0.822560044052793] [1.877793788909912, 4.374125003814697, 1.6775658130645752] [0.0, 0.0] 0.12731201946735382
car [1296.023030324614, 1000.1885225837508, 1.0880455081262772] [0.41834075700224294, 0.013421484574190986, -0.014098652367161681, -0.9080815507343191] [2.089512825012207, 4.700910568237305, 1.8284237384796143] [0.0, 0.0] 0.12704531848430634
car [1367.5699372159352, 1017.4576995648109, 0.08808807608578983] [0.9724545710078786, -0.011195166847447834, -0.015924085091556284, 0.23227827939593976] [1.9389443397521973, 4.541210174560547, 1.6633256673812866] [-0.023867679020252608, 0.05582872986107837] 0.12056885659694672
car [1319.0650964557246, 1074.3163482166797, 2.5663206301447548] [0.9264445164095876, -0.013463328554307017, -0.014058699476982267, 0.37592771880756687] [1.9651498794555664, 4.588853359222412, 1.7028851509094238] [4.819505378191671, 4.876321637870018] 0.1136195957660675
car [1322.522790302677, 1080.7735357461722, 2.6508468856594196] [0.44885154361679624, 0.012936358840039665, -0.01454506331052044, -0.8933943046304216] [1.9640865325927734, 4.569510459899902, 1.7064273357391357] [-0.0005120016287572269, -5.451799140315834e-05] 0.10948925465345383
car [1261.1170798828098, 1034.3787037364652, 0.13285733061390448] [0.5332419068777731, 0.011467317093422594, -0.015729236644675997, -0.8457388252307043] [1.975338101387024, 4.493193626403809, 1.7139421701431274] [0.0, 0.0] 0.10460364818572998
truck [1319.3436241672232, 1031.2581606183562, 1.7188769838779014] [-0.3385274665161514, 0.019455047948143404, -0.0006398094097161732, -0.9407551467663685] [2.7699642181396484, 6.850368499755859, 3.851339101791382] [0.0, 0.0] 0.6561887264251709
truck [1321.6050671262874, 1033.7025306809212, 1.019218275749279] [0.35738087559918685, -0.0194639810623453, 0.00024837059001353405, 0.933755857550149] [2.2233288288116455, 5.401188373565674, 2.102302074432373] [-0.007359892542562225, 0.007168548796171526] 0.6470721960067749
truck [1298.4312222356257, 999.6679354847383, 1.1284798952276822] [0.9329268664201933, -0.0002033567006280365, -0.019464503404855466, -0.35953936316438895] [2.126770496368408, 4.983723163604736, 1.9533603191375732] [0.0, 0.0] 0.3171748220920563
construction_vehicle [1295.5129921902942, 1078.60679333156, 2.630456741290919] [0.3532523048985633, 0.014382433525867527, -0.01311692999978737, -0.9353255587425738] [2.6854586601257324, 10.246598243713379, 3.4293835163116455] [0.0, 0.0] 0.2722246050834656
truck [1319.4418990703473, 1077.2808164089354, 2.8598029788282036] [0.8911226318797958, -0.014610024314183569, -0.012862948195662038, 0.4533448430332935] [2.215419292449951, 6.17106294631958, 2.127953052520752] [4.525496142619776, 6.696812080158656] 0.1376001238822937
truck [1252.4042258552915, 1024.574984761241, 0.3005051769950796] [0.3110647612438133, 0.014954717506289034, -0.012460524509522565, -0.9501893527426967] [2.1439731121063232, 5.29095458984375, 2.007270336151123] [0.0, 0.0] 0.11329919844865799
trailer [1325.4451823228253, 1026.173576828928, 2.0128993511620172] [-0.3425546775431779, 0.01945761043746508, -0.0005564555769961739, -0.9392962177324812] [2.9473681449890137, 14.381689071655273, 4.216580867767334] [0.0, 0.0] 0.8066256642341614
trailer [1341.4933787930995, 1039.0031553853196, 1.113852050114181] [0.940534398295512, -0.0006271344149698585, -0.019455460651726562, -0.3391402915846993] [2.512004852294922, 4.591004371643066, 2.002070188522339] [0.0, 0.0] 0.402601957321167
bus [1286.3228672891232, 1075.4026167696659, 2.252371956960156] [0.5955864778057705, -0.01881211974080143, -0.005001239606644474, 0.8030553151608996] [2.7894606590270996, 11.461008071899414, 3.513301372528076] [0.0, 0.0] 0.12453140318393707
trailer [1310.776571465892, 1101.8586973796305, 2.025210674661082] [0.9275119338729151, 8.430065615057554e-05, -0.019465383123501392, -0.3732863569387188] [2.6929965019226074, 8.212580680847168, 3.6210625171661377] [0.0, 0.0] 0.10834735631942749
bus [1285.9326377916461, 1075.782937121528, 2.3049034561631734] [0.974358838552892, -0.011061907240186516, -0.01601694274681749, 0.22415607394651305] [2.842210292816162, 12.435821533203125, 3.6463241577148438] [0.0, 0.0] 0.10441933572292328
trailer [1342.3584461501885, 1033.4265216788538, 0.9115704589619533] [0.2532494688521193, 0.015678311398441593, -0.011536845255043369, -0.9672051479801866] [2.0665550231933594, 3.8406925201416016, 2.129392385482788] [0.0, 0.0] 0.10293297469615936
barrier [1328.9592740861533, 1049.3598131380527, 1.1397256356926384] [0.09997610534377505, 0.017279708378281952, -0.008962138422656318, -0.9947994119989947] [3.2639145851135254, 0.5180415511131287, 0.9872266054153442] [0.0, 0.0] 0.4602607488632202
barrier [1337.1124962755302, 1035.5533205243773, 0.2167214687637122] [0.3817651815584918, 0.013973479453953844, -0.013551757033508607, -0.9240543479162182] [3.2671213150024414, 0.5278757810592651, 0.9403681755065918] [0.0, 0.0] 0.43137991428375244
barrier [1328.4291673711402, 1052.4512537083262, 1.246097001627348] [0.10162625615184129, 0.017264817169128352, -0.008990791670475472, -0.9946321912213658] [3.072683572769165, 0.4891299903392792, 0.9093590378761292] [0.0, 0.0] 0.42091453075408936
barrier [1339.5511496821118, 1033.0951061233204, 0.16929138723572326] [0.3839234125201965, 0.013941774393280865, -0.013584372400378984, -0.9231597397374425] [3.2791781425476074, 0.49717608094215393, 0.9387981295585632] [0.0, 0.0] 0.3575541377067566
barrier [1334.9545382814572, 1037.9261737143106, 0.39536970452083087] [0.3272382138467539, 0.014739850277762055, -0.012713971076515717, -0.9447413630997861] [3.2250282764434814, 0.4598935842514038, 0.9185218214988708] [0.0, 0.0] 0.3473752439022064
barrier [1278.7009252942391, 1070.232386518829, 0.6733837950006845] [0.5241463264975701, 0.011635250287855899, -0.015605422054025628, -0.8514057318178907] [2.241936445236206, 0.7145565152168274, 1.068345308303833] [0.0, 0.0] 0.33577388525009155
barrier [1331.358025966791, 1043.4320180831546, 0.8439036645884325] [0.2243761348609689, 0.016014443919258107, -0.011065524510941957, -0.9743081862830197] [3.164419412612915, 0.43631798028945923, 0.8812671899795532] [0.0, 0.0] 0.32509490847587585
barrier [1342.2249471890618, 1030.7017238773449, 0.015549220360628196] [0.4457419915199904, 0.012986862040325191, -0.01449998831347394, -0.8949498135365179] [3.2487316131591797, 0.4906783103942871, 0.8777615427970886] [0.0, 0.0] 0.32425814867019653
barrier [1329.962786044712, 1046.3567637902506, 1.0590985998457627] [0.23009639793339987, 0.01594915672873239, -0.01115941962593264, -0.9729731442395161] [3.2025346755981445, 0.4479585886001587, 0.9449582099914551] [0.0, 0.0] 0.30606281757354736
barrier [1274.9961448256367, 1062.758188303803, 0.27683067736439615] [0.9569428871684804, -0.0016410268176259794, -0.019396269685925505, -0.2896228624451258] [1.9668771028518677, 0.4879457950592041, 0.9985148906707764] [0.0, 0.0] 0.2927401065826416
barrier [1277.3624503022052, 1070.7271534570264, 0.631897312723485] [0.5736614931058601, 0.010690382424009435, -0.016267266837848036, -0.8188611500619689] [1.3387329578399658, 0.5633456707000732, 0.9436070322990417] [0.0, 0.0] 0.28120577335357666
barrier [1333.1632797195684, 1040.564062055912, 0.6017307772183653] [0.2951343466102942, 0.015160963971065783, -0.012208743514930828, -0.9552574570262041] [3.3357796669006348, 0.47923707962036133, 0.9354023933410645] [0.0, 0.0] 0.24085158109664917
barrier [1277.2210072026962, 1071.325923302215, 0.5114923947779972] [0.37220418272654665, 0.01411265343663856, -0.013406761716486727, -0.9279467323689] [2.0163965225219727, 0.6032167673110962, 1.066422939300537] [0.0, 0.0] 0.23812010884284973
barrier [1276.7925083401979, 1072.6713392720121, 0.45503443807270083] [0.4767322877305218, 0.012472423314845035, -0.014944795194335388, -0.878832986174551] [2.2036077976226807, 0.5415242314338684, 1.0934231281280518] [0.0, 0.0] 0.22640377283096313
barrier [1276.5140493862639, 1071.3609552945163, 0.5368953044230498] [0.46324224532924096, 0.012699420547388426, -0.014752388433941428, -0.8860178970515091] [2.20358943939209, 0.6185764670372009, 1.0672193765640259] [0.0, 0.0] 0.21428674459457397
barrier [1278.1137358788435, 1071.5243232461078, 0.6452566284918847] [0.4256663743548088, 0.013307098326838877, -0.014206666775326369, -0.9046707851461145] [2.1023921966552734, 0.5714967846870422, 1.0496392250061035] [0.0, 0.0] 0.19405630230903625
barrier [1276.4775447783215, 1072.270060352759, 0.49148466720833917] [0.4855614321596296, 0.012321237025712122, -0.015069683636411915, -0.8739858050062055] [2.3875203132629395, 0.594816267490387, 1.0827137231826782] [0.0, 0.0] 0.18798649311065674
barrier [1278.4315686169741, 1071.9615164756174, 0.6326632415054805] [0.46234834579141193, 0.012714293783668697, -0.01473957191806749, -0.8864846862169704] [2.280543088912964, 0.5477436780929565, 1.0452001094818115] [0.0, 0.0] 0.17858141660690308
barrier [1345.136920077378, 1028.4161353808456, -0.2986149764194822] [0.4418567769998597, 0.013049620312150397, -0.014443533378437286, -0.8968743949810094] [3.194931745529175, 0.48897433280944824, 0.9289050102233887] [0.0, 0.0] 0.17584693431854248
barrier [1279.781095787856, 1069.860962082015, 0.6197607120727622] [0.6661159835045747, 0.00869997186789498, -0.01741317708642384, -0.7455941176491325] [1.4013769626617432, 0.542905867099762, 0.9680996537208557] [0.0, 0.0] 0.16904060542583466
barrier [1277.1184928561725, 1073.0454956782587, 0.41237995732818206] [0.423359156791996, 0.01334326521180547, -0.014172703349493426, -0.9057527897354916] [2.190798759460449, 0.5574899911880493, 1.0949963331222534] [0.0, 0.0] 0.16010761260986328
barrier [1300.5296184434744, 1057.8442086027653, 1.5070689851029895] [0.47933297619879234, 0.012428107642670487, -0.014981668370629345, -0.8774172266838984] [2.230987548828125, 0.3953297734260559, 0.9659473299980164] [0.0, 0.0] 0.1390881985425949
barrier [1276.6015049327768, 1070.695309096734, 0.5058091664486313] [0.5959410342762899, 0.010239446990920751, -0.016554817186107622, -0.8027922367704868] [2.1697583198547363, 0.5485624074935913, 1.0069024562835693] [0.0, 0.0] 0.1369364857673645
barrier [1273.1868057029237, 1062.3685553149871, 0.30390371653917925] [0.3933473611008758, 0.013802075013851067, -0.01372628762839204, -0.9191838473712604] [2.1523146629333496, 0.5063493847846985, 1.0580675601959229] [0.0, 0.0] 0.1337735652923584
barrier [1346.9817901349086, 1026.9616950576828, -0.12087607032801963] [0.41460243547374787, 0.0134793563928029, -0.014043332865852173, -0.9097944340632625] [3.2037453651428223, 0.4807509183883667, 0.9225053191184998] [0.0, 0.0] 0.1327131688594818
barrier [1298.9782321710666, 1058.6653024702941, 1.509249852755029] [0.4787523619544797, 0.01243801696680784, -0.014973442512619482, -0.87773416686162] [2.612255096435547, 0.4556509554386139, 0.9330674409866333] [0.0, 0.0] 0.12078264355659485
barrier [1299.2092250917822, 1058.9427436025455, 1.5327506314425337] [0.40033249764502954, 0.013697195095909206, -0.013830946939740638, -0.9161631858367524] [2.553454637527466, 0.4722744822502136, 0.9330031275749207] [0.0, 0.0] 0.1196962520480156
barrier [1269.6223033687506, 1027.640328136551, -0.39680328063613507] [0.9306094075119772, -7.892348426576275e-05, -0.01946540566823491, -0.36549585825760345] [2.985445976257324, 0.5671147704124451, 0.9292005300521851] [0.0, 0.0] 0.111186683177948
barrier [1282.456637513824, 1071.0214546367602, 0.6742471828728815] [0.616436485859393, 0.0098093132918693, -0.016813257253943288, -0.7871639922243509] [2.731171131134033, 0.5655001997947693, 0.9829760789871216] [0.0, 0.0] 0.11096447706222534
barrier [1273.4335211159234, 1062.6258917667108, 0.3257343214819215] [0.39996353637744714, 0.013702763555117998, -0.013825430108964067, -0.9163243210357902] [2.294434070587158, 0.5667087435722351, 1.0569618940353394] [0.0, 0.0] 0.10543395578861237
barrier [1281.1076872692504, 1072.1441538832728, 0.8249732731489399] [0.38961474002643826, 0.013857652763591383, -0.013670175808271387, -0.9207722009853394] [2.2487375736236572, 0.5306216478347778, 1.0112757682800293] [0.0, 0.0] 0.1039372906088829
barrier [1275.6526959153975, 1063.9810710903146, 0.33101455261982865] [0.9558583513395891, -0.0015688270939415412, -0.0194022428676335, -0.2931823731529885] [2.0942296981811523, 0.5283253192901611, 1.0246208906173706] [0.0, 0.0] 0.10384643077850342
barrier [1278.778161278515, 1072.293517153342, 0.5787713098785429] [0.5295207507829128, 0.011536317550947514, -0.01567869969445874, -0.8480736207685956] [2.4201717376708984, 0.5359585881233215, 1.0156872272491455] [0.0, 0.0] 0.10075580328702927
barrier [1275.6921889182136, 1071.3552850906783, 0.5592708678119491] [0.5488824822461988, 0.011172729802960999, -0.01593983549147692, -0.8356728501252788] [2.387357234954834, 0.5541568994522095, 1.0287072658538818] [0.0, 0.0] 0.1004631295800209
bicycle [1300.0319924480136, 1058.228660134058, 1.499646776411235] [0.9856182403730037, -0.0040501984737062145, -0.01903954146162423, -0.16786237219007497] [0.586391031742096, 1.591469407081604, 1.1229474544525146] [0.0, 0.0] 0.28189077973365784
bicycle [1310.3660603829965, 1045.7507246539265, 0.8918443402083084] [0.9534328155963027, -0.012301326530302904, -0.015085940883491033, 0.3009766733442348] [0.6730051040649414, 1.6920139789581299, 1.7319140434265137] [0.6943625283220216, 0.6072932544723322] 0.22682756185531616
bicycle [1330.2350086846534, 1043.4246433215244, 1.7789433250373887] [0.08571782959248991, 0.01740629624299935, -0.008713730420793776, -0.9961292814907151] [0.4645193815231323, 1.5253939628601074, 1.1240053176879883] [-0.00017084268613218204, 0.0009261859562227603] 0.22239194810390472
bicycle [1332.6321943997393, 1039.595962780334, 0.8514704775659799] [0.8894491000932618, 0.0018657208575824178, -0.01937594726527976, -0.45661952443641945] [0.5264371633529663, 1.605142593383789, 1.0732883214950562] [-0.0010376512994477493, -0.0007207554095453864] 0.1935800313949585
bicycle [1338.5325664132608, 1033.6530524907123, 0.5903191173934413] [0.7716909446334581, -0.017050519778944985, -0.009390847779254334, 0.6356997543840776] [0.4780838191509247, 1.5355627536773682, 1.0963037014007568] [0.0, 0.0] 0.19099943339824677
bicycle [1312.2580910205274, 1047.2073578458865, 1.047615456601818] [0.9197005199434005, -0.013708118435885359, -0.013820120683013595, 0.39213778875427724] [0.6444353461265564, 1.6843959093093872, 1.637109637260437] [1.04454651631026, 1.0433548674907938] 0.18440766632556915
motorcycle [1300.3844950829773, 1058.635203261826, 1.657476121690056] [0.8439564279237878, 0.0036301090503788394, -0.019124083116000046, -0.5360584292028024] [0.6687053442001343, 1.8486045598983765, 1.2176432609558105] [0.0, 0.0] 0.1748049557209015
motorcycle [1324.4532164479324, 1001.9793590061611, 1.9422401481417664] [0.9925536378260685, -0.004961632623189061, -0.01882260472033099, -0.12024295318850411] [0.6712325811386108, 1.8734996318817139, 1.3312931060791016] [0.0, 0.0] 0.16142530739307404
bicycle [1316.1328370393278, 1010.2934441641648, -0.16019358268791278] [0.8466744791832164, -0.01570906313697507, -0.011494937237925712, 0.5317550357571472] [0.48772239685058594, 1.4613298177719116, 1.08378005027771] [0.0, 0.0] 0.12669232487678528
bicycle [1338.8437224250158, 1033.352618031664, 0.5989135560291317] [0.9683596963746579, -0.011464613463041985, -0.01573120735634607, 0.2487982921774901] [0.5065016746520996, 1.6870664358139038, 1.1442230939865112] [-2.899968476929821e-05, 0.0001572150478961765] 0.11839660257101059
bicycle [1330.5568620082192, 1043.1099061898624, 1.6515082772900902] [0.7999660032873365, 0.005098412547985872, -0.018786017040231293, -0.5997295101441487] [0.5256511569023132, 1.7241101264953613, 1.1452524662017822] [0.005779733823387293, -0.013064686165062437] 0.11290064454078674
motorcycle [1341.016333212275, 1073.4639489013707, 1.4509522588014307] [0.8575105612922322, -0.015467518252908001, -0.011817957769482761, 0.5140979760955454] [0.7170495986938477, 1.981964111328125, 1.3513070344924927] [0.0, 0.0] 0.11127737164497375
bicycle [1327.0367937747933, 1055.2539985879348, 1.8215010950264798] [0.014663194459920648, 0.01798188673464795, -0.0074538578070427585, -0.9997029971353921] [0.5678637027740479, 1.6975477933883667, 1.1378450393676758] [0.0, 0.0] 0.11016613245010376
motorcycle [1259.2189238904489, 1036.906896264635, 1.0656494115012372] [0.9013475259091143, 0.0013466506387390283, -0.01941892836390577, -0.43265890640407945] [0.7280291318893433, 1.9661509990692139, 1.3172519207000732] [0.0, 0.0] 0.10888279974460602
bicycle [1327.0384793172832, 1055.9753094909065, 1.767125076015325] [0.6535756613040793, 0.008989467564473075, -0.017265506643380227, -0.7566108290952429] [0.6409699320793152, 1.838216781616211, 1.1874805688858032] [6.586504955377313e-05, -3.8423265991960704e-05] 0.10771620273590088
bicycle [1337.438796799971, 1085.1280926524717, 3.2481237091279564] [0.9087728588638673, -0.014076414121777524, -0.013444806142802598, 0.4168368778618906] [0.7362067699432373, 2.074923515319824, 1.7806143760681152] [2.4307479773741423, 3.040434033450816] 0.10303431004285812
pedestrian [1308.5969718981612, 1041.862226916095, 0.9120671802492085] [0.9110963584934986, -0.014000788752612573, -0.01352354099524372, 0.41173355133282685] [0.7022325396537781, 0.8928130865097046, 1.7575631141662598] [0.8836092369199319, 0.9387694482311133] 0.8718889355659485
pedestrian [1307.8120649104576, 1042.4813852931447, 0.9457826117157594] [0.9204764781540952, -0.01368068060588885, -0.01384728222089002, 0.39031288079986415] [0.7262767553329468, 0.9221489429473877, 1.823314905166626] [0.9799825505311566, 0.9902055073333523] 0.8647034764289856
pedestrian [1308.3041824626312, 1044.282519233259, 1.0586569812227546] [0.9006858904586978, -0.014329416069805314, -0.01317482758307393, 0.4340345821266759] [0.743695855140686, 0.9705927968025208, 1.785714030265808] [0.8591805448068031, 1.1472594336331337] 0.7966412901878357
pedestrian [1306.4504234860615, 1041.0871036233962, 0.9230985177508533] [0.910268048447451, -0.014027906407742728, -0.013495409907110296, 0.4135615694535997] [0.7362346053123474, 0.9355097413063049, 1.806206464767456] [0.9465209473429926, 1.214920567722973] 0.7395169734954834
pedestrian [1312.8537072702945, 1045.8308878166258, 1.0849236507387165] [0.9372187962482188, -0.013039102161632558, -0.014453029494325035, 0.348198247715716] [0.7163252234458923, 0.9153082370758057, 1.7692205905914307] [1.0884604270213722, 0.9327976448522796] 0.7201959490776062
pedestrian [1312.1302830775817, 1046.7761425969861, 1.0579133185948038] [0.9367947588086942, -0.013056664737974566, -0.014437165672854621, 0.34933747526112335] [0.7011975049972534, 0.9323664903640747, 1.7706904411315918] [1.006153180270358, 0.8604942329773827] 0.7131756544113159
pedestrian [1310.3633059205683, 1045.7195255613453, 0.9926881522260179] [0.9514844377823823, -0.012397751709742609, -0.015006798435672233, 0.30708053733703045] [0.708419919013977, 0.9271592497825623, 1.6806104183197021] [1.2904419600053936, 0.8860145400068709] 0.5275335907936096
pedestrian [1312.3228721687574, 1047.3007468581077, 1.0869246924967435] [0.9256011278229939, -0.013494748640816593, -0.014028542542491682, 0.3779995290024279] [0.7040042281150818, 0.8951742649078369, 1.738325595855713] [0.9661112546713218, 0.9692496346489283] 0.45313581824302673
pedestrian [1256.5388262532576, 1052.6584258822174, 1.3451254401171084] [0.9869921578145097, -0.004209826566086271, -0.019004883767831746, -0.15958562643895427] [0.7220518589019775, 0.7701598405838013, 1.9034465551376343] [1.2559799595913126, -0.49926178246130687] 0.433586061000824
traffic_cone [1304.2135973514341, 1062.1234361242227, 1.8419882989805911] [0.8984767748292413, 0.0014745902219230108, -0.019409632413385097, -0.43858930315923145] [0.4012795090675354, 0.3974784314632416, 1.3219857215881348] [0.0, 0.0] 0.3869067430496216
pedestrian [1299.9064087918837, 1058.2487065262278, 1.435813166439723] [0.9603939826500987, -0.0018767664658186078, -0.01937488049971145, -0.2779649075742068] [0.6161760091781616, 0.6457054615020752, 1.6567035913467407] [0.44211171661759197, -0.29922698083571714] 0.3281916081905365
pedestrian [1280.926547617667, 1073.1283437110244, 1.1717758492178798] [0.6246878264017293, 0.009631797783087278, -0.016915576200976282, -0.780631930745046] [0.6437227725982666, 0.6707603335380554, 1.7524440288543701] [0.005206955950492429, -0.049347366166144706] 0.29276347160339355
pedestrian [1277.4884400723934, 1072.3105374844604, 0.7978534772149418] [0.749039269342757, 0.006595587164747877, -0.018314105948626955, -0.6622395825799935] [0.6542140245437622, 0.6590453386306763, 1.7427855730056763] [0.004151760312206124, -0.004699412396171293] 0.25311699509620667
traffic_cone [1291.4641903354907, 1025.8174053060102, 1.5892713887537808] [0.7258561184269197, -0.017659427682410824, -0.008188581114883237, 0.6875710778497456] [0.3991682529449463, 0.3901093602180481, 1.2788358926773071] [-0.0005676054535537537, 2.9196269406348355e-05] 0.23159146308898926
traffic_cone [1279.3033862816303, 1059.3361140647455, 0.858112888731877] [0.9257270671164574, -0.01349007204938217, -0.014033039686675096, 0.37769099666422745] [0.501449465751648, 0.5126226544380188, 1.5680077075958252] [-7.87049971600049e-05, 2.952409748837684e-05] 0.20032939314842224
traffic_cone [1277.415111395477, 1070.71851190506, 0.6234251351875512] [-0.0055431650169701085, 0.01812885204025132, -0.00708893295552976, -0.9997951615580313] [0.44636261463165283, 0.4439588189125061, 0.9962977766990662] [0.0, 0.0] 0.198049858212471
traffic_cone [1291.3474358446904, 1071.9728755183676, 1.5786803790336945] [0.9953408368910521, -0.005448634868819878, -0.018687445647054077, -0.09443362838668776] [0.4192686676979065, 0.4230039715766907, 1.302191972732544] [0.0, 0.0] 0.19252149760723114
traffic_cone [1279.760866617019, 1069.7596061795773, 0.7067284958817055] [-0.18863595448293702, 0.01912081540583347, -0.0036472818593250656, -0.9818541482468598] [0.4673393964767456, 0.4761364459991455, 1.0113557577133179] [0.0, 0.0] 0.18009944260120392
traffic_cone [1365.931997028291, 1016.7167437989427, -0.10470947009857266] [0.3851206165687658, -0.019462712047645925, -0.0003332964082289041, 0.9226609357976249] [0.5837274193763733, 0.6099662780761719, 1.4816638231277466] [-0.07627254242931976, 0.07786586659372287] 0.165961354970932
pedestrian [1292.2318923225714, 1074.1905453655334, 1.9974387407994731] [0.8468393324538929, 0.0035267682816670105, -0.019143410151609554, -0.5314924616232112] [0.6503421068191528, 0.6256425380706787, 1.7727407217025757] [-2.523357857179599e-05, 0.00018454921544597066] 0.16506679356098175
pedestrian [1288.5161552761501, 1072.363439901766, 1.5068443606766946] [0.6947118346020549, 0.008013635797976341, -0.017739500783356683, -0.7190247274031003] [0.6147333383560181, 0.6272091269493103, 1.724605679512024] [2.3312857894343404e-05, -0.007073051809947897] 0.16457539796829224
traffic_cone [1284.0340211478906, 1070.86173871536, 0.982263906766905] [0.5796637701361653, 0.01057054644193131, -0.016345390624402146, -0.8146232290726692] [0.40328285098075867, 0.4047163128852844, 1.1942607164382935] [0.0, 0.0] 0.15892861783504486
traffic_cone [1347.9612890363417, 1043.2283060152538, 1.2276264018606196] [0.3669697432094589, 0.01418797003182359, -0.01332703091920312, -0.930029192725712] [0.33815500140190125, 0.3320537209510803, 1.3432797193527222] [0.0, 0.0] 0.1510920524597168
traffic_cone [1283.7415035610188, 1070.7166826133823, 0.8096560086338636] [0.5723365845554451, 0.010716673809717992, -0.016249958436913764, -0.8197877321189085] [0.41356196999549866, 0.419059157371521, 1.0170315504074097] [0.0, 0.0] 0.14438720047473907
pedestrian [1256.1115773984404, 1053.1107660256157, 1.3464134302724828] [0.978833570305913, -0.0033524688686600475, -0.019174702063656308, -0.2037300503004759] [0.7092722654342651, 0.7593511939048767, 1.8468058109283447] [1.1117460448403407, -0.5850341230407377] 0.13570621609687805
pedestrian [1337.486288807065, 1085.1932152076286, 3.3728501230552492] [0.8935745859049322, -0.014539864167753828, -0.012942202159160879, 0.44849253190893235] [0.6930118203163147, 0.7654261589050293, 1.8143062591552734] [1.1630245818320222, 1.4682481747098917] 0.13497626781463623
traffic_cone [1333.0519505104842, 1052.943446019411, 1.4230568116358453] [0.5030287642910773, 0.012015877078325653, -0.015314272584223137, -0.8640504348989398] [0.38315194845199585, 0.3711874485015869, 1.07047700881958] [0.0, 0.0] 0.13194012641906738
pedestrian [1310.8726218022941, 1046.1301703318586, 0.9108813567054472] [0.9512017053262027, -0.012411543743071065, -0.014995393581335361, 0.3079552037842178] [0.6242542862892151, 0.7472480535507202, 1.5464049577713013] [0.8066407405145527, 0.6216582174400829] 0.13001525402069092
pedestrian [1307.9926103164544, 1041.872202132889, 0.8871996417131307] [0.9150614405405807, -0.01386847264114662, -0.01365919885451149, 0.4028444511086791] [0.7293619513511658, 0.9437742233276367, 1.8198212385177612] [0.9050423229894774, 0.8630598130084117] 0.1295146495103836
traffic_cone [1332.9626580645524, 1038.949187913315, 1.0109738018536214] [0.13172501563738848, 0.01698439163962477, -0.00950992572931904, -0.9910951578978606] [0.36425888538360596, 0.36925578117370605, 1.2827268838882446] [0.0, 0.0] 0.12511157989501953
traffic_cone [1332.2922735781601, 1040.1498073996395, 0.759913372126265] [0.3553877119342848, 0.014352436312381173, -0.013149745953605437, -0.9345162737798465] [0.31757673621177673, 0.3767740726470947, 0.9721448421478271] [0.00010283756541613048, 0.0008620668047374236] 0.12457750737667084
traffic_cone [1328.3239267600875, 1048.5154947745439, 1.151276513921916] [-0.016082179953434694, 0.01820257260822985, -0.0068974341017106235, -0.9996811767964828] [0.3673097491264343, 0.4398987889289856, 0.9125644564628601] [-0.005494139308570074, 0.004616282937508776] 0.12421032041311264
pedestrian [1311.6347865569583, 1046.6460551301848, 0.9896284661624393] [0.9435833989931349, -0.012765786928867134, -0.014694996795919537, 0.3305623404107279] [0.6197031736373901, 0.7501118183135986, 1.6258370876312256] [0.6016446938043961, 0.5187151427103405] 0.12300577014684677
traffic_cone [1288.050033936962, 1069.927093336137, 1.3344363665184198] [0.8328889556506358, 0.004017978504636862, -0.019046366989050597, -0.5530977122610872] [0.4289992153644562, 0.43289393186569214, 1.3141250610351562] [0.0011330483844035305, 0.005158189579118316] 0.1226329356431961
traffic_cone [1290.8878677480766, 1071.289089058225, 1.6293073360375416] [0.9928703199623907, -0.005011738753277396, -0.0188093253843464, -0.11759940259642121] [0.48151329159736633, 0.4861602187156677, 1.3999873399734497] [0.0, 0.0] 0.1197471022605896
traffic_cone [1315.8280823128466, 1056.2691815631115, 1.0078299977692025] [0.7147481858687531, -0.017788341368279142, -0.007904628904059272, 0.699110951531001] [0.3611295521259308, 0.3368881344795227, 0.6277536153793335] [0.0, 0.0] 0.10894060879945755
pedestrian [1330.3094670732492, 1043.386030059563, 1.5966914986108443] [0.46596126316869785, -0.01935522427989823, -0.0020696714280673493, 0.8845909749593237] [0.48198771476745605, 0.5335889458656311, 1.4690678119659424] [-0.09196142216803146, 0.11317908028704254] 0.10891643911600113
traffic_cone [1272.59356230981, 1062.6823570469169, 0.36091691525467295] [0.5891606788331494, 0.010378469854677318, -0.01646801779877816, -0.8077813975761747] [0.4392085671424866, 0.44511619210243225, 1.088806390762329] [8.349201547184849e-05, -0.00020577989955652048] 0.10795918852090836
traffic_cone [1335.4998695534548, 1051.6621413865687, 0.8249649822883313] [0.41964075594241224, 0.01340128068574688, -0.014117858291084657, -0.9074815302282113] [0.3704257905483246, 0.3649965524673462, 1.1218392848968506] [4.653307049047357e-06, 3.6559638385547174e-06] 0.10503830015659332
traffic_cone [1304.2660842581724, 1038.5834091717206, 0.0731523796839786] [-0.18811273150103275, 0.019118869180528957, -0.0036574701643540776, -0.9819545264422768] [0.3660319149494171, 0.32683315873146057, 0.4833246171474457] [0.0, 0.0] 0.1031956821680069
