car [646.6571263483401, 1622.328169405132, 0.5971799144069966] [0.3423760652410324, 0.029400735428532634, -0.01765859283649767, 0.9389368460154086] [1.8877640962600708, 4.813170433044434, 1.4887548685073853] [0.0, 0.0] 0.8987557291984558
car [650.6737887166764, 1603.309037638763, 0.5870824186407642] [0.9434100680089563, 0.01804829664242906, 0.029163129684769168, -0.3298502909421654] [1.8447037935256958, 4.5356245040893555, 1.5209852457046509] [0.0, 0.0] 0.7833536863327026
car [622.6192586602492, 1637.3537576743122, 1.3172056308085283] [0.3160916042214963, 0.02889749530938065, -0.018470622879267068, 0.9481085742656143] [1.9426448345184326, 4.753670692443848, 1.645293951034546] [-7.910679417833409, 6.090178916851455] 0.7582710981369019
car [614.9180295533293, 1638.5686501291746, 1.583853088197797] [0.9518096831895662, 0.018813830492884653, 0.02867523194132498, -0.30476564412983354] [1.8655074834823608, 4.428509712219238, 1.584941029548645] [3.194622195806778, -2.3438170705670545] 0.7176967859268188
car [659.2038838855773, 1611.3420756979374, 0.5911598023442002] [-0.5346562550113908, 0.0039623043604687614, -0.0340665420736944, 0.8443734125566066] [1.8641510009765625, 4.454966068267822, 1.651913046836853] [-0.19642324871717046, -0.4719169889909988] 0.7131816148757935
car [662.4403172194837, 1618.2595896689709, 0.4402872383217331] [-0.5006525828201265, 0.005313994199591948, -0.033882010128539954, 0.8649686480854849] [1.959897756576538, 4.591694355010986, 1.6174010038375854] [-0.0025266149361633946, -0.007116001122248955] 0.6624454259872437
car [665.1546779174572, 1602.475508754249, 0.7966047058301632] [0.35018542855928303, 0.02954680955206864, -0.017413075259630796, 0.9360523150337519] [1.9293333292007446, 4.716620445251465, 1.669189214706421] [-0.0010299155501795033, 0.0011761378868933349] 0.6467183232307434
car [671.5491255370329, 1589.4041733123188, 0.8411783605976247] [-0.9276484545937003, -0.016720678742177798, -0.02994408200470778, 0.3718764788813811] [1.9586454629898071, 4.664771556854248, 1.7589850425720215] [8.338046422526668, -7.890694306886551] 0.6382898092269897
car [674.4138219300434, 1581.3256758435914, 0.41135224808411763] [-0.9266291915352328, -0.01663882235748293, -0.029989643800150526, 0.37440901731936893] [2.010145902633667, 4.73509407043457, 1.8639984130859375] [0.0, 0.0] 0.5518232583999634
car [670.956766785456, 1603.66986682047, 0.7452339233584495] [0.09659141914838326, 0.02404810225604044, -0.024452360266174793, 0.9947330639936507] [1.8031138181686401, 4.329401016235352, 1.5447742938995361] [0.0, 0.0] 0.5056397318840027
car [600.3361991471792, 1651.9832408024263, 2.3384785265067167] [0.30980355396782316, 0.02877449534030346, -0.018661660232000672, 0.9501818398623502] [1.931004285812378, 4.732083320617676, 1.7410383224487305] [-7.42552341480879, 5.306165089530966] 0.45743757486343384
car [613.6573239613996, 1610.7986822477626, 1.0668836126389432] [-0.41856041877514316, 0.008422956899344965, -0.033245795851138196, 0.9075411542679876] [1.8821030855178833, 4.4561448097229, 1.6253424882888794] [0.0, 0.0] 0.4444922208786011
car [680.0694563328801, 1595.6129896504972, 0.8420050699171023] [0.3151015171032729, 0.028878194484907964, -0.018500784523787416, 0.9484380869484895] [1.825693130493164, 4.404133319854736, 1.6412818431854248] [0.0, 0.0] 0.37823328375816345
car [675.4905914768449, 1599.8326620327048, 0.767311333063145] [-0.9275149581745238, -0.016709933131646412, -0.029950079790205676, 0.37220931371716964] [1.891069769859314, 4.6349897384643555, 1.631809115409851] [0.0, 0.0] 0.3631024658679962
car [635.9450148410415, 1683.9785661171677, 1.5295871298990629] [-0.4920312674355569, 0.005650471927411072, -0.03382752299092146, 0.8699017201506467] [2.066713333129883, 4.881963729858398, 1.9222087860107422] [0.0, 0.0] 0.26715776324272156
car [670.2996398202501, 1619.0742005267223, 0.2767670009965566] [-0.471073992840529, 0.006458332197200857, -0.03368262296695997, 0.8814267207911137] [1.8655198812484741, 4.326291084289551, 1.5970683097839355] [0.00033153014511307164, 0.0006480007175914465] 0.25230127573013306
car [630.6031816087315, 1677.4084979451022, 1.2981066118772238] [-0.7034933406354353, -0.0034450613727421858, -0.03412272991485031, 0.7098738553693115] [1.9579596519470215, 4.626245498657227, 1.697908639907837] [0.0, 0.0] 0.23515835404396057
car [629.0815497079702, 1676.4072504211904, 1.3683552601152382] [-0.929060736906618, -0.016834820033901396, -0.02988005989167245, 0.3683339761599882] [2.0077130794525146, 4.6708903312683105, 1.7460393905639648] [0.0, 0.0] 0.21828117966651917
car [627.0828965693673, 1674.2509767410932, 1.5072627933996516] [0.9662344314905054, 0.020264812618094197, 0.027668872659675003, -0.2553718744449259] [1.8953207731246948, 4.365002632141113, 1.6709413528442383] [0.0064700987849017925, -0.017419459379182895] 0.20773723721504211
car [684.5825478712949, 1591.7586560768605, 0.6448250190260003] [-0.920244422757898, -0.01613544861970065, -0.030263450605388362, 0.38983839374576434] [1.9163730144500732, 4.536197662353516, 1.7296547889709473] [0.0005706875819759974, -0.008689713644042562] 0.18357926607131958
car [659.3589420307538, 1585.971936727928, 0.908828849672763] [-0.9047456061168974, -0.014972308053967369, -0.03085545553448992, 0.4245693807464957] [1.961500883102417, 4.722385406494141, 1.7810131311416626] [0.0, 0.0] 0.18059425055980682
car [630.6979120601691, 1663.5381606105702, 0.6506403944718078] [-0.7636191818384711, -0.00645466430288243, -0.03368332604480852, 0.6447553923649174] [1.8869284391403198, 4.379552364349365, 1.6484713554382324] [0.0, 0.0] 0.15881888568401337
car [639.0025735665483, 1665.8509478406206, 1.496612759995294] [0.8796104610020876, 0.03370718579210063, 0.00632888384160986, 0.4744567501374486] [2.1271114349365234, 5.057912826538086, 2.0442988872528076] [2.008364235598188, 2.8655898047871355] 0.1476120799779892
car [631.9889952441986, 1663.1013436296669, 0.6652336404196502] [-0.7790279475131309, -0.007269480179042075, -0.03351691815531815, 0.6260504994397602] [1.9691264629364014, 4.5325398445129395, 1.698721170425415] [0.0, 0.0] 0.1442241370677948
car [607.4798405009021, 1604.0264816477975, 1.5038599897795815] [-0.39534582743457247, 0.009265690079980727, -0.03302084390268558, 0.9178918496126698] [1.972247838973999, 4.573057174682617, 1.8212220668792725] [0.0, 0.0] 0.13546383380889893
car [670.262968925768, 1581.006335386059, 0.1965337645751033] [0.6039071659970664, 0.03329935451399605, -0.008208662111147687, 0.7963164607821984] [1.8122013807296753, 4.246340751647949, 1.5849733352661133] [0.0, 0.0] 0.1349479854106903
car [666.8118931815808, 1607.099061637692, 0.583045117143936] [0.4555951961814161, 0.03135464485346334, -0.013896596375262742, 0.8895261592958983] [1.7984962463378906, 4.298672199249268, 1.5470480918884277] [0.0, 0.0] 0.13274803757667542
car [625.5400224444189, 1673.9555293221829, 1.4916613376349326] [-0.8771539158224352, -0.013061706384025464, -0.031711527415772475, 0.4789830673548524] [2.0258400440216064, 4.807358741760254, 1.7615923881530762] [0.002546465126001184, -0.003548802355973197] 0.11763644218444824
car [661.0388302586681, 1583.113697629672, 0.4903700034815899] [0.6959291067928548, 0.03404853758293994, -0.004114150357839011, 0.7172910491382101] [1.8771274089813232, 4.394191741943359, 1.6444933414459229] [0.0, 0.0] 0.1130569577217102
car [672.8405984427867, 1602.1425536837373, 0.7065917195656656] [-0.9398051862313916, -0.017733363447005004, -0.02935569732709832, 0.33998526848655397] [1.7774122953414917, 4.147784233093262, 1.5320379734039307] [0.0, 0.0] 0.11254484206438065
car [669.1890480158007, 1605.1519443104296, 0.7264279189217571] [-0.9395656678932535, -0.01771269817495193, -0.02936817100309168, 0.34064663006053475] [1.7781987190246582, 4.1086249351501465, 1.538612723350525] [0.0, 0.0] 0.10323890298604965
car [620.2664416507724, 1651.831874704077, 1.5312515893710583] [0.8655994815505981, 0.03387528011767377, 0.005356728633496151, 0.49956111577526785] [1.9252229928970337, 4.536207675933838, 1.6589646339416504] [0.0, 0.0] 0.1025208979845047
construction_vehicle [674.8207094918482, 1580.937433988552, 0.6068036821003686] [0.33327263106773675, 0.029228451619302914, -0.01794231759394112, 0.9422065188887639] [2.384777545928955, 5.843229293823242, 2.592979907989502] [0.0, 0.0] 0.2680385112762451
truck [638.6892493225247, 1665.4754730319373, 1.6846119190238737] [0.8802187140564477, 0.03369903473942701, 0.006372142680030999, 0.47332735636143863] [2.2456274032592773, 5.293923377990723, 2.419759750366211] [1.1576914836043126, 1.6774977897093222] 0.22433780133724213
truck [607.410261299529, 1603.9452419609668, 1.5842853873504499] [-0.3990496751425171, 0.009132253873879118, -0.033057995763306654, 0.9162876882420424] [2.0733113288879395, 4.87882137298584, 1.9310462474822998] [0.0, 0.0] 0.2057090401649475
truck [636.0031153793902, 1684.052558983785, 1.699464842624367] [-0.49014188167616934, 0.005723885335779174, -0.03381517826903524, 0.8709676840630993] [2.225375175476074, 5.634627819061279, 2.2445850372314453] [0.0, 0.0] 0.15452705323696136
construction_vehicle [659.0787948905813, 1586.2893427790345, 1.1724000287118952] [-0.9307756746547062, -0.016974581536450383, -0.029800884657442274, 0.36397859047802716] [2.015714645385742, 5.080641746520996, 2.1823081970214844] [-0.0016069878381025412, -0.0018062289894093468] 0.15124881267547607
truck [680.4765190030919, 1595.2946776464362, 0.944172150207099] [0.3331060556420854, 0.029225279187315663, -0.017947484534809738, 0.942265422558775] [1.915823221206665, 5.155783176422119, 1.8559298515319824] [0.0, 0.0] 0.13005731999874115
truck [671.6432569334377, 1589.2923662293376, 0.8631865958623455] [-0.9269738559435465, -0.01666645395357909, -0.02997429661087994, 0.37355487047078856] [1.8753280639648438, 4.753891468048096, 1.7766026258468628] [8.097577589614612, -7.864326448121777] 0.12854602932929993
construction_vehicle [647.7251451784573, 1633.8321872526592, 2.3091258653859446] [-0.4736597276373239, 0.006359416151599205, -0.0337014387068944, 0.8800399043622004] [1.9787036180496216, 3.3868186473846436, 2.8909716606140137] [0.0, 0.0] 0.12095686793327332
truck [600.2691630106378, 1652.028325562566, 2.346805196504198] [0.3124480087563152, 0.02882634472545527, -0.018581469115034957, 0.9493155495827024] [1.9821689128875732, 5.2414937019348145, 1.829471468925476] [-7.707091731834233, 5.455749837614489] 0.112734854221344
truck [628.7065189437487, 1676.1265631089634, 1.2653074829208466] [0.9763824523740382, 0.021443446536705428, 0.026765794315342796, -0.21330981588139297] [2.259775400161743, 5.315929889678955, 1.9549626111984253] [0.0, 0.0] 0.1091327890753746
truck [659.2279274124273, 1611.2849512329158, 0.4705390000470473] [-0.5257770212781376, 0.004319137702605353, -0.03402314203905503, 0.849930758798141] [1.9699143171310425, 4.726711273193359, 1.7614998817443848] [-0.09073724956638947, -0.2010025532906004] 0.10515598952770233
construction_vehicle [670.2546661738425, 1619.782798734307, 0.26640178466689046] [0.8899907298687192, 0.033557379587494204, 0.007080354505574395, 0.4546870039961983] [1.6044501066207886, 2.824639320373535, 2.007469415664673] [0.0, 0.0] 0.1011149138212204
trailer [641.8183474045027, 1587.2822801266077, 0.8447052432298855] [-0.9308422187827654, -0.01698003085247176, -0.029797780067529995, 0.3638083761911936] [2.9029526710510254, 12.933174133300781, 3.8923346996307373] [0.009350320596780407, -0.006380121257922462] 0.20251980423927307
trailer [648.5632953312311, 1663.4610519559901, 1.2379037507526662] [-0.6241893585328915, 0.0001954859226032486, -0.034295640101299235, 0.7805199648629062] [1.538752555847168, 2.8096745014190674, 2.1200952529907227] [0.0, 0.0] 0.10386978834867477
trailer [670.2887921407436, 1619.71384677204, 0.3894180901290835] [0.815449331929274, 0.03422641554013951, 0.0021866924743724906, 0.5778115245574423] [1.5219372510910034, 2.728424549102783, 1.598035454750061] [1.6759697610713215e-05, -0.00011184971127932935] 0.10089230537414551
barrier [670.0687608177568, 1619.8760791468173, 0.47719691859159163] [0.31510513510515703, 0.02887826505958998, -0.01850067436208327, 0.9484368849246931] [2.1824557781219482, 0.5841120481491089, 1.0452535152435303] [0.0, 0.0] 0.21067354083061218
barrier [669.9891683091225, 1582.8466294738955, -0.08677298219505425] [0.7252747764774959, 0.03419063778376118, -0.002688760428789325, 0.6876047334485222] [2.0259647369384766, 0.49326735734939575, 0.9136590361595154] [0.0, 0.0] 0.15595519542694092
bicycle [648.3560494895308, 1663.0111373046363, 0.8809861159079759] [0.9785450891926111, 0.021720261629951373, 0.026541653667965806, -0.20315826163934267] [0.689791738986969, 1.717846155166626, 1.4159765243530273] [0.0, 0.0] 0.2864423394203186
motorcycle [635.8479097125992, 1641.3917419220893, 0.8782155513862702] [-0.5567310398907925, 0.0030628146574205916, -0.03415916145162334, 0.8299845300229465] [0.7653023600578308, 1.8931115865707397, 1.3307956457138062] [0.0, 0.0] 0.19420263171195984
bicycle [660.9257391750399, 1584.9036280156845, -0.10242285936197382] [0.9723958909226667, 0.020959505559098757, 0.027146422810784644, -0.23080295096035564] [0.6154965162277222, 1.7679189443588257, 1.0974807739257812] [0.0, 0.0] 0.1809379756450653
motorcycle [607.1633226516353, 1614.174587508643, 1.9603196064031425] [-0.9270931077831237, -0.01667602574541832, -0.029968972455556867, 0.373258811491871] [0.8472194671630859, 2.2482831478118896, 1.65300714969635] [0.0, 0.0] 0.16648656129837036
motorcycle [626.0366923303399, 1647.070715598979, 1.2301410874181837] [0.3740042864018514, 0.02998237411552715, -0.0166519184210213, 0.9267926222237295] [0.6783090829849243, 1.9402778148651123, 1.2927098274230957] [0.0, 0.0] 0.15519198775291443
bicycle [636.1484428396752, 1642.5673762329031, 0.8593516940206258] [-0.2881989419934585, 0.012967333735583984, -0.03175023465257802, 0.9569561853549753] [0.6103910207748413, 1.7175109386444092, 1.199573278427124] [0.0, 0.0] 0.14414843916893005
motorcycle [658.1221823673483, 1587.1890345961149, 0.8090916873044703] [0.6880490406750915, 0.034001545313768214, -0.004485984950882843, 0.7248532875564411] [0.704738438129425, 2.007805585861206, 1.2586264610290527] [0.0, 0.0] 0.13753226399421692
motorcycle [605.7419065592184, 1648.3225576324762, 2.425305907538926] [0.998306008383868, 0.025618133016481116, 0.02280220176767281, -0.04699877104736977] [0.7004136443138123, 1.9008580446243286, 1.297290325164795] [0.06648781955460585, -0.04676571915940709] 0.13728460669517517
bicycle [622.0196180246767, 1648.3024633203954, 1.5306279999441954] [0.37230084779775224, 0.029951728737601765, -0.016706977294917876, 0.927478220544488] [0.6718297004699707, 1.754122018814087, 1.4180078506469727] [-0.16392264618763194, 0.14895290551120366] 0.1317136138677597
bicycle [606.2643741210453, 1638.5838330477743, 1.550686046348035] [0.19465159761047685, 0.026352004605864586, -0.02194996578485426, 0.98027267961674] [0.557437002658844, 1.6572582721710205, 1.1386191844940186] [-0.007974509936716901, 0.001922503398778588] 0.12164391577243805
motorcycle [654.3008696974238, 1599.6289585055472, 0.9609142219905954] [0.9994103892419957, 0.02669716404519792, 0.02152883128847389, 0.0016262627271541041] [0.6788569092750549, 1.8504986763000488, 1.3968220949172974] [0.002940168666700513, -0.0033379608527391597] 0.11897013336420059
motorcycle [632.5105625586766, 1644.714248269615, 1.0739107642803019] [-0.21914301661450875, 0.015201006205580181, -0.03074343108765991, 0.9750897954159852] [0.6618733406066895, 1.8683850765228271, 1.299858570098877] [0.0, 0.0] 0.10836891084909439
bicycle [605.6935377867101, 1635.0887810816803, 1.626916220333047] [0.998485070775738, 0.02570863755690706, 0.022700112327285266, -0.043027134383598564] [0.5628276467323303, 1.5269005298614502, 1.172154426574707] [0.0, 0.0] 0.10816973447799683
motorcycle [669.9531404476152, 1582.8077323445884, -0.14240764010121743] [0.02609774445057339, 0.02226111886123347, -0.026089686309915955, 0.9990709076886822] [0.7238960266113281, 2.022901773452759, 1.2178666591644287] [-0.019304846543358598, 0.03600673029434597] 0.1075499951839447
pedestrian [626.083323898209, 1619.2412824112428, 1.087005274177213] [-0.9399235966180147, -0.017743591326373813, -0.029349516376703938, 0.3396577739077239] [0.6351484060287476, 0.7351967096328735, 1.7459796667099] [1.0011268017796118, -0.8335796768166023] 0.8185611963272095
pedestrian [632.5262864096553, 1639.9551336697739, 1.30085466796322] [0.35398772325819267, 0.029617352086714316, -0.017292819321191675, 0.9346210262121092] [0.6646201014518738, 0.7593231797218323, 1.7898142337799072] [-0.9206371590936099, 0.7514917938684488] 0.8181276917457581
pedestrian [645.4442246630804, 1601.97749519929, 0.887973324127298] [0.9528447225591232, 0.018911629132275107, 0.028610827116094778, -0.3015140221391403] [0.6904392838478088, 0.8338803648948669, 1.8006539344787598] [1.0978361614620473, -0.807425967350421] 0.815798282623291
pedestrian [633.0751437100998, 1640.6793490581997, 1.3167501854051853] [0.329217457348277, 0.02915101785960091, -0.01806785273498237, 0.943631091387111] [0.6684357523918152, 0.7677754163742065, 1.799609661102295] [-0.9642043509447119, 0.7347197792012424] 0.8150553107261658
pedestrian [625.4197148891338, 1620.5343918755825, 1.0802599822509888] [0.3522928468930291, 0.02958595474435809, -0.017346481676944633, 0.9352612046285784] [0.6497461795806885, 0.7353932857513428, 1.800987958908081] [-0.5736135077913986, 0.5548800275684774] 0.804328441619873
pedestrian [637.863064488689, 1642.8261788704208, 1.0795882235140117] [-0.7639028780631115, -0.006469488406186339, -0.033680481951213245, 0.6444192453226316] [0.6125175952911377, 0.6136725544929504, 1.6762936115264893] [5.1082599789247494e-05, 0.00029974060751315784] 0.8030024766921997
pedestrian [624.4767241889576, 1622.5261898046533, 1.0146774394503237] [0.35577256545036723, 0.029650334023767176, -0.01723620715188859, 0.9339430670700216] [0.6609421968460083, 0.7681052684783936, 1.7301745414733887] [-0.7795139671760097, 0.7220061701792606] 0.8002798557281494
pedestrian [655.766565296065, 1620.8654401679291, 0.5701922119204568] [-0.9289772862963035, -0.016828051838784452, -0.029883872172376924, 0.3685443967839569] [0.5924843549728394, 0.6569079756736755, 1.599158763885498] [0.8309280223617599, -0.8152201260960859] 0.7918703556060791
pedestrian [624.4380104688307, 1621.1291553306096, 1.0188278441984582] [0.2990380552810513, 0.028561608924070232, -0.01898588002627881, 0.9536246705853524] [0.6218423843383789, 0.7032906413078308, 1.7169902324676514] [-0.8806031309841291, 0.5401154655964036] 0.7817480564117432
pedestrian [627.0357373875546, 1618.0831588974095, 1.0430755962149751] [0.9425412823821, 0.01797170952442888, 0.029210388588194663, -0.33232469342617493] [0.6618082523345947, 0.8022012710571289, 1.731600284576416] [1.0026109294662233, -0.8186397687901773] 0.7714496850967407
pedestrian [626.503291990744, 1620.9844276548156, 1.0300690916212674] [0.4293558298249835, 0.03093433044727937, -0.014808657754243122, 0.9024839844842647] [0.6339414715766907, 0.7384044528007507, 1.6860522031784058] [-0.7294131727463633, 0.8786528412706698] 0.7569071650505066
pedestrian [622.1758071800041, 1624.0794302982783, 1.1748309151578893] [0.47539567975808716, 0.03165790249348476, -0.01319114681962079, 0.8791033605456421] [0.6817247271537781, 0.7023001313209534, 1.7968500852584839] [-0.224975451975732, 0.21371457172595618] 0.7550200819969177
pedestrian [653.3038737605762, 1595.5995268049635, 0.6691529666526517] [0.375490564699816, 0.0300090485226193, -0.016603799308316798, 0.9261914524960314] [0.6675731539726257, 0.753678560256958, 1.7757799625396729] [-0.9373361676427341, 0.8824200739848957] 0.7537281513214111
pedestrian [612.1983417228162, 1652.1469275896695, 2.16484625030699] [0.23762835741878457, 0.027292993921824455, -0.020768284172916984, 0.9707505006981687] [0.6438921689987183, 0.7111389636993408, 1.7804999351501465] [-1.1700111580367922, 0.6369580956821185] 0.7253974080085754
pedestrian [638.6130957243615, 1644.5816992162302, 0.9859006714344714] [0.9379036104444342, 0.0324722419900842, 0.011035517425168302, 0.3451964489542005] [0.6385661363601685, 0.6659669280052185, 1.6992552280426025] [0.6120873130421135, 0.6319014274301523] 0.7242203950881958
pedestrian [606.8469950681982, 1637.0823409510626, 2.0835577990438074] [0.32394813005589373, 0.02904976969576077, -0.01823019542756029, 0.9454530024747844] [0.7259654998779297, 0.8287736177444458, 1.894667625427246] [-1.091173363973929, 0.8702017900648924] 0.7188393473625183
pedestrian [640.3986198442375, 1643.6914657211842, 1.1275788829497317] [0.9930253738681043, 0.024056890124510052, 0.024443714575347, -0.11280238343849927] [0.6052597761154175, 0.5972785949707031, 1.7407426834106445] [-0.0023742290976741334, 0.0003493483277049639] 0.6865424513816833
pedestrian [615.4931886402173, 1629.5173080243521, 1.570559252850559] [0.31933904983689826, 0.02896062703591201, -0.018371478611983932, 0.9470197157950629] [0.6838205456733704, 0.8025152683258057, 1.8369910717010498] [-1.140233597384268, 0.8633322886354117] 0.6774832010269165
pedestrian [640.9153224819875, 1643.042250738562, 1.1365839895251988] [0.6052077313108755, 0.03331272496626466, -0.008154232031637775, 0.7953284685064642] [0.5790887475013733, 0.5742016434669495, 1.6934551000595093] [6.785850093941037e-05, -3.2528748309834295e-05] 0.6761758327484131
pedestrian [637.3113252977548, 1642.3416307607079, 1.020700577588117] [0.9772185246637402, 0.030590916430262828, 0.01550564338105505, 0.20944623632168202] [0.5846489071846008, 0.6047897338867188, 1.5292003154754639] [0.0, 0.0] 0.6749984622001648
pedestrian [630.8119385498662, 1636.5553539805878, 1.2586992011772264] [-0.5510682575712723, 0.0032952724533528667, -0.034137520767653216, 0.8337550877521869] [0.6604162454605103, 0.610953688621521, 1.8237113952636719] [0.0, 0.0] 0.641214907169342
pedestrian [641.1938385195176, 1643.7831710485486, 1.1293078031923818] [-0.44716014610513444, 0.00736329442583563, -0.03349643324149959, 0.8937961594180911] [0.5781219601631165, 0.5809599161148071, 1.687347412109375] [-0.0008261361362649636, -6.602563879012161e-05] 0.6098726391792297
pedestrian [633.935066956543, 1646.5968167900369, 1.2265908795572142] [0.999405036148546, 0.02658306815688486, 0.021669555419301864, -0.003653022887758095] [0.6273340582847595, 0.6983605623245239, 1.5506099462509155] [0.000358285237788507, -0.0002982791959949086] 0.602511465549469
pedestrian [659.3871363484669, 1589.8863827337973, 0.8206656321336099] [-0.9236829240212769, -0.016404579388673318, -0.030118414961357032, 0.3816197410077192] [0.7046927213668823, 0.7859247326850891, 1.8520177602767944] [1.1447935380181458, -1.144477993824587] 0.600214421749115
pedestrian [603.923533446441, 1638.2071347678882, 2.1041970455051646] [0.9750511979444068, 0.021278316792969314, 0.026897255978293042, -0.2193146877034729] [0.7182230949401855, 0.7877140045166016, 1.9074045419692993] [1.1508592339895116, -0.5334519252491134] 0.5922430157661438
pedestrian [603.7849878451625, 1637.6259583864935, 2.0920717369169957] [0.9756153189554618, 0.021347830860726766, 0.02684211732046455, -0.21679142112806793] [0.6751468777656555, 0.7577304244041443, 1.8516826629638672] [1.1848639049254321, -0.5412559428014091] 0.5905978679656982
pedestrian [616.9313970033023, 1650.1339384122455, 1.8867039201230746] [0.31451330474969297, 0.028866716102082655, -0.01851868910548321, 0.948633307443251] [0.6854539513587952, 0.7528326511383057, 1.8089405298233032] [-0.8532942444033955, 0.6327010768958404] 0.5823895931243896
pedestrian [632.1675419012037, 1644.4533901663194, 1.1224917872706843] [0.8723001091328542, 0.03379945486728253, 0.0058160119823047335, 0.4877666352489741] [0.6517400741577148, 0.7442108988761902, 1.2285387516021729] [0.0, 0.0] 0.5288785696029663
pedestrian [675.690558211771, 1602.9352348692785, 1.1178383432056727] [0.35384911847366907, 0.029614787298960357, -0.01729721127642017, 0.9346735110244122] [0.6303176879882812, 0.6823316812515259, 1.7603282928466797] [-0.8423244624590076, 0.7444684615089978] 0.46637043356895447
pedestrian [637.0476507176913, 1642.634342789814, 0.9841662991808944] [0.9994037440293474, 0.026575740647748588, 0.021678541319179755, -0.0039908990738055095] [0.5962339043617249, 0.6363598704338074, 1.5279102325439453] [0.0, 0.0] 0.4572504758834839
pedestrian [634.5616404189258, 1647.1502922409488, 1.2254998359247318] [-0.6823043766283396, -0.002439681309398755, -0.03420931305671529, 0.7302633144894435] [0.6445457935333252, 0.7232633829116821, 1.6131671667099] [9.724970702432463e-05, -1.9739846211507196e-05] 0.4572067856788635
pedestrian [656.015007326879, 1621.2600869228486, 0.5656672981555654] [0.9422350462939023, 0.017944819722245535, 0.029226915503348765, -0.333191969277206] [0.5721884965896606, 0.6543668508529663, 1.638646125793457] [0.8713003482953757, -0.7230866183867176] 0.4260231852531433
pedestrian [636.5290208491674, 1643.0217253078906, 0.9594346103821146] [0.9844934291036495, 0.022550717826251072, 0.025839780769669515, -0.1720362139406483] [0.608467161655426, 0.6534470319747925, 1.4650453329086304] [0.0, 0.0] 0.41586458683013916
pedestrian [641.8813523223005, 1678.1500287312024, 1.0254840451177323] [0.6764453572362596, 0.03392597772452475, -0.00502565221029387, 0.7356938558454896] [0.7120196223258972, 0.7530657649040222, 1.908251404762268] [-0.12424908835871169, 1.433239647089071] 0.4089387357234955
pedestrian [635.6676656757413, 1640.8233600811695, 0.9492701941352784] [0.9340681610601508, 0.03259111360806229, 0.010679347287646267, 0.35544400592639486] [0.646776556968689, 0.747617244720459, 1.1579933166503906] [-0.001113077710367877, -0.0019660359754997865] 0.40202292799949646
pedestrian [635.9817464132357, 1642.1336675675464, 1.0292898523038243] [0.9772288161032471, 0.02155045736520801, 0.026679710119379717, -0.20939821353760596] [0.6114246249198914, 0.6819357872009277, 1.3896747827529907] [0.0, 0.0] 0.3966793715953827
pedestrian [639.042318128981, 1680.84634593937, 1.2131908578053456] [0.8906845716391977, 0.03354651975913664, 0.007131630721906153, 0.4533263335602662] [0.7110109329223633, 0.7048489451408386, 1.8405797481536865] [0.7863272179148065, 1.0145050507806757] 0.37278157472610474
pedestrian [637.447722871734, 1643.0556166481601, 1.0427688958684633] [-0.9104801205420063, -0.01539383263513298, -0.030647333676933394, 0.41212828215630665] [0.6159308552742004, 0.664694607257843, 1.652076244354248] [0.00041347809802415493, 0.00033040451128054055] 0.36420610547065735
pedestrian [636.1191872616964, 1642.5368593709914, 0.9844143193327637] [0.9987456544686778, 0.025856879844877924, 0.022531109812686256, -0.036481345030401235] [0.6077888607978821, 0.6746551990509033, 1.4516758918762207] [0.0, 0.0] 0.31934553384780884
pedestrian [635.8394451586425, 1646.0180352927796, 1.093387648310255] [0.5071968975345588, 0.03211871326672332, -0.012025697601128687, 0.8611475355516109] [0.6542531847953796, 0.7118856906890869, 1.4580742120742798] [0.0, 0.0] 0.3133155405521393
pedestrian [633.741221963456, 1650.2058586542169, 1.263592164229784] [0.13919597848702794, 0.025075428638223894, -0.023397692692082306, 0.9896707788089601] [0.6181676983833313, 0.6497541069984436, 1.6499532461166382] [-0.009109244725261544, -0.015822565123281614] 0.3043314516544342
pedestrian [641.8561151826295, 1673.2026574713486, 0.6149580139843471] [-0.39482519235500235, 0.009284415970651598, -0.03301558366571293, 0.9181159177016429] [0.6560032963752747, 0.6681156158447266, 1.86570143699646] [-0.7861024772028485, -0.816686891991225] 0.30336466431617737
pedestrian [637.5493050212639, 1672.0007038698052, 0.8083129107582971] [-0.45028466337346473, 0.007246050523488829, -0.03352199123731804, 0.8922261444196422] [0.6530801057815552, 0.6496602892875671, 1.7790013551712036] [0.006947365664191145, 0.0054124192886072795] 0.28664880990982056
pedestrian [635.0027795577892, 1647.2527081236303, 1.244723348607529] [-0.5861903437433221, 0.0018336068420171815, -0.03424714631400241, 0.8094471272154722] [0.660765528678894, 0.7222646474838257, 1.618585467338562] [-9.692479236434449e-05, 0.00013088170667875762] 0.2729949951171875
traffic_cone [620.5511155969975, 1620.3454770290377, 0.7548811810456432] [0.9909983726573665, 0.02923087534153295, 0.017938368695941717, 0.1294063222788831] [0.37823668122291565, 0.3692336678504944, 0.8222887516021729] [0.0, 0.0] 0.2715073525905609
pedestrian [632.7129572780395, 1646.0815286528195, 1.1773959148899555] [-0.8867550264567496, -0.013706748589317579, -0.031438100893867955, 0.46096561033225014] [0.5934670567512512, 0.6169255971908569, 1.4323644638061523] [0.0, 0.0] 0.26365572214126587
pedestrian [647.8349767133147, 1663.2266393683674, 0.9339121868460933] [0.9965637363399148, 0.02495871000232301, 0.02352215848351767, -0.07539555867240261] [0.6088200807571411, 0.5998799800872803, 1.7110958099365234] [4.570521553790868e-06, -6.984016665735072e-06] 0.2562178075313568
pedestrian [636.5939266455099, 1642.2746840878601, 0.9840843117121748] [0.9948795862587835, 0.028593278474745375, 0.01893815119723791, 0.09507039339797957] [0.5959871411323547, 0.672248363494873, 1.4289461374282837] [0.0, 0.0] 0.24599194526672363
pedestrian [634.3499031898612, 1646.438054591167, 1.2460703005473006] [0.9510630748828102, 0.032000730246518984, 0.012336223425072429, 0.3070876071249844] [0.6439356803894043, 0.7300536632537842, 1.5282617807388306] [0.0, 0.0] 0.23468457162380219
pedestrian [626.4605216697546, 1618.7393872556854, 1.0645123469831936] [0.9409947396806196, 0.017836466231900362, 0.02929316672983751, -0.3366788837285431] [0.6695284843444824, 0.8164371848106384, 1.7686433792114258] [0.9066799817781805, -0.8133509978715655] 0.22640268504619598
pedestrian [648.7928958585903, 1662.7188709173236, 0.8984054431080107] [0.380644090240122, 0.030101074419828004, -0.016436376227008092, 0.9240854113233066] [0.6283544301986694, 0.6298316717147827, 1.6625841856002808] [-4.481723486573733e-05, 9.097046482187272e-06] 0.22456300258636475
pedestrian [632.2308496674457, 1649.9954882809043, 1.3749217247426868] [0.9540742119165841, 0.031876286103115097, 0.012654308711902531, 0.29760068718173965] [0.6278280019760132, 0.6254422068595886, 1.6482983827590942] [-0.0011675800224455397, 0.0008533214374571225] 0.21711522340774536
pedestrian [640.9006587789214, 1686.988188797007, 1.5019687385423912] [0.8956473777798718, 0.033465532975030604, 0.0075024827491251035, 0.4434405772269092] [0.7249136567115784, 0.7758088111877441, 1.8705618381500244] [0.7536879391920163, 0.9933002248373465] 0.20972493290901184
traffic_cone [627.3321395925909, 1672.4479398957592, 1.19638443784846] [-0.740356141112222, -0.005260244037322961, -0.033890396536062975, 0.6713393740670321] [0.5067384839057922, 0.5197569727897644, 1.4463411569595337] [0.00458855159938281, -0.0755615493258304] 0.1968924105167389
pedestrian [625.964388114728, 1619.738480418408, 1.063353447836386] [0.9758914109471821, 0.021382096415254695, 0.02681482980726399, -0.21554518063462497] [0.6414347887039185, 0.7504477500915527, 1.7569665908813477] [0.3055206010020004, -0.173423766876579] 0.1967703104019165
pedestrian [645.5975811469051, 1640.9355627309833, 1.3310342962508859] [-0.2668653931558848, 0.013669584095376473, -0.031454278172662165, 0.9631233736085164] [0.7261576056480408, 0.738562285900116, 1.8538140058517456] [-0.46665150957832435, -0.0476156729000074] 0.19304494559764862
pedestrian [615.3787340838068, 1628.9716912659317, 1.4849897841566855] [0.29437625993220196, 0.028468526701633197, -0.019125170120607514, 0.9550740224943947] [0.6779454350471497, 0.8111642599105835, 1.8140943050384521] [-1.036917885581808, 0.660954546946749] 0.19104497134685516
pedestrian [626.3120619042378, 1620.6032043472999, 1.0331399740627902] [0.3975862533455578, 0.030398467245304026, -0.015879620078577426, 0.916923629320314] [0.6364144086837769, 0.7437616586685181, 1.712531566619873] [-0.7090238975869265, 0.6827899670475992] 0.190535306930542
traffic_cone [597.3270846093137, 1640.5480637871347, 2.0737068383269235] [0.999198059670559, 0.027102431959375953, 0.021016358547359663, 0.02066418171340778] [0.4215511083602905, 0.4112943708896637, 1.3630189895629883] [0.0, 0.0] 0.18605424463748932
pedestrian [638.244273613363, 1644.8912007864367, 1.0003061777701479] [0.9061778433557082, 0.03327295930577702, 0.008315005937453497, 0.4215038399190362] [0.6615766882896423, 0.7176096439361572, 1.7060787677764893] [0.4263778133691721, 0.5514453641009044] 0.17715366184711456
pedestrian [652.8582379310096, 1595.5004205304556, 0.6445314236727846] [0.3841035055406952, 0.03016244206218817, -0.01632348717489381, 0.9226528425614067] [0.6782947182655334, 0.7680716514587402, 1.7826645374298096] [-0.8060299367644167, 0.7067058433586635] 0.17519959807395935
pedestrian [637.763385831788, 1642.1766747577478, 1.0624057681059802] [0.8793591563331504, 0.03371053163294772, 0.00631103808638578, 0.4749223568419837] [0.6080556511878967, 0.6505893468856812, 1.5192809104919434] [0.0, 0.0] 0.17472171783447266
pedestrian [606.4559151352304, 1637.5337839351646, 1.9751193192050813] [0.3302465410647719, 0.029170708295593876, -0.018036045083031686, 0.9432714312275384] [0.6908038258552551, 0.8032698631286621, 1.800806999206543] [-0.8900786424511439, 0.668061226931946] 0.16564294695854187
pedestrian [640.6902815799492, 1644.0848129434496, 1.1362691961580103] [-0.8248365013005107, -0.00982378144654368, -0.032859130584881956, 0.5643301489178365] [0.6597152948379517, 0.6881091594696045, 1.7808723449707031] [0.001685862641324738, 0.00027709994003587856] 0.16362738609313965
pedestrian [611.8806944407338, 1652.479538684189, 2.204452369979839] [0.2640951168664029, 0.02785091350554021, -0.020013889217508393, 0.9638866842646057] [0.6746995449066162, 0.778500497341156, 1.796018123626709] [-1.0517137650008572, 0.5969214869084976] 0.16221272945404053
pedestrian [648.4676458366287, 1651.694064228683, 0.8052121948777344] [-0.8142693306134555, -0.00921501006381065, -0.03303502284285042, 0.5794732332710544] [0.6507324576377869, 0.6854857206344604, 1.7416596412658691] [0.1587102157711047, -0.3746294512845401] 0.15928620100021362
pedestrian [622.1584562198028, 1648.212025259724, 1.5041802803784403] [0.442463468941351, 0.031146873416733, -0.014356232829882357, 0.8961304868754779] [0.6788954734802246, 0.7394094467163086, 1.6232372522354126] [-0.15667952840894678, 0.23829150622786233] 0.15822318196296692
pedestrian [632.8018867192675, 1644.4920405562311, 1.1645510095552185] [0.8003935190142718, 0.03427117024920494, 0.0013099749821241652, 0.5984930956788435] [0.6647330522537231, 0.757825493812561, 1.3875151872634888] [0.0, 0.0] 0.1570766568183899
traffic_cone [644.0435949433038, 1660.4234559748204, 0.8164227404796521] [-0.5497554110317059, 0.003348994015937314, -0.034132292389832196, 0.8346213266485916] [0.37553873658180237, 0.3710048794746399, 0.9533930420875549] [0.00039379193138809214, -0.00028232213496256646] 0.15694402158260345
pedestrian [658.1413110072256, 1587.8752781472426, 0.7335293081767313] [0.09791464266433747, 0.02408061033472636, -0.02442034706163798, 0.9946036867050161] [0.6662323474884033, 0.713527262210846, 1.7601032257080078] [-0.12074695998033762, 0.12045333269384001] 0.15653324127197266
traffic_cone [660.9444248845083, 1584.9606553662518, 0.2735056555606161] [0.9977666297321487, 0.02538097154575735, 0.023065893177963794, -0.05731948576395285] [0.48617446422576904, 0.4889203608036041, 1.2928667068481445] [0.0, 0.0] 0.15564244985580444
pedestrian [636.8577140507327, 1643.3574578579432, 1.0142764821384478] [0.9800566772282234, 0.021920791118980334, 0.026376278384598037, -0.195736251817767] [0.6267347931861877, 0.7029592990875244, 1.5517218112945557] [3.5868170072202716e-05, 7.462339624357933e-06] 0.15509037673473358
traffic_cone [647.5802466655815, 1603.7493704216529, 0.44767808249512864] [0.9531985281893205, 0.03191321044306391, 0.01256089741700399, 0.3003936362724885] [0.37858596444129944, 0.38776469230651855, 0.8531922698020935] [0.00024714602768188235, 0.0005076592224552726] 0.15474046766757965
traffic_cone [633.0580396904159, 1635.9583418132759, 0.9679810629845746] [-0.5541425955814753, 0.0031692196052800587, -0.03414945375547447, 0.8317149479343993] [0.37192702293395996, 0.36103034019470215, 1.2665801048278809] [0.0, 0.0] 0.15334171056747437
pedestrian [631.8062560913698, 1650.692289811069, 1.3806202669050216] [0.971273451406537, 0.020828569793505437, 0.02724701497523818, -0.23548174759018625] [0.6184546947479248, 0.6316421031951904, 1.6765339374542236] [0.004168810985362223, -0.0009105462265543646] 0.14798399806022644
pedestrian [632.2298088917125, 1640.3739886157782, 1.3165072953630683] [0.3367573080593786, 0.029294653176033702, -0.01783402478409401, 0.9409666765214886] [0.6991925835609436, 0.8460021018981934, 1.8307219743728638] [-0.8048600723843674, 0.6563581266381271] 0.14544644951820374
pedestrian [633.3714375485482, 1646.518999709774, 1.2801461919709656] [0.985341478940945, 0.022679661787457995, 0.02572668042928, -0.16711056439904065] [0.6704258918762207, 0.7730575799942017, 1.5815407037734985] [-0.0006498022791159911, -0.0006532449060555184] 0.1434299349784851
pedestrian [642.7599407661063, 1672.3733250991108, 0.6191244867977981] [-0.37660698091074407, 0.009934961077191893, -0.03282568648327804, 0.9257380584077708] [0.6418787837028503, 0.6311036348342896, 1.8723591566085815] [-0.4568597581418716, -0.46746669644734473] 0.14312413334846497
pedestrian [624.7995108240267, 1621.4246756412138, 1.001224530617059] [0.3517827194313118, 0.029576489877235483, -0.01736261475831241, 0.9354531998795055] [0.6599833965301514, 0.7801713943481445, 1.7492611408233643] [-0.7442532771739415, 0.6319927724477782] 0.14084738492965698
pedestrian [612.5335796012416, 1652.6355121897989, 2.151047543484876] [0.24943115211400974, 0.02754385697006179, -0.020434409409536638, 0.9677850335742813] [0.6404905319213867, 0.687275230884552, 1.7428021430969238] [-0.6844575756220569, 0.3961375980676257] 0.1397702693939209
traffic_cone [654.3081177696855, 1618.4700959875358, 0.2659134317027835] [-0.8551366806832109, -0.011647981210217123, -0.03225761427059059, 0.5172668829582994] [0.38765230774879456, 0.3971347510814667, 0.9471846222877502] [0.0, 0.0] 0.1395532488822937
pedestrian [642.1956554394292, 1672.8750788697027, 0.6781940306757085] [-0.3659810579741407, 0.010310217881649772, -0.032709762333845996, 0.9299901268612605] [0.6673036813735962, 0.6856043934822083, 1.8741296529769897] [-0.6616917436901646, -0.632219427876367] 0.13692080974578857
pedestrian [640.5700342071417, 1686.6148187211934, 1.333606058335411] [0.9055098289847456, 0.03328607320692504, 0.008262352883229313, 0.4229370171400366] [0.6875745058059692, 0.7190849781036377, 1.820867657661438] [0.47431820741698894, 0.6457373956763182] 0.13646459579467773
