car [1313.0870263866425, 1037.0327035315968, 0.6978034813310792] [-0.3355761982975912, 0.019077330814074308, -0.000606897076774136, -0.9418196760851218] [1.8982124328613281, 4.808241844177246, 1.5111513137817383] [0.0, 0.0] 0.8428385257720947
car [1257.1329943375295, 1028.9642875891088, 0.22463610443253207] [0.4150914143681401, 0.013267737517578614, -0.013721516542134209, -0.9095794659307154] [1.9350152015686035, 4.517760276794434, 1.8078328371047974] [0.0, 0.0] 0.7542616128921509
car [1253.1115831822833, 1024.507009687418, 0.13725770040398622] [0.3572145509501852, 0.014102377661664982, -0.012862185636166135, -0.9338273136476604] [1.9151285886764526, 4.2973856925964355, 1.7203510999679565] [0.0, 0.0] 0.5496308207511902
car [1322.5602505138722, 1081.57146599212, 2.7373986774391] [0.8955199432935665, -0.014148021964890754, -0.01281196118993477, 0.4446118737600649] [2.011495590209961, 4.718462944030762, 1.7713016271591187] [3.0904386604060505, 4.09794100433124] 0.48303091526031494
car [1321.6002585045821, 1033.722387391007, 1.0442896451071693] [-0.35549856893631365, 0.019085916239569962, -0.0002016837810671409, -0.9344819177539934] [2.185817241668701, 5.272261619567871, 2.244708776473999] [-0.0011847476040142012, 0.0011796482877626884] 0.2614958882331848
car [1296.3384869953943, 999.9507680702558, 1.106672126464199] [0.42068263946512063, 0.01318302073327229, -0.01380292865291779, -0.9070070583945902] [2.0029425621032715, 4.573296546936035, 1.7550218105316162] [0.0, 0.0] 0.22149834036827087
car [1326.960625268641, 1077.7507425783986, 2.697613098953453] [0.3852454493124124, 0.01370761882689783, -0.013282095510419362, -0.9226167302347306] [1.8917489051818848, 4.430459022521973, 1.6465398073196411] [-0.44661876170010967, -0.38327783132215704] 0.21495938301086426
car [1298.3868913500462, 999.6951708234549, 1.1422527492439678] [0.901595072344281, 0.0013900209836312395, -0.01903629997443019, -0.4321597073414628] [1.9872174263000488, 4.560755729675293, 1.7703351974487305] [0.0, 0.0] 0.18991878628730774
car [1266.8541937799348, 1025.227744781905, 0.22840988735425177] [0.40973964027151183, 0.013348134886244676, -0.013643319614743469, -0.9120028038965233] [2.0783886909484863, 4.6657843589782715, 1.7966827154159546] [-0.008505714997814443, -0.020442634921066596] 0.17918120324611664
car [1274.7416361061935, 1039.8612613805788, -0.14853087084790412] [0.8977179454777283, -0.014084191060097832, -0.012882097547918438, 0.44015699187016755] [1.8101376295089722, 4.155068397521973, 1.5096884965896606] [0.0, 0.0] 0.1448856145143509
car [1367.3971437826476, 1016.053351544174, -0.08465620094835163] [-0.20377847039307095, 0.018815604669738358, -0.0032071632268324164, -0.9788309466548393] [1.9125959873199463, 4.44594669342041, 1.70916748046875] [-0.0026083685550798833, 0.0003445965660319693] 0.13118574023246765
car [1328.250809022908, 1077.3671836268402, 2.828097838923659] [0.3754303606231266, 0.013847833239435722, -0.013135843696702738, -0.926654051654304] [1.9227412939071655, 4.488715171813965, 1.6618595123291016] [-0.8321025574723062, -0.7571082933357917] 0.12236294895410538
car [1261.0992235388585, 1034.4000034207388, 0.14948446362119006] [0.5178314196141861, 0.011585924499214795, -0.015168362751131726, -0.8552697282058481] [1.9917082786560059, 4.50295352935791, 1.7337405681610107] [0.0, 0.0] 0.10383164882659912
truck [1321.6051158771654, 1033.6995291190788, 1.0565535275069047] [0.35729352483257804, -0.019086268541686817, 0.00016500971499349044, 0.9337971001441697] [2.2204461097717285, 5.35452938079834, 2.124215841293335] [-0.0004557867415975312, 0.00017852564055554805] 0.6886171102523804
truck [1319.3512883682872, 1031.2503500396258, 1.6989448073813465] [-0.33806054099672994, 0.01907886601406216, -0.0005565488917335772, -0.9409307932818154] [2.7600839138031006, 6.791193008422852, 3.842045545578003] [0.0, 0.0] 0.6556345224380493
truck [1298.4289355483693, 999.6448831980084, 1.1233948463189403] [0.9317591009385678, -5.6938764487507454e-05, -0.019086896893642104, -0.3625750473255164] [2.113285779953003, 4.946320056915283, 1.943817377090454] [0.0, 0.0] 0.26888054609298706
construction_vehicle [1298.7568637734548, 1081.207406421595, 2.9473713060152855] [0.9775747278592434, -0.010546394724529864, -0.015908690498147065, 0.20972205076213374] [2.760719060897827, 11.471567153930664, 3.673295497894287] [0.0, 0.0] 0.14973798394203186
truck [1322.6075534201461, 1081.666435754656, 2.7478408482453482] [0.8979109516414737, -0.014078538455270788, -0.012888274904535812, 0.43976312947682583] [2.0420994758605957, 4.9245734214782715, 1.9512913227081299] [3.1378583094101407, 4.120487536148608] 0.13723784685134888
truck [1252.7803067201, 1024.2026338420958, 0.21820272657292927] [0.36820885732885367, 0.013949621830145635, -0.013027698409440947, -0.9295471609926675] [2.1093335151672363, 5.202109336853027, 1.9118728637695312] [-0.0009075459081715149, -0.0004613773943301701] 0.11091341078281403
trailer [1325.4121654507162, 1026.170500546385, 1.9774252970380402] [-0.34010792050959016, 0.01908003228678318, -0.000515017462555876, -0.9401926874484776] [2.9443254470825195, 14.332923889160156, 4.184927940368652] [-0.00010321292912485889, 0.00017879493739098582] 0.7095199823379517
trailer [1341.4984341669538, 1038.9673846527196, 1.1217709263432207] [0.9400766106158379, -0.0005085085988084286, -0.01908020686618371, -0.34042863172475185] [2.4472408294677734, 4.508509635925293, 1.9224439859390259] [0.0, 0.0] 0.3129025101661682
trailer [1342.3973590964006, 1033.4173431009851, 0.9482881133900045] [0.855233471667642, 0.0032369099246201995, -0.018810510072598274, -0.5178912975367138] [2.151663303375244, 4.086130619049072, 2.1969428062438965] [0.0, 0.0] 0.12094686925411224
barrier [1328.9735860589278, 1049.3343568166244, 1.1326950339842135] [0.09173161643750444, 0.017052122631748934, -0.0085754293655316, -0.9956008224538142] [3.358652114868164, 0.5248923897743225, 1.0023951530456543] [0.0, 0.0] 0.4657946825027466
barrier [1337.0810031076173, 1035.5856809282423, 0.2223213373891623] [0.37333729433334384, 0.0138774547779656, -0.013104545926393091, -0.9274993001532705] [3.2375478744506836, 0.500451385974884, 0.9278638958930969] [0.0, 0.0] 0.42594486474990845
barrier [1328.4582248616098, 1052.5125365261586, 1.2398344940396109] [0.09815692059085473, 0.01699640763407112, -0.008685332612394008, -0.9949878924213446] [3.0316686630249023, 0.48751741647720337, 0.8970705270767212] [0.0, 0.0] 0.41106879711151123
barrier [1278.644268366777, 1070.2541690894939, 0.6132317286038033] [0.512114886103479, 0.011686846175220662, -0.015090742245766314, -0.858704856488054] [2.6254682540893555, 0.687192440032959, 0.9529284238815308] [0.0, 0.0] 0.37530848383903503
barrier [1330.0708667425665, 1046.1616964491052, 0.9655887096585423] [0.23583327557781208, 0.015620473506235584, -0.010968759387114757, -0.9716060689678653] [3.131880521774292, 0.4576367735862732, 0.923741340637207] [0.0, 0.0] 0.35522380471229553
barrier [1334.9539054689792, 1037.9360893866697, 0.3970293944367543] [0.3290745142865982, 0.014481427351003304, -0.012433870553011213, -0.9441110375225935] [3.218630790710449, 0.4696108400821686, 0.9259397983551025] [0.0, 0.0] 0.3548148274421692
barrier [1331.3691164739453, 1043.424837214201, 0.7770016936889028] [0.22420089449225317, 0.01575048847596319, -0.010781233130768328, -0.9743560160607732] [3.2179758548736572, 0.4593828618526459, 0.900405764579773] [0.0, 0.0] 0.3274376690387726
barrier [1339.5421802413052, 1033.1122517285369, 0.1268447344336381] [0.4016336121842421, 0.013468632589875282, -0.013524378403844498, -0.9156015119519988] [3.1878721714019775, 0.45790982246398926, 0.8939446210861206] [0.0, 0.0] 0.32546260952949524
barrier [1341.417883776237, 1031.3821302709348, -0.0005908774565763428] [0.41062387820667356, 0.013334897762781711, -0.013656257785630196, -0.9116050228972299] [3.125394821166992, 0.4201028347015381, 0.8031039237976074] [0.0, 0.0] 0.28383195400238037
barrier [1274.8371796949073, 1062.5855360082783, 0.3322660990219826] [0.9279549507090146, 0.00014069525306223928, -0.01908646326319237, -0.37220330006540586] [2.0175998210906982, 0.5029942989349365, 0.9844020009040833] [0.0, 0.0] 0.25265365839004517
barrier [1333.1668516684247, 1040.5518606208143, 0.5423421100594951] [0.28887922748267814, 0.014993984869604068, -0.011810727868404647, -0.957175260364558] [3.3200814723968506, 0.5072000026702881, 0.9386730194091797] [0.0, 0.0] 0.2486230731010437
barrier [1276.3870499410143, 1073.0415653535522, 0.5636152381983931] [0.452088363859183, 0.012693148402671587, -0.0142547135600538, -0.8917689153519961] [2.690826416015625, 0.5823731422424316, 0.9862008690834045] [0.0, 0.0] 0.21565937995910645
barrier [1267.9495272136721, 1025.181079568547, -0.23862588035761081] [0.9483320397580537, -0.0009876736063279216, -0.019061410648186276, -0.31670495653411856] [3.124896764755249, 0.6098003387451172, 0.9595791697502136] [0.0, 0.0] 0.20099565386772156
barrier [1276.961669329299, 1071.0336801599076, 0.6120360812182335] [0.493849015003444, 0.012003225534636421, -0.014840331930791786, -0.8693381606170736] [2.098881244659424, 0.585440993309021, 0.9927306771278381] [0.0, 0.0] 0.15811704099178314
barrier [1273.1085244020283, 1062.3507396356026, 0.2912676422079027] [0.3480743447539424, 0.014227363586319347, -0.012723796620274164, -0.9372726058351764] [2.130481004714966, 0.5497652888298035, 1.0635255575180054] [0.0, 0.0] 0.13972122967243195
barrier [1277.246145554693, 1071.3228084246352, 0.5640292109139868] [0.4029200724195415, 0.013449611083518838, -0.013543294900190028, -0.9150361207987254] [2.0617880821228027, 0.5868794918060303, 1.0029709339141846] [0.0, 0.0] 0.12048908323049545
barrier [1273.4324753653084, 1062.6973021930582, 0.3283051852999023] [0.3383541043593751, 0.014358303854901767, -0.012575849293854434, -0.9408252692121496] [2.356024742126465, 0.6066903471946716, 1.058935523033142] [0.0, 0.0] 0.12043709307909012
barrier [1271.8884849384815, 1062.6307438727308, 0.2798915851788522] [0.7403341449237211, 0.0067764281704990326, -0.017843567364781432, -0.6719680356869746] [2.0213916301727295, 0.5018505454063416, 1.0503973960876465] [0.0, 0.0] 0.119596466422081
barrier [1278.4701664892143, 1071.965952316116, 0.6867067836099001] [0.5143533096102298, 0.011647438083650163, -0.015121179224483841, -0.8573659428843388] [2.518010139465332, 0.5775788426399231, 0.9930379390716553] [0.0, 0.0] 0.11724289506673813
barrier [1278.549931519567, 1070.9304938726384, 0.7215927215331002] [0.500840776630352, 0.011883206385634722, -0.01493660875325575, -0.865328956865107] [2.867345094680786, 0.6375854015350342, 0.9615092873573303] [0.0, 0.0] 0.1137906014919281
barrier [1279.8470926753141, 1069.9124667059098, 0.5902485797299332] [0.7252584802922413, 0.007170256088580976, -0.017688988175573902, -0.6882120486370007] [1.6828932762145996, 0.5464736819267273, 0.9572612047195435] [0.0, 0.0] 0.10490616410970688
barrier [1274.7543859444736, 1064.06827022064, 0.37346460451989805] [0.8977091826758514, -0.014084447513478178, -0.0128818171579752, 0.4401748635081325] [2.0390119552612305, 0.5294893980026245, 1.0266408920288086] [0.0, 0.0] 0.1037289947271347
barrier [1273.393797963528, 1063.5014581460337, 0.4417071325141142] [0.47142130898830104, -0.0189566778564258, -0.0022264859530483575, 0.8817015575333331] [2.597623825073242, 0.6107540726661682, 1.0481140613555908] [0.0, 0.0] 0.10066001117229462
bicycle [1332.5896856012291, 1039.5996157855031, 0.7320435967447398] [0.7692728325760918, 0.005982220378403534, -0.018125283843174415, -0.6386352606811693] [0.5374727845191956, 1.6488487720489502, 1.0750595331192017] [-0.0007844049062895347, -0.0005915657809828274] 0.27626219391822815
bicycle [1314.2569324351343, 1048.634941717756, 1.264400056375562] [0.9831841394794644, -0.010086088342057932, -0.016204434485893947, 0.18161672555404584] [0.6441120505332947, 1.6531349420547485, 1.6772828102111816] [1.1684600174887925, 0.32464012235135015] 0.273820698261261
bicycle [1338.5785383306963, 1033.6190018677937, 0.5285293827645003] [0.9818534438196106, -0.01020229115046305, -0.01613152597656555, 0.18867830289813164] [0.4645388722419739, 1.521030068397522, 1.0873678922653198] [0.0, 0.0] 0.26269468665122986
bicycle [1330.2336901153487, 1043.3527302017192, 1.8937427680235186] [0.13040178676810887, 0.016705531896270637, -0.009232447081576499, -0.9912774894713552] [0.4270128309726715, 1.4470994472503662, 1.0752346515655518] [-8.389624837597029e-05, 0.000446096403727216] 0.25987786054611206
bicycle [1262.1273995548827, 1048.8921835219676, 0.750494181622513] [0.9729412979607205, -0.0026954460471285907, -0.018895699131242664, -0.2302627148442773] [0.6243558526039124, 1.7460203170776367, 1.7915912866592407] [1.503635808191436, -0.616502974974236] 0.22013939917087555
bicycle [1338.8331231260406, 1033.3826800598392, 0.5397663184864132] [0.9613531947859942, -0.011587117030569583, -0.01516745179558222, 0.27465564257759306] [0.4834541082382202, 1.6272892951965332, 1.1375395059585571] [0.002513029192109091, 0.0006522484467739897] 0.21677210927009583
bicycle [1330.5243090065067, 1043.0729479265328, 1.6959640070574342] [0.8798582782785032, 0.002300321487670112, -0.018947859934694184, -0.4748527111323431] [0.4985712170600891, 1.65477454662323, 1.1229844093322754] [0.004672827923966899, -0.007924938493346448] 0.15185454487800598
bicycle [1299.875025289136, 1071.2549096513703, 0.9316821485400195] [0.9408931192198093, -0.012572968972994881, -0.01436082609934171, 0.33816538162527254] [0.7008616328239441, 1.965000867843628, 1.2619984149932861] [0.0, 0.0] 0.14490586519241333
bicycle [1327.1289340416708, 1076.970611387454, 2.649747032802216] [0.8986676400081813, -0.014056301945356325, -0.012912523017303706, 0.4382147417957024] [0.7225968241691589, 1.8578741550445557, 1.2745673656463623] [-0.03208872433334445, -0.017860052301902633] 0.14268091320991516
bicycle [1299.6617977802405, 1058.5514144935037, 1.2322043978962607] [0.8897082827106011, 0.0018989063984755725, -0.018992288686234066, -0.45613030901388435] [0.5814797282218933, 1.6391246318817139, 1.0484851598739624] [0.0, 0.0] 0.1368636190891266
bicycle [1316.1227749474979, 1010.2659659119685, -0.21454684660951184] [0.9604801204628821, -0.011635008085047988, -0.015130745583489733, 0.277693401651094] [0.49872279167175293, 1.4961185455322266, 1.1077914237976074] [-0.0011857284609760618, 0.0009285238462968767] 0.13136453926563263
bicycle [1327.66584810533, 1023.9081429902142, -0.09170128639573755] [0.6284924749859786, 0.009433412054242689, -0.01659287835386901, -0.7775814401147618] [0.583267092704773, 1.7331290245056152, 1.116570234298706] [0.0, 0.0] 0.12504994869232178
motorcycle [1268.2443201217243, 1027.1204728416817, 1.0776298726212803] [0.9187164326684378, -0.013418566459631139, -0.013574054266131704, 0.3944563391174342] [0.8304920792579651, 2.1734330654144287, 1.7289708852767944] [-0.0005460297023927123, 0.0008804430153936906] 0.12293422222137451
bicycle [1272.6235840496045, 1062.684967519841, -0.0020799238670402564] [-0.25981420149771695, 0.018969084015157678, -0.002118189480975554, -0.9654699725134139] [0.587138295173645, 1.6575899124145508, 1.204306721687317] [0.0, 0.0] 0.12140396982431412
bicycle [1333.1227694556849, 1052.9742827630323, 1.3569654378564364] [-0.29568121780837037, 0.019034944929621406, -0.0014084553871907025, -0.955095966152254] [0.5000512599945068, 1.4946962594985962, 1.0858832597732544] [0.0, 0.0] 0.1192338615655899
motorcycle [1340.6011241330862, 1022.7765298965796, -0.11107249813026142] [0.9424083476973883, -0.012508087958642687, -0.014417371836443831, 0.33391944135558604] [0.7279354333877563, 1.970862627029419, 1.2355079650878906] [0.0, 0.0] 0.10958527773618698
bicycle [1341.4062855834593, 1028.8195594200738, -0.0607907109593532] [0.9761318071872815, -0.00296513801711584, -0.018855260051001167, -0.21633858213975593] [0.4995309114456177, 1.535863995552063, 1.0962568521499634] [0.0, 0.0] 0.10389405488967896
bicycle [1327.0379863746841, 1055.9578252105928, 1.7150783741992413] [0.6214064633248124, 0.009583679408013322, -0.01650654306800329, -0.7832558295110845] [0.6250498294830322, 1.7686676979064941, 1.1532716751098633] [0.0, 0.0] 0.10312876105308533
bicycle [1329.9456534841986, 1043.676735399897, 1.7780881723234563] [0.6269583063876876, -0.018213461832004958, -0.005708124310622927, 0.778818957894857] [0.5335830450057983, 1.7496302127838135, 1.1637134552001953] [-0.0013422991989472275, 0.0010964057991772094] 0.10131923854351044
pedestrian [1310.245109424497, 1047.0395764078692, 1.1580063273907517] [0.9125024473670633, -0.013627010351729255, -0.013364784469840494, 0.40862570975657964] [0.7331979870796204, 0.9494670629501343, 1.7940456867218018] [0.9296623343960734, 1.1541271868264078] 0.8598374724388123
pedestrian [1312.0178463827583, 1047.417381252469, 1.2903114048269406] [0.9439749168146527, -0.012439856140272671, -0.014476285927707638, 0.329464783474225] [0.7454016804695129, 0.9256120920181274, 1.8588426113128662] [1.062424874436311, 0.8716273620019801] 0.8528972268104553
pedestrian [1311.8511102992445, 1045.6044375433862, 1.0553489985938163] [0.9412239152134002, -0.012558895900503582, -0.014373134968118137, 0.33724357452041515] [0.6618295907974243, 0.82729172706604, 1.6786904335021973] [0.8876821767362439, 0.7366396084655035] 0.8357566595077515
pedestrian [1317.4188996722457, 1050.0690121755974, 1.4000477539775285] [0.9961441086670564, -0.008470803177358117, -0.017104337712460123, 0.08563061305902148] [0.6799061298370361, 0.8343343138694763, 1.7365312576293945] [1.376057782617788, 0.28698957066917036] 0.8119300603866577
pedestrian [1317.422547425585, 1049.1593863624503, 1.4127732197186433] [0.9970035553622172, -0.00828725022451128, -0.017194021018009827, 0.0749639761488613] [0.7090047597885132, 0.8708571195602417, 1.7768101692199707] [1.3615905364867147, 0.2522284341286894] 0.8060988783836365
pedestrian [1311.4570028797316, 1046.4536065542607, 1.1050445273565837] [0.9356022143782545, -0.012791492841699365, -0.014166530483226301, 0.3525396198662715] [0.6807413101196289, 0.8451801538467407, 1.8446357250213623] [0.9384382831046946, 0.7279292702056628] 0.6960405111312866
pedestrian [1262.04055962722, 1048.9251951336703, 0.7781385390417535] [0.9742125398242854, -0.0028009699802763336, -0.018880345394642988, -0.22482351828503974] [0.6988890767097473, 0.7659204006195068, 1.879504680633545] [1.3688015982461228, -0.7354190147653888] 0.5493505001068115
pedestrian [1314.1103641309421, 1048.52339763183, 1.347717363681891] [0.9835501771045633, -0.010053228427993553, -0.01622484123885372, 0.1796238743667744] [0.6764698624610901, 0.8615524768829346, 1.6733850240707397] [1.2607086621745602, 0.49814937682823485] 0.5346471071243286
traffic_cone [1291.3629890419415, 1071.9053301955817, 1.5917418087240978] [0.9524313064648143, -0.001239284817727798, -0.01904670701701413, -0.30415504860297055] [0.42076021432876587, 0.42526373267173767, 1.3375864028930664] [-9.55233891808391e-05, 7.824590067501845e-05] 0.2177029699087143
traffic_cone [1304.2263423374964, 1062.1238352898852, 1.6547718211312845] [0.8685016914159818, 0.0027432283849529414, -0.01888882137877889, -0.4953185834718169] [0.5205029249191284, 0.5221261978149414, 1.4929341077804565] [0.0, 0.0] 0.21768923103809357
traffic_cone [1333.079405226028, 1052.9549727515769, 1.3911571054633458] [0.5521131932812001, 0.010960821375115427, -0.0156260445997776, -0.8335506636850483] [0.39982104301452637, 0.3918875753879547, 1.0519856214523315] [0.0, 0.0] 0.18816077709197998
traffic_cone [1291.483758251993, 1025.776629222804, 1.4399653515477913] [0.9117453407988001, -0.013651698472569192, -0.013339565355193473, 0.4103122233819367] [0.5043407082557678, 0.4903053045272827, 1.264883279800415] [-0.0015714454544286265, 8.776240397630349e-05] 0.1855548918247223
pedestrian [1310.922142709256, 1046.9280137034712, 1.1663120584266984] [0.9291452707292468, -0.01304289539622539, -0.01393541369082915, 0.36922182086981714] [0.7190631628036499, 0.9207682609558105, 1.8492685556411743] [0.9838648316313989, 0.897470558047819] 0.18473996222019196
pedestrian [1317.7666974104795, 1049.5448199346956, 1.373943901077875] [0.9971226345526409, -0.008259632319305453, -0.017207305105719224, 0.07336306146657706] [0.7237055897712708, 0.9093941450119019, 1.7582817077636719] [1.2056059777461434, 0.24924290789703385] 0.18467101454734802
traffic_cone [1277.4523394223295, 1072.2813017929288, 0.8671579138792771] [-0.3285500708839226, 0.019072279799054397, -0.0007490115606634288, -0.9442936715064429] [0.5304105281829834, 0.5130277872085571, 1.4643583297729492] [0.0, 0.0] 0.1587792932987213
pedestrian [1292.2452831198927, 1074.1882296225328, 2.0343679012127227] [0.8372559732609371, 0.0038703120774901817, -0.01869046707480205, -0.5464779248641514] [0.7021471858024597, 0.6696671843528748, 1.8509366512298584] [0.0, 0.0] 0.15725845098495483
traffic_cone [1277.4106042792316, 1070.7229191892645, 0.6384168952176885] [-0.08948286048168774, 0.01831991612467205, -0.005356635906649533, -0.9958054552998609] [0.43200474977493286, 0.43606793880462646, 1.0154730081558228] [0.0, 0.0] 0.15555912256240845
pedestrian [1312.1068659423534, 1046.7606809272136, 1.1754156138218643] [0.9388088621171988, -0.012660499850983822, -0.014283718653581239, 0.34390930132108805] [0.6679995059967041, 0.8474678993225098, 1.7738889455795288] [0.9697094498872258, 0.878946344597919] 0.1545993536710739
traffic_cone [1328.3589865548574, 1048.4202913191577, 1.1124064419582893] [-0.07872516795064849, 0.018261008407959325, -0.00555413782470915, -0.9967136173726587] [0.3397853970527649, 0.4016026258468628, 0.8990387320518494] [-0.004232428802161986, 0.0035224241769398674] 0.15078550577163696
pedestrian [1268.2776983968113, 1026.9561544502947, 1.0183169463037551] [0.9271628487600989, -0.013117033003524991, -0.013865652535523243, 0.374172071384285] [0.6697716116905212, 0.6930076479911804, 1.8158936500549316] [0.07662430347292591, 0.0818029392746758] 0.144544780254364
traffic_cone [1280.9633396629401, 1073.1477097619877, 1.2166214388121417] [0.4887547945680225, 0.012089838484838125, -0.014769857157804636, -0.87221238119607] [0.4783012866973877, 0.48369908332824707, 1.4165668487548828] [0.0, 0.0] 0.1327100694179535
traffic_cone [1272.5681536226152, 1062.6810272177295, 0.4146417427497805] [0.5553303413187056, 0.010900352410634691, -0.015668286197775314, -0.8314107884408274] [0.48837709426879883, 0.4968129098415375, 1.1339802742004395] [0.0, 0.0] 0.1254471391439438
traffic_cone [1279.3074614386774, 1059.3116599698192, 1.0334384584096634] [0.9987520366071566, -0.006147180719181446, -0.018070003991619645, -0.046152535120027094] [0.47040092945098877, 0.4712991714477539, 1.4496312141418457] [-0.0001581923223174117, 5.807692833848375e-05] 0.12317594885826111
traffic_cone [1300.2568501616097, 999.2116463116898, 1.1064766481799462] [0.4233896287200147, -0.019048893282817853, -0.001205213570800898, 0.9057466033153403] [0.3685392439365387, 0.3570794463157654, 1.2351868152618408] [-0.0025746448614943573, 0.0012328737026251323] 0.12193090468645096
traffic_cone [1299.8581699391864, 1058.2793859153217, 1.3597669233368452] [0.927772100657196, 0.00015006599175288425, -0.019086391886617676, -0.37265884716061964] [0.41502052545547485, 0.4185318052768707, 1.2717564105987549] [-3.358908207717895e-05, 0.0003348817149214243] 0.11946353316307068
traffic_cone [1332.2699024267604, 1040.1298987537966, 0.6821789043749816] [0.1468037402901869, 0.016550310661392866, -0.009507896300592025, -0.9889814704845382] [0.3180464208126068, 0.4341927468776703, 0.8476887941360474] [-0.027858637599928633, 0.04311838798607113] 0.11746405065059662
traffic_cone [1284.0623048810653, 1070.8977407058333, 0.892137646084104] [0.6904029031645053, 0.008034677374083414, -0.017313487070657312, -0.7231732285054329] [0.4196348786354065, 0.4214255213737488, 1.1899242401123047] [0.0, 0.0] 0.11587014049291611
traffic_cone [1335.5025441656776, 1051.657921568403, 0.8496117432924157] [0.4338078326220734, 0.012981215562045376, -0.013992888107289964, -0.900803225727288] [0.3618524670600891, 0.353023886680603, 1.1094801425933838] [-1.0271083036037217e-05, -8.07050488011636e-06] 0.11498185992240906
traffic_cone [1279.771108200441, 1069.754480072086, 0.6849492397958292] [0.681842601481333, -0.017751022823389428, -0.007015273606562587, 0.7312498573881] [0.5054827332496643, 0.5219857096672058, 1.0545668601989746] [0.0, 0.0] 0.11069999635219574
traffic_cone [1288.5341215977744, 1072.3478900469174, 1.5358521082823189] [0.9997733587350455, -0.006806879219537843, -0.017831973259907326, -0.009429649441764054] [0.4777267277240753, 0.47916480898857117, 1.4016425609588623] [0.0001533704718074571, -0.00045485060237278785] 0.10679154098033905
traffic_cone [1304.2754604766073, 1038.610177839387, 0.07382856906853644] [0.42388904930654786, -0.019048225756671873, -0.0012157181311011848, 0.9055129822387634] [0.3791600465774536, 0.35681626200675964, 0.4226960837841034] [0.0, 0.0] 0.10617023706436157
pedestrian [1312.5110042690096, 1047.8472797705165, 1.2665728543007444] [0.9512475870453267, -0.012106262822786627, -0.014756397782556564, 0.30783715705774034] [0.7030251622200012, 0.8685997724533081, 1.709458827972412] [0.7345394508551353, 0.5881393309293562] 0.10425703972578049
traffic_cone [1328.2189549614461, 1054.038806464119, 1.4622546243963672] [0.07206056754495588, 0.01721807907360285, -0.00823714926819865, -0.9972176100180178] [0.37701889872550964, 0.39217400550842285, 1.1364234685897827] [0.004281906547356776, -0.0025680544525635623] 0.10332699120044708
traffic_cone [1347.975393388045, 1043.2417832452948, 1.178479971669721] [0.37544969205138284, 0.013847559201368327, -0.013136132582157714, -0.9266462193650121] [0.31537842750549316, 0.30219364166259766, 1.3500010967254639] [0.0, 0.0] 0.10117292404174805
pedestrian [1327.427084989312, 1077.3228484014635, 2.7126205007455892] [0.8457726172985885, -0.015375249132701545, -0.011309933207529845, 0.5332019945131896] [0.5327678918838501, 0.5728288888931274, 1.5331052541732788] [0.246182624695829, 0.2849386296239016] 0.10016678273677826
