car [1313.0878417407946, 1037.0243090864267, 0.7164452136614956] [-0.3346280254084032, 0.01911410765785304, -0.0005143851016576745, -0.9421562879414882] [1.9032925367355347, 4.8207807540893555, 1.5164467096328735] [0.0, 0.0] 0.8492030501365662
car [1257.1375840106398, 1028.9671951758048, 0.31116568221485197] [0.406597877285512, 0.01349908629473712, -0.013542096322063431, -0.9134071121265297] [1.9162952899932861, 4.490046501159668, 1.771680235862732] [0.0, 0.0] 0.6596691608428955
car [1254.547973263027, 1023.3855199740989, 0.2190756466068054] [0.7723312803078051, -0.016645172716131217, -0.00941020344301676, 0.6349321064133693] [2.0452699661254883, 4.637928009033203, 1.793656349182129] [0.0, 0.0] 0.25664421916007996
car [1253.1161819995918, 1024.5343649504578, 0.18961644269493855] [0.3157654828944283, 0.014753047350825107, -0.012163934291713183, -0.9486445836607407] [1.9525395631790161, 4.4677886962890625, 1.7467626333236694] [0.0, 0.0] 0.24682381749153137
car [1300.0066575432556, 1082.569939239741, 2.4165469673983755] [0.9983052749270651, -0.0058908954741778395, -0.018190960780044427, -0.0549633000210914] [1.8785183429718018, 4.458237171173096, 1.6721501350402832] [0.0, 0.0] 0.23925292491912842
car [1274.7207308116017, 1039.8631492702368, -0.22538294895205632] [0.8934078828443803, -0.014158145151388728, -0.012851483550976185, 0.44883932667262244] [1.8262346982955933, 4.193995952606201, 1.5562267303466797] [0.0, 0.0] 0.23620370030403137
car [1321.6089634344994, 1033.7294240938008, 0.9978128307134209] [-0.35384866486297945, 0.01912063272923179, -0.00012291306941766313, -0.9351072177408846] [2.1920294761657715, 5.297683238983154, 2.19887113571167] [-0.0034988924096678773, 0.0033759303267604244] 0.21277961134910583
car [1367.770325255481, 1016.4588873668562, 0.026803620613290502] [0.9952862654290909, -0.005154371174836294, -0.01841320616787908, -0.09507700113394643] [1.8958736658096313, 4.390783309936523, 1.682915210723877] [0.0, 0.0] 0.19904454052448273
car [1298.3941101740245, 999.7033645784783, 1.1450955853692675] [0.9127630458451488, 0.0009978467378219755, -0.019094973303899157, -0.40804167487635146] [1.964680790901184, 4.458927154541016, 1.7504115104675293] [0.0, 0.0] 0.1619466096162796
car [1366.1138770624727, 1014.7468919728258, -0.006779814346515534] [0.6253311709759981, 0.009615354962634945, -0.016527511988540054, -0.7801251905317497] [1.912563681602478, 4.467115879058838, 1.6855601072311401] [-0.009081360898375041, -0.010174668708943976] 0.1437993347644806
car [1296.3566952548065, 999.9296371211663, 1.105237470179723] [0.4186962909737666, 0.01331799305888176, -0.013720231939452803, -0.9079249981255182] [1.997713565826416, 4.57542610168457, 1.7460129261016846] [0.0, 0.0] 0.13493549823760986
car [1298.7784912932084, 1081.2217723872475, 2.198005206019685] [0.9707081997742801, -0.010954998522561446, -0.015671685007027168, 0.23949943045315897] [1.9835593700408936, 4.682025909423828, 1.7716920375823975] [0.0023330614065470504, 0.00023267943388878773] 0.1286974996328354
car [1266.8124897414232, 1025.2509217914915, 0.30594950405590854] [0.44141166912839064, 0.012968505105835373, -0.014051034798502405, -0.8971009556642437] [2.0755937099456787, 4.636982440948486, 1.8216800689697266] [-0.004926511836483236, -0.010265012745139294] 0.12775877118110657
car [1328.422499507834, 1070.0394874084468, 2.244305494425544] [0.09914054380326265, 0.01706927990274179, -0.00861704051230229, -0.9948897119132374] [1.9891105890274048, 4.674357891082764, 1.6738765239715576] [-0.01565691511541228, -0.017570690424847223] 0.11948610842227936
car [1367.1422207478342, 1017.8879051011227, 0.13227842663747796] [0.9536896078417509, -0.011920644615919938, -0.014950315566226106, 0.300184140472242] [1.9068785905838013, 4.4235382080078125, 1.6338114738464355] [0.0, 0.0] 0.11526206135749817
car [1334.6633694110303, 1083.6389802617766, 3.607389781122463] [0.6290403614579049, 0.009536513680346966, -0.0165731291678234, -0.777137445985792] [1.9627959728240967, 4.553449630737305, 1.7619147300720215] [0.0, 0.0] 0.10511459410190582
car [1262.7853170763758, 1061.0612925548955, 0.24143748282221117] [0.9523475020919246, -0.0011236172922235669, -0.019087985429830458, -0.30441521242487696] [1.9269146919250488, 4.425690650939941, 1.696010947227478] [0.22875952256035167, -0.14584213243447677] 0.10395608842372894
car [1250.852781377269, 1024.6521750169659, 0.5526345783038966] [0.9305610935633427, -0.012929312514777202, -0.014087106923851653, 0.36563702963814665] [2.06723690032959, 4.697530746459961, 1.838112711906433] [0.0022897705264788982, -0.0007549072250235814] 0.1025521457195282
car [1358.947047093927, 1019.5640399207833, -0.12810191923048492] [0.9429173785200283, -0.000557997705319585, -0.019112884192336376, -0.3324773730366162] [1.868693470954895, 4.360401153564453, 1.608633279800415] [0.0, 0.0] 0.10123637318611145
truck [1321.6080322592943, 1033.7145022625225, 0.99408719126439] [-0.35274505442017373, 0.019120474389727662, -0.0001454740546358562, -0.9355240846063345] [2.2122349739074707, 5.372149467468262, 2.0865373611450195] [0.0, 0.0] 0.6925918459892273
truck [1319.369812819523, 1031.2350529730788, 1.7094652178056715] [-0.33517381419734765, 0.019114402462651454, -0.0005033111210650375, -0.9419622606945638] [2.786726951599121, 6.869980335235596, 3.8725790977478027] [0.0, 0.0] 0.6656649708747864
construction_vehicle [1298.7336444599584, 1081.2296201689508, 2.7793061302871576] [0.982283155316686, -0.010087667311536406, -0.016243542464640014, 0.18642475446545897] [2.742779016494751, 10.607866287231445, 3.5513923168182373] [0.0, 0.0] 0.1746494174003601
truck [1298.4301337717436, 999.639197086196, 1.0743806435013634] [0.9252131319172742, 0.0003933516538147039, -0.0191169814056834, -0.3789657594351234] [2.1136250495910645, 4.906337738037109, 1.9544620513916016] [0.0, 0.0] 0.15422824025154114
truck [1272.5859994166913, 1064.324862916535, 1.1674643650502932] [-0.3232084711443956, 0.019106488265691463, -0.0007455264863156117, -0.946134594271298] [2.341632604598999, 6.465979099273682, 2.7736215591430664] [0.0, 0.0] 0.14480917155742645
truck [1254.5392070284622, 1023.3774563796328, 0.025979490613536604] [0.7231759175311161, -0.017296514678189764, -0.008151336306150638, 0.6903991444081023] [2.092108964920044, 4.832413673400879, 2.029738187789917] [0.0, 0.0] 0.1147439181804657
construction_vehicle [1267.8169734564722, 1026.7224416995766, 1.1476803018574815] [0.9414693428563264, -0.012485505687196035, -0.014481914629074397, 0.33655588355886457] [2.0522875785827637, 3.3887672424316406, 2.388754367828369] [0.0, 0.0] 0.1143542230129242
construction_vehicle [1282.3494870300015, 1071.7459306884666, 1.7104662715109638] [-0.10300083536687826, 0.018453673600902717, -0.005007557710116761, -0.9944974681768357] [2.175265073776245, 4.934412479400635, 2.3803915977478027] [0.0, 0.0] 0.11168929189443588
truck [1256.8499603955675, 1028.6824593542276, 0.30118517048091065] [0.9134147524908672, -0.013541842653531403, -0.013499340766711575, 0.4065807130551803] [2.13275146484375, 5.274146556854248, 2.0526089668273926] [0.0, 0.0] 0.1048046350479126
truck [1252.3427721234348, 1024.5331355868875, 0.2333460963244397] [0.18545441125392348, 0.01625349865536369, -0.010071617797002337, -0.9824668175785236] [2.3261160850524902, 5.540428638458252, 2.3062362670898438] [0.0, 0.0] 0.10281524807214737
trailer [1325.4298883065321, 1026.1751481958322, 2.069189474883043] [-0.33859152172778517, 0.01911610382075385, -0.00043391047805249085, -0.9407391602939009] [2.9648237228393555, 14.329143524169922, 4.234243392944336] [-0.005944230858415226, 0.004612507120516931] 0.7615543603897095
trailer [1341.4617102549755, 1038.9321146042466, 1.186876044401808] [0.9406140857975593, -0.00042685264809129257, -0.01911626272066852, -0.33893882618495175] [2.4369750022888184, 4.464268684387207, 1.8789925575256348] [0.0, 0.0] 0.3931475877761841
trailer [1340.0089458096315, 1074.1770902615067, 2.475783284663395] [0.5495230363058797, 0.01112092094832158, -0.015554382689453989, -0.8352597313803523] [2.6928305625915527, 8.405147552490234, 3.6467349529266357] [0.0, 0.0] 0.2882818579673767
trailer [1341.6318735529312, 1073.3526196681482, 2.521766433617173] [0.42639119416040594, 0.013201002142707662, -0.013832832176276533, -0.9043367380787283] [2.714622735977173, 8.681385040283203, 3.708064556121826] [0.0, 0.0] 0.19335921108722687
trailer [1342.413259099385, 1033.4026321994336, 0.8666934592751798] [0.8842329493690155, 0.002240049149254391, -0.01898936237470148, -0.4666545591190379] [2.121886730194092, 3.985387086868286, 2.175783157348633] [0.0, 0.0] 0.1566893607378006
barrier [1328.4598749053946, 1052.433933761568, 1.2422352449005056] [0.08932385821511574, 0.017153433287696584, -0.008448279708517366, -0.9958190772675412] [3.0709586143493652, 0.47960811853408813, 0.9142309427261353] [0.0, 0.0] 0.35166609287261963
barrier [1328.965934884384, 1049.2963130334865, 1.1575813362996934] [0.09784724496804614, 0.017080466409046688, -0.008594845597114084, -0.9950177400170183] [3.250535726547241, 0.5045737028121948, 0.9649603962898254] [0.0, 0.0] 0.332427442073822
barrier [1337.0948243031291, 1035.580445006924, 0.2159460284265626] [0.3799155419639956, 0.013886449594089132, -0.013144589048716031, -0.9248235330432585] [3.186690330505371, 0.44121572375297546, 0.8738029599189758] [0.0, 0.0] 0.3294675350189209
barrier [1334.9861388591723, 1037.8656647594637, 0.3883226639412256] [0.33042719473057136, 0.014562791116138906, -0.012391078181357314, -0.9436377775814703] [3.1094484329223633, 0.39115750789642334, 0.8175156116485596] [0.0, 0.0] 0.27018535137176514
barrier [1339.6183572369657, 1033.0330087971986, 0.1979792898618979] [0.40309572206702354, 0.013550865661102446, -0.013490283296638296, -0.914958045566941] [2.977353096008301, 0.4380074739456177, 0.9072163105010986] [0.0, 0.0] 0.26090824604034424
barrier [1274.7932530221683, 1062.4635851458522, 0.35001763460076146] [-0.31436887384851897, 0.01909870274137338, -0.0009237192135386294, -0.9491083170279488] [1.9017207622528076, 0.4596220850944519, 0.9634164571762085] [0.0, 0.0] 0.253680944442749
barrier [1330.067489508073, 1046.1586316467085, 0.9969310536578042] [0.23469345011529114, 0.015725698320781585, -0.010877321173550543, -0.9718813563235962] [3.0405330657958984, 0.42137306928634644, 0.8761030435562134] [0.0, 0.0] 0.19803225994110107
barrier [1276.3771600652447, 1073.0198159482404, 0.44421126147837803] [0.5092409312554815, 0.011846974261072563, -0.015008760923083817, -0.8604115644448658] [2.3344027996063232, 0.5685838460922241, 1.0891823768615723] [0.0, 0.0] 0.19090479612350464
barrier [1331.3314234464397, 1043.4738139407766, 0.8106140760350133] [0.22207739055919834, 0.015865356083841754, -0.01067259012244493, -0.9748415352757743] [3.1241259574890137, 0.413787841796875, 0.8428599238395691] [0.0, 0.0] 0.18426506221294403
barrier [1341.8263232901656, 1031.040894258187, -0.09597825903735284] [0.42110494747823424, 0.013281525102631317, -0.013755536868366051, -0.9068103492493703] [3.134495496749878, 0.4011857211589813, 0.8107123374938965] [0.0, 0.0] 0.18157869577407837
barrier [1274.6352924134824, 1064.1073441103317, 0.3194957998380266] [0.824628576491705, -0.015763627412797878, -0.010822280461126975, 0.565351304172614] [2.06013560295105, 0.50189608335495, 1.024592638015747] [0.0, 0.0] 0.169410839676857
barrier [1277.6310196801517, 1071.0127142945516, 0.4734789272432405] [0.6302031469534792, 0.009511690550269987, -0.016587388174896862, -0.7761948079357028] [2.0649847984313965, 0.5480918288230896, 1.062008261680603] [0.0, 0.0] 0.14821800589561462
barrier [1278.6822198006423, 1070.2103614623657, 0.6010279131595129] [0.5235265763479136, 0.01159489382040672, -0.015204346118209016, -0.8517947582333689] [2.5524771213531494, 0.6359981298446655, 1.0574318170547485] [0.0, 0.0] 0.1462678611278534
barrier [1274.8520670091257, 1074.3089424143016, 0.4453317118336346] [0.5902016864276571, 0.010337207787391705, -0.016085889429841668, -0.8070293400083797] [2.310940742492676, 0.578175961971283, 1.059277057647705] [0.0, 0.0] 0.14295093715190887
barrier [1333.1700479419324, 1040.4148955584737, 0.5399972801175275] [0.2920533880037355, 0.015051268025483306, -0.011792923064866803, -0.9562108579450199] [3.2734246253967285, 0.41608959436416626, 0.8773499727249146] [0.0, 0.0] 0.13756205141544342
barrier [1277.360863898349, 1071.3553022514495, 0.394789109603627] [0.18724321522531928, 0.016235130885633307, -0.010101199370132197, -0.9821274686355617] [2.083865165710449, 0.5962493419647217, 1.058281421661377] [0.0, 0.0] 0.13395410776138306
barrier [1277.6736102191928, 1071.9376509889762, 0.47459288642353054] [-0.29442838216201234, 0.019075176200231022, -0.0013233882721799782, -0.9554822416318743] [2.0779848098754883, 0.5624145269393921, 1.0777919292449951] [0.0, 0.0] 0.1218414455652237
barrier [1277.2881910179224, 1072.371424989443, 0.4885679350307941] [0.16718265365916063, 0.016437680003021756, -0.009768130819510066, -0.9857405067318137] [2.1602587699890137, 0.5583478808403015, 1.0705513954162598] [0.0, 0.0] 0.12137825787067413
barrier [1326.1619875220863, 1060.6440672420085, 1.5630215138409758] [0.6396947480679223, 0.009307118332891962, -0.016703031219702305, -0.7683911865649742] [2.0533156394958496, 0.48356902599334717, 0.9509164094924927] [0.0, 0.0] 0.11927932500839233
barrier [1277.9160597110395, 1072.2373693066977, 0.4548315017294062] [0.2248627346415108, 0.015834787331917167, -0.01071789222476878, -0.9742028212163795] [2.078726053237915, 0.5370286703109741, 1.0885288715362549] [0.0, 0.0] 0.11637219041585922
barrier [1274.3424461469351, 1033.0531303150474, -0.22142974990281755] [0.937811690382466, -0.0002705552655881769, -0.0191191135630569, -0.34661739667592095] [2.8296821117401123, 0.6041579246520996, 0.9405655860900879] [0.0, 0.0] 0.11473429203033447
barrier [1269.6161421139013, 1027.5878287005135, -0.25926389254118865] [0.9401392805741767, -0.0004001249104176874, -0.019116840838508512, -0.3402536104406251] [3.02083158493042, 0.5665804147720337, 0.9391177892684937] [0.0, 0.0] 0.10904275625944138
barrier [1294.6294423344336, 1072.1236539702406, 0.9968270597019712] [0.9237313058003935, 0.00046774616745157496, -0.019115305833588902, -0.38256353848832925] [2.187385320663452, 0.5378894805908203, 1.0665678977966309] [0.0, 0.0] 0.10576054453849792
barrier [1281.1136503823623, 1071.1966487226184, 0.6144901568475865] [0.6571439108045402, 0.008921712348505051, -0.01691202981192193, -0.7535225721827622] [1.9907234907150269, 0.4974591135978699, 1.005617618560791] [0.0, 0.0] 0.10572251677513123
barrier [1273.141754652059, 1062.3631860515925, 0.252325650694561] [0.8126007517445555, -0.015986943609525885, -0.010489582337473836, 0.5825069995807728] [2.1503801345825195, 0.5143260359764099, 1.0361262559890747] [0.0, 0.0] 0.10440848767757416
barrier [1263.3392033796877, 1061.4512326691304, -0.04545186966373943] [0.9369321276391287, -0.012676098238733505, -0.014315384627413299, 0.34898792886578023] [2.262500524520874, 0.5658325552940369, 1.003942847251892] [0.0, 0.0] 0.1038103848695755
barrier [1278.9662779430882, 1070.5535523482254, 0.5975462612218174] [0.47089972679280767, 0.012495720767354548, -0.014473101467657432, -0.8819794972689958] [2.655207872390747, 0.6285521984100342, 1.0127382278442383] [0.0, 0.0] 0.10242149233818054
bicycle [1338.5545788836632, 1033.6600443403895, 0.5361455112098579] [0.6887405711734109, -0.017672506591366786, -0.0073004256291603325, 0.7247556911926495] [0.4857623875141144, 1.5596320629119873, 1.1165698766708374] [0.0, 0.0] 0.373993456363678
bicycle [1338.902416804836, 1033.3441641063891, 0.5745918760189275] [0.9992906766908637, -0.007457252654171337, -0.017606904510465725, 0.032442715285976365] [0.5094662308692932, 1.6501543521881104, 1.143344759941101] [0.002596928330035208, -0.0002501539553233529] 0.3310711979866028
bicycle [1327.6637018391382, 1023.9455648398168, 0.009594608679813432] [-0.04675373682065187, 0.01814191314178975, -0.006040255884030069, -0.9987234223696351] [0.5622122883796692, 1.708662986755371, 1.093867301940918] [0.0, 0.0] 0.2681748867034912
motorcycle [1263.4709498575633, 1061.3665836466532, 0.16835249054372392] [0.9838304443837549, -0.003594528011134212, -0.01878012438632862, -0.178078755049767] [0.7118780016899109, 1.9552363157272339, 1.64743173122406] [0.6348751490959539, -0.3456802394509032] 0.24216052889823914
bicycle [1316.31283839773, 1049.1896714090797, 1.3231710747149132] [0.9967668907042984, -0.008253457058084735, -0.01724801873199223, 0.07803942524196783] [0.6414197087287903, 1.6261788606643677, 1.6943037509918213] [1.2159140731230338, 0.14051687219461895] 0.2327563464641571
motorcycle [1299.852206107875, 1071.2663069125745, 1.032368523456506] [0.9426816920115043, -0.012432991256436278, -0.014527024196516731, 0.3331450342459555] [0.6928466558456421, 1.9786591529846191, 1.2575969696044922] [0.0, 0.0] 0.19434142112731934
motorcycle [1291.261455611552, 1025.7788122210834, 1.5363005733319923] [0.9241706475396534, 0.0004457630315896719, -0.01911583110692474, -0.38150098364558516] [0.6921253204345703, 2.0221574306488037, 1.4234464168548584] [0.0, 0.0] 0.18962089717388153
bicycle [1338.2796413652802, 1033.3620663517877, 0.5425291915318557] [0.6011564500264279, -0.018392635206426432, -0.005227300809416514, 0.7989025653282347] [0.5419687628746033, 1.6469110250473022, 1.1399469375610352] [0.0, 0.0] 0.1879269778728485
bicycle [1327.4024700763937, 1051.7962481657873, 2.497015834073557] [0.6107925013818806, -0.018327946546526457, -0.0054497778832235475, 0.7915597934155554] [0.5617474317550659, 1.742490291595459, 1.1819431781768799] [-0.00013902887691302114, -0.0005487312580594671] 0.1832437515258789
bicycle [1332.5665771455494, 1039.6018036205514, 0.8536858124429804] [0.7355814386320797, 0.007019392692584489, -0.017786000950637974, -0.6771664001088444] [0.4891520142555237, 1.5222340822219849, 1.0498015880584717] [0.0012824703939758608, -0.005472365816641952] 0.18058481812477112
bicycle [1264.4390214707148, 1047.2316554205295, 0.7779605762956192] [0.9477479648187768, -0.0008415987588239662, -0.019102497614656298, -0.3184465127431572] [0.6359620690345764, 1.8962986469268799, 1.8108184337615967] [1.1500854428871587, -0.8550831515187856] 0.1686219573020935
bicycle [1280.9977919821438, 1072.9918160318948, 1.1155826209208248] [0.4473292940706338, 0.012875385069778193, -0.014136412659997459, -0.894164911502727] [0.683323323726654, 1.8950471878051758, 1.3378735780715942] [0.0, 0.0] 0.1558918058872223
motorcycle [1340.6170199957521, 1022.8024104853992, -0.08854445312762463] [0.9434021685606638, -0.012401448392829199, -0.0145539610192139, 0.331099282166918] [0.7330999374389648, 1.9771190881729126, 1.2601064443588257] [0.0, 0.0] 0.14534758031368256
bicycle [1279.638114927774, 1069.5819751685597, 0.0034386082588802602] [0.937760792606664, -0.012641961633981276, -0.014345539712180541, 0.346755075155552] [0.6154955625534058, 1.695846438407898, 1.1097558736801147] [0.0, 0.0] 0.13279803097248077
bicycle [1300.0100433362088, 1058.2832983740811, 1.2735029214767997] [0.13883579446290123, 0.016711134424953034, -0.00929256099360953, -0.9901308037185119] [0.5364460349082947, 1.6597858667373657, 1.060922622680664] [0.0, 0.0] 0.1312587857246399
motorcycle [1267.514441558788, 1027.1029859991334, 1.4396945810211563] [0.9992595454062961, -0.0062824323285644666, -0.01805947805518785, -0.03338783028011372] [0.7427078485488892, 1.9758520126342773, 1.324552059173584] [-0.0012545984253693606, 0.0011799486742585263] 0.1279677152633667
bicycle [1324.0365736002225, 1060.9074046120954, 1.5293864475986483] [-0.21340517180557583, 0.01889742543375724, -0.002915650110076401, -0.9767766474189706] [0.5229753255844116, 1.5726189613342285, 1.0235354900360107] [-0.004412368719877342, -0.00886079497374437] 0.11679758131504059
motorcycle [1327.760248681081, 1062.4885665371871, 2.214291103146053] [0.7815039510952606, -0.016506242064706685, -0.009651822443979746, 0.6236072166988671] [0.6178604364395142, 1.8699438571929932, 1.1958342790603638] [0.0, 0.0] 0.10276676714420319
motorcycle [1333.2351748189342, 1057.547613846826, 2.1806259931573746] [0.9279602366586199, 0.0002535145754658276, -0.019119347110945758, -0.37218837364550983] [0.6168975830078125, 1.7781425714492798, 1.3438198566436768] [0.0, 0.0] 0.10025539994239807
motorcycle [1320.1271913981975, 1005.7844599502482, 1.2695775609450526] [0.2761893357291823, 0.015244364609687873, -0.011542229041034469, -0.9609130226643223] [0.6501882076263428, 1.7968696355819702, 1.1937124729156494] [0.0, 0.0] 0.10021886229515076
pedestrian [1320.1105494767548, 1050.0718215296613, 1.5006488811213696] [0.9798865775004084, -0.010289073643048766, -0.01611672011163322, 0.1986370598124817] [0.7255181670188904, 0.8811835050582886, 1.7931654453277588] [1.1827275186813921, 0.5582469849147639] 0.8874209523200989
pedestrian [1320.2974871107958, 1051.3047148170072, 1.4976365645044367] [0.9748479185613498, -0.010672134063107137, -0.015865662864433742, 0.22204936832383715] [0.6836605072021484, 0.829307496547699, 1.7453970909118652] [1.2904369695072024, 0.5836084931491886] 0.8686883449554443
pedestrian [1313.4736994868813, 1047.3482679988667, 1.2775092426729424] [0.9435537334812321, -0.012394780479968337, -0.014559640120627965, 0.3306671110498284] [0.6773782968521118, 0.8463584780693054, 1.6798427104949951] [0.9383893998085325, 0.6946850942463555] 0.8590241074562073
pedestrian [1314.1221045916038, 1049.1150927492301, 1.4651654643952403] [0.9574839306410818, -0.011726725311804215, -0.015102900948171972, 0.28785223441987595] [0.7072837352752686, 0.8875668048858643, 1.781256914138794] [1.1970505210506017, 0.8487551372039558] 0.7738689184188843
pedestrian [1311.5545140709512, 1049.1597522068178, 1.412294258911238] [0.8744187348221375, -0.014668991631550126, -0.012265169713555374, 0.4847950726734585] [0.7276579737663269, 0.9030205011367798, 1.7529429197311401] [0.5870048970391744, 0.8887692620655857] 0.7624737024307251
pedestrian [1313.1645273227466, 1047.7060100575616, 1.28180652202402] [0.937649032252248, -0.012646582581469378, -0.014341466194182483, 0.3470571690843372] [0.6658607721328735, 0.8163729310035706, 1.691788911819458] [0.8247416416376321, 0.8221335450810505] 0.679893970489502
pedestrian [1316.1376602375087, 1049.1108229153372, 1.429479777653568] [0.9955501066009298, -0.008499055759636607, -0.017128331932310028, 0.09227335229246197] [0.6757450699806213, 0.8509834408760071, 1.6774415969848633] [1.2178190559159483, 0.19833075487804186] 0.6773769855499268
pedestrian [1264.4017286803025, 1047.2538178830205, 0.743956524100132] [0.954414169866514, -0.0012545849221180959, -0.019079824953651896, -0.2978724200969684] [0.6967422366142273, 0.7605865597724915, 1.8715705871582031] [1.1501469437988232, -0.860844634923134] 0.45156624913215637
traffic_cone [1299.8829317285642, 1058.2328565611483, 1.4399830462032723] [0.5885817434390326, -0.018472179299453592, -0.004938855689088509, 0.8082115549697865] [0.3973868191242218, 0.3990531861782074, 1.2749218940734863] [0.0, 0.0] 0.32512184977531433
pedestrian [1255.5509727260344, 1023.8581917837067, 0.18702487284456437] [0.7581815397134728, -0.016848089601293886, -0.009041879250220966, 0.6517631004698863] [0.6745908260345459, 0.7014576196670532, 1.7851638793945312] [0.19727893790112755, 1.471854455768357] 0.2749553918838501
traffic_cone [1279.324937039935, 1059.3566239636402, 0.9984211292915652] [0.9948347598350264, -0.0050689460637458085, -0.018436905634938838, -0.09969045551303723] [0.43768444657325745, 0.4423597753047943, 1.417260766029358] [6.757987814394929e-06, 1.0983173086130286e-05] 0.24394342303276062
traffic_cone [1284.052676455324, 1070.9408879945288, 1.0689565168781225] [0.49697942042063614, 0.01205877287184186, -0.014839127346786083, -0.8675516364890219] [0.49794089794158936, 0.5056797862052917, 1.3589850664138794] [0.0, 0.0] 0.23126588761806488
traffic_cone [1328.3150450986845, 1048.5311981960613, 1.1246035597870194] [0.07528145178921569, 0.017270786897942772, -0.008205706765090493, -0.9969789813797078] [0.3596983551979065, 0.37860286235809326, 0.8772894740104675] [-1.3824948144313623e-05, 8.049517201585774e-05] 0.2245592474937439
pedestrian [1300.5665997421784, 1080.6694073339293, 2.1254835530850884] [0.9960613083395661, -0.005311300429767764, -0.01836855441599998, -0.0865809235645092] [0.6313740611076355, 0.6646231412887573, 1.689781904220581] [0.22986884092793508, -0.05608621303303692] 0.21920153498649597
traffic_cone [1279.6538331215725, 1069.6063095812578, 0.5775100469339989] [0.45586902210683156, 0.012739461044088272, -0.0142590264707995, -0.8898414583395025] [0.43079572916030884, 0.4434725046157837, 1.0839968919754028] [0.0, 0.0] 0.21375378966331482
pedestrian [1263.5805263910618, 1061.3587555278555, 0.20089250517744933] [0.9620884469238469, -0.0017678598838270342, -0.019039127475279916, -0.27206654809452724] [0.6897160410881042, 0.7422114014625549, 1.8026793003082275] [0.7775381951733864, -0.4295618919516512] 0.1994943469762802
traffic_cone [1365.9232787645624, 1016.6616317758197, -0.022610534210641436] [0.0046852919675755555, 0.01780716456769209, -0.006965528956793937, -0.9998061983882625] [0.5680742859840393, 0.5708421468734741, 1.354814887046814] [-0.006593861789249325, -0.0024814673360304446] 0.19642236828804016
traffic_cone [1288.0309930492515, 1069.97196245047, 1.463084018372225] [0.8473129483939618, 0.0036378191769066565, -0.018771786681744864, -0.5307496149601456] [0.40373918414115906, 0.41145288944244385, 1.3381470441818237] [0.0, 0.0] 0.18889304995536804
pedestrian [1313.850701179075, 1048.6277482228975, 1.400049220520493] [0.9469655978952911, -0.01224159307907275, -0.014688672590646223, 0.32076555722088557] [0.6940573453903198, 0.8805396556854248, 1.7809064388275146] [1.0864487920912127, 0.8312806125900855] 0.1841418743133545
traffic_cone [1280.9481913427198, 1073.1100483306361, 1.2770995642724843] [0.6883764090883217, 0.008199618731296624, -0.017273678133222614, -0.7251015830261849] [0.5373173952102661, 0.5455024838447571, 1.5532851219177246] [0.00044584325116660744, -0.0008873244586207362] 0.18074515461921692
traffic_cone [1283.7397570130206, 1070.705516164473, 0.8678408824720765] [0.5562101524558998, 0.010995704055762903, -0.01564315172549582, -0.8308216731654249] [0.46959829330444336, 0.47931721806526184, 1.0949599742889404] [-0.00014622600312176202, 0.00021269351551242438] 0.17181146144866943
traffic_cone [1347.9344844430004, 1043.2455370847717, 1.3619803270650124] [0.4899638411591317, 0.012178102434827604, -0.014741354234793008, -0.8715330290086549] [0.3297565281391144, 0.3281773030757904, 1.3198879957199097] [0.0, 0.0] 0.15516731142997742
traffic_cone [1328.219684368615, 1054.038802293883, 1.487969222189184] [0.08293328136963712, 0.017207280729624633, -0.008338056936762456, -0.9963716460928] [0.38007062673568726, 0.38792333006858826, 1.1250033378601074] [-0.00015135580121094613, -0.001481425036194202] 0.13869711756706238
pedestrian [1291.8117132971522, 1073.9875582683258, 1.6573923331909421] [0.6256048260998283, 0.009609555975399173, -0.016530884354579264, -0.7799057557532287] [0.6781576871871948, 0.6547269821166992, 1.7632842063903809] [4.341885419734085e-06, -8.717868604230728e-06] 0.13342732191085815
traffic_cone [1283.407057441952, 1070.8660182652206, 0.8861272771738634] [0.5034622820575212, 0.011947309595761884, -0.014929015272676885, -0.8638056013026567] [0.4884430170059204, 0.4994319975376129, 1.1639891862869263] [2.2219112213035164e-05, -1.2447600483543717e-05] 0.12390519678592682
pedestrian [1349.8675843797896, 1046.7684086334014, 1.8963648729708908] [0.5263597331022483, 0.011544206539979701, -0.015242867149952249, -0.850046950270949] [0.5516799688339233, 0.5660119652748108, 1.6580866575241089] [-0.0016020340079474274, -0.005142121024860017] 0.11792239546775818
traffic_cone [1338.7782077305387, 1070.1907531296474, 0.9164943854165892] [0.28106900455231487, 0.015185511653369035, -0.01161954988001673, -0.959497056262489] [0.379753977060318, 0.3923152685165405, 0.9363188743591309] [0.0, 0.0] 0.11710253357887268
pedestrian [1319.1380758384273, 1080.8768947206684, 2.860563159762574] [0.5339236925927473, 0.011407735845192182, -0.015345268537080771, -0.8453164358892691] [0.6244299411773682, 0.6449398398399353, 1.762905478477478] [-0.011683958872691972, -0.011178102031662569] 0.11605273932218552
traffic_cone [1272.7386107923198, 1062.7165918207534, 0.29988563053374395] [0.3638147328813372, -0.01912085499785034, -8.128800640500033e-05, 0.9312750541246623] [0.41307923197746277, 0.41656768321990967, 1.1136125326156616] [0.0007170004875330433, 0.0003990617459872557] 0.11390641331672668
pedestrian [1268.2080819334008, 1027.0250128655484, 0.991406894768166] [0.9489701394160271, -0.012148693712945698, -0.014765600043948002, 0.31478573791253234] [0.6407254934310913, 0.6524448394775391, 1.7169268131256104] [0.053194341494998694, 0.07245875387927066] 0.11288245022296906
pedestrian [1320.6801833230368, 1051.040407526986, 1.46850271088599] [0.9815250712031498, -0.010152946080695505, -0.016202820417177174, 0.1903757361011717] [0.7297838926315308, 0.8885844945907593, 1.7641448974609375] [1.0902166065236818, 0.4624753506207579] 0.1102997213602066
traffic_cone [1277.4400531741787, 1070.7243657799388, 0.5282882835469008] [0.23245145291935676, 0.01575074200606069, -0.010841025313470996, -0.9724200267025004] [0.45821666717529297, 0.47211703658103943, 1.0617048740386963] [0.0, 0.0] 0.10906053334474564
pedestrian [1304.2167315922434, 1062.1128009605106, 1.7209755523885706] [0.8153007538791559, 0.0047141313859988005, -0.018530803243905658, -0.5787219254706802] [0.5608415603637695, 0.5499869585037231, 1.5958449840545654] [0.0, 0.0] 0.1083037406206131
traffic_cone [1327.848460692103, 1049.7742346728714, 1.3277093397353321] [0.35588052550473875, 0.014221615606657278, -0.012781210941271793, -0.9343358271322375] [0.3624413013458252, 0.39120060205459595, 0.9170865416526794] [0.00013399867961621376, 7.789411097754276e-05] 0.10283707082271576
pedestrian [1320.6995658318858, 1051.6922509271665, 1.4543728662251985] [0.9720149353715261, -0.01086835833432586, -0.01573189405969584, 0.23413959876769957] [0.755730926990509, 0.9374596476554871, 1.7392739057540894] [0.8721918993431476, 0.48948621912212886] 0.10126792639493942
