car [349.17485348634085, 634.6545482061085, 1.697909483858076] [-0.39766844693543, -0.023741377312303833, 0.019011809870634368, 0.9170249202724652] [1.8281991481781006, 4.298736095428467, 1.6050142049789429] [0.0, 0.0] 0.7907876968383789
car [345.70825796757396, 655.772996341668, 1.1005091846427595] [-0.1422741325341689, 0.030184873710671127, -0.00373835663268776, -0.9893598785580543] [2.0171761512756348, 4.6668381690979, 1.7316464185714722] [-3.1561966810211994, 0.9137694213097758] 0.5916604399681091
car [330.863370828507, 641.1562987713061, 1.2599924094512418] [-0.33186171270599957, 0.03033582289533982, 0.0021999455686225154, -0.9428375797180546] [1.8966444730758667, 4.744951248168945, 1.6601721048355103] [0.0, 0.0] 0.520973265171051
car [348.0453791949401, 646.2379030851598, 1.5564316118795711] [-0.1964832272914221, 0.03034481453975818, -0.00207223111404256, -0.9800353256295947] [2.1724965572357178, 5.411701202392578, 1.9409611225128174] [0.0, 0.0] 0.40058010816574097
car [345.5548023813287, 628.0334676209311, 1.7559906990635792] [-0.27329889025978077, 0.030413679199858663, 0.00033170584922528456, -0.9614481861606119] [1.8509433269500732, 4.307751178741455, 1.5951542854309082] [0.0, 0.0] 0.3307066857814789
car [360.68743998951874, 649.9754574161999, 1.8562917517224724] [0.08691785737337612, -0.02992963418392843, 0.005414693791762196, 0.995751065356387] [2.1649699211120605, 5.149382591247559, 2.0382204055786133] [-2.551454721456255, 0.40446434210030374] 0.266177773475647
car [286.35563387887834, 685.7033895278332, 0.24358781609741909] [-0.16419235093232198, 0.03026039346428305, -0.0030676536031796686, -0.9859593145683424] [1.9321978092193604, 4.55466890335083, 1.7366293668746948] [0.0, 0.0] 0.24593904614448547
car [354.4715433101845, 624.4908991465069, 2.0100845163148358] [-0.11946201324236105, -0.02817930717851814, 0.011446770644205372, 0.9923727754633539] [1.9658231735229492, 4.634462833404541, 1.7740888595581055] [0.0, 0.0] 0.22323240339756012
car [351.386973872331, 693.6302870707941, -0.48917141421555177] [-0.6229418452727762, 0.027933088906663475, 0.012035134206761451, -0.781676631029038] [2.0147366523742676, 4.605870723724365, 1.7503613233566284] [-0.0054828664759388555, 0.011760556468436384] 0.16380876302719116
car [363.9403753822841, 622.5290531283084, 2.5500732912123185] [-0.4114316570531591, -0.02345241134464543, 0.019367145204285327, 0.9109329775912439] [2.173586845397949, 5.362860679626465, 2.208876371383667] [0.09635764528552704, 0.1474499540252956] 0.14629307389259338
car [297.0966403741761, 688.3522058369678, 1.7425195130725912] [-0.35119951602811267, 0.030284109620264652, 0.00282393621566065, -0.9358064960398477] [2.0124528408050537, 4.759289741516113, 1.848411202430725] [-0.49489616526912894, 0.48660150796944973] 0.14463374018669128
car [352.3944235988483, 625.6528537573811, 1.8113590626592793] [-0.2054370971831827, 0.03036249556462353, -0.001794651590293183, -0.9781975757431142] [1.9404911994934082, 4.621465682983398, 1.752685546875] [-0.0019028340499791802, 0.0006637851700575731] 0.13172738254070282
car [374.34293463666467, 640.2388234536573, 1.6806957302988759] [-0.21107187503552607, 0.030372335322530256, -0.001619616713332622, -0.976997216811668] [1.917551875114441, 4.447751045227051, 1.688106894493103] [0.0, 0.0] 0.12968766689300537
car [372.8576708164241, 653.654393978165, 1.1992002359724763] [-0.15919724091251874, 0.030244470515281657, -0.003220856173843271, -0.9867781597576021] [1.9614633321762085, 4.604376316070557, 1.6265685558319092] [-0.41042507801299905, 0.0747675061514363] 0.1261361539363861
car [353.1294039245607, 699.8764077337933, -1.4704260339594852] [-0.24266969405766792, 0.030408900138168986, -0.0006330115553381793, -0.9696320527265566] [1.9542298316955566, 4.467014312744141, 1.696950912475586] [0.0, 0.0] 0.12406754493713379
car [361.87414801288355, 639.9642155092133, 1.170715011001942] [0.05067903592462701, -0.0297131224420451, 0.006498635701927087, 0.9982517384941078] [1.973946452140808, 4.675010681152344, 1.6481900215148926] [-0.05185412508427313, 0.054289765637500126] 0.11787314713001251
car [352.5707228431139, 690.9012293536865, -0.28433671341820277] [-0.8941185213198731, -0.005964087496184002, 0.029825015868900843, 0.44679633830361865] [1.9808251857757568, 4.622954368591309, 1.7180726528167725] [0.0015765285476972875, -0.028908603596508955] 0.11399591714143753
car [288.83337851171655, 686.21447374797, 0.4901757981363142] [-0.43567697585499493, -0.02292539039547338, 0.019988206184084208, 0.8995890566245258] [1.9815235137939453, 4.676431179046631, 1.8001691102981567] [0.0, 0.0] 0.10681480169296265
car [372.84574058110775, 639.3780550169118, 1.5700373782067554] [-0.5976017429312583, 0.028304010948215434, 0.011134849594207666, -0.8012159851964267] [1.9586206674575806, 4.475838661193848, 1.6938997507095337] [0.0, 0.0] 0.1050729751586914
car [321.9177530958253, 697.6964624827419, 1.887495667263222] [-0.02578331155454794, -0.02912936407244796, 0.008751117641598897, 0.9992047432503707] [1.9846231937408447, 4.5527849197387695, 1.776917576789856] [-0.1992868795618564, -0.023559684562677503] 0.10491631925106049
car [374.21513571214285, 642.1175032549484, 1.5725244541851797] [-0.1643447925248661, 0.030260867406154503, -0.003062974872482908, -0.9859339162736602] [1.9708597660064697, 4.569499969482422, 1.7130151987075806] [0.0013473411457348911, -0.00123629321642184] 0.1035519540309906
car [291.1973917425566, 684.9720075627095, -0.07409318425522027] [-0.6278139068089279, -0.017811682915521362, 0.02465453027253308, 0.7777689865931071] [1.8910341262817383, 4.406959533691406, 1.665518879890442] [0.0036397945819229495, -0.0028041215811103583] 0.1017688661813736
construction_vehicle [320.9933102700824, 668.3718072157568, 0.6879982631298299] [-0.167230094405652, 0.03026970364109289, -0.0029743827465095224, -0.9854486255578394] [2.2114317417144775, 5.026937961578369, 2.438387393951416] [-0.006961547440157859, 0.005125575104419623] 0.5272154211997986
truck [348.0896662689546, 646.2340642150112, 1.4867925148210952] [-0.1682925550205923, 0.03027289316672888, -0.002941742775659668, -0.9852677372234409] [2.1727819442749023, 5.691252708435059, 1.996192455291748] [-0.0003830589465088228, 0.0006769184020321788] 0.4829496741294861
truck [361.29331833852535, 649.8689892414789, 1.9769309158887773] [0.09933752271308091, -0.029994875963958362, 0.005040766523960246, 0.9945888369924459] [2.31013822555542, 6.021249771118164, 2.193521022796631] [-1.5099302828494354, 0.24769524855519903] 0.3022461533546448
truck [331.0495086397525, 640.9091220051224, 1.1969869209301325] [-0.34052219023166563, 0.030314298458293337, 0.0024789554703220714, -0.9397443993174887] [2.0236499309539795, 5.450138092041016, 1.8848248720169067] [0.0, 0.0] 0.28734758496284485
truck [325.71570472487144, 682.0291993395016, 1.1267782247498486] [-0.9939652429788906, 0.004857951655668086, 0.030025026510454866, 0.10539446778020715] [2.246023654937744, 5.769108295440674, 2.2460508346557617] [0.0, 0.0] 0.22564584016799927
construction_vehicle [321.9381907700168, 700.2858415626101, 1.4691792860413535] [-0.6687064135013404, 0.027160908837084757, 0.013688935034760624, -0.7429041867097886] [4.138556480407715, 7.9021711349487305, 3.617392063140869] [0.0, 0.0] 0.18398115038871765
truck [307.8728432636518, 675.5128751095101, 1.1703125546007116] [-0.41648460891548583, 0.030008661969464532, 0.00495803570426219, -0.9086338473913862] [2.427736520767212, 6.494771480560303, 2.9177329540252686] [0.0, 0.0] 0.14451853930950165
truck [296.9849763098633, 688.4126825171179, 1.7216095846551438] [-0.3415569941277746, 0.030311549814175665, 0.0025123413591852497, -0.9393687869261771] [2.1590943336486816, 5.103999137878418, 2.352642059326172] [-0.15381508317562892, 0.22086581025497834] 0.14036855101585388
truck [390.81298542299254, 679.3789586054393, 4.781796731357824] [-0.158856801186473, 0.030243357546871227, -0.003231290072777877, -0.9868330227579332] [2.9456870555877686, 10.132420539855957, 3.838944435119629] [0.0, 0.0] 0.13010947406291962
truck [363.6820539064164, 621.9802862137965, 2.437626490498077] [-0.35649031928805686, -0.024563434455348292, 0.017937101187207868, 0.9338038072007725] [2.5677120685577393, 6.461852073669434, 2.6192400455474854] [-0.18666982067736407, -0.1860133983421496] 0.12993307411670685
construction_vehicle [375.81787600932523, 614.383469722885, 4.956286889633754] [-0.16154345171779716, 0.030252044523753678, -0.003148922573698953, -0.9863967818762681] [2.969541311264038, 6.9499406814575195, 3.6973400115966797] [0.0, 0.0] 0.12351624667644501
truck [353.91414820068354, 624.6691149443991, 2.0105221266207822] [-0.5042611791816006, 0.029371607185013623, 0.007900038139881462, -0.8630153887730738] [2.277012825012207, 6.13029670715332, 2.259518623352051] [0.0, 0.0] 0.11907729506492615
truck [285.8074915498262, 685.8698219558559, 0.4445696766031748] [-0.13831219413432166, 0.030169665702850637, -0.003859168643706021, -0.9899215297398618] [2.3074378967285156, 6.066849231719971, 2.4900522232055664] [0.0003042648420456321, 0.000385678150576676] 0.11604903638362885
truck [289.09496668353586, 686.7480430436154, 0.8554560522857045] [-0.9993746964230718, 0.008524875086685205, 0.02919637676148771, -0.018030924492425826] [2.475759744644165, 6.589754104614258, 2.766754150390625] [0.0, 0.0] 0.10782027989625931
construction_vehicle [330.7432625445568, 665.8423786152605, 0.5030935597468593] [-0.07099751927835998, -0.028703270175309034, 0.010061023431318511, 0.9970126630816065] [0.752370297908783, 1.597192406654358, 1.1348848342895508] [-0.05342710920899803, 0.029537124516454762] 0.10086458921432495
trailer [393.7320931758752, 678.5010719959333, 4.3709254352106806] [-0.16494829098948943, 0.030262736704962094, -0.003044450421416933, -0.9858331295855325] [3.092637062072754, 14.128116607666016, 4.259621620178223] [-0.0031726033875689955, -0.0005759621457768822] 0.2214866280555725
trailer [298.9501874105148, 686.6647645014297, 1.6729637939283009] [-0.8590639349877077, -0.008128435367552452, 0.029309221240385222, 0.5109638477350367] [2.194746971130371, 3.614871025085449, 2.9645066261291504] [0.017049087222267327, -0.011211541299951713] 0.16437560319900513
trailer [321.9158157688433, 697.7892738502641, 1.8387760551664103] [-0.8441483629229427, 0.02246790296941525, 0.020501103565400254, -0.5352461484805605] [2.6462295055389404, 4.978221893310547, 2.8240740299224854] [0.0, 0.0] 0.1608261913061142
trailer [327.98792405197935, 625.9926754832809, 3.781768788338485] [-0.8924886169576143, 0.02035317967999579, 0.022601990800726647, -0.450043294239391] [3.162893295288086, 17.10974884033203, 4.2970757484436035] [0.017234321737219085, 0.03686266868112399] 0.1254105269908905
trailer [295.9756112094954, 689.3230540082549, 1.670569891527872] [-0.33346802889866534, 0.03033202966176384, 0.0022516411437447743, -0.9422706467842439] [2.7087955474853516, 7.540855884552002, 3.241269111633301] [-0.6267335259944541, 0.5727062340979058] 0.1110507994890213
trailer [299.24013901086175, 689.6092077809523, 1.6389062362387556] [-0.46946864964271784, -0.02215112384366314, 0.020842975404318453, 0.882425115854825] [2.8860936164855957, 9.493046760559082, 3.703324317932129] [0.0, 0.0] 0.10269057750701904
barrier [341.9732850824753, 665.6240283481948, 0.7515161453360415] [-0.588232623100671, -0.019019416541485198, 0.02373528398110722, 0.8081195946200427] [2.2753982543945312, 0.5482698082923889, 1.0232723951339722] [0.0, 0.0] 0.26773935556411743
barrier [348.72875981984765, 635.1583644043877, 1.5374046041097642] [-0.3450121012073645, 0.030302097633775366, 0.002623888380909329, -0.938105296919934] [3.450984239578247, 0.5359822511672974, 0.9665480852127075] [0.0, 0.0] 0.214972123503685
barrier [361.843012580387, 621.8176593506132, 2.32533845384167] [-0.1416844028549596, 0.03018264011470119, -0.003756347554308072, -0.9894445047987237] [1.9838502407073975, 0.5216420292854309, 1.1188243627548218] [0.0, 0.0] 0.1970985233783722
barrier [363.8073423615429, 623.6999733208676, 2.2497960895997795] [-0.4599925434798113, 0.02973339279775169, 0.006405252842545239, -0.887401689220689] [2.8848299980163574, 0.5931934118270874, 1.0242538452148438] [0.0, 0.0] 0.18157905340194702
barrier [311.7699780741651, 680.6318909543044, 0.20174337778210993] [-0.8466806648052625, -0.008822541324285484, 0.029107811250995853, 0.5312313525514819] [2.7726871967315674, 0.5391541719436646, 0.9245378971099854] [0.0, 0.0] 0.17705735564231873
barrier [317.49686631257634, 674.318360848027, -0.14951848606057372] [-0.7839380648240459, 0.0244772240912796, 0.018054567622283486, -0.620093548272104] [2.322983741760254, 0.37493568658828735, 0.9688702821731567] [0.0, 0.0] 0.15920138359069824
barrier [313.59722004858384, 678.1904394099937, -0.020001051631484135] [-0.5932179735404964, -0.018872297992419344, 0.02385242712445948, 0.8044671117934313] [3.1056909561157227, 0.5110974311828613, 0.8362094759941101] [0.0, 0.0] 0.1511119157075882
barrier [319.347927836369, 673.8535594696198, -0.02464415426588798] [-0.8211210349308982, 0.023302340330472654, 0.01954745114753208, -0.5699431060051249] [2.730654239654541, 0.3918946385383606, 0.9293828010559082] [0.0, 0.0] 0.1482166349887848
barrier [360.80872823336927, 620.2787997790286, 2.4383664450828935] [-0.29235248545128745, 0.030401080192194205, 0.0009360739234177762, -0.9558268265429744] [2.1664838790893555, 0.5368813872337341, 1.1115784645080566] [0.0, 0.0] 0.14324471354484558
barrier [362.5026259204485, 622.2964334311091, 2.2633717523920818] [-0.5578049743494494, -0.019888051835890284, 0.02301232942175274, 0.8294145577934885] [2.220182180404663, 0.5695944428443909, 1.1258147954940796] [0.0, 0.0] 0.13532939553260803
barrier [319.8788119690408, 673.7121797187805, -0.0027947659957771043] [-0.868545584294216, -0.007574356490000592, 0.029457274738249495, 0.49467511165589995] [2.2372307777404785, 0.3745782673358917, 0.9700460433959961] [0.0, 0.0] 0.13143400847911835
barrier [362.2265947685594, 621.7751263036479, 2.3772369984241934] [-0.30921774376273864, -0.02543196199801666, 0.016682842089217352, 0.9505047527661498] [2.2532663345336914, 0.6013525724411011, 1.142187237739563] [0.0, 0.0] 0.1235574334859848
barrier [311.32255550999065, 678.8600156536754, -0.03502968805373785] [-0.649924507228123, -0.01709519567633777, 0.02515663324115626, 0.7593899084087432] [2.615464687347412, 0.42198386788368225, 0.9053308963775635] [0.0, 0.0] 0.12071245908737183
barrier [313.0328734686355, 678.0010966357455, -0.22059039487840648] [-0.5626572902690736, -0.0197528154399242, 0.02312851472616903, 0.8261305416190721] [2.8512566089630127, 0.4756648540496826, 0.885862410068512] [0.0, 0.0] 0.11973889172077179
barrier [293.778736465839, 666.3497982496974, -0.552803576930895] [-0.9995077651738251, 0.008222320250537657, 0.029283021718052322, -0.007689307249932276] [2.7580699920654297, 0.5829563140869141, 0.9501901865005493] [0.0, 0.0] 0.119364894926548
barrier [361.4466709761026, 620.8281140249525, 2.5201570130129536] [-0.033571583851622316, -0.029060261828761588, 0.008977922570736938, 0.9989733964658176] [2.385432720184326, 0.605297327041626, 1.1346920728683472] [0.0, 0.0] 0.11930790543556213
barrier [369.73945108191725, 655.854603420572, 0.7736385975810467] [-0.5674747744929658, -0.0196173381042482, 0.023243535809896416, 0.8228288269153649] [3.019724130630493, 0.4912852942943573, 0.8862942457199097] [0.0, 0.0] 0.10851401090621948
barrier [315.8540345831133, 675.0385690354541, -0.16606185150204578] [-0.823411664530536, 0.023223360082441483, 0.019641218336029692, -0.5666287398321852] [2.1220664978027344, 0.43132275342941284, 0.9750567674636841] [0.0, 0.0] 0.10742028057575226
barrier [363.2332791514518, 622.8168631493039, 2.2215850723863104] [-0.8387459467380506, 0.0226720794657183, 0.020275076422605173, -0.543672819735592] [2.687778949737549, 0.65028977394104, 1.0870277881622314] [0.0, 0.0] 0.10733932256698608
barrier [315.8332428453258, 674.7632940619002, -0.1838261236273722] [-0.7944945613657474, 0.024162855764680174, 0.018473178192655103, -0.6065091013735961] [2.0780818462371826, 0.37923502922058105, 0.9756248593330383] [0.0, 0.0] 0.10496529191732407
barrier [312.1600215544297, 680.01149307032, 0.03861224284610326] [-0.7676336558918866, -0.01265319099025534, 0.027658609310781457, 0.6401667504883513] [2.8999977111816406, 0.5704438090324402, 0.907755434513092] [0.0, 0.0] 0.102826327085495
barrier [344.6455972128453, 633.9670524345665, 1.2183757653437597] [-0.9159122082957741, 0.0190779534781775, 0.023688258744087136, -0.4002245929269174] [2.7379560470581055, 0.5429683327674866, 0.893129825592041] [0.0, 0.0] 0.10267844796180725
barrier [319.38355666985774, 676.1429945688008, 0.05352231460379536] [-0.5830630753174796, -0.019170512126111722, 0.023613415171569927, 0.8118573447903771] [2.9135632514953613, 0.4445287883281708, 0.9081363677978516] [0.0, 0.0] 0.10114482045173645
bicycle [354.0607318147881, 666.369032193967, 1.1664364809540635] [-0.9895655330070422, 0.003782205845299158, 0.030179410699781906, 0.14083662156288354] [0.4653477370738983, 1.5086857080459595, 1.0913565158843994] [0.0, 0.0] 0.2301015853881836
bicycle [340.2139293427006, 666.2234904717252, 0.7754840708460078] [-0.9859991099601878, 0.0030749930863631625, 0.030259648523423808, 0.16395320444101055] [0.5327133536338806, 1.6072206497192383, 1.075250267982483] [0.0, 0.0] 0.19210264086723328
bicycle [291.3572113405727, 683.1304782740332, -0.9184880697841149] [-0.941182266676965, -0.002350175245223693, 0.03032455420214885, 0.3365276199386441] [0.7160625457763672, 1.8031303882598877, 1.331779956817627] [0.0, 0.0] 0.1600068062543869
bicycle [325.54695335792144, 651.5708375617568, 0.8060400509752921] [-0.30757252739067253, 0.03038226488915535, 0.0014212288512142303, -0.9510384001097286] [0.5281397700309753, 1.5821166038513184, 1.1027212142944336] [0.0, 0.0] 0.13945850729942322
motorcycle [345.43261120020924, 678.3684705888721, -0.06979911446083453] [-0.8508497303984358, 0.022206843607017877, 0.020783599501909552, -0.5245280110438976] [0.8095847368240356, 2.165231466293335, 1.4129772186279297] [0.0, 0.0] 0.13797055184841156
bicycle [318.8753424084215, 667.70188756659, 0.5178544123203703] [-0.1333728098935548, 0.030150041117500005, -0.004009604950039939, -0.990599107444508] [0.5808318257331848, 1.7114582061767578, 1.1514087915420532] [0.0, 0.0] 0.1303810030221939
motorcycle [322.92585408509467, 667.0731646460854, 0.689367798602517] [-0.5036824363109283, -0.021317466559625946, 0.021694873374176565, 0.8633532888920074] [0.6245115995407104, 1.760982871055603, 1.2059097290039062] [0.0, 0.0] 0.12754082679748535
bicycle [307.6066890865335, 674.885687600543, 1.6929914380798328] [-0.7897433687510913, 0.0243060996805032, 0.01828429461488105, -0.6126828784962379] [0.7362768650054932, 1.2976847887039185, 1.5963953733444214] [-0.006968401476848325, 0.015910405430883633] 0.1269129365682602
bicycle [344.6037882438775, 629.412489126581, 1.5640312945768127] [-0.25486580567923295, 0.030414461615467493, -0.0002498717342556667, -0.9664979664666831] [0.5335497856140137, 1.553161859512329, 1.0913199186325073] [0.0, 0.0] 0.12103316187858582
bicycle [349.8447033757408, 662.3115310199763, 0.9945207369758527] [-0.9781997340751057, 0.0017949705880072264, 0.030362476707780518, 0.2054268199241533] [0.5439066886901855, 1.6184872388839722, 1.1122721433639526] [0.0, 0.0] 0.12102054059505463
bicycle [308.78567697793414, 660.2787771779492, -0.010908747998432222] [-0.9575882026522089, -0.000751054643576421, 0.03040621364400191, 0.286530508375758] [0.6313143372535706, 1.7001597881317139, 1.1406574249267578] [0.0, 0.0] 0.11894209682941437
motorcycle [287.91484773366443, 684.6393848947378, 0.37820440561656776] [-0.34597116720966636, -0.0247635085399314, 0.0176598571918085, 0.9377520192184814] [0.7334247827529907, 1.9415571689605713, 1.4969909191131592] [-0.01024854116469582, -0.005200166054010457] 0.11850887537002563
motorcycle [354.2042879205852, 625.6914119092704, 2.537046727827886] [-0.8884301539006533, -0.00633861398789073, 0.029747670227344557, 0.4580030127944791] [0.6844993233680725, 1.894294261932373, 1.383967399597168] [0.0, 0.0] 0.11752329766750336
bicycle [338.00633230593166, 666.7926151165387, 0.4295973668986468] [-0.19922198667741953, 0.030350488564029172, -0.0019873990960700364, -0.979482260233977] [0.5357818603515625, 1.627751111984253, 1.0758850574493408] [0.0, 0.0] 0.10879658907651901
bicycle [345.22050598017506, 672.8887573134785, 0.43109325750499555] [-0.8399403877868448, 0.022627404778458367, 0.020324922244233188, -0.5418256574334988] [0.5603830814361572, 1.650994896888733, 1.245565414428711] [0.0, 0.0] 0.10628800094127655
motorcycle [351.40074805040655, 691.7139665297492, -0.5545240189588019] [-0.2964923681960442, 0.03039673764237199, 0.0010678258018663267, -0.9545507706194886] [0.7288875579833984, 1.823549747467041, 1.7334508895874023] [-0.23401822363443964, 0.1308605290463104] 0.1050550565123558
bicycle [348.2512983098426, 631.057506723101, 1.1968059414680734] [0.11599339327420723, -0.030075148521970546, 0.0045373287982841265, 0.9927841813835943] [0.6048014163970947, 1.7024693489074707, 1.1004440784454346] [0.0, 0.0] 0.10500095784664154
motorcycle [328.4590480117278, 664.3644830066568, 0.5869542773977465] [-0.3517288699681348, -0.024654487872885426, 0.017811741604011413, 0.9356076635640055] [0.5803589224815369, 1.672831416130066, 1.1742665767669678] [0.0, 0.0] 0.10236279666423798
bicycle [309.15826948852214, 673.2398376259838, 0.40381752103027824] [-0.402194145844002, -0.023647159914762777, 0.01912887187494239, 0.9150490517658448] [0.6192476749420166, 1.6825062036514282, 1.283585786819458] [-0.0006428575668278182, -1.1402109041903765e-05] 0.10144788026809692
bicycle [376.14954975316203, 653.9837994264741, 1.8267495197420969] [-0.2406182545067752, 0.03040749321587827, -0.0006973288812623655, -0.9701431614390069] [0.6950114965438843, 1.790292739868164, 1.7552151679992676] [-1.81250476621579, 0.7599299917348427] 0.10137342661619186
motorcycle [364.2404059237127, 615.6316949520426, 5.505955866315165] [-0.5063776377618987, 0.029352130782666984, 0.007972096948704203, -0.8617752526404071] [0.8038895130157471, 1.8468642234802246, 1.680672526359558] [0.0006049823175184493, 0.0014450673032429008] 0.10118238627910614
traffic_cone [324.25675424484416, 664.406067385279, 0.32029463081678344] [-0.08432277249333298, -0.028566172576608543, 0.010443931039878791, 0.995974180452383] [0.6217670440673828, 0.6249512434005737, 1.1066179275512695] [-5.6645898570775076e-05, -3.345095397985831e-06] 0.8067129850387573
traffic_cone [339.36930626789035, 659.9509702527773, 0.5829545521655113] [-0.13551828354689122, 0.03015865578928893, -0.00394428602227517, -0.9903078778406555] [0.5053179264068604, 0.510996401309967, 1.1544278860092163] [0.0, 0.0] 0.724645733833313
traffic_cone [339.9382897343166, 660.5839288909674, 0.593520472942771] [-0.4077683010841767, 0.030054744407635694, 0.004670572752245359, -0.9125787148074859] [0.452279657125473, 0.4559441804885864, 1.2134895324707031] [-5.946330589577176e-06, -6.016962066927834e-05] 0.6044032573699951
traffic_cone [340.5530926040671, 661.8862493178226, 0.5620906796921363] [-0.3920176729949595, 0.03013060491737446, 0.0041531383982978225, -0.9194547526378746] [0.4598017930984497, 0.5100443363189697, 1.1711902618408203] [0.0, 0.0] 0.5220195055007935
pedestrian [309.11650145135656, 673.1934854561788, 0.4303262437010698] [-0.39007045704170507, -0.02389780525407393, 0.018814803089075426, 0.9202825308740972] [0.5506948232650757, 0.5566325187683105, 1.6515767574310303] [0.004595531197841995, -0.0024348735881489793] 0.3004184365272522
traffic_cone [339.60668706509733, 660.7513339095605, 0.5968843240043469] [-0.42890537300406373, 0.0299378517990257, 0.00536907262959806, -0.9028372384306061] [0.4447006583213806, 0.44294679164886475, 1.2456530332565308] [0.0, 0.0] 0.27301904559135437
traffic_cone [342.0304199379619, 663.2028798811327, 0.6375252739982455] [-0.0651794320144897, -0.02876148076268891, 0.009893388478160603, 0.9974099155969056] [0.47780394554138184, 0.5146390199661255, 1.1450201272964478] [0.0, 0.0] 0.26771241426467896
traffic_cone [318.84138929291277, 667.664574739191, 0.38768673669007064] [0.017704638733288994, -0.029482450693138037, 0.0074757616581195285, 0.9993805300565356] [0.4261699616909027, 0.42034950852394104, 1.2595454454421997] [0.0, 0.0] 0.2578766644001007
traffic_cone [340.259286846197, 638.3989803184752, 1.3386929776812306] [-0.9229389022272612, 0.018650287299275148, 0.02402641660541209, -0.38374298800668216] [0.39229047298431396, 0.38578516244888306, 1.2522417306900024] [0.0, 0.0] 0.24015803635120392
pedestrian [307.60706753328213, 674.8598366660339, 1.5213146076457948] [-0.21982079218440592, 0.030385632723209342, -0.0013473066661141946, -0.9750660066950229] [0.6472162008285522, 0.6956554651260376, 1.8316442966461182] [-0.1550961129333672, 0.08683983782748368] 0.23924992978572845
traffic_cone [339.504149937556, 638.9548344162199, 1.2657643284739957] [-0.9574681879218275, 0.01608424540317632, 0.025814704357259785, -0.28693129352939195] [0.4217536449432373, 0.41745051741600037, 1.2433477640151978] [0.0, 0.0] 0.2268849015235901
traffic_cone [323.87305682926717, 664.4640733547249, 0.33636753092802474] [-0.20787823271003075, -0.027040617819365096, 0.013925045751786973, 0.9776817163341619] [0.6019641160964966, 0.6240155696868896, 1.1227002143859863] [0.00035890104784796936, -0.0008418240439124142] 0.22648660838603973
pedestrian [354.0219629967781, 698.4669835418772, -1.1122715467391457] [-0.12310247653289111, -0.02813711637739121, 0.011550090614686502, 0.9919277586398252] [0.6526055932044983, 0.6554485559463501, 1.8018603324890137] [-0.1317197601406342, 0.032622884685102396] 0.2232879400253296
traffic_cone [338.2943990073058, 639.8399056257538, 1.2663848697876294] [-0.998064204734138, 0.009577659109804838, 0.028868154724864183, -0.05424703970882472] [0.44872936606407166, 0.4381070137023926, 1.302664041519165] [0.0, 0.0] 0.22067400813102722
pedestrian [351.3515269137529, 691.6622622509182, -0.508182497083211] [-0.24111725273398094, 0.030407847890693104, -0.0006816875375101569, -0.9700192619338938] [0.6411305069923401, 0.6643904447555542, 1.6955795288085938] [-0.09178397362806272, 0.2074656507505064] 0.2026599794626236
pedestrian [321.1833764989808, 676.3249093894178, 1.243893488140937] [-0.603612243116668, -0.018561035222157005, 0.024095432818776522, 0.7966976578655312] [0.5860669612884521, 0.5469738245010376, 1.7585656642913818] [0.0, 0.0] 0.20065349340438843
traffic_cone [325.20932736451215, 652.1254194234546, 0.6960386885820374] [-0.7573158056701135, 0.025210960139847395, 0.01701497575870596, -0.6523401479067381] [0.36908572912216187, 0.36584270000457764, 0.9810284376144409] [0.0, 0.0] 0.19458352029323578
pedestrian [288.13075634808473, 684.6868896916171, 0.2773303279511824] [-0.5767800783527679, -0.019352181319940067, 0.023464760586941615, 0.8163330443539165] [0.6553270816802979, 0.6823453903198242, 1.770000696182251] [0.0460458389335446, 0.027268741257746275] 0.19227637350559235
traffic_cone [337.7221686076285, 666.8589594939017, 0.46441048575014854] [-0.5009744136048889, -0.02138534859979071, 0.021627962837672786, 0.8649274738392785] [0.38406482338905334, 0.4198354482650757, 0.7704758644104004] [-0.00010753397070057672, -9.852211100411126e-06] 0.18282225728034973
traffic_cone [339.5511196307447, 651.4725537748701, 1.0401107530658986] [0.09768578680324666, -0.029986463988409727, 0.00509056860420644, 0.994752424045998] [0.34499073028564453, 0.3443790674209595, 1.1094441413879395] [0.0003036283235055825, -0.00027693714605531004] 0.1623496413230896
traffic_cone [318.5137392499759, 668.1593178036642, 0.40111215725294114] [-0.1608542310713993, 0.030249837032986476, -0.003170058472660335, -0.9865094091974931] [0.4472086429595947, 0.44117146730422974, 1.3253334760665894] [0.0, 0.0] 0.16048076748847961
traffic_cone [312.3189585407418, 678.5733709038687, -0.11190603108053485] [-0.570944012244095, -0.019519020177535082, 0.023326160475982842, 0.8204253975660265] [0.3962010443210602, 0.39862391352653503, 1.0905203819274902] [0.00010881241108868722, -0.00031880606348104104] 0.1601228415966034
traffic_cone [321.6762154265853, 666.1315196966827, 0.4446771142173583] [0.11398737741004418, -0.030065920113843677, 0.004598082094775582, 0.9930165033270789] [0.38286787271499634, 0.3780817985534668, 1.3120347261428833] [0.0, 0.0] 0.15764358639717102
pedestrian [340.42544039721787, 687.4796236650129, 0.7853741867836003] [-0.8085719830932734, -0.010782668717045595, 0.02844004160652322, 0.5876106246872747] [0.4887181520462036, 0.49136120080947876, 1.55084228515625] [-0.0002508796486113675, 0.00018247128952099954] 0.15446589887142181
traffic_cone [322.9860132682871, 668.8246946739383, -0.003469453851775328] [0.06978487695212582, -0.029832114338090625, 0.005928479177783576, 0.9970982745133674] [0.39938274025917053, 0.39302024245262146, 0.8950587511062622] [0.0, 0.0] 0.1537059098482132
traffic_cone [339.6455699333852, 661.2693971520708, 0.6102219554422584] [-0.5212626060376762, 0.029209303384299935, 0.00848047799633075, -0.8528541455815106] [0.4658294916152954, 0.47812914848327637, 1.302269458770752] [0.0, 0.0] 0.152755007147789
pedestrian [287.3678519649477, 684.5278630762947, 0.24385481604146353] [0.06800086465745725, -0.02982145999894124, 0.005981842088677464, 0.9972215303003623] [0.6735965609550476, 0.7020746469497681, 1.6904590129852295] [-0.08891103774674017, 0.0029526573344713677] 0.14902779459953308
pedestrian [376.1525915876176, 653.9444917016749, 1.6601252167738842] [0.1084010607608878, -0.030039586024833045, 0.00476709373717162, 0.9936418409641737] [0.6934211254119873, 0.7431598901748657, 1.8524351119995117] [-0.5557930973143159, 0.15776094432840085] 0.14891274273395538
traffic_cone [340.05610632604737, 661.096286878025, 0.5844653943897604] [-0.5250128566382911, 0.02917167881858954, 0.008609010753122572, -0.8505506442612687] [0.49832290410995483, 0.5897900462150574, 1.1923508644104004] [0.0, 0.0] 0.14754855632781982
pedestrian [353.9616538160369, 618.5809466555469, 2.3593669097536196] [-0.9529305418378129, 0.016480338780128192, 0.025563652808910715, -0.30165921255856043] [0.6230491399765015, 0.6337324976921082, 1.7680244445800781] [0.002352135546357029, -0.0021552795431478487] 0.1444065272808075
traffic_cone [315.9734815901305, 652.7625449679274, 0.5197534022726044] [-0.924286841715944, 0.018565416287313296, 0.024092057390789352, -0.3804848647706289] [0.39765459299087524, 0.3900899291038513, 0.9568953514099121] [0.0, 0.0] 0.14022059738636017
traffic_cone [319.36624031522376, 667.59095116392, 0.2787725393322323] [-0.19494259070527448, 0.030341519978066396, -0.002119923739883856, -0.9803429422492282] [0.4072405993938446, 0.4117630124092102, 1.1560877561569214] [0.0, 0.0] 0.14009574055671692
traffic_cone [344.444801062188, 629.4300033014945, 1.5673627648229096] [-0.6214863657585017, 0.027955433337409366, 0.011983140579997671, -0.7828343344955229] [0.47445958852767944, 0.4883885979652405, 1.3137719631195068] [-0.012700195483551925, 0.0322848902399185] 0.14003662765026093
pedestrian [345.1007560493927, 672.7590299818027, 0.416805575313043] [-0.8839884210448482, 0.02076886477553657, 0.0222206248151982, -0.4665183485645493] [0.575417160987854, 0.6066892147064209, 1.6643141508102417] [0.0589413047963999, 0.10669076656781577] 0.13821737468242645
pedestrian [304.8716742394355, 681.148653914491, 1.2857085367681225] [-0.5581183989862362, 0.02880981477236414, 0.009751742614753242, -0.8292036847492893] [0.6416202783584595, 0.6746070981025696, 1.7987785339355469] [-0.021454924150510004, 0.15052250688226607] 0.13742695748806
traffic_cone [346.88479132575213, 690.3748247098074, -0.9121270995332877] [-0.6440959266733788, -0.017287151212774417, 0.025025113669851686, 0.7643398035766028] [0.35038185119628906, 0.3640461564064026, 1.0714961290359497] [0.00012817855148697672, -0.00010743928730675243] 0.13734760880470276
traffic_cone [331.7652871882345, 666.473325310825, 0.37370994373957983] [-0.3028151791890032, -0.02554363843175039, 0.016511342977187832, 0.9525638379350174] [0.36017096042633057, 0.33194661140441895, 0.8152496814727783] [0.0, 0.0] 0.1365736424922943
traffic_cone [340.35286902086614, 660.5026474447454, 0.5701828640209818] [-0.3756213041752877, 0.030199632034452303, 0.0036172000533573065, -0.9262740058634994] [0.46173393726348877, 0.4955531358718872, 1.1701972484588623] [0.00031867892396628025, 0.00011951917776962884] 0.13384602963924408
traffic_cone [309.18099135256455, 660.0271234492992, 0.06787166742484724] [-0.5695903707896943, 0.028671482735081966, 0.010151255538810088, -0.8213657574993107] [0.36808261275291443, 0.3695772588253021, 0.7618171572685242] [0.0, 0.0] 0.13377632200717926
traffic_cone [340.7261379692902, 637.5955838178247, 1.4695543377808804] [-0.9279347572683246, 0.018330804398558914, 0.024271042856542007, -0.37149964245222844] [0.414732962846756, 0.40725165605545044, 1.3284653425216675] [5.958964531958592e-05, -3.2982954211936175e-05] 0.1326501965522766
traffic_cone [318.5351846023529, 667.831790528262, 0.4664037529878523] [0.03603343200117354, -0.029614619192793373, 0.0069337032895964, 0.9988876262458031] [0.4602571725845337, 0.45810467004776, 1.347151279449463] [-0.00048746562368355583, 0.00011018418670107886] 0.13233141601085663
pedestrian [354.2577512635264, 625.6533516301155, 2.2468321063587355] [-0.5910532259397452, 0.028393803161619744, 0.010903845801437134, -0.8060589198036199] [0.6176370978355408, 0.6197160482406616, 1.7295582294464111] [-0.019208434094393646, 0.04143562677620518] 0.13118226826190948
traffic_cone [291.33412163242645, 683.1435160854842, -0.7021766913180865] [-0.8984096616632977, -0.005674553318980808, 0.02988145504945115, 0.43810384376172407] [0.4846089482307434, 0.49342846870422363, 1.5162653923034668] [0.004481828423672473, -0.0038694102139847798] 0.13034139573574066
pedestrian [312.62121170155785, 681.5530583842207, 1.0202143609869345] [-0.7018543629001348, -0.015278746034664744, 0.026299464459386662, 0.7116708167171141] [0.6712337136268616, 0.685539960861206, 1.8379098176956177] [-0.010949677557374384, -0.02532340605063817] 0.1299147754907608
traffic_cone [328.463315848527, 663.5540492218269, 0.4435015864171138] [-0.37052944127698284, -0.024290191338866184, 0.018305423129870445, 0.928322590070782] [0.3615252673625946, 0.3552204370498657, 1.0906656980514526] [0.0, 0.0] 0.12930691242218018
traffic_cone [347.47367246179914, 667.3289567634847, 0.7556554537141441] [-0.2820228370986312, -0.025896758229083987, 0.015951796904007283, 0.9589254493669449] [0.3886539936065674, 0.3872199058532715, 0.9297322034835815] [1.0132866296898153e-05, -1.5264984326299282e-06] 0.12434375286102295
traffic_cone [338.8659739829831, 660.3008953203165, 0.576686403693317] [-0.2060333634518653, -0.02706684075906854, 0.013874006002793562, 0.9780721605451561] [0.4300059378147125, 0.4328537881374359, 1.179563045501709] [0.0, 0.0] 0.12389099597930908
traffic_cone [325.9937364522181, 643.8883271956372, 0.753170062268595] [-0.8815084477487725, 0.020886108250394594, 0.0221104589141683, -0.47118760025737916] [0.3351615071296692, 0.3231576681137085, 0.8174827694892883] [0.0, 0.0] 0.12283389270305634
traffic_cone [340.56548107506, 638.0038284201711, 1.363601693447342] [-0.8765664697710206, 0.021114651892656454, 0.021892313415769128, -0.480318771402835] [0.3982451856136322, 0.39909276366233826, 1.276657223701477] [0.0, 0.0] 0.12160789966583252
pedestrian [372.7790061863903, 640.8759490051474, 1.3541276370558857] [-0.2582391384841005, 0.030415148710578967, -0.00014366682182065274, -0.9656021154925809] [0.49094700813293457, 0.5014750957489014, 1.539550542831421] [-0.005822511583878152, -0.004791396546993904] 0.12062610685825348
traffic_cone [325.6830423813055, 651.5187916712703, 0.748968301016064] [-0.6202214280543563, 0.027974747364289895, 0.011937982289586507, -0.7838368951962985] [0.4212190508842468, 0.43703052401542664, 1.0908936262130737] [1.8014987720185422e-06, 0.00011130198736606739] 0.11987017095088959
traffic_cone [322.8738544609085, 668.4855155080479, 0.11370937318549781] [-0.3786741484216831, 0.03018753812841262, 0.0037167799219162646, -0.9250301548630032] [0.43221211433410645, 0.42604753375053406, 1.0577826499938965] [0.0, 0.0] 0.11975901573896408
traffic_cone [322.10239289448936, 666.1046951098758, 0.43072359011735606] [-0.006613269723097198, -0.02929185659440987, 0.008190790468254727, 0.9995154639885907] [0.39568793773651123, 0.3957429826259613, 1.3103132247924805] [0.0, 0.0] 0.11906293779611588
traffic_cone [349.8497344674059, 662.1965005456843, 0.8910979129121119] [-0.9413512819949372, -0.0023349342415873394, 0.03032573153824634, 0.3360545520823165] [0.37536564469337463, 0.36132699251174927, 1.1503933668136597] [0.0026640629783487887, -0.0010918207869711598] 0.11743737012147903
pedestrian [348.7146252780354, 671.994689521643, 1.1050138591832532] [-0.5003921558550892, -0.021399900577428632, 0.021613564410307137, 0.8652644615650491] [0.53401780128479, 0.5520280599594116, 1.4650850296020508] [-0.0005653470715379775, -0.0006467632137820005] 0.11595267057418823
traffic_cone [347.96793068247314, 667.2703528612927, 0.8020429519122261] [-0.20842854291001284, -0.027032775040189562, 0.013940264878001062, 0.9775645454849349] [0.3837946653366089, 0.38364866375923157, 0.9749408960342407] [0.0, 0.0] 0.11519596725702286
traffic_cone [325.32279424356636, 651.7517704570511, 0.7890216415797591] [-0.6604732652502012, 0.02731021405209503, 0.013388581690047568, -0.7502332730414558] [0.43414101004600525, 0.4522181749343872, 1.1892955303192139] [-0.00022092421658889442, 0.0001776195351103971] 0.11509807407855988
traffic_cone [343.6036858142214, 664.7781657699518, 0.6092101758370204] [-0.9867715951336911, 0.0032196091758313764, 0.03024460328715237, 0.1592379261547619] [0.3479962944984436, 0.3667776882648468, 0.9916695356369019] [0.000288068448468408, 0.00017516152972169052] 0.11263653635978699
traffic_cone [342.75755535186994, 635.7931599394424, 1.219190227769833] [-0.8732915115297897, 0.021262518175959165, 0.021748729435517183, -0.48624770845606385] [0.3560125529766083, 0.34756290912628174, 0.8041003346443176] [-1.1325460446063671e-07, -9.172567595693174e-08] 0.11101287603378296
traffic_cone [318.87940632233745, 667.9710167853868, 0.3358556354140251] [-0.5106717631049565, 0.02931198296261581, 0.008118470671354685, -0.8592375972081491] [0.4655110836029053, 0.4665646255016327, 1.2765755653381348] [0.0, 0.0] 0.10984274744987488
traffic_cone [328.3795955561824, 664.5138468003223, 0.5500838794785895] [-0.49624444493657793, -0.021503118438892473, 0.021510876519688547, 0.8676498999932781] [0.41614964604377747, 0.41612309217453003, 1.2827584743499756] [0.0, 0.0] 0.10953081399202347
traffic_cone [343.0638325278491, 665.4086180649999, 0.7592669810160434] [-0.6545177833927767, -0.016942321992887924, 0.025259842373451812, 0.755434556603922] [0.4237770140171051, 0.4444660544395447, 1.208842396736145] [0.0, 0.0] 0.10890237241983414
pedestrian [338.26883411231756, 680.5596689702867, 0.6425329563494186] [-0.8462333981752171, -0.008847028904518467, 0.029100377846429083, 0.5319435439044098] [0.45959988236427307, 0.45565736293792725, 1.5785298347473145] [0.00016645282534241432, -0.00020214004342326828] 0.10836536437273026
traffic_cone [343.015692718217, 635.604165538082, 1.2164739789320296] [-0.7671950411832185, 0.024948030973262952, 0.01739820858017969, -0.6406923340205016] [0.3428143858909607, 0.3296716809272766, 0.8391830921173096] [0.0, 0.0] 0.10779394209384918
traffic_cone [343.0252086370524, 664.845830635642, 0.6220035019457408] [-0.6702947873908535, -0.016406152937214327, 0.025611326733362708, 0.7414713723977541] [0.3643670082092285, 0.3904116451740265, 1.0108366012573242] [0.0, 0.0] 0.10618653893470764
traffic_cone [324.67968429512143, 664.5980160997686, 0.33611859013867884] [-0.32946884305249463, -0.025069469855183723, 0.01722276378582602, 0.9436764167586307] [0.5890223383903503, 0.6057927012443542, 1.21055006980896] [-6.8771621348692956e-06, 4.7782019364349355e-05] 0.10533281415700912
traffic_cone [307.1932757798717, 661.1878377382047, 0.3741510286719632] [-0.8363964931297516, 0.022759196707403354, 0.020177236591665516, -0.5472803708968661] [0.4011853337287903, 0.3948233127593994, 1.0330345630645752] [0.0, 0.0] 0.10485637933015823
pedestrian [385.0465490030182, 651.2437044962388, 2.3087386804924064] [-0.12970710262862273, -0.028059555514531875, 0.011737259286955778, 0.9910857508896223] [0.6560809016227722, 0.6864120364189148, 1.77017080783844] [-0.0011603863340899324, -0.03231584767034557] 0.10454604029655457
pedestrian [329.80614849033566, 640.8848160130646, 1.1179889879787597] [-0.7022857904660018, 0.02650008152282253, 0.014928080604219875, -0.7112450819501678] [0.4852280020713806, 0.46494653820991516, 1.4432380199432373] [0.00016996067684191813, -0.0026010892303094148] 0.10243259370326996
