car [343.09713855409785, 656.4568269540543, 1.1070896501362388] [-0.14483204985918413, 0.03034870287909332, -0.002834215880554568, -0.9889866534931023] [2.043912887573242, 4.767148017883301, 1.8196704387664795] [-5.179273145362201, 1.5324026885277084] 0.8255515098571777
car [349.10646663474483, 634.5483923792497, 1.676093560946103] [-0.3920943867658936, -0.02441869330903419, 0.01824291542436142, 0.9194198797723359] [1.8397165536880493, 4.382149696350098, 1.6003791093826294] [0.0, 0.0] 0.7836921215057373
car [330.8498212739373, 641.1184697539088, 1.2130552892876927] [-0.32800907230513343, 0.030340914122613468, 0.0029164149748054525, -0.9441827005084474] [1.9164724349975586, 4.813663005828857, 1.6378142833709717] [0.0, 0.0] 0.7070512771606445
car [345.27316414472386, 628.139433496911, 1.7009785118972414] [-0.22689361994917867, 0.030479371585537682, -0.0002906094489051412, -0.9734424526803093] [1.8531100749969482, 4.288681983947754, 1.6131715774536133] [0.0, 0.0] 0.4090213477611542
car [348.18693488899396, 646.1124078839036, 1.5441059798754742] [-0.1476985596859174, 0.030356791870480165, -0.002746221665019844, -0.9885626226600944] [2.209244966506958, 5.614436149597168, 2.1025490760803223] [0.0, 0.0] 0.36558663845062256
car [297.53631769279554, 686.9330254016955, 1.5596030766432873] [-0.43607932422980417, -0.023508314835630616, 0.019401950409429054, 0.8993918758990299] [2.381368398666382, 6.003838539123535, 2.4281527996063232] [-0.06733660436736054, -0.08840214478531927] 0.3232566714286804
car [357.4855104923146, 650.3735111766506, 2.034127299001409] [0.12724891005553246, -0.030293594539318375, 0.0033726363557986462, 0.9914023594603645] [2.782494068145752, 6.841623306274414, 3.0647056102752686] [-7.640215998303085, 2.095724088116549] 0.1765141636133194
car [305.6582343143113, 688.9468346876456, 1.2914032029254443] [-0.619467060829697, -0.018780503130845026, 0.024007691439482365, 0.7844306750764626] [1.9127531051635742, 4.479870796203613, 1.6898349523544312] [-0.0005287307121110105, 0.004197915983698754] 0.1738452911376953
car [353.66002125384, 625.0170690695883, 1.9961259238627982] [-0.28452235660497327, 0.030442486197261295, 0.0015269512862662237, -0.9581847170800896] [1.9370110034942627, 4.580415725708008, 1.7150013446807861] [0.0, 0.0] 0.1717224419116974
car [311.1102251945096, 673.0790940105371, 0.436252860044633] [-0.9752956050026471, 0.0005440610045348714, 0.030475901032199514, 0.21879078206455438] [1.888692021369934, 4.559210777282715, 1.8724665641784668] [0.010273461947453984, -0.0027567756424130255] 0.13810491561889648
car [352.9343812568072, 630.8958163357263, 1.9042061768958398] [-0.8868040328239323, 0.020053820286501888, 0.022954756326690997, -0.46113938329002924] [1.9768970012664795, 4.5757036209106445, 1.692622423171997] [0.021690042208239082, 0.03553209804396845] 0.13243240118026733
construction_vehicle [321.2979009388296, 667.9874465849308, 0.9161720716173563] [-0.2429316622538953, 0.030480015792263795, 0.0002125638831609383, -0.9695644026718689] [2.588916301727295, 4.154579162597656, 2.5209801197052] [-0.0003031383433558372, 2.7862003882265967e-05] 0.7091436386108398
truck [348.24511304717294, 646.1018022963178, 1.5296171012530038] [-0.15119411485444426, 0.030366315189790112, -0.0026388345714343084, -0.9880340394375488] [2.2256717681884766, 5.701085090637207, 2.049438953399658] [0.0, 0.0] 0.5591387748718262
truck [358.6014382930014, 650.0611974201286, 2.008315902795708] [0.13855204442940106, -0.030330102845925855, 0.0030267816995341768, 0.9898859805241874] [2.7071640491485596, 8.12561321258545, 3.099930763244629] [-7.259658516235474, 1.9999724517715154] 0.3895595073699951
truck [297.4979052395767, 686.9473257964414, 1.6038545541132991] [-0.4571899235123999, -0.023043737478059947, 0.0199515089440205, 0.8888466106661063] [2.4509596824645996, 6.236903190612793, 2.4710729122161865] [-0.020743204274099303, -0.023575286545047626] 0.29776251316070557
truck [311.07091792908057, 673.0712994194504, 0.4328618497481755] [-0.9714569792842009, 2.8710659594184326e-05, 0.030480743458765905, 0.2352493588809848] [2.0285959243774414, 4.68671989440918, 2.1555230617523193] [0.0, 0.0] 0.21323159337043762
truck [330.90301259555883, 641.0605709452979, 1.126760280787004] [-0.3115791091988652, 0.030386944465274, 0.002389592468482543, -0.9497312157472451] [1.8438591957092285, 4.9530768394470215, 1.7143287658691406] [0.0, 0.0] 0.19681322574615479
construction_vehicle [307.42078541972353, 675.827403871969, 0.2887785277088013] [-0.9262599611075288, -0.004457242806436295, 0.030153101543051036, 0.3756506460835355] [2.063559055328369, 3.7731776237487793, 2.5370795726776123] [0.0, 0.0] 0.18493732810020447
truck [345.6426016006306, 627.5350116326051, 1.6617743237807967] [-0.2944491922822571, 0.03042500371357708, 0.0018427411999235271, -0.955180923499954] [2.1691360473632812, 5.550391674041748, 2.036604404449463] [0.0, 0.0] 0.12145955860614777
construction_vehicle [306.0065924943201, 676.961852890044, 0.531578057790672] [-0.9982477574300462, 0.008695392878657955, 0.02921415220037815, -0.050718223941519786] [2.5243852138519287, 6.58535623550415, 2.7504379749298096] [0.0, 0.0] 0.10908699780702591
bus [283.09142405119974, 687.5249005137481, 1.3076935553157305] [-0.9751653099568505, 0.0005259358199467701, 0.03047621921456747, 0.21937078590974285] [2.9911036491394043, 12.341496467590332, 3.7707712650299072] [0.0, 0.0] 0.15064290165901184
trailer [299.05756662603585, 689.6248325384662, 1.8253112541460126] [-0.5725949995184209, -0.020150611797418783, 0.02286983581687463, 0.8192715605831794] [3.2331650257110596, 13.25131607055664, 3.9920146465301514] [0.39793324366507415, 0.6255364763996474] 0.1298249065876007
trailer [294.83320826189015, 683.9908860953523, 1.5191855507966663] [-0.48506393209053794, -0.022401412117215032, 0.02067010598075797, 0.873947312621742] [3.0594472885131836, 13.660890579223633, 3.862060070037842] [-0.4149666496026369, -0.564920925054725] 0.10941353440284729
barrier [325.4273565128829, 651.7153855720586, 0.7396894988097567] [-0.9270264478375657, 0.0177543018126034, 0.024776224757780636, -0.373755118310858] [1.7424061298370361, 0.5265617370605469, 1.1607533693313599] [0.0, 0.0] 0.16340425610542297
barrier [342.09932224035174, 665.5745733039349, 0.840116699112996] [-0.7767770195518606, 0.024236137075736505, 0.018484756036993975, -0.6290376660821092] [2.53519606590271, 0.5390743613243103, 0.9794953465461731] [0.0, 0.0] 0.1413506418466568
barrier [348.8080972082773, 662.8632144126171, 0.7431295044892645] [-0.5787616937042608, -0.019977440444955873, 0.023021260160323895, 0.8149268834407625] [2.7174367904663086, 0.4771764874458313, 0.9604124426841736] [0.0, 0.0] 0.13502728939056396
bicycle [308.19942229380047, 675.7493100577886, -0.486766921940037] [-0.8134088182555681, -0.011352002298021784, 0.02828795839092639, 0.580893292987601] [0.6040536165237427, 1.6757060289382935, 1.1237436532974243] [0.0, 0.0] 0.3824838101863861
bicycle [343.81389746625734, 629.2067165973017, 1.5732125095597678] [-0.2470420706214203, 0.030478839962956444, 0.0003418488168239536, -0.9685252391120119] [0.5912004709243774, 1.8224308490753174, 1.1542010307312012] [0.0, 0.0] 0.2636793553829193
bicycle [312.3879716595723, 681.2948794384337, 0.7691904230419483] [-0.9288125676803642, 0.017634984610657656, 0.024861292482148675, -0.36929410714619765] [0.6028201580047607, 1.5635836124420166, 1.1090112924575806] [0.0002425666233207394, -4.826376898463225e-05] 0.2288563847541809
bicycle [325.4499668012548, 651.7428219081902, 0.8769536899900205] [-0.9246570575552253, -0.004585196283581536, 0.03013390982169597, 0.3795790423182125] [0.6082061529159546, 1.5992696285247803, 1.205561637878418] [0.0013239962210449372, -0.00017586682897825084] 0.2263660430908203
bicycle [311.8152644947495, 671.9106901786215, 0.3222637988497742] [-0.9227253535855802, -0.0047375522180931285, 0.03011033286235667, 0.3842510186118766] [0.5686984062194824, 1.7757009267807007, 1.1902787685394287] [0.0, 0.0] 0.15455257892608643
bicycle [371.4598538695049, 654.8901334146726, 1.2580451308518228] [-0.8880759376848012, 0.01999026146767739, 0.02301012804299375, -0.4586851342251672] [0.6124980449676514, 1.7105971574783325, 1.209820032119751] [0.0, 0.0] 0.15411785244941711
bicycle [349.0176428663413, 672.8366041745473, 1.4564160470619911] [-0.7490775814806293, 0.02500678372689999, 0.017428061100912082, -0.6617807041437744] [0.634396493434906, 1.7353794574737549, 1.2081305980682373] [0.0, 0.0] 0.14790724217891693
motorcycle [331.3971914853476, 667.9148291547873, 0.49805182431807116] [-0.9981262631590608, 0.0056195456461648405, 0.02995825850799316, 0.053055501562305846] [0.6891435384750366, 1.757958173751831, 1.1370766162872314] [8.599767165105156e-05, 2.9383928043778496e-05] 0.14655624330043793
bicycle [327.64942852595595, 678.5837558991338, 0.26062570447043787] [-0.9994215926177443, 0.006754152722298491, 0.029723020827381305, 0.015079909260674401] [0.6508345603942871, 1.8132702112197876, 1.1083636283874512] [0.0, 0.0] 0.14362859725952148
bicycle [320.1701399523844, 648.8524862418595, 1.195843838300679] [-0.9843252074080366, 0.0019449624809907266, 0.03041864012490718, 0.17370897937361862] [0.5903449058532715, 1.720227837562561, 1.2712129354476929] [0.0, 0.0] 0.1429034173488617
bicycle [318.46633169106394, 674.5070330175071, 0.01134766298914855] [-0.6727527741201931, -0.0170574801790769, 0.025261015736535088, 0.7392392226928189] [0.6184867024421692, 1.6167986392974854, 1.1194992065429688] [0.0, 0.0] 0.13382962346076965
motorcycle [345.1136171787232, 688.5105333484881, 1.2856060108121867] [-0.9164440514538498, 0.018426106146221956, 0.02428075695667737, -0.39900028071262345] [0.6579805612564087, 1.8255637884140015, 1.3071074485778809] [0.0, 0.0] 0.13070283830165863
bicycle [308.6304119979771, 660.398046410091, 0.012265018834888064] [-0.9451461686359164, -0.0028269012775176514, 0.030349385088799474, 0.3252224521258431] [0.5822625756263733, 1.6843739748001099, 1.1255996227264404] [0.0, 0.0] 0.13011236488819122
bicycle [364.2972088972266, 658.6922799872008, 1.4587252089918952] [-0.07108014328995316, -0.029030610085126352, 0.009289791396281995, 0.9970047826784876] [0.5372672080993652, 1.6449761390686035, 1.1237032413482666] [0.0, 0.0] 0.12820887565612793
bicycle [304.6066663557669, 680.6223266201401, 1.5039622198777156] [-0.49496371356452495, -0.02216508098037157, 0.0209233298314261, 0.8683788606986661] [0.691820502281189, 1.7239737510681152, 1.5912209749221802] [-0.27499500669614557, -0.4328571189059231] 0.10941463708877563
bicycle [322.93703197699824, 672.9891203888204, -0.04381955928515986] [-0.14890542647350077, 0.030360122219360325, -0.0027091557590102327, -0.9883815545732546] [0.47027599811553955, 1.5196466445922852, 1.038912057876587] [0.0, 0.0] 0.10460790246725082
bicycle [291.3029826584149, 667.5939667511927, -0.3449043905772485] [-0.999006231328834, 0.006234418974149417, 0.029836363152298585, 0.03251881332488553] [0.6602239608764648, 1.6624232530593872, 1.5140455961227417] [1.5739306924618262, -0.15870317617089558] 0.1033141240477562
bicycle [352.28070640056916, 687.5430727070758, 1.0900403557332417] [-0.792230571416451, 0.023767370388579505, 0.019083727385213526, -0.6094601259861567] [0.5655292868614197, 1.6406049728393555, 1.1917284727096558] [0.0, 0.0] 0.10312769562005997
bicycle [349.97011987174034, 662.5171432560768, 0.8925152070021156] [-0.9792602883727339, 0.001120527963337305, 0.0304601536960084, 0.20030030222156084] [0.5752798318862915, 1.6544346809387207, 1.1315099000930786] [0.0, 0.0] 0.10043586790561676
traffic_cone [324.17829845651636, 664.4077923568121, 0.3601260134594232] [0.12292098213699901, -0.03027858705478729, 0.003504812700664988, 0.9919482625643206] [0.6902960538864136, 0.7000925540924072, 1.0979772806167603] [-1.4284049718755845e-05, 2.3598896775920067e-05] 0.8062642216682434
traffic_cone [339.51100189699315, 659.9403296766538, 0.6212776163439218] [0.11625135218192167, -0.030254347445564808, 0.0037082349904126615, 0.9927520065805827] [0.6254861354827881, 0.6464427709579468, 1.0697777271270752] [2.7466362677055432e-05, -0.00017363664536081106] 0.7658681869506836
traffic_cone [340.56038214273894, 661.9348629850249, 0.7061786215056383] [0.12674779208953646, -0.0302918859794961, 0.003387947742554872, 0.9914665504465222] [0.40727001428604126, 0.4170668423175812, 1.3166218996047974] [0.0, 0.0] 0.5909734964370728
traffic_cone [351.56792684429473, 648.7516141694932, 0.7437128239091608] [-0.2349828363593423, 0.030480734435097245, -3.707287622948391e-05, -0.9715214820426861] [0.3546566367149353, 0.35421156883239746, 0.7559512257575989] [0.0, 0.0] 0.31442588567733765
traffic_cone [349.9009058619161, 662.1251673528512, 0.8046258190279438] [-0.3162193362270097, -0.025818074421655304, 0.016201962203972173, 0.9481963166191102] [0.3528286814689636, 0.3508569598197937, 0.9044117331504822] [0.0, 0.0] 0.289076030254364
pedestrian [291.33010359247754, 667.6037458597464, -0.09679486466491827] [-0.9957991991427636, 0.004616460401870762, 0.030129136055636146, 0.08634163793054583] [0.61362224817276, 0.653404176235199, 1.7023898363113403] [1.1472650722643305, -0.22240172425620797] 0.2574634552001953
traffic_cone [347.43372958908014, 663.209372115087, 0.5844448505579918] [-0.5254722662309356, -0.021408507913802492, 0.021696827763655474, 0.8502645593437512] [0.3245573937892914, 0.3357757329940796, 0.7508410811424255] [0.0, 0.0] 0.24646754562854767
traffic_cone [350.3540879299768, 662.1805198786735, 0.9049301274503999] [-0.4433522852629138, -0.02335033988110791, 0.01959178842111705, 0.8958290431807012] [0.37205493450164795, 0.36606642603874207, 1.017589807510376] [0.0, 0.0] 0.24022434651851654
pedestrian [304.77050427812014, 680.9216646560117, 1.130802462902328] [-0.33338694072496433, -0.0255195802722039, 0.016668160331350802, 0.9422972308183589] [0.6981220245361328, 0.7448785305023193, 1.7892693281173706] [-0.648509992117552, -0.7122549002584252] 0.20424053072929382
traffic_cone [328.3658684793574, 664.4113691339666, 0.6360656306863925] [0.11906797095850635, -0.030264748325366644, 0.0036223686868251874, 0.9924181284850266] [0.3984152674674988, 0.41660839319229126, 1.3364925384521484] [0.0, 0.0] 0.20206904411315918
traffic_cone [348.0464121529172, 667.3340788893337, 0.7225131455540815] [-0.17035721373824786, 0.03041184299670095, -0.0020484998523520284, -0.9849108300659708] [0.3755362629890442, 0.3756750524044037, 0.9972810745239258] [-4.640024636390844e-06, -0.00013174177604954347] 0.19502714276313782
traffic_cone [337.6742387457607, 666.9462273571171, 0.5311532405980248] [-0.4610998065531469, -0.022955651265436312, 0.020052795841995374, 0.8868246116626157] [0.46242082118988037, 0.4862375855445862, 0.8542059063911438] [2.0386549611438644e-05, -6.012450982776246e-06] 0.16637256741523743
traffic_cone [318.72270592253875, 667.673465153356, 0.49659381064794256] [-0.45606232516949236, 0.029641026007800775, 0.00710535877390811, -0.8894257017957683] [0.35880130529403687, 0.3580973744392395, 1.2564036846160889] [0.0, 0.0] 0.16290028393268585
traffic_cone [315.9316449125094, 670.383620721814, 0.41428682612142864] [0.05507926629651884, -0.029969591523562135, 0.005558788538153562, 0.9980166320648849] [0.37813615798950195, 0.3740794062614441, 1.2886931896209717] [0.0, 0.0] 0.15114395320415497
traffic_cone [345.3631690241074, 633.6370003734154, 1.659446251846637] [-0.7329085896866485, 0.025419598952915956, 0.016820241828641735, -0.6796439675428793] [0.39246946573257446, 0.37995216250419617, 1.3358603715896606] [0.0, 0.0] 0.1500178575515747
pedestrian [325.1437811767115, 669.1230108932532, 0.32025635430218585] [-0.16883424234063119, -0.027975683782054568, 0.01210114304632268, 0.9851730416871768] [0.6918457746505737, 0.7504035234451294, 1.2480242252349854] [0.00020861945770054075, -0.00036104248935914896] 0.1443450152873993
traffic_cone [329.6331091908841, 668.4722583478766, 0.3712500732009253] [-0.0931749675373518, -0.028817433325136088, 0.009931368619299698, 0.9951830730465184] [0.3281243145465851, 0.3023783266544342, 0.9368447661399841] [0.0, 0.0] 0.14424630999565125
traffic_cone [339.7491129282114, 660.3687155378504, 0.6081899738415841] [-0.15496464607164348, 0.030376167193312775, -0.0025228976881719973, -0.9874496857672238] [0.5462847352027893, 0.5870374441146851, 1.1949403285980225] [2.7982227658205073e-05, -0.0003643058736287276] 0.1414981186389923
traffic_cone [350.3174582308588, 663.4826482433608, 0.9310405016719836] [-0.3867696814070751, -0.02452380622950228, 0.018101366636773582, 0.9216724673104694] [0.3665035665035248, 0.37593019008636475, 0.9215483665466309] [0.0, 0.0] 0.13156837224960327
traffic_cone [344.2289433436405, 668.6510549704819, 1.6553428531176781] [0.09381662634934383, -0.03016295147995226, 0.004390091584365929, 0.9951227884408668] [0.4033926725387573, 0.3928947448730469, 1.2657740116119385] [-2.3022610521987213e-06, -1.0175486369630308e-06] 0.131106436252594
pedestrian [339.5113317741545, 638.8282456479574, 1.558341829636107] [-0.8956828137029156, 0.019599486360086498, 0.023343878866243676, -0.443647631224519] [0.5382566452026367, 0.5419720411300659, 1.4980356693267822] [5.491692734753292e-05, -5.7261004629589815e-05] 0.1305598020553589
traffic_cone [345.15522759376233, 688.5620814448177, 1.3280187527890832] [-0.8685162791763721, -0.00840157507982468, 0.02930000140408092, 0.49472254472535326] [0.4251250922679901, 0.40772390365600586, 1.279378890991211] [0.0, 0.0] 0.12808673083782196
traffic_cone [348.0974846715764, 666.2529714771091, 0.6676703208442136] [-0.5473832823882424, 0.02872560681130612, 0.010193922671048582, -0.8363267696395782] [0.3549823760986328, 0.3583717346191406, 0.8698650598526001] [0.0, 0.0] 0.12312346696853638
traffic_cone [347.6388781478939, 663.7036830929758, 0.6746882153548399] [-0.6596821040997192, -0.0174979648687605, 0.024957920016553826, 0.7509263911892202] [0.3448072075843811, 0.35929715633392334, 0.7725886106491089] [0.0, 0.0] 0.11970960348844528
traffic_cone [318.44679318564874, 667.7807861987469, 0.5477440599865591] [-0.3242102771498654, 0.03035239451650061, 0.00279440391063609, -0.9454938496068105] [0.3879997730255127, 0.3799480199813843, 1.3165481090545654] [0.0, 0.0] 0.11733931303024292
traffic_cone [328.3544401981347, 664.123560096295, 0.6489885239025089] [-0.014635219520158727, -0.029509114438298803, 0.007634704392997818, 0.9994282034260865] [0.4384351074695587, 0.4564225971698761, 1.3585073947906494] [0.0, 0.0] 0.11707601696252823
pedestrian [305.90052724331434, 678.2543056950321, 0.39173515787305385] [-0.965835309595622, -0.0006669031544727141, 0.03047346035952644, 0.2573578796000377] [0.6140428781509399, 0.6032477617263794, 1.640949010848999] [0.002716442161801531, -0.004819147638575715] 0.1168220192193985
pedestrian [326.5038616001337, 643.1755461574259, 1.2357575584892004] [-0.921024009068944, 0.018142376111352394, 0.024493483523894778, -0.3883113418025136] [0.5310440063476562, 0.515880286693573, 1.4775491952896118] [0.0, 0.0] 0.11615194380283356
traffic_cone [309.12311008173276, 659.9664830530347, 0.119651682033874] [-0.883124133301722, 0.0202349862829336, 0.022795216082120474, -0.4681481481689117] [0.3412061929702759, 0.3509070873260498, 0.7462756037712097] [0.0, 0.0] 0.11568697541952133
traffic_cone [347.41257431604015, 662.9336230944564, 0.5975136148419085] [-0.4029688154243866, -0.024200661794272885, 0.018531176833118175, 0.9147059949783677] [0.33951735496520996, 0.34138068556785583, 0.7515694499015808] [0.0, 0.0] 0.1156625747680664
traffic_cone [329.58000021565675, 668.0972791009283, 0.3255937392420027] [0.08124655418542939, -0.030105126606997587, 0.004770523878749653, 0.9962278458700562] [0.3252323865890503, 0.3011132776737213, 0.7801905870437622] [0.0, 0.0] 0.1119176596403122
pedestrian [320.9145252081522, 634.7686177017094, 3.6452384131518527] [-0.9942383066067104, 0.01020879599449807, 0.028720324344334885, -0.10276727655104781] [0.62636798620224, 0.6622970104217529, 1.793260097503662] [0.8532060723399006, 0.19757822458074045] 0.11110572516918182
traffic_cone [321.3288496055478, 675.622284305439, 0.30423697204337713] [-0.647946133725402, -0.017883273663712066, 0.024683295346648048, 0.761076035126716] [0.4273701310157776, 0.41433122754096985, 1.0884323120117188] [0.0, 0.0] 0.11068955063819885
traffic_cone [371.38465926156414, 654.9435688213952, 1.2596731590632972] [-0.5845554506818034, -0.019812847061267975, 0.023163066235450773, 0.8107810114525946] [0.47383248805999756, 0.49385714530944824, 1.111994743347168] [0.0, 0.0] 0.1086057499051094
traffic_cone [325.0260519801935, 652.264110684388, 0.6373886637926552] [-0.9763305932677566, 0.013379463824834419, 0.027387341854605424, -0.21412495441524085] [0.3735921382904053, 0.38698968291282654, 1.1004815101623535] [2.3959479883479077e-05, 0.0005099853083268567] 0.10853888094425201
traffic_cone [340.17072323884275, 638.4535773343711, 1.4017448513078434] [-0.8863250783959689, 0.020077627288532813, 0.02293393617685018, -0.46205928067757523] [0.4265081584453583, 0.4309875965118408, 1.2051657438278198] [0.0, 0.0] 0.10736675560474396
pedestrian [338.48750746541026, 639.714257766324, 1.455039675488865] [-0.9902646930057559, 0.011159533525091123, 0.028364438256440798, -0.13581885450891817] [0.5453099012374878, 0.5563580989837646, 1.4496212005615234] [4.221448446293576e-06, 3.675176279935042e-05] 0.10680857300758362
traffic_cone [350.19795641262584, 663.2336581510982, 0.9017437085966034] [-0.3190464830823039, -0.02576962765361978, 0.016278907724256858, 0.9472487873239595] [0.38281190395355225, 0.38674408197402954, 0.9637285470962524] [0.0, 0.0] 0.10554075241088867
pedestrian [283.3312570780967, 684.996486775336, 0.11752971231161946] [-0.926152762375907, -0.00446584433480126, 0.03015182880819003, 0.3759148629641763] [0.7348435521125793, 0.7416550517082214, 1.685444712638855] [-0.004703940414558575, -0.018716878178583744] 0.10285443067550659
traffic_cone [347.3858081152002, 663.8447560893167, 0.6252393590599894] [-0.36992045373052596, -0.02484939304648308, 0.017651748109535022, 0.9285632888315694] [0.3411802649497986, 0.3771280348300934, 0.7290109395980835] [0.0, 0.0] 0.101087287068367
