car [349.07211741320634, 634.5123404698538, 1.891567478804746] [-0.40488758130477265, -0.026356613024981042, 0.01767492531287395, 0.9138156118551524] [1.9204177856445312, 4.414175033569336, 1.5855581760406494] [0.0, 0.0] 0.7713574171066284
car [337.6723735103449, 658.0300691708392, 1.096901935832609] [0.15134277503995816, -0.031726997767577626, 0.0006867660594386425, 0.9879718064844969] [2.0703554153442383, 4.798187732696533, 1.860268235206604] [-5.470296777124064, 1.6125994841837687] 0.7643254399299622
car [330.7584914953834, 641.1260780944851, 1.3350206585496946] [-0.35049413910910676, 0.031195016171973705, 0.005826233860271279, -0.9360271280337988] [1.8923405408859253, 4.619150161743164, 1.5722718238830566] [0.0, 0.0] 0.7188374996185303
car [348.21797653833363, 646.1335897379345, 1.664900155919042] [0.16141582599990467, -0.03173235362935247, 0.00036299876858438213, 0.986376123535948] [2.15107798576355, 5.461309909820557, 2.035789966583252] [0.0, 0.0] 0.34229499101638794
car [288.0046164376322, 668.8721805156022, 0.6179681230797544] [-0.9306995883380956, 0.01650154475205443, 0.027106697618120464, -0.3644052719601276] [1.9956068992614746, 4.822861671447754, 1.7947931289672852] [3.4411577890739453, 3.42512855308253] 0.30320510268211365
car [333.2062361670542, 684.4762722609224, 0.6130175121901593] [-0.16393147627416238, 0.03173317636827014, -0.00028205060633605845, -0.9859611539262636] [1.8616139888763428, 4.200779438018799, 1.609177589416504] [-0.006688989272624081, 0.0011750316478307255] 0.2056199461221695
car [345.13350646388943, 627.9542585508124, 1.948032008264335] [-0.2667235363932302, 0.03158683134946208, 0.00305714249993555, -0.9632504768225784] [1.8393793106079102, 4.34858512878418, 1.6189870834350586] [-0.006050806770594416, -0.006985368723680167] 0.1823555827140808
car [325.93142751577375, 682.1578908537264, 1.096603358451271] [-0.9844214623476684, -8.034267844967639e-06, 0.03173442878664767, 0.1729373020325967] [1.9915448427200317, 4.6479997634887695, 1.908268690109253] [-0.0027564812094200675, 0.0006908584956385368] 0.16089072823524475
car [349.64105279629825, 691.7917786656425, 0.8964614193940198] [-0.6742022400105843, -0.019376735750761823, 0.025131974586359532, 0.7378646661344788] [1.8920537233352661, 4.349204063415527, 1.659148097038269] [0.0, 0.0] 0.1453547179698944
car [351.3274622523058, 632.9633594908172, 1.9524321491315852] [-0.43973396331655523, -0.025657322858129272, 0.018675540653967412, 0.8975672495534525] [1.968966007232666, 4.608757495880127, 1.6627130508422852] [0.0, 0.0] 0.14411425590515137
car [291.17207937995636, 670.9301637517273, 0.20906358013356086] [-0.9690579481254199, 0.012971084432404715, 0.02896247578525877, -0.24478484254542004] [1.8439854383468628, 4.368764877319336, 1.617416501045227] [5.511487899504732, 3.5101272463405935] 0.12301632761955261
car [350.37606133712325, 652.7166997881968, 2.1062551840939117] [0.1340728504490238, -0.03171017437521858, 0.0012405144326059952, 0.990463223313975] [2.611508846282959, 6.359706401824951, 3.0083279609680176] [-6.608126508916204, 1.8161351408433974] 0.10834557563066483
car [289.53576240453816, 671.4425987328756, 0.35488057429090114] [-0.8640989765899874, 0.02044920913233016, 0.02426734185745314, -0.5023204999013794] [1.924735426902771, 4.468494892120361, 1.6813747882843018] [2.8122554897331837, 4.392064475160574] 0.1053006574511528
car [296.5973375190927, 690.6317447278653, -0.5291507634765844] [-0.4345776739983618, -0.025764036218079572, 0.018528045571990504, 0.9000750919935563] [1.9359290599822998, 4.446194648742676, 1.6735626459121704] [-0.056487818913926874, -0.05914188693489269] 0.1044701337814331
construction_vehicle [321.22035220745954, 667.9527638663042, 0.9295433989887987] [-0.2322989701562825, 0.03167557137273606, 0.0019318936758985312, -0.9721265938288932] [2.233825206756592, 4.36672306060791, 2.36617374420166] [0.0, 0.0] 0.7469056248664856
truck [348.2490273115576, 646.1334756621338, 1.6320948684595877] [0.16143863748493875, -0.03173236201579471, 0.00036226490696897795, 0.9863723902725795] [2.14540696144104, 5.572267532348633, 2.0207109451293945] [0.0, 0.0] 0.6169725060462952
truck [351.4429573764501, 652.3752115267014, 2.042807427738518] [0.12822596550550583, -0.03170230224105144, 0.0014276090435752994, 0.9912371198331992] [2.6819450855255127, 7.790358543395996, 3.3707785606384277] [-6.05372748977449, 1.678507055073522] 0.38418394327163696
construction_vehicle [275.68175684933584, 670.3479965221169, 0.8608609357655355] [-0.8928742535385743, 0.01894540430687249, 0.025458705595795904, -0.4491864794636733] [3.2607064247131348, 6.338576316833496, 3.059530735015869] [0.0, 0.0] 0.37507736682891846
construction_vehicle [342.9095956880791, 681.9521337927017, 3.892281568487967] [-0.3837881288559939, -0.026755694154649193, 0.017064784360405604, 0.922875721922649] [2.880326509475708, 6.652251720428467, 3.164170980453491] [0.0, 0.0] 0.33644333481788635
truck [325.98784946816266, 682.1405586666954, 1.0390755863279912] [-0.9917501994498951, 0.00155647497102548, 0.03169623669505331, 0.12419528113470502] [2.0592846870422363, 4.956275463104248, 2.0445830821990967] [0.0, 0.0] 0.251444011926651
truck [287.9606667985576, 668.7972890116081, 0.5587811498818095] [-0.9311248432074145, 0.016469853136234024, 0.02712596491620446, -0.3633172887807614] [2.114480972290039, 5.372076034545898, 1.9491055011749268] [2.595976823013173, 2.575574776848617] 0.17049293220043182
truck [332.5832362637605, 692.4734946281486, 1.3805805689562831] [-0.7534916444918808, -0.01640324512325234, 0.027166295006694798, 0.656691150881414] [2.9498724937438965, 8.44713306427002, 3.7062501907348633] [0.0, 0.0] 0.1509227752685547
truck [345.0695966316168, 627.5132434528311, 1.8194525427722372] [-0.34618188186097454, 0.031221503919213755, 0.0056825811025266225, -0.9376305405842056] [2.0543994903564453, 5.07276725769043, 1.960536003112793] [0.0, 0.0] 0.14536046981811523
construction_vehicle [304.2498018491062, 679.756569013792, 1.3957813321626544] [-0.3951092988883158, 0.030878683275793184, 0.007319901236869449, -0.9180858172834493] [3.0842156410217285, 12.663092613220215, 3.962045431137085] [0.0, 0.0] 0.1362404078245163
truck [331.0308616229536, 640.9305361270665, 1.2686277592007427] [-0.34100294244023793, 0.03125238404307387, 0.005510220194193174, -0.9395264334823874] [1.883044719696045, 5.156457424163818, 1.7561419010162354] [0.0, 0.0] 0.11129393428564072
construction_vehicle [304.4190128937218, 680.3000154487055, 1.1882225451102704] [-0.13703314471106864, -0.030210300605293346, 0.009716572044815247, 0.9900579999250705] [2.996582508087158, 11.733926773071289, 3.7532267570495605] [0.0, 0.0] 0.10506901144981384
bus [297.9954572665956, 687.6386599237408, 0.4307466123583914] [-0.4459491413375375, -0.025527167309843855, 0.01885305715526031, 0.8944955501875614] [2.9193882942199707, 10.185932159423828, 3.4039528369903564] [0.0, 0.0] 0.6150315999984741
trailer [332.57914814491227, 692.5329314777281, 1.585809885790392] [-0.745604051335391, -0.01672615732346287, 0.026968679911242258, 0.6656331757036205] [2.812145233154297, 7.946865558624268, 3.6168389320373535] [0.0, 0.0] 0.28318068385124207
trailer [303.8880706922979, 680.5070602381822, 1.463344707730612] [-0.6529262685080304, -0.020084248228432255, 0.024570246398092722, 0.756756376819657] [2.9724197387695312, 14.781046867370605, 3.957184314727783] [0.0, 0.0] 0.1126646101474762
trailer [307.3977975552918, 675.6371816238434, 1.064212622820572] [-0.5414479590886059, 0.029243703670302486, 0.012323953529927371, -0.8401351281572618] [1.6459050178527832, 1.7710882425308228, 2.4341578483581543] [0.0, 0.0] 0.10586182773113251
trailer [300.5202718488052, 672.2295449786393, 0.6761634975030797] [-0.9551677857687007, 0.014445227841477632, 0.02825613964383798, -0.2943593501058748] [2.986830234527588, 15.813623428344727, 4.13930606842041] [-0.0005998204254598053, -0.0005560723015757563] 0.10110659897327423
barrier [348.814481492654, 662.8512306064359, 0.9197704968349483] [-0.5989476539529168, -0.021737689284136635, 0.023120270317420682, 0.8001591302918014] [2.9543519020080566, 0.5166240930557251, 0.9447095394134521] [0.0, 0.0] 0.2101004421710968
barrier [342.12486316173306, 665.5949975984295, 0.8726831177604284] [-0.766930327760639, 0.024251375456706182, 0.020468141669974384, -0.6409452381646923] [2.534712791442871, 0.5757759809494019, 1.0048466920852661] [0.0, 0.0] 0.17353901267051697
barrier [366.53977699788743, 657.0665617123036, 1.017316563459525] [-0.5874983276788573, -0.02206455794563401, 0.022808536069376127, 0.8086028944664874] [2.7562997341156006, 0.48812153935432434, 0.9336496591567993] [0.0, 0.0] 0.14697611331939697
barrier [306.44726713569105, 682.8070476662933, 0.4515746929493055] [-0.9900167212223254, 0.0011361715546464625, 0.03171408439735703, 0.13733105135122184] [2.6619718074798584, 0.5187516212463379, 0.9495145082473755] [0.0, 0.0] 0.1461608111858368
barrier [352.8012518606274, 688.6541072432119, 1.3029230591156724] [-0.17461831069999587, 0.03173436878351144, 6.2232438221628e-05, -0.9841246727591556] [3.16467547416687, 0.6128711104393005, 0.9276381134986877] [0.0, 0.0] 0.1383911520242691
barrier [307.42968628330107, 675.6991368626653, 0.5913088961667654] [-0.43476758056569403, -0.025760126218771405, 0.018533481382547606, 0.8999833758765149] [1.8436341285705566, 0.40753716230392456, 1.0933537483215332] [0.0, 0.0] 0.12795069813728333
barrier [377.88183194588896, 653.3421287396184, 1.3603691957534165] [-0.5853573145528818, -0.022124815052737487, 0.02275008997446896, 0.8101541459898071] [3.08065128326416, 0.46515852212905884, 0.84421706199646] [0.0, 0.0] 0.10837386548519135
barrier [298.39826623881663, 691.8246378265643, -0.878205077293849] [-0.8942917072203566, -0.009053118665467822, 0.030415704453344995, 0.4463577806669612] [2.872576951980591, 0.5636633038520813, 0.9697010517120361] [0.0, 0.0] 0.10535916686058044
barrier [307.5509196574006, 676.0137277509649, 0.304944309511171] [-0.440790908751683, -0.0256353070140218, 0.018705749631092505, 0.8970486612926307] [2.0655174255371094, 0.4136895537376404, 1.0564727783203125] [0.0, 0.0] 0.10515570640563965
barrier [333.5114716082677, 668.260191491498, 0.8092299277835918] [-0.5807279217267931, -0.022254186905597006, 0.022623554100428767, 0.8134789529495615] [2.811652660369873, 0.4177585244178772, 0.947596549987793] [0.0, 0.0] 0.10077017545700073
bicycle [307.39745056611457, 675.6722761664433, 0.9214387179333641] [-0.8748234129112095, -0.010318378565732192, 0.030010083284431437, 0.4834014089630054] [0.5342561602592468, 1.6565515995025635, 1.1164300441741943] [0.00026153485460442424, -0.00039429171589382497] 0.26708653569221497
bicycle [289.6148571668041, 669.5757288821155, 0.40731368693886494] [-0.904990661798973, 0.01823191491945754, 0.02597443576545859, -0.4242461879872256] [0.7263977527618408, 1.9273600578308105, 1.584291934967041] [2.9536246887291244, 3.037986802628613] 0.20597952604293823
bicycle [330.72280424562723, 667.9074103477899, 0.5516022053713049] [-0.611721167103087, -0.021363568178150924, 0.023466401293376238, 0.7904366765801498] [0.5836153626441956, 1.5972249507904053, 1.0556774139404297] [0.0, 0.0] 0.19706061482429504
motorcycle [346.3908757718847, 678.410829691411, 0.9063816313547102] [-0.969427118034231, -0.002291321388382835, 0.03165160155915355, 0.2433186979762963] [0.8283613920211792, 1.978790283203125, 1.412034511566162] [0.0, 0.0] 0.17216378450393677
bicycle [343.7630493866133, 629.2089549424323, 1.774786387406905] [0.12444590017804613, -0.03169662901633536, 0.00154846503514925, 0.9917187826666949] [0.5629557967185974, 1.6049001216888428, 1.130791187286377] [0.0, 0.0] 0.1687808483839035
bicycle [320.40722844262297, 648.6198430777443, 1.0947436504730073] [-0.9755386957387625, 0.012154144273128973, 0.029314685943264657, -0.21752512287400116] [0.543755292892456, 1.6644493341445923, 1.1354892253875732] [0.0, 0.0] 0.15756529569625854
bicycle [325.39959378407644, 651.7899065514539, 0.8312546762015514] [-0.8821587490839506, -0.009855340089812299, 0.030165316286729218, 0.4698817589348139] [0.6413203477859497, 1.6264973878860474, 1.2304993867874146] [-0.0019784820080605884, -0.0022640373948330955] 0.13258159160614014
bicycle [319.83730122724023, 656.1903125823782, 0.587206710051829] [-0.3296605096366601, 0.03131649346420791, 0.005133349011171562, -0.9435660413299819] [0.5277764201164246, 1.6138936281204224, 1.0779415369033813] [0.0, 0.0] 0.12936922907829285
bicycle [338.31439327945617, 639.8121892652582, 1.5485854648641428] [-0.912362574949288, -0.007759157802615565, 0.030771244777525374, 0.4081512682780005] [0.630134105682373, 1.6651060581207275, 1.480297327041626] [0.0, 0.0] 0.12257017195224762
bicycle [320.08808438687214, 648.9991121877621, 0.9242821918427269] [-0.9507195164908624, -0.00442997743922406, 0.031423706574053904, 0.30842394026472075] [0.5146597623825073, 1.6355881690979004, 1.08865225315094] [0.0, 0.0] 0.1222265213727951
bicycle [297.35326847320846, 666.1832448195329, 0.07870038595066886] [-0.9968381615118208, 0.0077464595289320065, 0.030774443938613928, -0.07284645302805398] [0.5734901428222656, 1.6152305603027344, 1.075094223022461] [0.0, 0.0] 0.12212163209915161
bicycle [318.39266864319774, 685.6892033744398, 0.25664138084767424] [-0.9891543455197678, 0.009911057347761317, 0.03014705586311305, -0.14341062270416008] [0.6895077228546143, 1.7549690008163452, 1.7424252033233643] [2.3510421181263363, 1.008781889752762] 0.11976489424705505
bicycle [319.65290067234315, 668.1833048214912, 0.21534405042766755] [-0.8474233037234815, -0.011924978272551682, 0.02940865396721589, 0.529968555927062] [0.5319575667381287, 1.5137200355529785, 1.0377554893493652] [0.0, 0.0] 0.11601711809635162
bicycle [323.81188028397037, 680.9769948920683, -0.07649347201628226] [-0.99938995487974, 0.0059383673236438166, 0.031173864510094858, -0.014582319791661469] [0.5760732293128967, 1.716433048248291, 1.1384203433990479] [0.0, 0.0] 0.11566098779439926
bicycle [288.88533334393486, 684.9083125393047, -0.3233753726725535] [-0.3472947079125057, -0.027404439503925224, 0.016002210173597122, 0.9372189241692694] [0.6108436584472656, 1.7185558080673218, 1.168485403060913] [0.0, 0.0] 0.10885672271251678
motorcycle [298.1146155528877, 691.3557099081414, -0.776884865397936] [-0.8757939249998721, 0.019866651124080065, 0.024746519110338747, -0.4816408692151798] [0.6969549655914307, 1.9249687194824219, 1.440814733505249] [0.5899294020500412, 0.9129532466750078] 0.1066213995218277
traffic_cone [339.49401371226014, 659.9412855903133, 0.7510502082729] [-0.18783581165706886, 0.031730662798466314, 0.0004889512596350223, -0.9816876457530499] [0.6015856266021729, 0.6002724766731262, 1.117448329925537] [0.00042461577175117673, 0.00013192761363234229] 0.7799868583679199
traffic_cone [340.61296420576025, 661.8140216513298, 0.7687702356087845] [0.1273425156064403, -0.031701017353872075, 0.0014558618388343498, 0.9913510022610855] [0.4070902466773987, 0.4154757261276245, 1.2072408199310303] [-2.0422213277633356e-06, -1.2624605761047055e-05] 0.7021992206573486
traffic_cone [324.26746189388007, 664.3585205284129, 0.3960837854435971] [0.12417611276382653, -0.03169620660589895, 0.0015570875892000602, 0.9917525996859804] [0.7376999855041504, 0.717204749584198, 1.1193795204162598] [-0.0005417712247457643, -0.00037001591348493864] 0.6887359023094177
traffic_cone [342.08850382973026, 663.1844025511605, 0.8305004522420184] [-0.2167261016458476, -0.029324630133099706, 0.012130132007574089, 0.9757165176578846] [0.41737622022628784, 0.42533767223358154, 1.0259896516799927] [0.0, 0.0] 0.513848066329956
traffic_cone [339.78863218161774, 652.6252472847367, 0.6147455022895225] [-0.4319243472024252, 0.030557303476143965, 0.00856301577898303, -0.901351365594347] [0.35581979155540466, 0.3345584571361542, 0.6890746355056763] [0.0, 0.0] 0.3671678900718689
traffic_cone [330.2408921919659, 682.9436798464035, 0.5315219684948657] [-0.9849847024219353, 9.629801220607109e-05, 0.03173428369535254, 0.16969991738303017] [0.5674517750740051, 0.6013786792755127, 1.1190224885940552] [0.0, 0.0] 0.2676561772823334
traffic_cone [349.2148426534249, 690.0035258742561, 0.8097758634621661] [-0.4692457599882779, -0.025024146443671787, 0.01951579180381726, 0.8824972196545771] [0.44437700510025024, 0.4448300302028656, 1.205285906791687] [-0.00022071397118733128, -0.00046803454924751025] 0.18766914308071136
traffic_cone [313.0403913785936, 673.1848096020273, 0.21807716520126186] [-0.42087234574856525, -0.02604216561480816, 0.01813503915229234, 0.9065646113483228] [0.3841877579689026, 0.38197681307792664, 1.1961133480072021] [0.0, 0.0] 0.18719741702079773
traffic_cone [349.15954165769324, 684.7287644207721, 1.1231143107460508] [-0.22308406000018843, 0.03169244343882356, 0.001631889653512812, -0.9742825196722293] [0.4343509078025818, 0.4318523406982422, 1.338181734085083] [0.0, 0.0] 0.17982397973537445
traffic_cone [340.57298425992747, 661.5372213883016, 0.7671056112813905] [-0.2105494395835793, 0.03171079237308791, 0.001224615055918405, -0.9770679912145704] [0.4555819034576416, 0.47155001759529114, 1.1773830652236938] [-4.554351642983857e-06, -3.227796085878111e-05] 0.17331886291503906
traffic_cone [347.556311154739, 663.3658715865155, 0.7032238746676679] [-0.6675675388816045, -0.019601018646605083, 0.024957445842467785, 0.7438726416508359] [0.3678518831729889, 0.38387155532836914, 0.7607099413871765] [0.0, 0.0] 0.16917598247528076
pedestrian [338.4202291358605, 639.7544889535151, 1.6243326162176595] [-0.5207810884610364, 0.02953578825753074, 0.011606517435069918, -0.8531002191222163] [0.6372576951980591, 0.6256698369979858, 1.6494202613830566] [-0.00018887891891998778, -0.0009709811438545279] 0.16694612801074982
traffic_cone [325.80379651904303, 651.4855597934372, 0.8304907695876234] [-0.7094050990387792, 0.02591041262154912, 0.018322787799495487, -0.704086167612186] [0.4622311294078827, 0.4576669931411743, 1.2763142585754395] [0.0003065260537169027, 0.0003363917815233783] 0.1657368540763855
traffic_cone [343.69993087454327, 629.1648349477229, 1.6668757552456395] [-0.5309611381164835, 0.029394660999054564, 0.01195942890421333, -0.846801745259824] [0.5249385833740234, 0.554509162902832, 1.0480339527130127] [-0.0051943007692594415, -0.0017196569707307282] 0.15924935042858124
traffic_cone [318.65474474005, 667.8395298829738, 0.29979325343859037] [-0.48584704122372613, 0.029981097745442258, 0.01040229844517594, -0.8734675600726031] [0.3369413912296295, 0.33915528655052185, 1.0345399379730225] [0.0, 0.0] 0.15655799210071564
traffic_cone [347.45485831013303, 664.6245088643394, 0.6492758537133669] [-0.363373357279807, -0.027124973108722465, 0.016471486539330803, 0.931102963793069] [0.4097658097743988, 0.44831377267837524, 0.7839205861091614] [0.0, 0.0] 0.1507420837879181
traffic_cone [315.05813921563885, 653.5520963984874, 0.670253483981306] [-0.9118222039428336, 0.017803763520498825, 0.02626975522288755, -0.40935704997211] [0.41606199741363525, 0.40128466486930847, 1.1561039686203003] [0.0, 0.0] 0.13683106005191803
pedestrian [309.1937730908883, 697.6205725874238, 2.2205735029796987] [-0.9141495273230329, 0.017653162420108864, 0.026371194351669566, -0.40413310636485955] [0.6506180763244629, 0.6956212520599365, 1.808517336845398] [0.7213956141398488, 0.8127533004474095] 0.13431641459465027
traffic_cone [343.7922615242123, 665.0753869949584, 0.8320556433309614] [-0.4568995296084369, -0.025293735410202522, 0.019165098068179558, 0.8889520492178555] [0.3751380741596222, 0.37571802735328674, 1.15545654296875] [0.0, 0.0] 0.1335330754518509
traffic_cone [344.16274693469757, 629.1836794444499, 1.714947625831963] [-0.38518167342341825, 0.030955855922661313, 0.006986345186126083, -0.9222949660622519] [0.5576249361038208, 0.5835105776786804, 1.085373878479004] [-0.002772131299033574, -0.00045489358407626164] 0.13125617802143097
pedestrian [326.6155279314089, 643.0764113869227, 1.30620589858994] [-0.9636338869598001, 0.01358399326825889, 0.02868011788420978, -0.26533499178921394] [0.5181240439414978, 0.5054516792297363, 1.4560296535491943] [0.01644669673650505, -0.009680348397988472] 0.12771186232566833
traffic_cone [339.2225283402933, 660.3096853884972, 0.7510636011438789] [-0.17670756238060342, 0.031734165102600576, 0.0001296156053890332, -0.9837516776923637] [0.5095205903053284, 0.5195093750953674, 1.1605364084243774] [0.00021389245708970488, 0.00020654134767317416] 0.12379345297813416
traffic_cone [339.94531553361713, 660.0884848779164, 0.7416455093442194] [0.15681956752866832, -0.03173031854824331, 0.0005108030846411012, 0.9871172925266565] [0.6556710600852966, 0.6795248985290527, 1.1376930475234985] [0.00021792452730159386, 0.0023654375167918144] 0.12200441211462021
traffic_cone [347.7076746918844, 663.8910290692544, 0.7399925110379093] [-0.6833413693548499, -0.01906216809152541, 0.025371396938574417, 0.7294090065890837] [0.3721083104610443, 0.40031737089157104, 0.7546194195747375] [0.0, 0.0] 0.12095412611961365
pedestrian [333.0238539137552, 689.3252668814279, 1.798641106434812] [-0.21621591676741392, -0.0293309683876136, 0.012114797910369134, 0.9758296999484399] [0.6057834625244141, 0.5749213695526123, 1.92262864112854] [0.00013069373716934413, -6.117122362198244e-05] 0.11815764009952545
traffic_cone [328.3343004193301, 664.1732172847362, 0.7208851898992807] [-0.22623690207234387, -0.029204867164317607, 0.012415706539655156, 0.9735552321803546] [0.40668627619743347, 0.4140138626098633, 1.2993130683898926] [0.0, 0.0] 0.11424444615840912
pedestrian [289.9833423887626, 669.8201675302963, 0.3406150064075272] [-0.9449079825611371, 0.015372004431724354, 0.02776284413952071, -0.32579415350383034] [0.7066169381141663, 0.8015016317367554, 1.850268840789795] [1.1062941752393285, 0.9190961795459323] 0.11296745389699936
pedestrian [318.813411997137, 682.9871338085073, 0.7365956400718314] [-0.7523775882506827, 0.024703871779338984, 0.019919657478838622, -0.6579672413297806] [0.6401968598365784, 0.6517834663391113, 1.6840705871582031] [0.029567791901059695, 0.10425798079965927] 0.1113545224070549
pedestrian [309.27363444728974, 697.1464557690346, 2.1581854319639238] [-0.9448945730485241, 0.015373147054281345, 0.02776221145030982, -0.3258330428125462] [0.662865400314331, 0.7053176164627075, 1.8224657773971558] [0.8406791431014022, 0.5808008337000973] 0.10670369863510132
pedestrian [318.4192525367816, 685.6161885982494, 0.43251029398814655] [-0.9804685937267495, 0.01144857165628093, 0.02959736883567986, -0.19409859010442473] [0.6500116586685181, 0.7104526162147522, 1.7984557151794434] [1.3759382173199572, 0.5002394848009605] 0.1063624918460846
traffic_cone [345.3008089948309, 633.6134904666743, 1.8628786749390538] [-0.8705668664020061, 0.020131468965445362, 0.024531571336903448, -0.49102571937529627] [0.39154499769210815, 0.37220752239227295, 1.3102355003356934] [0.0, 0.0] 0.10023165494203568
