car [321.5798843675379, 663.4871579361402, 1.078759060223467] [0.1947963850990219, -0.03626217714310058, 0.01813930086418121, 0.9800053003047254] [1.9975694417953491, 4.716182231903076, 1.8049511909484863] [-3.002524741773118, 1.2331961568228933] 0.8421071171760559
car [289.2414768974856, 670.4371408586054, 0.5508322829675729] [-0.9154258736575516, 0.03561356464495707, 0.019381788882307932, -0.400439121604408] [2.0536446571350098, 5.089168548583984, 1.755782127380371] [4.200094516934902, 4.5054804683809] 0.693688154220581
car [330.7421482736519, 641.2086236084649, 1.4530087433827914] [-0.3395327107786794, 0.038571996803380554, -0.012497231277322631, -0.9397199362492439] [1.9972689151763916, 4.717994689941406, 1.7457222938537598] [0.0, 0.0] 0.6165041923522949
car [349.174652486103, 634.9006113553822, 2.1827995364390658] [-0.3977905840759016, -0.019484680974834197, 0.03555737524491685, 0.9165798773121494] [1.8986443281173706, 4.475202560424805, 1.6532249450683594] [-0.002122366343478842, -0.0023293807396308035] 0.5973918437957764
car [303.3807970588411, 689.092294375901, -0.07224918813530856] [-0.867063719560173, 0.0374910444517664, 0.015440249768529233, -0.49654458661380974] [1.9422800540924072, 4.523109436035156, 1.6188788414001465] [3.947172038180897, 6.6711184989715875] 0.5183320045471191
car [348.1274662244143, 646.6818890613421, 2.115330962673344] [0.1382565208554848, -0.0351618801170282, 0.020189648675364012, 0.98956614468864] [2.1592352390289307, 5.052975654602051, 1.9780218601226807] [0.0, 0.0] 0.338767409324646
car [357.2418570608425, 661.0321968678667, 1.4800304514461617] [-0.9965520810925141, 0.022474983921358747, 0.033746923189137655, 0.0723876366735409] [1.9672083854675293, 4.717713356018066, 1.7629823684692383] [0.0, 0.0] 0.2119380533695221
car [338.93189354101276, 683.9600310406166, 2.1764792709469623] [0.05577420498790997, -0.033367787201565025, 0.023034116094826924, 0.9976197964810884] [2.0165514945983887, 4.700931549072266, 1.9086650609970093] [-6.804345351114916, 0.9696602685250427] 0.17448371648788452
car [353.71748116172495, 629.0529644641408, 2.5554943727380977] [-0.46200224837423626, -0.01690517781763366, 0.03685369303004894, 0.8859514336407794] [1.919519066810608, 4.5072126388549805, 1.6637327671051025] [0.0, 0.0] 0.12337750196456909
car [276.37125458739104, 686.5570637530833, 1.1320561973749905] [-0.22045585259621048, 0.036725863807204745, -0.01718111331123626, -0.9745538657914604] [1.9323651790618896, 4.573944091796875, 1.7277268171310425] [0.0, 0.0] 0.11532853543758392
car [353.0485580050629, 626.1361282588224, 2.5033412997581173] [-0.909656971798225, 0.009382060965248223, 0.039445616474372114, 0.4133766006100064] [1.9192811250686646, 4.538226127624512, 1.644380807876587] [-0.0030483639198540303, -0.00016737969270433427] 0.10888296365737915
car [333.95821943559804, 674.2415410191538, 1.2084405121019266] [-0.3214062033645188, 0.03832464177352207, -0.013236372612241538, -0.9460729743057916] [1.9510865211486816, 4.607746124267578, 1.7306296825408936] [0.003975307908664921, -0.0011494504546366705] 0.10642774403095245
car [351.7674314253577, 630.6739416337002, 2.5404423962582157] [-0.33949856696295977, -0.021677240993334478, 0.034264806287440046, 0.9397322721408999] [1.9621111154556274, 4.608042240142822, 1.6967010498046875] [0.0, 0.0] 0.10123435407876968
car [331.31198670137496, 658.9915778513684, 1.940848089130828] [0.1739361227866993, -0.03586869854781225, 0.01890545401425373, 0.9839218695927701] [2.5768845081329346, 6.419917583465576, 2.8400135040283203] [-4.1219611172392545, 1.5695217865853524] 0.10115271806716919
construction_vehicle [321.0621397084663, 668.3291626866041, 1.1163010137069413] [-0.9665165358277652, 0.015925682114219346, 0.037287429197998156, 0.25338075350053335] [2.5009686946868896, 4.687236309051514, 2.4814984798431396] [0.0, 0.0] 0.7087105512619019
truck [332.981023587888, 658.3286192585217, 1.963169630963033] [0.1655404292610573, -0.03570619808385779, 0.019210599818725114, 0.9853691625746498] [2.7165780067443848, 9.426440238952637, 3.2881288528442383] [-4.154362025679064, 1.3430025025068235] 0.4374149441719055
truck [348.27284628764846, 646.6345706145353, 2.2041147130591896] [0.1323985641872612, -0.035041796802591486, 0.02039735776625934, 0.9903669221425732] [2.2493581771850586, 5.57589864730835, 2.0168344974517822] [0.0, 0.0] 0.36979925632476807
construction_vehicle [331.7068290294594, 666.1057118916508, 0.7926919919275169] [-0.9886513876059879, 0.019961844588012194, 0.03529170564938651, 0.1446528743501365] [1.4002164602279663, 3.1033759117126465, 1.8877034187316895] [0.0, 0.0] 0.24439263343811035
truck [289.16458560665785, 670.3740732951267, 0.5067316717842699] [-0.9155073163068258, 0.035609621058106604, 0.019389033371907487, -0.40025288763689837] [2.004337787628174, 5.248866081237793, 1.8714661598205566] [3.9867156035810094, 4.108730755066262] 0.2397221028804779
truck [339.4842553711382, 683.7519743970344, 2.171564550082415] [0.06156966210211065, -0.033501057437572285, 0.02283985283585195, 0.9972788962881115] [2.2377538681030273, 5.568545818328857, 2.240854501724243] [-6.231039004402482, 1.0766116826522383] 0.15723586082458496
truck [357.3632543788875, 661.4048838542267, 1.5224276500781204] [0.15608194820856763, -0.035520303132635725, 0.019552181268711694, 0.9869115693497669] [2.2319529056549072, 6.022915363311768, 2.115659236907959] [0.0, 0.0] 0.1535290777683258
construction_vehicle [273.00987749903277, 669.5693381411081, 1.0263622457448145] [-0.9027658303282652, 0.03618902728252649, 0.0182848032897115, -0.42821708964580074] [3.775033473968506, 10.459417343139648, 3.520956039428711] [0.0, 0.0] 0.1233917772769928
bus [287.6471614233241, 678.8820530878131, 1.4093752064592018] [-0.2555678966829602, -0.02460568212959953, 0.032226388782114535, 0.9659405108276852] [3.27816104888916, 12.88066577911377, 3.8124070167541504] [-4.240588270645893, -2.3439871761753586] 0.8975069522857666
trailer [331.2699085362245, 666.2151794455665, 0.5175110090557071] [-0.06571142318025311, -0.030325670415394006, 0.02691344349680634, 0.9970145581367542] [0.9541457891464233, 2.2245655059814453, 1.3318969011306763] [0.0, 0.0] 0.19282975792884827
trailer [323.98843614113787, 682.6746241321425, 1.3952064302567944] [-0.2839741765166394, 0.037774797841411745, -0.014732425972641638, -0.9579742623602674] [2.314221143722534, 5.604799747467041, 2.8743784427642822] [0.0, 0.0] 0.13455569744110107
trailer [333.3136874739014, 677.2654315862973, 2.3688274994917857] [-0.4649384009630294, -0.016782841398623724, 0.036909564635572885, 0.8844141018679783] [2.925567150115967, 12.702601432800293, 4.0280375480651855] [0.0, 0.0] 0.12965478003025055
trailer [333.1228853040308, 676.736806101434, 2.241189239739822] [-0.27796998063422373, 0.037681805981576964, -0.014968674789896465, -0.9597336662528887] [2.939610004425049, 11.62699031829834, 3.7915008068084717] [0.0, 0.0] 0.12085259705781937
barrier [306.1154429114986, 688.5825083864701, -0.387619063391468] [-0.43774339930213385, 0.039684151325681254, -0.008315519259752945, -0.8981852462829781] [2.1766252517700195, 0.5631324052810669, 1.023672342300415] [0.0, 0.0] 0.2418745458126068
barrier [307.7120625461459, 691.6484779297969, -0.351310331782426] [0.15119503320898148, -0.035423088848717546, 0.01972775971606392, 0.9876720519514242] [3.0608980655670166, 0.5704910159111023, 0.901875913143158] [0.0, 0.0] 0.17066651582717896
barrier [306.99061750286285, 690.0848042967637, -0.3468177694697337] [-0.24112119784512948, 0.037082768542268454, -0.0163965851395782, -0.9696476618972127] [1.9117577075958252, 0.49415987730026245, 1.008263349533081] [0.0, 0.0] 0.15226128697395325
barrier [273.70209351314713, 668.0835430346435, 0.43085033869613976] [-0.9488139450754, 0.013566922197305448, 0.03820887788317202, 0.3132221542347504] [2.9311327934265137, 0.5328578948974609, 0.9770505428314209] [0.0, 0.0] 0.12600591778755188
barrier [333.386782116489, 662.090370339973, 0.7460114089801357] [-0.5934778194851373, -0.011001335298031184, 0.03902499645943846, 0.8038284008743212] [3.0467774868011475, 0.5132272839546204, 0.8999547958374023] [0.0, 0.0] 0.10516931861639023
bicycle [325.09430894920933, 652.1425323207766, 1.1008487797056277] [-0.3733513461920241, 0.03899939418900884, -0.01109175278705734, -0.9268035350437572] [0.5887914896011353, 1.656833529472351, 1.1552037000656128] [0.0, 0.0] 0.24316301941871643
bicycle [332.564406065365, 665.8806248233815, 1.006755924732346] [-0.9123256095512087, 0.009638346900249749, 0.03938377833612892, 0.40745306776365975] [0.545351505279541, 1.5421606302261353, 1.1052143573760986] [0.0, 0.0] 0.18678255379199982
motorcycle [338.64584644068856, 639.801094619454, 1.6818142385991126] [-0.2860937059122736, 0.037807311685826135, -0.014648785276932877, -0.957343413676818] [0.7133409380912781, 2.0335729122161865, 1.451090931892395] [0.0, 0.0] 0.17519733309745789
bicycle [319.9621449819142, 676.1050255532615, 0.34641413646723235] [0.12474103230026733, -0.03488311915006978, 0.02066755247630755, 0.9913605273227623] [0.4532068371772766, 1.4932115077972412, 1.0116740465164185] [0.0, 0.0] 0.168634295463562
motorcycle [350.61784792088247, 663.0810332039997, 1.7410169886828468] [-0.6370167206776705, -0.00882665815554376, 0.03957360020018477, 0.7697829030642784] [0.7741297483444214, 1.9361708164215088, 1.313631534576416] [0.0, 0.0] 0.16038063168525696
motorcycle [331.8076012040208, 674.7835729011827, 1.1219535113412995] [-0.8132900157662093, 0.03884260025620877, 0.011628935133332815, -0.5804441149051308] [0.5841322541236877, 1.8306012153625488, 1.180503249168396] [0.0, 0.0] 0.1590530276298523
motorcycle [324.1868685256888, 683.1796961634483, 1.0672447586137497] [-0.7584750698305007, 0.03972253361260657, 0.008130193748874172, -0.6504395350212183] [0.8819696307182312, 2.4739291667938232, 1.5904417037963867] [0.0, 0.0] 0.15703657269477844
bicycle [323.4820973150871, 681.5078283901671, 0.5438866902224908] [0.094364710527552, -0.03423474376961127, 0.021724687478257405, 0.994711677663459] [0.612532377243042, 1.75532066822052, 1.1661237478256226] [0.0, 0.0] 0.14659669995307922
motorcycle [342.4764750905183, 663.3256373213638, 1.2032845990836125] [0.04926593443577368, -0.033216834848866506, 0.023251271139918758, 0.9979623680165357] [0.6132177710533142, 1.6613872051239014, 1.2210952043533325] [0.0, 0.0] 0.127556711435318
motorcycle [329.2198338770418, 642.4364554933211, 1.3759609061771938] [-0.4474277776940365, 0.03977172841248247, -0.007886022196432486, -0.8934004723643129] [0.7821736335754395, 2.096275568008423, 1.333153247833252] [0.0, 0.0] 0.12504664063453674
motorcycle [266.11721020340525, 677.7896553054723, -0.22749831817689214] [-0.9770859434443032, 0.017613028767034387, 0.03652069200673107, 0.20894755178407243] [0.7656054496765137, 1.9161278009414673, 1.4470423460006714] [0.013756566391210184, -0.015334798339296045] 0.1133882999420166
bicycle [323.24742243304195, 669.9705830290636, 0.5902827877884802] [-0.22516233349419607, 0.036808454381579994, -0.01700345297397078, -0.9734772436212621] [0.579245924949646, 1.5720798969268799, 1.073593258857727] [-0.002987541033577679, 0.004291186073232834] 0.1111169382929802
bicycle [340.3864855960622, 666.2050578505878, 1.2209505075499154] [-0.7214723593172198, 0.04011025891996674, 0.005928478419638532, -0.6912551301901824] [0.5802276730537415, 1.608798861503601, 1.1273069381713867] [0.0, 0.0] 0.10928831249475479
traffic_cone [317.74543014308676, 671.930139668367, 0.46264497951151007] [-0.5167807242895389, -0.014555067115074795, 0.03784349017036562, 0.8551571219815579] [0.4023468494415283, 0.41380774974823, 1.1976591348648071] [0.0, 0.0] 0.6958022713661194
traffic_cone [324.02366480756956, 664.5702215952751, 0.7133639323958005] [-0.2484791683761185, 0.037206238559816224, -0.016114451254353512, -0.9677882635970091] [0.7362081408500671, 0.6997722387313843, 1.0644316673278809] [0.0006156936988669741, 0.0008878479308312369] 0.6512827277183533
traffic_cone [318.95289036650144, 669.9833560601235, 0.10481824941304659] [-0.98961734005313, 0.02020268477093752, 0.035154391689304204, 0.13788959547104956] [0.4410363733768463, 0.7082772254943848, 0.47475770115852356] [0.0, 0.0] 0.5138698816299438
traffic_cone [339.22769434936345, 660.1944356486177, 1.2966993574379075] [0.04510383604533666, -0.03311958433219843, 0.023389588723645556, 0.9981591377365622] [0.49956411123275757, 0.49228131771087646, 1.256221055984497] [0.0, 0.0] 0.5100269317626953
traffic_cone [340.5617755290287, 662.1194793530191, 1.0297048089701972] [-0.20446629505034036, 0.03643956836731943, -0.017780258271530937, -0.978033513976586] [0.3930708169937134, 0.39757239818573, 1.2633579969406128] [9.192711836234777e-06, -2.9935660059158203e-05] 0.44367140531539917
traffic_cone [325.6906109799472, 651.7208266020791, 1.1559662299567885] [-0.48333330895899784, 0.04005912541858779, -0.006264678578885385, -0.8744969598138965] [0.4148901700973511, 0.39474567770957947, 1.261595606803894] [0.0, 0.0] 0.3183077871799469
traffic_cone [324.9729435708315, 652.3718196325127, 1.0280533027102794] [-0.7117120285807848, 0.04018941883024445, 0.005365663154362598, -0.7013002271826423] [0.392839252948761, 0.3775195777416229, 1.073386549949646] [0.0, 0.0] 0.2691618800163269
traffic_cone [309.1108906130007, 660.1250800527091, 0.3639264751399621] [-0.8342365137215758, 0.03838509273864711, 0.01306002995572184, -0.5499140473261915] [0.32821059226989746, 0.323853075504303, 0.6866855025291443] [0.0, 0.0] 0.2624528110027313
traffic_cone [307.25005936286755, 690.6024565135866, -0.08306105818695231] [-0.7585179857030928, 0.039721997076915004, 0.008132814716962837, -0.6503894876440767] [0.414081871509552, 0.41859883069992065, 1.2871578931808472] [0.003080175042253943, 0.005534357415157016] 0.2384481430053711
traffic_cone [320.4210496900675, 649.040901236848, 0.9924289875267651] [-0.9324889528146038, 0.03470702116506369, 0.020961927603317214, -0.358915551560148] [0.34943097829818726, 0.33956000208854675, 0.8283251523971558] [0.0, 0.0] 0.21754413843154907
traffic_cone [306.84958904439753, 676.3818774994952, 0.5065247204099738] [-0.18197121820507983, -0.026966656743709388, 0.030278361102705743, 0.982467554689701] [0.39935874938964844, 0.41449084877967834, 1.346569538116455] [0.0, 0.0] 0.21059010922908783
pedestrian [275.65786253541916, 666.6673072798993, 1.245152073245082] [-0.9988240258153707, 0.023999884785064235, 0.03268004371634979, 0.026581680288833898] [0.6623729467391968, 0.6855670213699341, 1.81753671169281] [0.14854408568144556, 0.07558464126195859] 0.20132292807102203
traffic_cone [319.68429809107784, 669.9456418750267, 0.13985208722505113] [-0.8438682660331035, 0.0038458320009143506, 0.040363217206011145, 0.5350162332633328] [0.38085392117500305, 0.3974427282810211, 0.6732319593429565] [-0.00023764484674737807, -0.00019232621009928296] 0.19633805751800537
traffic_cone [345.327761438045, 633.9349056831634, 1.9536274257623119] [-0.8849682834519217, 0.03688951138189035, 0.01682687365508737, -0.4638826980575592] [0.3883765935897827, 0.37573644518852234, 1.2001302242279053] [0.0, 0.0] 0.19365429878234863
traffic_cone [320.53235131147983, 649.239926934352, 0.894751637842063] [-0.90436872263634, 0.03612005627087147, 0.018420674851589172, -0.42482141399665385] [0.34703904390335083, 0.3399142920970917, 0.7765148282051086] [0.0, 0.0] 0.1910771280527115
traffic_cone [342.0014466505013, 663.4610390515634, 1.1772843205120336] [-0.4762649881362089, -0.01630715711223082, 0.037122181427226376, 0.8783664846455713] [0.48712921142578125, 0.48744869232177734, 1.3053086996078491] [3.5820670822879008e-06, 4.824614428771936e-05] 0.16057664155960083
traffic_cone [328.3379475967081, 664.5302779361227, 1.0314153221926952] [-0.4656777270155489, -0.01675197419528351, 0.03692358443541806, 0.8840250419725867] [0.4055342674255371, 0.3992716073989868, 1.2230650186538696] [9.02941266034316e-05, -5.367535624795832e-07] 0.15225158631801605
traffic_cone [339.5666836971747, 639.2090667915977, 1.5958869871559491] [-0.8602462218002905, 0.037697103411330576, 0.014930107882876804, -0.5082641617813781] [0.516951322555542, 0.4746617376804352, 1.370643138885498] [0.0, 0.0] 0.15123100578784943
pedestrian [318.60614290639217, 685.6550506074224, 0.9524650658019516] [-0.9336751155456798, 0.011824765767148929, 0.03878343256534875, 0.35581849148654826] [0.5814820528030396, 0.6190117597579956, 1.3766353130340576] [-0.0017179421677693634, -0.0028907850594565372] 0.1427571177482605
traffic_cone [342.46663734760835, 636.6250567509553, 1.6522764552203872] [-0.9548623160897767, 0.03319135117743949, 0.02328763478790359, -0.29426854671314917] [0.41972842812538147, 0.4095105528831482, 1.194042444229126] [-6.464718994781307e-06, 1.6912610129663992e-05] 0.135201558470726
traffic_cone [320.66148092413687, 680.9039457261946, 0.544715463496335] [-0.741842606593213, -0.0029988532548990395, 0.040434967616587415, 0.6693471201969791] [0.3718855679035187, 0.37510690093040466, 1.1756736040115356] [-2.737289249157018e-05, 2.0004643474675782e-05] 0.13226209580898285
traffic_cone [319.58398230451826, 669.6568614510716, 0.22820643180113992] [-0.9981180254949931, 0.023359689114739728, 0.03314067970729631, 0.0460046460151351] [0.4137776792049408, 0.4459064304828644, 0.6961602568626404] [-0.00017714904594322653, 0.00011941499833444138] 0.13199755549430847
traffic_cone [307.2570993899223, 686.6152605082368, -0.13266328255611914] [-0.20972716879736708, -0.026098184138998608, 0.031030058195978507, 0.9769188988556022] [0.3696962296962738, 0.37573128938674927, 1.201841950416565] [0.0, 0.0] 0.13199284672737122
traffic_cone [332.613091491414, 665.8157142314367, 0.8286644437520148] [-0.8591604490251672, 0.005025128156487978, 0.04023341663356174, 0.5100973859018243] [0.4981854259967804, 0.4950312674045563, 1.0549499988555908] [-0.0009820579806493995, 5.854947253864291e-05] 0.1275450587272644
traffic_cone [324.0593145326899, 652.659970265498, 0.8993573568181974] [-0.9358573649263743, 0.03450626837604753, 0.021290776635883284, -0.35003858756723516] [0.3365570902824402, 0.33111706376075745, 0.851069450378418] [0.0, 0.0] 0.12548260390758514
traffic_cone [338.7812051843165, 660.4634985111362, 1.3222032947903368] [-0.013111568501661008, -0.03170100458637753, 0.02527896428284518, 0.9990916409641449] [0.514939546585083, 0.5164753198623657, 1.3085824251174927] [0.00010448852189189723, 0.00013169742103790567] 0.12049083411693573
pedestrian [302.19548402693863, 662.5473572042929, 0.5356155004075008] [-0.8864371245453304, 0.03683588270178604, 0.016943950914091774, -0.4610696742367777] [0.48148372769355774, 0.4912555515766144, 0.8777745366096497] [1.811633452356903e-05, 8.936785060982316e-06] 0.11835326254367828
pedestrian [318.6188235705014, 683.0675499995934, 1.0761677382665864] [-0.8426156276913599, 0.03817917819489171, 0.013650277629469547, -0.5369868939213482] [0.5949690341949463, 0.6018278002738953, 1.534482479095459] [8.71822916740253e-06, -1.9376124927572446e-05] 0.11481651663780212
traffic_cone [308.0483398111917, 674.7691126262565, 0.2502227423870395] [-0.1285337833496159, -0.028565788771426563, 0.028774562357490884, 0.9908759189781713] [0.32402268052101135, 0.3291997015476227, 0.8883761167526245] [0.0, 0.0] 0.10965853929519653
traffic_cone [339.3792259775145, 659.8707619041045, 1.2194899249540994] [0.032158358285867966, -0.03281354143886796, 0.023817036449537254, 0.9986600323760629] [0.5888762474060059, 0.6158087849617004, 1.2398815155029297] [-7.503007906348745e-05, -7.615710585773527e-05] 0.10867026448249817
traffic_cone [321.1136850168199, 675.6538251201749, 0.5034852351620787] [-0.6684010651567333, -0.007177440525812226, 0.039905689750927995, 0.7426951167002149] [0.36508578062057495, 0.36215031147003174, 1.0757102966308594] [0.0, 0.0] 0.10737200081348419
traffic_cone [340.1739391078494, 638.836636952522, 1.5517270835437798] [-0.8225734408096719, 0.03864939607580752, 0.012255770476565127, -0.5672115608373465] [0.47593680024147034, 0.45184147357940674, 1.232407808303833] [0.0, 0.0] 0.10585753619670868
pedestrian [322.83851254234844, 677.731890158627, 1.2367720247591745] [-0.9971119938049473, 0.026867929359321197, 0.030366002353642427, -0.06421597996857467] [0.5877193212509155, 0.5676219463348389, 1.6632697582244873] [0.0, 0.0] 0.10479496419429779
pedestrian [272.9404181490019, 667.0730477018898, 1.0260582097416004] [-0.9952114811869414, 0.021911054919671553, 0.03411576467420932, 0.08893890030068986] [0.6152037382125854, 0.630664587020874, 1.6992194652557373] [0.010798020109963124, 0.004921650737644649] 0.10392480343580246
pedestrian [319.5067926793971, 684.6466813507668, 1.0154578396239078] [-0.28281027508257506, 0.03775687386925369, -0.014778301750206587, -0.9583185110289374] [0.527715265750885, 0.5200622081756592, 1.4235347509384155] [0.0, 0.0] 0.10359811037778854
traffic_cone [343.7074055427672, 665.1021019206815, 1.5983567976080306] [-0.2983865697849443, -0.02314417874439836, 0.033291541226657416, 0.9535834914914249] [0.43405699729919434, 0.4268360137939453, 1.3520965576171875] [0.0, 0.0] 0.10065952688455582
traffic_cone [323.7437006251074, 664.9049177584951, 0.6743776821381676] [0.16591560096652933, -0.035713510017214706, 0.019197003131978595, 0.9853060608911919] [0.6820729374885559, 0.6878038048744202, 1.1095848083496094] [0.0012493635850758403, -0.0020589446935139026] 0.10057378560304642
