car [295.2798768749285, 677.9231550473332, 0.38603268002229574] [-0.8979859699787752, 0.040445888897513015, 0.01034947144228848, -0.4380390578857477] [1.9243590831756592, 4.738804340362549, 1.6364213228225708] [4.6799777695811, 6.166821287471226] 0.7883809804916382
car [317.8710717163881, 665.2131199048185, 1.0231831671120344] [-0.21950629924694462, 0.03336312128230419, -0.02509748246631467, -0.9747173965324852] [2.0315330028533936, 4.958029270172119, 1.7811329364776611] [-2.1572935490879708, 1.028965916338057] 0.769065260887146
car [295.784509457932, 685.4371049190136, 0.2090837512643262] [-0.4324613364807842, -0.010600117250923028, 0.04038092374019439, 0.9006854117622917] [1.9834065437316895, 4.621984481811523, 1.7288296222686768] [-3.841094783604612, -4.67377064898632] 0.7423698902130127
car [330.869796765153, 641.264934644576, 1.642072384959982] [-0.34116706993608326, 0.03627262825118521, -0.020670702155370323, -0.9390751029089116] [1.9433401823043823, 4.605162143707275, 1.6798312664031982] [0.0, 0.0] 0.7327216267585754
car [349.1970638276991, 634.8951920473306, 2.6266961621296967] [-0.3937446399193769, -0.01230876318216114, 0.039893305663609595, 0.9182712981722316] [1.9074268341064453, 4.459437370300293, 1.6228115558624268] [0.0, 0.0] 0.2732377350330353
car [310.25480552024857, 705.9773387223457, -0.23110688035658833] [-0.7114667238732115, 0.04163483910457762, -0.0030857188110139386, -0.7014785237862057] [1.9454710483551025, 4.541167736053467, 1.7053595781326294] [0.0, 0.0] 0.26848554611206055
car [304.2685718506194, 695.7057472186701, 0.40183621352001997] [-0.41343777352640687, -0.011446388257692945, 0.04014924262920609, 0.9095747500528379] [2.0847389698028564, 5.049898624420166, 2.1617319583892822] [-1.0336270203624365, -1.2690214000118312] 0.1946730613708496
car [344.3041976256598, 634.4325847517125, 2.3997805437285376] [-0.9530809528625134, 0.022235356072887097, 0.03533511607673921, 0.2998228073426681] [1.8655993938446045, 4.394245147705078, 1.6359590291976929] [0.0, 0.0] 0.1930416077375412
car [297.4368033624426, 692.0366146687937, -0.1406264162073516] [-0.8821813004473128, 0.04078187607565721, 0.00893420794443742, -0.4690556168017214] [1.8544180393218994, 4.317923545837402, 1.5521345138549805] [-0.0008894367796715978, -0.008353354064538925] 0.1809849590063095
car [347.731880068504, 646.1120941814395, 1.9441464010223137] [-0.9829001958835241, 0.026444741879749135, 0.03230568239115455, 0.17934386926874563] [2.0010762214660645, 4.579446315765381, 1.7995047569274902] [0.0, 0.0] 0.17836962640285492
car [341.4237438561574, 660.0889242291205, 1.4437270901299224] [0.10937913602848824, -0.030354479422849585, 0.028663340119611184, 0.9931229647499933] [1.880818486213684, 4.538203239440918, 1.607884407043457] [0.0, 0.0] 0.17737160623073578
car [346.9587572086816, 644.5753387607783, 1.9559520136665398] [-0.8737447449584477, 0.014709773184815755, 0.03907178087438537, 0.48458966060952274] [2.06337833404541, 4.834294319152832, 1.8370413780212402] [0.0, 0.0] 0.12595929205417633
car [326.96300813504223, 660.2566165216398, 1.8255867121628078] [0.16918372657872044, -0.03203086025268398, 0.026776957992231697, 0.9846998959952682] [2.754491090774536, 7.312430381774902, 2.9948153495788574] [-2.765438148781316, 0.979019954720958] 0.10471901297569275
construction_vehicle [320.8634525867153, 668.3016230323133, 1.2377456716699633] [-0.2337831378998407, 0.03372774547315857, -0.024605297664172687, -0.9713920233077163] [2.619580030441284, 4.537299633026123, 2.459963798522949] [0.0, 0.0] 0.6795027256011963
truck [327.56294581459696, 660.0331925739127, 1.849758879457624] [0.16217488511663736, -0.03183957472950808, 0.027004128737820474, 0.9858784535375346] [2.7316160202026367, 8.315077781677246, 3.2937989234924316] [-2.699045355297352, 0.9247310698247597] 0.6150767803192139
truck [304.5518825711332, 696.1917866709231, 0.4167668611853306] [-0.42445189397541233, -0.010958028260434778, 0.04028527155783146, 0.9044874837237056] [2.3566672801971436, 5.821803092956543, 2.3588716983795166] [-0.33101335685085226, -0.40057242404145854] 0.5203248858451843
construction_vehicle [272.5399807626028, 684.3765681447036, 1.7804115015790511] [-0.9619644430618132, 0.023326090778655793, 0.034624774032917825, 0.2699656066926504] [2.8358659744262695, 5.716922760009766, 3.07430362701416] [0.0, 0.0] 0.1774970442056656
construction_vehicle [327.13207771800825, 691.0919426123928, 0.9624671413172692] [-0.8130499259906537, 0.010176741813374059, 0.0404896951570228, 0.5806951320260467] [2.2255187034606934, 4.272078990936279, 2.264350414276123] [0.0, 0.0] 0.14429132640361786
truck [348.4633139685234, 646.4209881427013, 1.9650949976349716] [-0.24135556461952953, 0.033918708084223634, -0.024341378961388636, -0.969538297304105] [2.2501940727233887, 5.5084662437438965, 1.9780324697494507] [0.0, 0.0] 0.11652582138776779
truck [347.69780548306494, 644.8031403527779, 2.0499796045040366] [-0.9746542051708871, 0.0250878830003676, 0.03337034033995724, 0.21978671218902548] [2.1933393478393555, 5.514653205871582, 1.965003252029419] [0.0, 0.0] 0.11453133821487427
truck [310.3132842066707, 706.1331466475947, -0.04361842916241909] [-0.496963661727135, -0.007628473868493683, 0.04104616759555538, 0.8667664837976332] [1.9929540157318115, 5.035159587860107, 1.86854088306427] [0.0, 0.0] 0.11232196539640427
construction_vehicle [271.63590607265434, 667.6680586932184, 1.450442878119865] [-0.5608217747445171, -0.004515963645965458, 0.04150406679101494, 0.8268832780293511] [3.3289542198181152, 12.42812442779541, 3.911375045776367] [0.0, 0.0] 0.10841565579175949
truck [334.0995825935482, 676.0284936258835, 1.7112359864789441] [-0.9358841097088971, 0.020334814836785862, 0.03646199107835918, 0.34982560184546274] [2.38010311126709, 5.58656644821167, 2.3614001274108887] [0.0, 0.0] 0.10373285412788391
construction_vehicle [325.6395676479891, 681.9702530013552, 1.007350480778325] [0.17738862202225436, -0.0322530224850019, 0.0265089424237685, 0.9832549492828404] [2.170640468597412, 4.3220062255859375, 2.217690944671631] [0.0, 0.0] 0.10317490994930267
bus [281.19759260711555, 678.4381862525659, 1.5617345053323899] [-0.02113227958933772, -0.02635519065933135, 0.03237878029134211, 0.9989046227100531] [3.2090113162994385, 13.600042343139648, 3.845452308654785] [-4.274018990915863, -0.3598339875229645] 0.8221986889839172
trailer [271.80063828989296, 666.9918862271197, 1.9380242793895688] [-0.9550639487497761, 0.03835096836229321, 0.01649802150317111, -0.293444836912562] [2.9384279251098633, 12.975082397460938, 3.5654830932617188] [0.0, 0.0] 0.19082090258598328
trailer [337.3273327498802, 681.8569606437795, 2.892688420800788] [-0.045924693815123985, -0.025543228043673927, 0.033023097809769156, 0.9980721121292501] [3.1290700435638428, 16.740177154541016, 4.3987135887146] [0.0, 0.0] 0.1840876340866089
trailer [337.1581515574114, 681.4298984648057, 2.8435422419086973] [-0.8372744142942687, 0.04141189138791901, 0.005294973042415817, -0.5451867328542985] [2.978353500366211, 15.485294342041016, 4.20458459854126] [0.0, 0.0] 0.13695436716079712
trailer [273.0354907694075, 684.1597035743531, 1.7499495373706306] [-0.38755025262073306, 0.03725785217717728, -0.018837036364256383, -0.9209027202727557] [2.186547040939331, 3.908496379852295, 3.2212636470794678] [0.0, 0.0] 0.12929797172546387
trailer [326.96125181680696, 690.492769710476, 0.8668625089102449] [-0.7568063983000882, 0.006448257970207567, 0.041248047917378655, 0.6523044488612685] [1.5564717054367065, 2.5864946842193604, 1.4553935527801514] [0.0, 0.0] 0.11464086920022964
barrier [306.19142937613566, 688.775934190874, -0.3319993172296365] [-0.27210496152161834, 0.034676580466503897, -0.023249005462487878, -0.9613614868650987] [2.7692666053771973, 0.5475377440452576, 0.8862324953079224] [0.0, 0.0] 0.44701817631721497
barrier [307.70560781435665, 691.4078267806821, -0.4298975199340158] [-0.2567232758931321, 0.03430101845876319, -0.023799613873680767, -0.9655828178498487] [3.1359410285949707, 0.5829869508743286, 0.9485213160514832] [0.0, 0.0] 0.42954397201538086
barrier [330.72200921214414, 671.6016260394, 0.9241362500780925] [0.2065022843822976, -0.03302582889152231, 0.025539696824210756, 0.9775550240559596] [1.9101841449737549, 0.45122087001800537, 1.0230646133422852] [0.0, 0.0] 0.4210682213306427
barrier [310.0631665497877, 694.2948785752795, -0.5699580291435858] [-0.38904001017378553, 0.03728828671620653, -0.018776718606153917, -0.9202743552854963] [2.9346513748168945, 0.5675743818283081, 0.9535742998123169] [0.0, 0.0] 0.31999462842941284
barrier [308.8374933443245, 692.9001670863465, -0.5162807298505675] [-0.30790008911015154, 0.03552253836994353, -0.02193469296800393, -0.95050226387848] [2.624163866043091, 0.4975355565547943, 0.9630270004272461] [0.0, 0.0] 0.23913933336734772
barrier [309.979277853983, 694.7570447373292, -0.5210965779264323] [-0.4404684875190876, 0.03829061681556925, -0.016637612560940238, -0.8967968164611216] [2.9898617267608643, 0.5580249428749084, 0.9357522130012512] [0.0, 0.0] 0.2173493653535843
barrier [326.703689332355, 690.1425192778826, 0.9830076730348394] [-0.13859808864471374, -0.02235953549037132, 0.03525666831252687, 0.9894683361968625] [1.983149766921997, 0.4973902404308319, 1.017708420753479] [0.0, 0.0] 0.1360912024974823
barrier [310.30668267457827, 691.4826654597323, -0.254905619915784] [-0.6144961174485178, -0.00174975773822, 0.041712346322189196, 0.7878144071752258] [2.2462949752807617, 0.48592856526374817, 1.0243200063705444] [0.0, 0.0] 0.1035042405128479
motorcycle [324.01547326761863, 682.5875208186986, 0.851425659427498] [-0.5705581504744237, -0.0040249792246301, 0.04155455486569441, 0.8201953519981444] [0.845343828201294, 2.406277656555176, 1.4677424430847168] [0.0, 0.0] 0.3240717053413391
motorcycle [346.4700277345523, 646.633437467443, 1.4614869307654692] [-0.6880491680239832, 0.002306477290963653, 0.04168526898499013, 0.7244621183289435] [0.8379307985305786, 2.0167341232299805, 1.3995410203933716] [0.0, 0.0] 0.3012321889400482
bicycle [325.66814274608026, 651.582755409276, 1.5971164495598917] [-0.5284399124831958, 0.03976993349613556, -0.012701727345430867, -0.8479435579134424] [0.6269396543502808, 1.8400352001190186, 1.2600675821304321] [0.0, 0.0] 0.17814861238002777
motorcycle [323.725955604394, 670.294722662455, 0.6924555980368184] [-0.2689529372295561, -0.017472275108744995, 0.03791702902877599, 0.9622480636861523] [0.7336978316307068, 1.8179705142974854, 1.2568975687026978] [0.0, 0.0] 0.1669558584690094
bicycle [318.21522284456915, 683.256244275336, 1.2082952341494482] [-0.5840704066497204, 0.04053165550270958, -0.010008316044889033, -0.8106286317347702] [0.6474514603614807, 1.5580188035964966, 1.1843109130859375] [0.0, 0.0] 0.16623654961585999
bicycle [309.8333458608682, 690.4784411162284, -0.07092816662564938] [-0.50552485952736, -0.007221525206193416, 0.04111971621425693, 0.8618013894813572] [0.5851614475250244, 1.6565725803375244, 1.210817813873291] [-0.030566653119403295, -0.0382166633277507] 0.1345980167388916
bicycle [328.4027365002784, 664.754832469494, 1.4304234899908803] [-0.5843926266299931, -0.003319325547934654, 0.04161686636150708, 0.8103963699651254] [0.5415983200073242, 1.6381056308746338, 1.1342113018035889] [0.0, 0.0] 0.1259179562330246
bicycle [330.38133048329234, 666.030704058484, 0.792636235523609] [-0.9720054448209013, 0.024694197719120552, 0.033662710628434137, 0.23121944933477587] [0.48881781101226807, 1.5087499618530273, 1.0282518863677979] [0.0, 0.0] 0.12513504922389984
motorcycle [309.56143696861005, 688.5193734114912, -0.7822854235864951] [-0.9802755978329086, 0.025986917589253294, 0.03267509146206126, 0.19317549224859973] [0.6229638457298279, 1.680696964263916, 1.1694756746292114] [0.0, 0.0] 0.12162996828556061
motorcycle [329.4195680798872, 642.6606809943302, 1.444839288772167] [-0.7779204961159404, 0.04173493575191859, 0.0010847237565104447, -0.6269742580320856] [0.7174451947212219, 1.8704510927200317, 1.274143934249878] [0.0, 0.0] 0.1193167045712471
bicycle [332.7896625822747, 665.3426783231721, 0.7409411135751577] [-0.9717542111694071, 0.024657689831647296, 0.033689461557154465, 0.23227305394013897] [0.4630107283592224, 1.4892430305480957, 1.0543222427368164] [0.0, 0.0] 0.11754804849624634
bicycle [319.87191730984597, 656.265686906129, 1.1876787524977273] [-0.3066318911947825, 0.03549324694727067, -0.021982058797682544, -0.9509121420060143] [0.5891023874282837, 1.6217024326324463, 1.160416603088379] [0.0, 0.0] 0.11013294756412506
motorcycle [265.7450146655913, 677.6459720075876, 0.3360822243417412] [-0.24209241997771297, 0.03393719964180718, -0.024315591054235846, -0.9693545681026577] [0.6749656200408936, 1.8380951881408691, 1.220371961593628] [0.0, 0.0] 0.1094328761100769
bicycle [325.90944829901633, 681.0461621466649, 0.6541812259685109] [-0.9800879022813483, 0.036460423817942705, 0.020337624808730928, -0.19412553235960836] [0.5218263268470764, 1.580005168914795, 1.074246883392334] [0.0, 0.0] 0.10763613879680634
motorcycle [326.70335050386143, 690.459816123126, 1.0027306407612695] [-0.5786159960284183, 0.04046356270946737, -0.010280154702226652, -0.8145308758126953] [0.7605372667312622, 2.031498670578003, 1.4036636352539062] [0.0, 0.0] 0.10752524435520172
bicycle [309.34305899954563, 704.0854483927453, -0.31814285628079086] [-0.4910921896252187, 0.03918039339316432, -0.01441798395759951, -0.8701065910572472] [0.6021261215209961, 1.705514907836914, 1.1880524158477783] [0.00046046561610563853, 0.0001217238476863431] 0.10623760521411896
traffic_cone [317.7471392108041, 672.0222290237846, 0.6426261484773003] [-0.2718641600122199, -0.01735743087525021, 0.03796973902011471, 0.961429611054811] [0.423345148563385, 0.43230921030044556, 1.3480507135391235] [-7.124585455340103e-06, 4.673408644111581e-06] 0.7609689235687256
traffic_cone [324.07979526302574, 664.7592884714842, 0.695088987133273] [-0.21727570519956385, 0.03330561437190903, -0.02517374702253119, -0.9752170458119503] [0.5842500925064087, 0.5911927819252014, 1.0597723722457886] [-9.39295115338914e-05, 8.78874886479674e-05] 0.5981788635253906
traffic_cone [319.0227696033962, 670.2020204140222, 0.1967916427716153] [-0.9115513360037039, 0.0179572298208465, 0.037689778256259514, 0.40906134056155663] [0.43008798360824585, 0.7253881692886353, 0.4813871383666992] [-2.8585079184233794e-05, 7.096869937105083e-05] 0.47570234537124634
traffic_cone [339.4277732495835, 660.2791307863913, 1.0274490134477257] [0.10797919058832466, -0.030314047426314494, 0.028706097200418362, 0.9932761513859303] [0.5897238850593567, 0.6038877964019775, 1.0321940183639526] [0.0, 0.0] 0.2832050323486328
traffic_cone [319.5789390235287, 669.9739680154453, 0.24350393914897245] [-0.7738397849098879, 0.007539917758141642, 0.04106252705381357, 0.6320039602745964] [0.4041542410850525, 0.47015681862831116, 0.6241074204444885] [-0.00013338852455595988, 8.357668161055318e-05] 0.25422364473342896
traffic_cone [320.6188481297072, 680.9234534974942, 0.8384799019950413] [-0.9991146005873155, 0.0319543580556514, 0.02686820591509485, -0.0051993658655944686] [0.3557583689689636, 0.356327623128891, 1.2577290534973145] [0.0, 0.0] 0.24869410693645477
traffic_cone [309.57689210477855, 688.468956981494, -0.6673571935914118] [-0.7069584700413696, 0.0034075385661886263, 0.04160973646593605, 0.7060217703080556] [0.44984006881713867, 0.5540252923965454, 0.712179958820343] [0.0, 0.0] 0.19129575788974762
traffic_cone [318.6556728129432, 670.0614006910776, 0.2890259534659012] [-0.952617990078967, 0.038485371039881824, 0.016182017913948084, -0.3012905300371456] [0.40532371401786804, 0.7194588780403137, 0.46536701917648315] [-0.00035867886779920134, 0.00038180966006892805] 0.17571398615837097
traffic_cone [296.5583931906389, 690.3242092105193, -0.19858104540445376] [-0.5272492338194595, -0.006174865565386798, 0.041289859809572026, 0.8486844313105714] [0.3626500964164734, 0.3595196008682251, 1.098454475402832] [-6.20726898597058e-05, 0.0004462793773610379] 0.1710500419139862
pedestrian [283.2774319973816, 682.7688489132139, 1.4529258992405376] [-0.8873486571868998, 0.015829793874352696, 0.03863158181773323, 0.4592051601416961] [0.6503648161888123, 0.6859800219535828, 1.811729073524475] [0.0750288058421337, -0.06912581770512394] 0.16743838787078857
pedestrian [272.36610574953704, 688.2575326978287, 0.6410335872313104] [-0.9444884393658296, 0.021256671621355416, 0.03593237258276406, 0.3258812765662593] [0.6330729722976685, 0.6415588855743408, 1.6879658699035645] [0.05281258285955426, -0.03486303594504944] 0.15511085093021393
traffic_cone [309.1769245546214, 688.6094917272045, -0.6365651930340189] [-0.45232730957282863, -0.009702081320928882, 0.04060604765163428, 0.8908743028771016] [0.41768988966941833, 0.45401763916015625, 0.7879947423934937] [0.0, 0.0] 0.1366850584745407
traffic_cone [319.4535342198547, 669.7029189540771, 0.40956811783543917] [-0.9991229541088952, 0.03172693004093401, 0.02713638513181869, 0.003215755722929592] [0.4641903340816498, 0.5314283967018127, 0.7095786333084106] [0.0, 0.0] 0.13144400715827942
traffic_cone [324.1226651140004, 665.185325184803, 0.7009486718748621] [0.14063855088311739, -0.031243160119103837, 0.027691992229103908, 0.9891803761284653] [0.5412459373474121, 0.5494035482406616, 1.1666967868804932] [-0.009297653266194097, 0.0006583809964083049] 0.13112232089042664
traffic_cone [325.69689293248945, 651.7481455188695, 1.3946283732077422] [-0.6436365936825144, 0.04117187663625845, -0.006917952160388678, -0.7641916996310055] [0.5204417705535889, 0.5153283476829529, 1.4637835025787354] [-0.0001252072874227652, 2.9693327696790325e-05] 0.13055722415447235
traffic_cone [328.35681817895664, 664.707553823743, 1.2518792763440443] [-0.46290483505975727, -0.009217807599638009, 0.04071871204864867, 0.8854242667729713] [0.4853482246398926, 0.4786837100982666, 1.4425251483917236] [0.0, 0.0] 0.12857796251773834
traffic_cone [324.80464042440514, 652.3966909833451, 1.1630414660972055] [-0.8094450424617573, 0.04162220875752905, 0.003251649733501977, -0.5857096053047441] [0.41656699776649475, 0.4052298367023468, 1.216585636138916] [9.22001728019919e-05, -1.406918016915758e-05] 0.12857204675674438
pedestrian [271.87404012460775, 674.1887832584143, 0.5895985128676613] [-0.926014867130545, 0.03963732240550664, 0.013109697188212727, -0.3751712733743804] [0.5705540776252747, 0.5618060231208801, 1.6153223514556885] [0.0, 0.0] 0.12820219993591309
traffic_cone [340.36941238597814, 638.811493253456, 1.7311930831604159] [-0.9298194097662343, 0.039500581763083645, 0.013516121049422989, -0.36564037486870443] [0.4819338917732239, 0.46362578868865967, 1.2707083225250244] [-0.000458737892471613, 0.00034475297769544704] 0.1281864047050476
traffic_cone [321.97313573627684, 681.1274597496895, 0.4571350349681438] [-0.7076396193762182, 0.0034477002554690536, 0.04160642799848539, 0.7053390586102801] [0.3540564775466919, 0.3602462410926819, 0.9252594709396362] [0.0, 0.0] 0.1279076635837555
traffic_cone [339.69235856981044, 639.1903589026529, 1.7437699839700385] [-0.847570872967905, 0.041302787348841255, 0.00608779476174334, -0.529037459740403] [0.5224784016609192, 0.47162753343582153, 1.4066342115402222] [0.0, 0.0] 0.12365372478961945
pedestrian [275.70870699250804, 666.5560398047519, 0.9280527603618735] [-0.9842547198362921, 0.026693219015658073, 0.03210067828608644, 0.1717546651248145] [0.5928322672843933, 0.6213217377662659, 1.5655707120895386] [0.0024877885277961678, 0.0019392722584315604] 0.12310335040092468
traffic_cone [325.32745378130926, 652.0784476702153, 1.2828498499682166] [-0.6468657338626574, 0.04120079219791645, -0.00674360512699389, -0.7614602687379564] [0.47276800870895386, 0.4623771905899048, 1.4003082513809204] [0.00020326826705146047, -4.3260728329862853e-05] 0.12062887102365494
traffic_cone [332.6913648477304, 665.3419827001317, 0.6907107672774961] [-0.6895672035910835, 0.002393906481766202, 0.04168033948519696, 0.7230173512743164] [0.41713947057724, 0.372193306684494, 0.6660951375961304] [-0.0003993549856461682, 0.0007301997807275834] 0.11405631899833679
traffic_cone [340.3540777682697, 663.9280541522398, 1.6767716667808659] [-0.8362502316811957, 0.011833787412700754, 0.040036770140905675, 0.5467564069357593] [0.3798102140426636, 0.36610791087150574, 1.387871503829956] [0.0, 0.0] 0.1124173179268837
traffic_cone [266.1833382737734, 677.4331340756762, 0.4455069450513578] [-0.9768620535555548, 0.036780629481989534, 0.01975263989327284, -0.20975592205079577] [0.5115854144096375, 0.5186082720756531, 1.334452748298645] [-0.008999930413608515, 0.0015692132658480754] 0.1120898574590683
pedestrian [267.9106006637316, 674.0871224192558, 0.9322356710237749] [-0.9889709886958694, 0.035335680023852276, 0.022234459856192552, -0.14210349056258198] [0.6041368246078491, 0.5932573080062866, 1.7162489891052246] [0.0, 0.0] 0.11045806854963303
traffic_cone [324.2864451887694, 652.6362473066791, 1.0891860294210292] [-0.9645951843558889, 0.03776060193704936, 0.017807819327374578, -0.26040957898968303] [0.39029332995414734, 0.3826667070388794, 1.079991340637207] [8.499712925138989e-06, 3.928580148416917e-06] 0.1094031110405922
traffic_cone [319.23554898763433, 667.7799272620464, 0.5151127767328142] [-0.7661284498828137, 0.041747889635730506, 0.00030854304007146664, -0.6413300373382741] [0.3551028072834015, 0.3459491729736328, 0.9242768287658691] [0.00045953328331224295, 0.00010629452247400878] 0.10527470707893372
pedestrian [346.92642630557697, 673.4049088603274, 1.0601494394268554] [-0.9030584012003271, 0.017188324623878672, 0.038046589656221194, 0.42748396757500073] [0.5973219275474548, 0.6394697427749634, 1.8016830682754517] [0.27500313688801203, -0.36546260893971744] 0.10330089926719666
pedestrian [309.8993365392776, 690.5006386242142, -0.15786426955904587] [-0.889056190297082, 0.04064456620432283, 0.00953943006196543, -0.4558904572444936] [0.5433201789855957, 0.5679385662078857, 1.530950665473938] [-0.0033344695160700717, -0.010305537661173196] 0.10269995778799057
traffic_cone [305.40532789486014, 687.8123455629254, -0.32397044825992594] [-0.0890912251755479, -0.024089608378415915, 0.03409798023372155, 0.9951481156636308] [0.384643018245697, 0.3970305025577545, 0.8955793976783752] [0.0032901221533237325, 0.005969978613893024] 0.10178491473197937
pedestrian [309.9836809877435, 690.8586591572996, -0.20765517858588423] [-0.9667748255062772, 0.037607799008711175, 0.01812829119263849, -0.25219725470246956] [0.6100291013717651, 0.6489201784133911, 1.612849235534668] [0.010627179665236306, 0.018958826204280764] 0.10081510245800018
traffic_cone [321.9023158204503, 666.3959554932314, 0.8214184576511324] [-0.26463881455916033, 0.034495178069267066, -0.023517316552155096, -0.963443468160368] [0.38380202651023865, 0.372974157333374, 1.2068758010864258] [0.0, 0.0] 0.10044121742248535
