car [313.78469299634105, 667.2459357745344, 1.031724849777585] [0.1981876407389414, -0.031950009144812365, 0.031746972779104946, 0.9791286869933599] [2.067546844482422, 4.854528427124023, 1.79053795337677] [0.0, 0.0] 0.8732074499130249
car [280.41044345634003, 666.5951129168766, 0.8756065189391403] [-0.4333885274219168, -0.006291098860038955, 0.044599276228701745, 0.9000809468787079] [1.8819420337677002, 4.516976356506348, 1.607398271560669] [-4.159940587180689, -5.116765923590073] 0.5983476042747498
car [290.92647805164853, 672.5997948708568, 1.0240760297905978] [-0.8963465768378832, 0.04465138131871263, 0.00590995019621531, -0.441060246254429] [2.1478404998779297, 5.511805534362793, 2.0858876705169678] [5.251328957087326, 6.805486267166412] 0.5741479992866516
car [301.9581744701264, 692.1643211423698, 0.20339006082347466] [-0.4578986528812402, -0.005066181195572736, 0.044754968138570383, 0.8878626866382855] [1.9816583395004272, 4.643584251403809, 1.74514901638031] [-3.0786744069395926, -4.488373063941936] 0.3558214008808136
car [282.67723886383897, 669.549746108176, 0.7329758513910838] [-0.8839868314027428, 0.04479592675591614, 0.004690235715763208, -0.4653370913021524] [1.9355649948120117, 4.602421760559082, 1.6146152019500732] [4.117572954841787, 6.426933481565847] 0.3160805404186249
car [308.7235253035471, 701.5296393247779, -0.28824501932620383] [-0.46374338234500245, -0.0047709508245579796, 0.04478740217092831, 0.8848239384003044] [1.8680862188339233, 4.345014572143555, 1.6348237991333008] [-3.4644895934199877, -5.351360487047444] 0.2692018151283264
car [306.8247032825441, 699.0352783623895, -0.19588528032983255] [-0.43527783935687603, -0.006197421667157119, 0.044612389867281, 0.8991687990582293] [1.9657200574874878, 4.676336288452148, 1.6955735683441162] [-3.8851713079386574, -4.647340614248988] 0.211838036775589
car [347.9579426224669, 646.9293578560067, 1.8134774333491377] [-0.23976102535996463, 0.03327475391496424, -0.030355627433630763, -0.9697865627824235] [1.9477109909057617, 4.561341285705566, 1.6882530450820923] [0.0, 0.0] 0.21023821830749512
car [330.55554524445785, 657.6055220525054, 0.8796642347693931] [0.13109288265141772, -0.029715372138663435, 0.03384774768949286, 0.9903463953350617] [1.9075566530227661, 4.5233941078186035, 1.654013991355896] [0.0, 0.0] 0.18812263011932373
car [323.30515659693134, 659.3015137291591, 0.8647648971778867] [-0.8828024744032624, 0.04480769103965835, 0.0045764821299055895, -0.4675800656812545] [1.806455135345459, 4.175602912902832, 1.5259305238723755] [-0.08730426791217855, -0.08246981766987181] 0.17061226069927216
car [322.3388013323488, 689.967461150017, 1.8042041227315777] [-0.539746394840647, -0.0008144928138939557, 0.04503343165301684, 0.8406218863981195] [1.9730924367904663, 4.591442108154297, 1.74593186378479] [0.0, 0.0] 0.1581781506538391
car [328.3931763281426, 656.0886893482209, 1.0533301875930463] [-0.8080727499280839, 0.045005384705134405, -0.0017856966522002398, -0.5873582871286258] [1.93729567527771, 4.620995998382568, 1.643439531326294] [0.0, 0.0] 0.1389441192150116
car [329.28607352694087, 658.9931876784112, 0.7421722175905873] [0.09009657747012614, -0.028292700298020307, 0.03504563417655937, 0.9949140331522008] [1.8449645042419434, 4.309637546539307, 1.5833189487457275] [-0.0026247342605283494, 0.0014577511847727856] 0.13178500533103943
car [318.1677133627373, 645.928463083257, 4.613534632019423] [-0.37244633518744485, -0.009249086970315165, 0.04408092280348009, 0.926960114589862] [1.969473123550415, 4.508947372436523, 1.7653260231018066] [0.0, 0.0] 0.1263546496629715
car [337.9020353329355, 704.9747555120151, 1.0082987710833193] [-0.9856237474866467, 0.032875646456646694, 0.030787420077823965, 0.16284088867783636] [1.983251929283142, 4.510634899139404, 1.7210757732391357] [0.00022093373581107354, -5.73617906227971e-05] 0.12400195002555847
car [348.8708959275097, 665.2855255074757, 3.116311532358584] [-0.865243679889529, 0.044944308809132125, 0.002946603241054512, -0.49932424440060497] [1.9965629577636719, 4.541358470916748, 1.7509641647338867] [0.0, 0.0] 0.10419006645679474
truck [314.97156460038184, 663.0191481927372, 1.760510713734981] [0.1536188350326872, -0.030478708717756917, 0.03316205180456953, 0.9871031253917742] [2.8420567512512207, 9.299416542053223, 3.3506505489349365] [-4.219078960702637, 1.3467711676445266] 0.742247998714447
construction_vehicle [320.90781603876286, 668.4961937673326, 1.2118638101026018] [-0.9671066111495006, 0.029989928593297355, 0.03360472508382936, 0.2503520107886844] [2.4464943408966064, 4.359012126922607, 2.3578832149505615] [0.0, 0.0] 0.6413688659667969
truck [291.4371972771752, 680.0514959139374, 0.8815732019217964] [-0.42053637769871227, -0.006925115302729261, 0.04450523725399888, 0.9061569851118817] [2.363262176513672, 6.4809441566467285, 2.399320363998413] [-4.220101848433101, -4.801680628486968] 0.6203804612159729
truck [263.8418155774718, 684.5625814650259, 1.164912563445601] [0.17377918500032047, -0.03115070444119568, 0.03253163042037851, 0.9837540960502443] [2.813477039337158, 8.842536926269531, 3.9132676124572754] [-5.8795607356657165, 2.2691901178076264] 0.3441888391971588
truck [290.78204800228326, 672.4000541241572, 0.9667549086863836] [-0.8985666046178393, 0.04462090903373866, 0.006135783731003259, -0.4365196257908419] [2.128070116043091, 6.044751167297363, 2.0890777111053467] [4.643053096652709, 6.2085468221810585] 0.3290225565433502
truck [302.2368291849333, 692.6188325534407, 0.3198737292342462] [-0.4493849015242259, -0.00549405064629166, 0.04470446031982499, 0.8922020717959975] [2.197793960571289, 5.641942024230957, 2.0130937099456787] [-3.083009822366025, -4.150491696145268] 0.17650267481803894
truck [327.2794906221987, 691.5224767384144, 1.2449760591006696] [-0.6623910696294666, 0.006108146244524555, 0.04462470072108412, 0.747803047272569] [2.29622483253479, 5.93618106842041, 2.212583065032959] [0.0, 0.0] 0.13059650361537933
truck [280.4046512497615, 666.6527860181825, 0.9441685503927801] [-0.437578514268532, -0.006083182256031015, 0.04462811063254565, 0.898051429755308] [1.8952325582504272, 4.8372111320495605, 1.7486783266067505] [-3.9315356719359933, -5.13964328582167] 0.130312979221344
construction_vehicle [274.9195928936425, 670.090999910869, 1.0776998533110143] [-0.8771232306990238, 0.04485942240905474, 0.004038017597388814, -0.4781486848283868] [2.950117826461792, 5.690530776977539, 2.852489471435547] [0.0, 0.0] 0.12447240203619003
truck [306.58758794257216, 698.571591508326, 0.012985538334916225] [-0.44862342190105076, -0.005532194961715777, 0.044699755971329316, 0.8925852071129122] [2.180961847305298, 5.83150577545166, 2.0622398853302] [-3.168608072240737, -4.125027636222604] 0.11551372706890106
construction_vehicle [322.89081557501305, 689.7708954615706, 1.8036254057728993] [-0.500452433106133, 0.04041443044080078, -0.019883339184767236, -0.8645916312532527] [2.383439302444458, 4.960628509521484, 2.3114585876464844] [0.0, 0.0] 0.10479430109262466
bus [261.65735113148503, 685.5166242235853, 1.2030654184593086] [0.18006328178662057, -0.03135799348754903, 0.03233186677916475, 0.9826232956668802] [2.967369556427002, 13.625556945800781, 3.8209900856018066] [-4.584490793287399, 1.739773337109574] 0.3408769369125366
bus [314.9491776300939, 663.0078887184166, 1.7702503570581003] [0.15623625527895943, -0.03056655276283988, 0.03308110060423248, 0.9866922312309023] [2.88802433013916, 9.344331741333008, 3.2936370372772217] [-4.0437435774705115, 1.304805933655968] 0.10112440586090088
barrier [305.9131138682959, 688.7756305280453, -0.36242851279302046] [-0.2408589121127228, 0.03330910273274386, -0.03031793264934699, -0.9695144718315887] [2.433868408203125, 0.5645822286605835, 0.9138848185539246] [0.0, 0.0] 0.5825693607330322
barrier [307.2668317897464, 690.8940168669895, -0.4112134792291777] [-0.28774276118512376, 0.03474469357191489, -0.02866146600550224, -0.9566480178313075] [2.9039416313171387, 0.55816251039505, 0.900466799736023] [0.0, 0.0] 0.49164843559265137
barrier [308.7720415379774, 693.2826323422056, -0.4008753510008035] [-0.28110165487975014, 0.034545095825442726, -0.028901725197672964, -0.9586204599625833] [2.963606119155884, 0.5449163317680359, 0.8887580633163452] [0.0, 0.0] 0.43994057178497314
barrier [312.40551625335905, 696.9168229659424, -0.44007479109699854] [-0.25900800709112226, 0.03387210960767956, -0.029687599359263902, -0.9648244290531277] [2.392062187194824, 0.5246814489364624, 1.010488510131836] [0.0, 0.0] 0.2522609233856201
barrier [312.0655289843238, 697.0675529318905, -0.42479714560691284] [-0.23645175770879331, 0.03317101946443076, -0.030468948663864, -0.9705987290901585] [2.3155531883239746, 0.5003060698509216, 1.0225579738616943] [0.0, 0.0] 0.246000736951828
barrier [322.7112515694828, 659.6308461451118, 0.6357461450441446] [-0.48300580923875014, 0.04000738600556498, -0.020690152971704873, -0.8744579548935608] [2.3105404376983643, 0.5184145569801331, 0.9754414558410645] [0.0, 0.0] 0.21830737590789795
barrier [309.6071820332311, 694.8660026553302, -0.3543633243890748] [-0.2893370006156012, 0.03479242117744622, -0.028603510162251343, -0.9561670495837932] [2.5929644107818604, 0.516448438167572, 0.9717119932174683] [0.0, 0.0] 0.19573339819908142
barrier [309.7653419396221, 694.3006102312851, -0.3815119218719957] [-0.3281383761319762, 0.03593135703368797, -0.027158993845657585, -0.9435552621571662] [2.3922295570373535, 0.5701333284378052, 0.9753689169883728] [0.0, 0.0] 0.19573213160037994
barrier [276.3729293121007, 669.4542826997089, 0.6883449441179891] [-0.9433825912255045, 0.02714009679943451, 0.03594563270702227, 0.32863446746752134] [2.029733419418335, 0.4839986264705658, 0.959341824054718] [0.0, 0.0] 0.14906932413578033
barrier [271.8648491006254, 685.5237965159249, -0.04652468307362989] [-0.6275037422630462, 0.004061222956444647, 0.04485732752950036, 0.7773097066683788] [1.9914987087249756, 0.4507386088371277, 0.9723979830741882] [0.0, 0.0] 0.14135552942752838
barrier [336.5485157360556, 704.543429539385, 0.7754571144866849] [-0.5444540559009463, -0.0005618281519562379, 0.045037292482103024, 0.837580508159077] [2.052901029586792, 0.48582297563552856, 1.1176583766937256] [0.0, 0.0] 0.12527653574943542
barrier [321.75627411417685, 658.7441721300677, 0.634662793170802] [-0.4825604183434166, 0.039996844107664804, -0.02071052453266173, -0.8747038180339877] [2.7094836235046387, 0.4970052242279053, 0.95630943775177] [0.0, 0.0] 0.11589186638593674
barrier [310.60759266750495, 695.7828987926724, -0.1870314395155248] [-0.28154798825872934, 0.034558549633271526, -0.02888563678085586, -0.9584894662657859] [2.360722064971924, 0.552349328994751, 1.0067193508148193] [0.0, 0.0] 0.11015782505273819
barrier [322.37873681905023, 659.1964423813107, 0.6834515304309222] [-0.8048067460476539, 0.04499480254027209, -0.0020349715852436044, -0.5918255048164077] [2.123800754547119, 0.5387502908706665, 0.9642042517662048] [0.0, 0.0] 0.1096457839012146
barrier [349.0973086890909, 673.3256319003415, -0.2262140784436547] [-0.5453146522508159, -0.0005155375210388179, 0.04503784615248853, 0.8370204637137496] [3.0258231163024902, 0.5277572870254517, 0.9207448959350586] [0.0, 0.0] 0.10680296272039413
barrier [313.2169992330226, 698.403489768062, -0.4735728627358833] [0.19213750690479345, -0.03175335476676412, 0.031943666446524924, 0.9803338742874385] [2.685391426086426, 0.5738669633865356, 0.9832670092582703] [0.0, 0.0] 0.10156512260437012
barrier [311.242881578788, 696.8195165884262, -0.3973797119456197] [0.08240635543525357, -0.028021064005930046, 0.035263200889403046, 0.9955804935909941] [2.9383764266967773, 0.5392055511474609, 0.9672304391860962] [0.0, 0.0] 0.10152876377105713
motorcycle [300.8253677315695, 690.7744387755502, 0.13924956556072043] [-0.8304830753163571, 0.017233028809356912, 0.04161365260400364, 0.5552199458305644] [0.797145664691925, 2.124645233154297, 1.6342597007751465] [2.180935878321376, -7.6745782170339165] 0.6930453181266785
bicycle [299.2426147012816, 692.3199299205833, 0.25394620318635797] [-0.406788253671999, -0.00759719212068021, 0.04439545063260761, 0.9124114440916962] [0.7432651519775391, 1.9351919889450073, 1.8390874862670898] [-3.2523507605543127, -3.155208989634233] 0.6702473759651184
motorcycle [308.177921748545, 699.9245737887977, -0.46501729676925785] [-0.4152114436331561, -0.007186170646399342, 0.04446383155365328, 0.9086092579932691] [0.7546520829200745, 2.021495819091797, 1.6689950227737427] [-4.467201579511477, -5.017981180869245] 0.28210556507110596
bicycle [310.4044837856171, 693.8971631898723, 0.007240538451412704] [-0.6321245884705116, 0.004328455605836328, 0.044832330265770576, 0.7735566115585824] [0.6729194521903992, 1.864686131477356, 1.67191743850708] [-0.38552102377490516, -1.9357797067924818] 0.2783249020576477
motorcycle [269.95671122363456, 663.2258874337956, 1.2070570717171707] [-0.9134677320307171, 0.04437551502707637, 0.0077127836137508374, -0.4044107184208485] [0.7658562660217285, 2.0028634071350098, 1.5934568643569946] [0.01220813254323555, -0.012402655326698734] 0.21815118193626404
bicycle [321.31664791722307, 666.4661128477127, 1.6071652341244769] [-0.9773015266998195, 0.03145754267853342, 0.032235017816329384, 0.20700978852510973] [0.4204709827899933, 1.5601587295532227, 1.009672999382019] [0.006307127713708331, -0.0006214026238066677] 0.20658189058303833
motorcycle [335.9512439646503, 695.9352047449976, 2.121007765708887] [-0.5385370047044996, -0.0008792509995618801, 0.04503221383266199, 0.8413971839737251] [0.738728404045105, 2.2846665382385254, 1.3759641647338867] [0.0, 0.0] 0.14118173718452454
motorcycle [336.52202911607407, 704.530783121989, 0.8680598066983243] [0.2075940006211688, -0.032253817962093735, 0.031438266362173097, 0.977177597748284] [0.6940383911132812, 2.077054977416992, 1.394457459449768] [0.0, 0.0] 0.1276550143957138
bicycle [330.5446620523438, 666.134141333827, 0.6028624895426622] [0.20433419895748373, -0.0321487997211373, 0.03154565011980299, 0.9778644393633567] [0.45324745774269104, 1.4885495901107788, 1.020849347114563] [0.0, 0.0] 0.12730808556079865
bicycle [266.62235478486605, 681.6393339011898, -0.04030122004547265] [-0.023714679240650793, -0.024120527999026017, 0.0380377903411729, 0.9987036300242039] [0.6302604675292969, 1.6648058891296387, 1.2709025144577026] [-1.1619016828849023, -0.003739351560390649] 0.12495778501033783
motorcycle [310.7574756158778, 695.0849893170525, 0.2874413986483242] [-0.15917470619653712, -0.018729234126531682, 0.040962045286147344, 0.9862224594594542] [0.782422661781311, 2.253119945526123, 1.549790859222412] [0.024997214910110394, -0.21820500263616585] 0.1231784000992775
bicycle [296.5730478407438, 690.6533517627472, -0.35522011591998837] [-0.3830203625269506, -0.008744484437300656, 0.0441837906580754, 0.9226411699706079] [0.5997676849365234, 1.6413655281066895, 1.1142997741699219] [-0.0001420749078888801, -1.4711937512407789e-05] 0.11989455670118332
bicycle [347.18740165956046, 648.0266361200665, 1.3404212670071836] [-0.8483617240213145, 0.04501688186120037, 0.0014675532309095223, -0.5274975941656909] [0.5817855000495911, 1.6356687545776367, 1.2952542304992676] [0.0, 0.0] 0.11665212363004684
motorcycle [320.65291554338916, 642.561701229188, 4.738639631273349] [-0.23295063348490433, 0.033060945116334645, -0.03058835191711925, -0.9714449696169055] [0.8034850358963013, 2.1776654720306396, 1.5703434944152832] [0.0, 0.0] 0.11449196189641953
motorcycle [318.8106850863608, 647.1625506273527, 4.932827558576852] [-0.1854294503470995, -0.017629742227163805, 0.04144714168666618, 0.9816247987795447] [0.8370589017868042, 2.1232504844665527, 1.4426661729812622] [0.0, 0.0] 0.10136102139949799
bicycle [328.72310986329194, 657.8270261522329, 0.5372440880954185] [-0.9673830634308769, 0.030027097878088185, 0.03357151706447799, 0.24928163835730233] [0.5200897455215454, 1.6675283908843994, 1.1125028133392334] [0.0, 0.0] 0.10123281925916672
traffic_cone [317.6063628030625, 672.1248316065111, 0.6969222078709112] [-0.23590804083240402, -0.01546436908233129, 0.04230279723465412, 0.9707310250041592] [0.4257013499736786, 0.4307483434677124, 1.3331267833709717] [-0.00040030507194137793, -0.0003793543245198531] 0.7076629400253296
traffic_cone [318.7517286610609, 670.2060647646688, 0.22695693371458672] [-0.978797095023911, 0.03169369159038414, 0.032002863596316475, 0.1998188514824412] [0.47771310806274414, 1.043857216835022, 0.40411627292633057] [0.0, 0.0] 0.5589053630828857
traffic_cone [296.22787556686103, 690.3126267333067, -0.30480836200412276] [-0.5548037998284573, -3.0186558949681433e-06, 0.04504079657242466, 0.8307611391554819] [0.34206581115722656, 0.3436737060546875, 0.7261247634887695] [0.0, 0.0] 0.41470667719841003
pedestrian [310.285675888391, 693.9099220123201, -0.027628826263614625] [-0.5667768900341821, 0.0006492728495974551, 0.04503611672599671, 0.8226392183443416] [0.6859294176101685, 0.7870811223983765, 1.8452248573303223] [-0.48740405045493945, -1.3962935793776579] 0.3264995515346527
pedestrian [310.6915139898106, 693.5368482618834, -0.08777442310864836] [-0.5754248280939575, 0.0011244028718094372, 0.0450267596343851, 0.8166134911009297] [0.7082698345184326, 0.7920257449150085, 1.8776397705078125] [-0.37829093951122283, -1.4902340301171568] 0.2885448634624481
traffic_cone [312.49848005919824, 697.7639268720839, -0.014496141062642076] [-0.3006265725949552, -0.012585816725335451, 0.04324662509777025, 0.95267779993281] [0.3725065290927887, 0.36904409527778625, 1.3384127616882324] [-0.0015448759946461593, -0.0006187446736347784] 0.2552023231983185
traffic_cone [318.8901104062934, 670.6381390922414, 0.2472956402903159] [-0.8776158196825659, 0.020952838139407695, 0.03987043941185758, 0.47724396243211614] [0.4699578881263733, 0.7344282269477844, 0.5168818831443787] [-8.520047794730922e-05, 0.0002344598309493389] 0.2377735823392868
traffic_cone [328.5836970022475, 657.8446615136179, 0.5426602636453842] [-0.1302047819555236, -0.01992159569170924, 0.040395586269874786, 0.9904635487441844] [0.3526913523674011, 0.35776081681251526, 0.8939292430877686] [0.0, 0.0] 0.19556768238544464
traffic_cone [319.3890107762534, 670.3425415971649, 0.270874928787768] [-0.8457167593182741, 0.01839247031034949, 0.041114357600158816, 0.531727834181365] [0.435021311044693, 0.5968252420425415, 0.5292695760726929] [-3.0932525650665555e-06, 9.590172947293562e-06] 0.179878830909729
pedestrian [310.47866743576, 695.4057607444192, -0.007889643526371337] [-0.6510068135315856, 0.00543261904750984, 0.04471196724899786, 0.7577344227171285] [0.4949563145637512, 0.5067607760429382, 1.5143709182739258] [-0.029310804420868634, -0.21213895637538727] 0.17575612664222717
pedestrian [309.9732685469227, 694.1333525581193, -0.11960292368071679] [-0.6120275776813259, 0.0031743903008403804, 0.04492879490047284, 0.7895527663130169] [0.5467645525932312, 0.5844960808753967, 1.5790590047836304] [-0.483642651117041, -0.8552772041062375] 0.1744631677865982
pedestrian [340.9465852566884, 703.3794224644952, 1.6463627878576301] [-0.31996372572394516, -0.011702571042597495, 0.04349394435991962, 0.9463585688605883] [0.6972229480743408, 0.6513328552246094, 1.892258882522583] [-0.0007637560491491218, -0.0003386933002888541] 0.1486937701702118
traffic_cone [318.511229343147, 671.1156107930509, 0.45361438402014276] [-0.10584670032431523, -0.020907421836897602, 0.03989427373853097, 0.993361868940752] [0.4267849028110504, 0.558533251285553, 0.7101383209228516] [-0.000876561658478029, -0.00021833399071531588] 0.1484299749135971
pedestrian [289.88557905384226, 683.323708870791, 2.114986718657881] [-0.6866758555269856, 0.007575479785375918, 0.044399160701664005, 0.7255670858516745] [0.6707192659378052, 0.7156227827072144, 1.8119299411773682] [-0.006305819802188034, -0.06338965610115048] 0.14164584875106812
pedestrian [299.22077052695073, 692.2610914462724, 0.3944127059726861] [-0.4642943158992489, -0.004743058576601256, 0.04479036459250755, 0.8845349709642107] [0.8071200847625732, 1.0647790431976318, 1.9229869842529297] [-1.3271429720542023, -1.7382978492716343] 0.14105579257011414
pedestrian [269.95988544106126, 663.3443950617503, 1.1981883267634998] [-0.9918046160123399, 0.04017933367789149, 0.02035422585586294, -0.1195614080363038] [0.6701864004135132, 0.698074460029602, 1.716449499130249] [0.1359218204936939, 0.011764530967222646] 0.12551282346248627
pedestrian [322.22187057797703, 659.0211646610858, 0.7741845942573704] [-0.491865932569303, -0.00333295079933981, 0.04491731073828892, 0.8695051644543227] [0.6730735301971436, 0.7791098952293396, 1.5607346296310425] [-0.3671441140474224, -0.4817473948154677] 0.12516450881958008
traffic_cone [317.9038945493971, 671.9092707456277, 0.6850255573551229] [-0.24061806118804394, -0.01525881104845689, 0.04237737663398142, 0.9695742752698813] [0.4737030863761902, 0.5037012100219727, 1.2243990898132324] [-0.002594948801453119, 0.0013209786639298891] 0.11764822900295258
traffic_cone [331.92719557440176, 677.2670894462652, 1.0958326241291203] [-0.8231605487201046, 0.045036695259514696, -0.0006078199506687832, -0.5660194675678787] [0.42597469687461853, 0.4309888184070587, 1.30817711353302] [0.0, 0.0] 0.11186914891004562
traffic_cone [305.459931512336, 687.8231705088427, -0.3584238406310354] [0.17280902149724858, -0.03111860988491594, 0.03256233228473102, 0.9839249812481499] [0.3714384138584137, 0.380928635597229, 1.0031710863113403] [0.001283720595806184, 0.0035425949151403346] 0.10876967012882233
pedestrian [305.2353906465355, 680.9748226919544, 0.40124524134227935] [-0.23342725989341118, 0.03307594978300229, -0.030572126372614895, -0.9713305518584612] [0.605122447013855, 0.638540506362915, 1.6784679889678955] [-0.015525083257745148, 0.0002876782724898718] 0.10681934654712677
traffic_cone [318.88206233791556, 668.1024717272612, 0.6289608888026641] [-0.9971686544216227, 0.035878431292589864, 0.027228873149172605, 0.06021628744766036] [0.37846091389656067, 0.3974693715572357, 0.9418023228645325] [-2.653619477855379e-05, -0.000232710718984879] 0.10386216640472412
traffic_cone [347.5356943435693, 663.8810713317741, 3.2480895971088946] [-0.6466781795553366, 0.005177732982026757, 0.04474219983592287, 0.7614319790513167] [0.44889533519744873, 0.44878244400024414, 1.38737154006958] [-5.522609485239987e-06, -6.811810525972966e-06] 0.1015736386179924
traffic_cone [266.65508790050063, 681.6235507864828, -0.017476204016699137] [-0.06695171297040584, -0.022450265793354192, 0.039046881191697955, 0.996739080584953] [0.4327649772167206, 0.44369131326675415, 1.1862561702728271] [-0.09470435886738438, 0.022198169259868197] 0.10002438724040985
