car [313.7852051725992, 667.2435218771641, 1.0212861280814993] [0.2018620781712805, -0.03221968136703233, 0.03154653746303923, 0.9783753929362041] [2.0514485836029053, 4.863665580749512, 1.7802214622497559] [0.0, 0.0] 0.8861857652664185
car [292.6965177465353, 681.2768833970455, 0.6492907853855056] [-0.4275262246376675, -0.006749592065596499, 0.044584020682841785, 0.9028776414076066] [2.0467216968536377, 4.859583377838135, 1.8006515502929688] [-4.599728747049584, -5.308379647656277] 0.7835707664489746
car [287.91704637105335, 669.1727695761557, 0.7895371098087121] [-0.9023676112987639, 0.04459203104501155, 0.006696466275637775, -0.42860168243447544] [1.9013910293579102, 4.613884449005127, 1.7126528024673462] [5.076875939664995, 6.191713372284921] 0.7422156929969788
car [299.95954737001824, 684.9333125483306, 0.6956825529935873] [-0.8864761355589765, 0.04480283789725748, 0.0050987851153089965, -0.4605722193002125] [2.2919652462005615, 5.726675987243652, 2.2369754314422607] [3.8117340200281125, 5.586502306062064] 0.6593414545059204
car [301.2120736929383, 691.9033072029836, 0.22569219122369488] [-0.4753775395465736, -0.004346526095672921, 0.04488206327921725, 0.8786255761138222] [1.916966199874878, 4.458688259124756, 1.6571320295333862] [-2.543434427608355, -4.2272077347701105] 0.500370979309082
car [349.239955705218, 634.99702248371, 2.255689767255744] [-0.44822050309441475, -0.005720310617116004, 0.04472773121614529, 0.8927850181944642] [1.947563648223877, 4.497781276702881, 1.662900686264038] [0.0, 0.0] 0.4140748679637909
car [348.0251263998636, 646.9288324026239, 1.7225659193804794] [-0.28824252495878744, 0.0349026305720367, -0.028549925962285026, -0.9564951410812723] [1.9154512882232666, 4.477490425109863, 1.6646931171417236] [0.0, 0.0] 0.30060815811157227
car [347.66650779993546, 630.3090030982931, 2.9481874653223104] [-0.6035947729122703, 0.002536785623789905, 0.04502062429597085, 0.7960151118035917] [1.9661355018615723, 4.542025566101074, 1.6874496936798096] [0.0, 0.0] 0.1821344494819641
car [348.74630399825736, 648.4510825495579, 1.6917428420960394] [0.04295354381698854, -0.026765589967513284, 0.03628904913318865, 0.9980589667851603] [1.9820775985717773, 4.639975070953369, 1.7127166986465454] [0.0, 0.0] 0.1724696308374405
car [323.78420700545354, 650.9979391175758, 1.3211609405141915] [-0.9313739194511461, 0.04398075022748575, 0.009949145829041814, -0.36126075108280165] [1.9507322311401367, 4.592056751251221, 1.6874377727508545] [0.12378933518171793, -0.033355186258622195] 0.16613495349884033
car [340.20115857284844, 639.4212242321843, 2.0902384838761354] [-0.427359912405632, 0.0387622949718789, -0.0230385846312893, -0.9029563740155725] [1.8452833890914917, 4.339613914489746, 1.6157954931259155] [0.0, 0.0] 0.1591375321149826
car [325.64517566326566, 650.6605413599057, 1.3842895493975154] [-0.9456307652948588, 0.04352752751339409, 0.011774813878390963, -0.3221011701850209] [1.8982982635498047, 4.511643409729004, 1.6569613218307495] [0.14202780113385266, -0.08721818677129922] 0.14873166382312775
car [282.37176550373147, 669.0196762970982, 1.3714348057785992] [-0.4343654487111182, -0.006411069556716816, 0.04463395658508179, 0.899607339383516] [2.4250400066375732, 6.850754261016846, 2.617659091949463] [-5.732224210719478, -7.006100567938235] 0.14147701859474182
car [337.35557719743093, 705.1251125457098, 0.84193726938926] [-0.9919714085257676, 0.03416569013174746, 0.02942783565132581, 0.11815004347906341] [1.9891706705093384, 4.4982805252075195, 1.7216802835464478] [-0.00247462842853744, 0.0016193322160356252] 0.13537298142910004
car [299.13631404106724, 659.4015824335174, 1.1875584416910219] [-0.41349984334167744, -0.00743887588655938, 0.04447420621938511, 0.9093869295646976] [1.9035762548446655, 4.5045318603515625, 1.6559025049209595] [0.0, 0.0] 0.13531461358070374
car [340.9817650907702, 661.2285721203679, 2.394751534792811] [-0.9106329541189878, 0.023744739397643426, 0.03833378724099705, 0.4107485008849398] [1.8852801322937012, 4.429558753967285, 1.6587753295898438] [0.0, 0.0] 0.13425466418266296
car [308.4003841246961, 699.5679531810812, -0.29572725274988176] [-0.5329582015005272, -0.0013413479049034218, 0.04507208314575707, 0.8449392070202586] [1.963254451751709, 4.564528942108154, 1.720165491104126] [-0.6037974176568167, -1.055095525099067] 0.13077378273010254
car [265.003331299735, 682.506421791455, 0.4301330308235283] [-0.9914180629411643, 0.03403011484818482, 0.029584509066729145, 0.12270669330028311] [1.9109015464782715, 4.481794357299805, 1.6912524700164795] [-0.008961409055996208, 0.00833432952107112] 0.12778045237064362
car [349.8645536420921, 631.8564035933589, 2.870576605272875] [-0.9984423015911653, 0.0365578609921568, 0.026397247829616024, 0.03285846162005035] [1.969618797302246, 4.631409645080566, 1.7279136180877686] [0.006603840160950752, 0.002090363319462992] 0.12770976126194
car [351.4364790782145, 635.1835517256263, 2.4370066371481376] [-0.9459168414638593, 0.027321582418520826, 0.035872315613129875, 0.32126007710535087] [2.0052433013916016, 4.7417097091674805, 1.7740719318389893] [0.0, 0.0] 0.11394580453634262
car [325.9908237467944, 660.5882385633564, 1.1502448106926115] [0.1606207762944461, -0.030867249494690566, 0.03287103286987728, 0.9859856359649819] [1.8612666130065918, 4.325143814086914, 1.5813868045806885] [-0.5328314749187636, 0.23700211139641575] 0.11299118399620056
car [298.9104342338099, 689.6926420911899, 0.36617999191811457] [-0.9083884823872067, 0.04449199190844557, 0.0073317494037126694, -0.4156886733758419] [2.0633420944213867, 5.047022819519043, 1.7978193759918213] [1.9192289460143386, 2.149354581108066] 0.10779161751270294
car [321.66482412627715, 656.0780595466292, 1.272273393126516] [-0.4080751907047899, 0.03826396184755368, -0.02385709783332802, -0.9118340566341825] [1.8924578428268433, 4.47847843170166, 1.631239891052246] [-0.025358581291019935, 0.04712174407036729] 0.10738703608512878
car [323.2673218400003, 652.5625405078086, 1.2658224365920496] [-0.9982001454391778, 0.036380452307838373, 0.026641219626307007, 0.03953704278147546] [1.9313548803329468, 4.568656921386719, 1.6888083219528198] [0.4559230063112428, -0.3281502480816751] 0.10175389796495438
truck [308.1023123956951, 665.7219804785319, 1.592967213184145] [0.1863497116269508, -0.031716282390960374, 0.032052602462154064, 0.981448161179821] [2.723248243331909, 8.796796798706055, 3.1199026107788086] [-2.508895959260521, 0.982312342424524] 0.8032665252685547
construction_vehicle [320.9556576916556, 668.5154990420978, 1.2005860686587755] [-0.9685132775560215, 0.030093839698566147, 0.03358054057779642, 0.24484431646332475] [2.4273388385772705, 4.372722625732422, 2.362687587738037] [0.0, 0.0] 0.6803014278411865
truck [282.3522843123498, 669.0293292648912, 1.3526516931643962] [-0.428360830936205, -0.0067083673694201765, 0.04459024221213567, 0.9024819702500122] [2.547304630279541, 7.481726169586182, 2.6664576530456543] [-5.060001267003957, -6.045226624336108] 0.6629065275192261
truck [299.96569396886133, 684.935803608179, 0.7107669846037319] [-0.8916307005593449, 0.044742277767307666, 0.005605396818523579, -0.4505123771071685] [2.2096033096313477, 5.83916711807251, 2.1073527336120605] [3.809337980154178, 5.3880203251546295] 0.24830761551856995
truck [301.50505908759476, 692.3661822628288, 0.27522123452951885] [-0.48044560876002634, -0.004087160560088591, 0.044906425062078634, 0.8758645586675531] [2.0472888946533203, 5.292426109313965, 1.8436803817749023] [-2.222501521281001, -3.708680577501673] 0.18388712406158447
truck [299.05168816054277, 659.3351888845475, 1.097673225901772] [-0.8936988000741214, 0.044715952181992584, 0.005811670479111885, -0.44639574690265116] [2.0062265396118164, 5.126410007476807, 1.8700661659240723] [0.0, 0.0] 0.15732431411743164
truck [334.18659802579225, 675.9944545317261, 1.1979306660503541] [-0.9841135272147049, 0.03252119976922967, 0.031235612029699114, 0.1717185885678428] [2.1698226928710938, 5.595335483551025, 2.0179996490478516] [0.0, 0.0] 0.1417616456747055
construction_vehicle [265.50355188487464, 682.2598983787899, 0.6585577283651698] [-0.9080589677204584, 0.023505703901976812, 0.0384808235017472, 0.41640799613979046] [2.2961201667785645, 5.006667613983154, 2.6152310371398926] [0.0, 0.0] 0.12518060207366943
truck [287.82496533414934, 669.0651725234425, 0.7241467808661126] [-0.9017748862949297, 0.044601235811845115, 0.0066348818645257145, -0.4298473712313087] [1.8454796075820923, 4.958126068115234, 1.7788870334625244] [5.0493978904319015, 6.057958948878844] 0.11410406976938248
truck [298.85088514951093, 689.680351736119, 0.5458852660591198] [-0.9086869590453637, 0.04448671187340489, 0.007363719168510212, -0.4150358039586338] [2.391688346862793, 6.613170146942139, 2.3017611503601074] [1.796592984049883, 1.8462221220445958] 0.11032013595104218
barrier [312.05664693336104, 696.9340207381897, -0.6542105420892562] [-0.27823650724961396, 0.034602531613938566, -0.0289129157852751, -0.9594535706016396] [2.567836046218872, 0.6323811411857605, 0.9612153768539429] [0.0, 0.0] 0.2165728211402893
barrier [312.8023564596906, 698.6227189771967, -0.6392895723323017] [-0.2468075568495815, 0.033641489390372245, -0.030025690415001277, -0.9680148438885845] [2.8041625022888184, 0.645394504070282, 0.9315134286880493] [0.0, 0.0] 0.18564492464065552
barrier [305.9526541184639, 688.8060034876419, -0.3559368256532429] [-0.23584932995893915, 0.033299928991563525, -0.03040405601982826, -0.9707429122402179] [2.4918456077575684, 0.5705692172050476, 0.9188485741615295] [0.0, 0.0] 0.14592984318733215
barrier [345.8184854924725, 670.8645951800062, 2.2661039649543904] [-0.2333391224140821, 0.03322122170602952, -0.030490036432560402, -0.9713493511902532] [3.307032585144043, 0.6123931407928467, 0.9601728320121765] [0.0, 0.0] 0.14032554626464844
barrier [312.9774144539051, 698.0857253897303, -0.665264500807646] [-0.2716018444994878, 0.0344019719605504, -0.029151264441281643, -0.961352768847719] [2.6567130088806152, 0.6802385449409485, 1.0048902034759521] [0.0, 0.0] 0.13953840732574463
barrier [349.1721855982686, 673.2968102184108, -0.33698954543085746] [-0.5802513070011928, 0.001229834406962992, 0.045075263733354666, 0.8131882493187585] [2.8233413696289062, 0.5119961500167847, 0.9504679441452026] [0.0, 0.0] 0.12723858654499054
barrier [266.0848758734198, 681.9213101218819, 0.043775836467272455] [-0.6608685625371629, 0.005862763964361604, 0.044709281944560586, 0.7491458143490919] [2.2066500186920166, 0.5905560851097107, 0.9599734544754028] [0.0, 0.0] 0.11925891786813736
barrier [339.1700260011797, 639.7997443499314, 1.8821268314636954] [-0.3990733109803693, -0.008140959519606935, 0.044351061671623476, 0.9158095875070678] [1.9409453868865967, 0.6048906445503235, 0.9538939595222473] [0.0, 0.0] 0.11054877191781998
barrier [336.52432753577375, 704.5389719278696, 0.845799923295832] [-0.5539197590207825, -0.00021387422576690535, 0.045091530813619315, 0.8313480671012945] [2.3271374702453613, 0.5156668424606323, 1.0982533693313599] [0.0, 0.0] 0.10894817858934402
barrier [310.3949141655741, 695.1967213020831, -0.6332468917445887] [-0.31183888146084265, 0.03559888199113594, -0.027676912658047777, -0.949064391975566] [2.1861753463745117, 0.5681799650192261, 1.0225307941436768] [0.0, 0.0] 0.10484609007835388
bicycle [292.9098795229862, 685.082144394985, 0.5197777977306917] [-0.41038201195394214, -0.007591193297707649, 0.044448460913926666, 0.9107981732367136] [0.6763823628425598, 1.878370761871338, 1.850196361541748] [-3.151556539422743, -3.4122264252035976] 0.784940242767334
bicycle [266.6888732204797, 681.6979407504479, -0.2013125000380218] [-0.9431069605085085, 0.04361744462539943, 0.011437238200293031, -0.32941762118487583] [0.6521813273429871, 1.753125786781311, 1.119688868522644] [0.0, 0.0] 0.31170162558555603
motorcycle [339.12107044465574, 639.7964781381381, 1.7909626184834226] [-0.9294039792732245, 0.025568010390453852, 0.03714254619669566, 0.366298991832895] [0.7991456985473633, 2.0192677974700928, 1.407902717590332] [0.0, 0.0] 0.27814266085624695
bicycle [325.2188110956236, 652.3068795595336, 1.2293103840753163] [-0.5034452992585438, 0.040600332786190824, -0.01961899260794464, -0.8628496617378808] [0.5215542912483215, 1.5681731700897217, 1.1136720180511475] [0.008007237908855125, -0.004407992617039517] 0.256329208612442
bicycle [265.76003056179326, 677.3345647104915, 0.6294456929049269] [-0.004491681904115252, -0.025012063524180395, 0.037519176051219356, 0.9989727388174174] [0.6964247822761536, 1.8456830978393555, 1.594282627105713] [-1.058781532623874, -0.14451602316170087] 0.253555029630661
motorcycle [269.9110268055625, 663.2177257998125, 1.30486734897829] [-0.7880465250194627, 0.04498356391659132, -0.003125839193236107, -0.6139620367021479] [0.7099525928497314, 2.021578788757324, 1.4782360792160034] [0.0, 0.0] 0.22022873163223267
bicycle [321.29823626481243, 666.4758198942569, 1.5129331426380888] [-0.9788956077757478, 0.031629989232423106, 0.032137760881194355, 0.19932410086100802] [0.4204036295413971, 1.5642058849334717, 1.0224902629852295] [0.003294682668707023, -0.009563212290695048] 0.19803619384765625
motorcycle [332.1609252593695, 676.1804521686911, 1.122019984407064] [-0.5544074555609596, -0.00018741681939369714, 0.045091648542006486, 0.8310229126354596] [0.7614729404449463, 2.3854947090148926, 1.358815312385559] [0.0, 0.0] 0.18045219779014587
bicycle [335.7732183225344, 695.5088534884837, 2.082779464609465] [-0.6025436938363791, 0.002477366740521152, 0.045023933050467584, 0.7968110222158775] [0.724577784538269, 2.019249439239502, 1.402559518814087] [0.0, 0.0] 0.17184089124202728
bicycle [306.38487836048915, 683.8472495071319, 0.9538607439954468] [-0.8014722518525426, 0.04504183560815973, -0.002127190247143411, -0.5963295545393626] [0.4686914384365082, 1.6470050811767578, 1.065932273864746] [-0.0023795674560096003, 0.0020125576557557603] 0.1615985482931137
bicycle [321.0683751977885, 657.6452117510469, 1.0303956172499324] [-0.6389017815019638, 0.04328076216573285, -0.012651779307800766, -0.7679656383591109] [0.46002858877182007, 1.4394893646240234, 1.0330989360809326] [0.0, 0.0] 0.15974104404449463
bicycle [324.59010344662136, 660.4961789816011, 0.8835082512399234] [-0.9881596473499891, 0.033304501211798856, 0.030399047556351443, 0.14665339905997882] [0.5362346172332764, 1.593389868736267, 1.1612582206726074] [0.0, 0.0] 0.1513882875442505
motorcycle [299.70632185452496, 660.5134436975368, 1.1763041056429064] [-0.33440588447316255, -0.01120616386785506, 0.043677382987844036, 0.9413497822469721] [0.701396107673645, 2.0084073543548584, 1.3963888883590698] [0.0, 0.0] 0.12102386355400085
bicycle [330.20231815905527, 698.6698379951076, 0.7518595638079961] [-0.7763506075140487, 0.044916758519738975, -0.00397198909609323, -0.6286862829100597] [0.6248716115951538, 1.742401361465454, 1.255537986755371] [0.0, 0.0] 0.10783195495605469
bicycle [330.2614725144921, 666.2864610388901, 0.676669344646973] [-0.9791370484050836, 0.03166901073518349, 0.03209930921927855, 0.19813467275386415] [0.4461935758590698, 1.5039221048355103, 1.029345154762268] [0.0, 0.0] 0.10399162769317627
traffic_cone [317.6044233328518, 672.1389325444634, 0.7109647715560381] [-0.2891585835689411, -0.013275208675317778, 0.04309362746308085, 0.9562186055788204] [0.4262444078922272, 0.4320084750652313, 1.337380290031433] [-0.00032134840628861354, -0.0002766508148352698] 0.7694653868675232
pedestrian [308.5875435798491, 691.9907324115234, -0.051543257298934275] [-0.46126157830772463, -0.005063936067962794, 0.04480679016398756, 0.8861176358045056] [0.6443312168121338, 0.6828851699829102, 1.816210389137268] [-0.6733676586405262, -1.0406263554075483] 0.7393449544906616
pedestrian [309.41177583280745, 691.1210364870766, -0.048851559380456155] [-0.47485061025429465, -0.004373437617820884, 0.04487944893493075, 0.87891046531932] [0.6304346919059753, 0.6677345037460327, 1.7740743160247803] [-0.6440463710498925, -0.957066696434798] 0.7001060247421265
traffic_cone [318.7798482722714, 670.2064107407637, 0.22566107554642384] [-0.979635237405791, 0.03175012749944606, 0.032019077080218096, 0.1956566117962787] [0.5002892017364502, 1.1963896751403809, 0.3706667423248291] [0.0, 0.0] 0.5412706136703491
pedestrian [309.194459987199, 691.6149260275581, -0.029084031298154622] [-0.4321632325881779, -0.006520248675204842, 0.04461813813365051, 0.9006673350941714] [0.6555981636047363, 0.7184104323387146, 1.8261265754699707] [-0.7346807477499224, -1.00737001401614] 0.35977882146835327
traffic_cone [325.13001103474176, 652.551122747156, 1.0743438645908647] [-0.9864736005856969, 0.040910326247979745, 0.018964100284060065, -0.15759614035309016] [0.4196544289588928, 0.42907893657684326, 1.2437279224395752] [0.005235750294461396, -0.028991111867852207] 0.2998367249965668
pedestrian [309.9230733213994, 690.6898820560176, -0.13484896819815817] [-0.5194542087201149, -0.0020579346095342104, 0.045045052985238115, 0.8533077013303343] [0.5906844139099121, 0.649558424949646, 1.6223602294921875] [-0.30906363176624235, -0.6345100122195038] 0.2828822135925293
traffic_cone [318.95188340705835, 670.6540931721033, 0.2657170777824676] [-0.793024304117761, 0.0143811291573945, 0.04273727901327325, 0.6075188566499322] [0.47191303968429565, 0.7602358460426331, 0.4820162057876587] [-7.713898653190804e-05, 0.00023936591307494409] 0.27498117089271545
pedestrian [309.41618787714424, 690.4979973232466, 0.01784428385202741] [-0.40865655374036935, -0.0076753490010575, 0.044434006245352146, 0.9115736553848759] [0.6378144025802612, 0.6887516975402832, 1.7817983627319336] [-0.36035835976420516, -0.6266112869511992] 0.23505264520645142
pedestrian [275.45494617746704, 687.1461662684497, 0.6624698020255066] [-0.9989806608530614, 0.03745881025879608, 0.025102378917057685, -0.002085029563578311] [0.6215370893478394, 0.6418195962905884, 1.7027227878570557] [0.03638641320369124, -0.012519084521413154] 0.22823743522167206
pedestrian [308.3732625536234, 692.719035321213, -0.14190624663640472] [-0.41431750121665634, -0.007398876568345471, 0.044480878125621764, 0.9090146953115147] [0.6253353357315063, 0.6893407106399536, 1.7478244304656982] [-0.5477491516296199, -0.6559298148111824] 0.20716147124767303
traffic_cone [319.3427192524939, 670.3636979242021, 0.29175758435897] [-0.8461001933576255, 0.018294418730429314, 0.04121414971360861, 0.5311131432255168] [0.45914554595947266, 0.6608520746231079, 0.4938083589076996] [0.0, 0.0] 0.20569784939289093
pedestrian [340.93170191863237, 703.3626379879527, 1.5894326110633785] [-0.28724890165748507, -0.013361219327779218, 0.043067037411168727, 0.9567940094938243] [0.6709868907928467, 0.6468155980110168, 1.8511723279953003] [-0.06736809098185628, -0.050678847748414885] 0.19263221323490143
traffic_cone [266.76985046584963, 681.7235096716629, 0.11073576533566154] [0.04179633614662151, -0.026723497390847416, 0.036320057550909786, 0.9981080975482658] [0.5760139226913452, 0.605030357837677, 1.349094271659851] [-0.045293066211804026, 0.015072315169148445] 0.18307940661907196
pedestrian [339.0982172417799, 661.3401888180427, 1.9852930962933533] [-0.5514069228023422, -0.0003500301363389925, 0.04509067943825733, 0.833016874734451] [0.5865033864974976, 0.5912708640098572, 1.6309659481048584] [0.011281892821104726, 0.006057270449733425] 0.1784457266330719
pedestrian [308.1849841341478, 691.9182731720296, -0.14050880809927468] [-0.3824557758962934, -0.008941231025188774, 0.04419667726259781, 0.9228728447572094] [0.6163400411605835, 0.6827682852745056, 1.7197225093841553] [-0.7110774532142169, -0.7857501936032844] 0.1774091124534607
traffic_cone [265.6874544857443, 677.356182052277, 0.7611208085946709] [-0.2094473374164915, -0.016778215456116456, 0.04185431135986069, 0.9767796685823484] [0.49497097730636597, 0.5219408869743347, 1.5125237703323364] [-0.2289771762814808, -0.0439881813136508] 0.17656093835830688
traffic_cone [324.5506053802271, 660.4915084539614, 0.8895271414448889] [-0.23289699728023014, 0.03320734099783415, -0.030505153616292295, -0.9714554527946984] [0.4049806296825409, 0.4107310473918915, 1.0486679077148438] [5.223734735215689e-06, -0.0001228986818588396] 0.16577816009521484
pedestrian [308.8413508148649, 692.4480914420485, -0.10448623643785737] [-0.4643174410955018, -0.004909246387858962, 0.04482400242284618, 0.8845202213636638] [0.6728230118751526, 0.7616990804672241, 1.8179314136505127] [-0.605871501036853, -0.8556283107294209] 0.15911272168159485
pedestrian [308.92315512787127, 689.8794094012832, 0.08662211228009564] [-0.2506507373203981, -0.014989546783562808, 0.04252770133129005, 0.9670268434678743] [0.5518372058868408, 0.5639817118644714, 1.6797068119049072] [-0.072855434681055, -0.16111133615318352] 0.15718327462673187
traffic_cone [338.567037153519, 640.3623303449001, 1.7696596923369614] [-0.24191683425104812, -0.015372586027587388, 0.04239074771839313, 0.9692486540680109] [0.4859637916088104, 0.48544183373451233, 1.168400526046753] [0.0, 0.0] 0.14422470331192017
pedestrian [277.07015681527355, 686.6614262667866, 0.8184387439386898] [-0.7428502588051422, 0.010979475580703783, 0.043734917506184426, 0.6679372733272441] [0.5660737752914429, 0.5796079039573669, 1.6085273027420044] [0.0007467776467209372, -0.0005229863598919077] 0.13337919116020203
pedestrian [347.8354889127855, 632.2093929940023, 2.7323319792542033] [-0.357409099480909, 0.03689675070695486, -0.025921452130790314, -0.9328587479972227] [0.5906721353530884, 0.6153349876403809, 1.6965787410736084] [0.015907816900563754, 0.008610317079772754] 0.13287140429019928
traffic_cone [318.8838443873305, 668.1046159862666, 0.5778913216357721] [-0.9938129843412299, 0.03465430418287491, 0.028850842187028203, 0.10150103576554481] [0.3764720559120178, 0.3770778179168701, 0.9719049334526062] [0.00010684013897183182, -0.0001718440866525544] 0.1328313946723938
pedestrian [275.533290007989, 666.4381426365314, 1.5824571226238973] [-0.4727566093299138, -0.004480281613530549, 0.04486890872267218, 0.8800385766780813] [0.6353118419647217, 0.6707087755203247, 1.7182338237762451] [-0.16576568270444297, -0.018006515823462514] 0.13205242156982422
traffic_cone [339.49773709639715, 639.2970206505059, 2.1408420633669114] [0.1989113228633808, -0.03212442095021311, 0.03164353760112065, 0.9789795675822043] [0.4651029109954834, 0.448861300945282, 1.3958743810653687] [0.00047882719360757905, -0.00029596555339043686] 0.12726707756519318
pedestrian [275.6441357917162, 670.5495683088117, 2.560859890242942] [-0.2708849324210587, 0.0343802256387863, -0.029176908306504455, -0.9615550226034588] [0.6511194109916687, 0.6536016464233398, 1.6676818132400513] [-0.01700896073963157, -0.007361943337217895] 0.12253419309854507
traffic_cone [320.96993000070876, 657.7146024740252, 0.9181642657407469] [0.12116934129197943, -0.02953170944100223, 0.03407594504620889, 0.9916071292793168] [0.3522856831550598, 0.361763060092926, 0.9487286806106567] [-1.3043788256298576e-05, 2.7607757874742095e-05] 0.12101380527019501
pedestrian [310.2127347809521, 691.2603339391721, -0.21037677275128985] [-0.4877713567450768, -0.003710553122810355, 0.04493911090378658, 0.8718060630930293] [0.6189755797386169, 0.6834205389022827, 1.6286633014678955] [-0.2953051400633937, -0.5813270562841629] 0.11805684864521027
traffic_cone [305.49764101140255, 687.8492238888937, -0.3195502276507699] [0.13170627950562142, -0.029892370487070212, 0.03376000710846728, 0.9902626742665236] [0.365346223115921, 0.3830520510673523, 0.8043806552886963] [-0.00032614443197994747, -0.0011199373262931647] 0.11568975448608398
traffic_cone [331.9532705275748, 677.2531525986295, 1.0187468750531967] [-0.697219702911173, 0.008073557944168225, 0.04436338079342225, 0.7154379036500345] [0.4179268181324005, 0.41889792680740356, 1.297846794128418] [0.00017401715604211618, 0.0012239266442553457] 0.11544197797775269
pedestrian [269.84480059861784, 663.7915418943146, 1.3398376542358954] [-0.9497550472488274, 0.04337010435274295, 0.012342039609894903, -0.30972900789573704] [0.6405586004257202, 0.6568924784660339, 1.7092632055282593] [0.031346970580801534, 0.06256817100608182] 0.11380314081907272
pedestrian [332.38156333018503, 689.95331979344, 4.391928497784996] [-0.6294064072675142, 0.04312185307918148, -0.013183234819933762, -0.7757668996530466] [0.6578766703605652, 0.6651951670646667, 1.7547779083251953] [-0.042309908052783576, 0.3185034149522489] 0.10934600979089737
pedestrian [330.20460151115776, 698.389489898968, 0.775170652911124] [-0.9652637337631848, 0.04263072207629929, 0.01469399294110884, -0.25735701348176887] [0.517479658126831, 0.5262698531150818, 1.5167269706726074] [0.00017193115908826, 0.002604976806631273] 0.10934212058782578
traffic_cone [265.59954910899614, 676.9767811764252, 0.5886450794774442] [-0.16458227219810428, -0.018673736243468887, 0.04104367756438723, 0.9853321185188317] [0.4701330065727234, 0.48243892192840576, 1.4429216384887695] [-0.13494637159641887, -0.04064155166431826] 0.10326352715492249
traffic_cone [317.8825432110157, 671.9474548088191, 0.7123521603245813] [-0.3090214276869161, -0.012374343568931469, 0.043360898451693455, 0.94998550796159] [0.47812598943710327, 0.5065760016441345, 1.240515947341919] [-0.002432797657730611, 0.0008216599695203963] 0.10300088673830032
traffic_cone [266.1345093709998, 677.1617750080283, 0.5982427305756299] [-0.40717312951001144, -0.007747620943166346, 0.044421461738905425, 0.912237222827332] [0.45330360531806946, 0.47147244215011597, 1.3411916494369507] [-0.0920213600546599, -0.04873184172237912] 0.10200325399637222
traffic_cone [345.1716883351021, 673.9622986868653, 2.2695339086270714] [0.04115667092852643, -0.026700215500523518, 0.03633717635598054, 0.9981346785603538] [0.44140109419822693, 0.44197553396224976, 1.2906917333602905] [-0.0005338460807202761, 0.00046902012781786627] 0.1020013839006424
traffic_cone [324.3161369318157, 660.31448366201, 0.7654364194617054] [-0.2200084201832363, -0.01632417176821654, 0.04203347843543037, 0.9744552340437074] [0.43315786123275757, 0.46915632486343384, 0.9355878233909607] [-5.9250840518802206e-05, -4.5740772899441245e-05] 0.10148777067661285
traffic_cone [323.9584370262769, 660.3326372815961, 0.6350679272647549] [-0.08124152787761363, -0.022055058885485604, 0.03933022083408368, 0.9956739035722544] [0.3743944764137268, 0.3880527913570404, 0.8521243333816528] [0.0, 0.0] 0.10139231383800507
