car [313.77695463223677, 667.2506526362437, 1.0124690397077067] [0.20622916107242553, -0.03249201985977615, 0.031119113246082936, 0.9774688754940345] [2.053029775619507, 4.853288173675537, 1.7773345708847046] [0.0, 0.0] 0.8951297402381897
car [300.59061110369595, 685.2361532450902, 0.19863811335027748] [-0.8791672851488359, 0.044746159878177386, 0.004680997751250257, -0.47438460573698416] [1.8366546630859375, 4.415783882141113, 1.5570160150527954] [4.380668748461246, 6.4768427231177] 0.7733904123306274
car [287.79550641209545, 674.9379370135606, 0.7757312580828234] [-0.4403513328621228, -0.006391991923255376, 0.04453395337316978, 0.8966975928833312] [1.9562278985977173, 4.820497035980225, 1.7067384719848633] [-5.174037122533075, -6.538821928877631] 0.7064714431762695
car [330.7352861636586, 642.0869145699035, 1.5557961375960696] [-0.3211777495874185, 0.03596703463043548, -0.027027818700066736, -0.945949640629019] [1.8783451318740845, 4.016247272491455, 1.5504658222198486] [0.0, 0.0] 0.6646031141281128
car [349.4517018518737, 635.2896686821871, 2.233791305280636] [-0.42170760233565946, -0.00731187405212716, 0.044392195954204065, 0.9056150217219886] [1.89934241771698, 4.407797813415527, 1.6532087326049805] [0.0, 0.0] 0.5136553049087524
car [309.3152198885197, 697.0437559132937, -0.1863318103657745] [-0.9161470247865156, 0.044189761441334935, 0.00844958860232443, -0.3983095509914671] [1.9485788345336914, 4.5162129402160645, 1.634130835533142] [5.126028283580066, 5.583637138341233] 0.4962853491306305
car [279.6890470302118, 665.0013698018255, 1.1522017185465385] [-0.4426031732751643, -0.006280066380980288, 0.04454987463552623, 0.8955882426891075] [1.963971495628357, 4.640385627746582, 1.7323098182678223] [-4.7190852075436505, -6.10241355104244] 0.4289058446884155
car [301.79073304247805, 692.9255366130106, 0.0938758542975866] [-0.45022115568766985, -0.005900091695035636, 0.04460178787650551, 0.8917829222447957] [1.989245057106018, 4.66866397857666, 1.7156708240509033] [-4.260298909236849, -6.130270841513407] 0.36748623847961426
car [347.97389835836987, 646.9574364729472, 1.7136108394496243] [0.20183999375539616, -0.03235202333635799, 0.031264630972304315, 0.9783846310920007] [1.9363110065460205, 4.474094390869141, 1.6776365041732788] [0.0, 0.0] 0.32152923941612244
car [311.06453276637427, 703.6394614234492, -0.3110834254304651] [-0.6145683918522, 0.00285875378017403, 0.044899421940766265, 0.7875795586303707] [1.8831347227096558, 4.4173903465271, 1.6416019201278687] [-0.5847754128543292, -2.958138804634659] 0.21723458170890808
car [306.564281537421, 698.5559457562239, 0.015583938446811718] [-0.8930819660134311, 0.04458452841476987, 0.006029128446400897, -0.44763877336284574] [1.9794436693191528, 4.65895938873291, 1.7912616729736328] [2.800317134344558, 3.9627936069738405] 0.15690699219703674
truck [306.1033532233886, 666.4637536611085, 1.3158273883346217] [0.17635209152250564, -0.03152880444296238, 0.0320946265625269, 0.9832984334635372] [2.628899335861206, 8.475811004638672, 2.9566993713378906] [0.0, 0.0] 0.7836843132972717
construction_vehicle [320.9328724828317, 668.5043085672564, 1.2110009578756977] [-0.9667157653410013, 0.02956027386308634, 0.03391637912469368, 0.2518660327979357] [2.431678056716919, 4.38063907623291, 2.3705973625183105] [0.0, 0.0] 0.6620385050773621
truck [279.44989030645667, 664.5394937785027, 1.170999029002025] [-0.45086845762980293, -0.00586770993310496, 0.044606059497915344, 0.8914558336511861] [2.177548408508301, 5.554442405700684, 1.976672649383545] [-5.4464337120605135, -7.488635451245231] 0.19119113683700562
truck [302.4880152481289, 693.181310923263, 0.3151775031063322] [-0.414292452203604, -0.007674421591676878, 0.044330957772462196, 0.9090311509972214] [2.260157346725464, 5.985352039337158, 2.0319292545318604] [-4.48977990722118, -5.0172792539445235] 0.17899610102176666
bus [306.15045578833866, 666.4112744729291, 1.0966355416512688] [0.1730394459963262, -0.031420534315675416, 0.032200630228430095, 0.9838867920474861] [2.8519678115844727, 8.524127006530762, 3.4046883583068848] [0.0, 0.0] 0.1532135158777237
trailer [265.2211564595706, 677.6480845773442, 0.9334874480849167] [-0.982300717942712, 0.03191848170877325, 0.03170711417327868, 0.1818273053351479] [1.8045384883880615, 2.8534748554229736, 3.0000598430633545] [0.004558200296087219, -0.004340136080909012] 0.10133218765258789
barrier [308.8731927905002, 693.3339314493908, -0.44549894343282215] [-0.31204787984525684, 0.03570493084325783, -0.027373134224432508, -0.9490005216649192] [2.9416356086730957, 0.5585076808929443, 0.9303131699562073] [0.0, 0.0] 0.4192410111427307
barrier [307.5502482928715, 691.3169377372394, -0.48891464852124267] [-0.2918822642257133, 0.035117282538284215, -0.028123069372259862, -0.9553955271334901] [2.96651554107666, 0.5662682056427002, 0.9183085560798645] [0.0, 0.0] 0.40974920988082886
barrier [312.4043811920533, 696.8936396313998, -0.46425391663364246] [-0.2798251407603573, 0.03476026419635301, -0.028563168535552227, -0.9589962252452586] [2.445200204849243, 0.5908551216125488, 0.9963021874427795] [0.0, 0.0] 0.36286839842796326
barrier [312.04367059342735, 697.0739067282012, -0.45326396515300504] [-0.3176543018900355, 0.03586617653124596, -0.027161515878538954, -0.947138645567249] [2.380244731903076, 0.599378228187561, 0.9942712187767029] [0.0, 0.0] 0.33179351687431335
barrier [305.93103264088995, 688.8403711202227, -0.3326369892909036] [-0.23633175330285455, 0.03343800062371477, -0.030100343487725736, -0.9706302961565786] [2.620673179626465, 0.568019449710846, 0.9321872591972351] [0.0, 0.0] 0.24047771096229553
barrier [312.77608062163665, 698.6006819608959, -0.44741932587868005] [0.22512665192066295, -0.033088782824955545, 0.03048381562327048, 0.9732902239472053] [2.823546886444092, 0.5949108600616455, 0.9381711483001709] [0.0, 0.0] 0.21079641580581665
barrier [313.17171942836626, 698.4134410390975, -0.42992528887499204] [-0.25116133716974015, 0.03389482394950977, -0.02958498729461213, -0.9668990909848436] [2.8286468982696533, 0.5936030745506287, 0.9379174113273621] [0.0, 0.0] 0.20756182074546814
barrier [310.0674021959769, 694.63898007952, -0.45740072389446473] [-0.32631161861045477, 0.03611332504548036, -0.026832039019614284, -0.9441909748541518] [2.3530311584472656, 0.5294085144996643, 0.9794360995292664] [0.0, 0.0] 0.18655265867710114
barrier [310.1874719613187, 696.6159595127533, -0.3352012944846354] [-0.27406623530380014, 0.03458826275304118, -0.02877121206201098, -0.9606578829649036] [2.2989892959594727, 0.5476155281066895, 0.9482879638671875] [0.0, 0.0] 0.1633080244064331
barrier [311.46746660252575, 697.4047341622288, -0.4144348178702446] [-0.38120119313486417, 0.037626848548406956, -0.024664769046270577, -0.9233967293578447] [2.4455056190490723, 0.580672025680542, 0.9870344400405884] [0.0, 0.0] 0.15861457586288452
barrier [263.86137149876106, 677.4622492103367, 0.16003798273829872] [-0.8178153951997915, 0.04498670718527423, -0.0005716121211263494, -0.5737193118681098] [2.864903450012207, 0.4053797721862793, 0.8920109868049622] [0.0, 0.0] 0.15400201082229614
barrier [309.0631338346363, 695.3730225699013, -0.40439935272491445] [-0.33967925994906756, 0.03649050362084719, -0.02631679519408775, -0.9394646719258061] [2.1960532665252686, 0.5003668069839478, 0.9917805194854736] [0.0, 0.0] 0.1044573038816452
barrier [300.9039895525234, 660.4728834508136, 1.1588032134044361] [-0.8995018119445338, 0.04449206595668103, 0.006677322120204059, -0.4345944773518283] [1.3535279035568237, 0.4024055004119873, 1.0054194927215576] [0.0, 0.0] 0.10170833766460419
barrier [312.87712390053304, 696.7047978678265, -0.4263003839042848] [-0.36435641655783424, 0.03717237642182205, -0.02534452593648164, -0.9301721728526083] [2.656597375869751, 0.5788635611534119, 0.9902006983757019] [0.0, 0.0] 0.10154422372579575
barrier [349.08408154581156, 673.3418015298457, -0.22980183915090047] [-0.5495321382689922, -0.0007456041218714066, 0.0449841598597114, 0.8342603301402494] [2.970076560974121, 0.5130988955497742, 0.9206832051277161] [0.0, 0.0] 0.10000331699848175
bicycle [280.0844751181055, 669.7404796411593, 0.8447646630694592] [-0.49479958129365553, -0.0036340843192575936, 0.04484332720652147, 0.8678417158605779] [0.6703921556472778, 1.8586539030075073, 1.7732367515563965] [-2.58155372434934, -3.949758340962773] 0.6852603554725647
motorcycle [300.807284947908, 691.3841205929021, -0.1586824412108807] [-0.8398429611606392, 0.017500157738146737, 0.041447256156838724, 0.5409618008927597] [0.7813824415206909, 2.19620680809021, 1.5531255006790161] [2.2055532555939825, -6.684261049315627] 0.2648986876010895
bicycle [265.77258339790916, 677.4643666423448, 0.5760748101646056] [-0.30358381119946476, 0.03545973275218693, -0.02769003280846926, -0.9517419498024746] [0.6869616508483887, 1.733060598373413, 1.1559131145477295] [0.0, 0.0] 0.2158375084400177
bicycle [321.33454984713387, 666.4445944816596, 1.5367751947925412] [-0.9786244131121952, 0.03130315366470935, 0.03231475103469336, 0.2006741824376523] [0.43348929286003113, 1.5750386714935303, 1.0347200632095337] [0.0034155212297247725, -0.004465404881193346] 0.20669184625148773
bicycle [266.6484910946881, 681.6863395225855, -0.25980272826919004] [-0.9908516001806029, 0.033622799619181604, 0.02989377710425673, 0.1272359063147948] [0.6497887969017029, 1.8127928972244263, 1.1478517055511475] [0.0, 0.0] 0.1850694715976715
bicycle [275.55770463989865, 666.4624846420145, 1.347779001632067] [-0.7871226706983608, 0.04489728527603799, -0.00289211663538727, -0.6151534529764817] [0.6453545689582825, 1.7008811235427856, 1.3052579164505005] [-0.010773001867312762, -0.008192366371942823] 0.15938535332679749
bicycle [330.2708862673369, 666.2661389565546, 0.6350556129928304] [-0.9702585624346128, 0.030047879596175407, 0.03348515336032325, 0.23785329818719522] [0.40155351161956787, 1.4245586395263672, 0.9928092360496521] [0.0, 0.0] 0.12813818454742432
motorcycle [335.94237843465316, 695.9508850634688, 2.16251984142182] [-0.5239842657521951, -0.002109204730064716, 0.04494087025411608, 0.8505388637095553] [0.6443503499031067, 2.2652251720428467, 1.3413145542144775] [0.0, 0.0] 0.12261064350605011
bicycle [309.93137629249674, 690.8289528165946, 0.07813726998882498] [-0.8386205753513275, 0.04497677447328734, 0.001104681750402097, -0.5428548609284226] [0.6382760405540466, 1.8051815032958984, 1.2420833110809326] [0.0, 0.0] 0.11093856394290924
bicycle [271.66421353882845, 674.3190848124117, 0.5945047124343392] [0.19017553509435775, -0.031977444995803135, 0.031647647232156254, 0.9807186830522722] [0.6397432684898376, 1.8245587348937988, 1.2273614406585693] [0.0, 0.0] 0.11042575538158417
bicycle [300.86020572216796, 660.5092767694854, 1.2094980899862808] [-0.9574889994791095, 0.028377228926925346, 0.03491222482483025, 0.28493979243465184] [0.5258116722106934, 1.609571933746338, 1.1562920808792114] [0.0, 0.0] 0.1098550334572792
bicycle [312.01155531257257, 656.8526761103756, 0.6366906690866669] [-0.9958707783124833, 0.03503818859846407, 0.0282215503388649, 0.07884961851206179] [0.4138106405735016, 1.3401141166687012, 0.9576109051704407] [0.003784014129696939, 0.0008462510912580363] 0.10428553819656372
pedestrian [306.04563377704164, 686.5430797534523, 0.2193099273533481] [-0.5079566084434699, -0.00295084580092664, 0.044893463587139006, 0.8602069247424227] [0.7077275514602661, 0.8286401033401489, 1.833817481994629] [-0.567543839463693, -1.196351678196751] 0.7801895141601562
traffic_cone [317.6023462758562, 672.1377664901634, 0.7115971651694237] [-0.2797630322209267, -0.013947372598716043, 0.04277383968482614, 0.9590143456897614] [0.4270290732383728, 0.4326401650905609, 1.3328096866607666] [-3.85882051902075e-05, -0.0001719488059008689] 0.7550973296165466
pedestrian [305.68255014707904, 686.9992718319755, 0.09493231007413305] [-0.4983521915970117, -0.00345026773125952, 0.04485784453552412, 0.8658065387640957] [0.6198616623878479, 0.7064597010612488, 1.727190375328064] [-0.5650202855169154, -1.0531633261765587] 0.6434355974197388
traffic_cone [318.74844033034316, 670.2053431426302, 0.2331333308480254] [-0.9757182558695158, 0.030847555721397565, 0.03274994457714234, 0.21435893869666067] [0.47116819024086, 1.058135986328125, 0.3935803174972534] [0.0, 0.0] 0.5889580249786377
traffic_cone [318.889672852433, 670.6655019779622, 0.2475737347661257] [-0.8336932872305707, 0.01703195865525476, 0.041641841315632463, 0.5503920168960426] [0.46336811780929565, 0.7649294137954712, 0.49082839488983154] [-5.197191451437458e-05, 0.00016127650179460532] 0.2774506211280823
traffic_cone [262.834196680504, 678.1843141909083, 0.22435733882177789] [-0.9853892129211901, 0.04082198461950672, 0.018912856355277986, -0.16426797769122947] [0.5287581086158752, 0.5277659296989441, 1.200881004333496] [0.0, 0.0] 0.2329733520746231
traffic_cone [266.2366686634645, 677.1732786242852, 0.4002752388411466] [-0.7585144871149123, 0.044720683949147355, -0.0049184337863893346, -0.6501012554002722] [0.4940861761569977, 0.4968854784965515, 1.1379108428955078] [0.0, 0.0] 0.23126472532749176
traffic_cone [265.77955573510854, 677.4574042137235, 0.5239038910334496] [-0.937803995765407, 0.0436221870514384, 0.011010693013609178, -0.34423761410201115] [0.5612421035766602, 0.5670022964477539, 1.1746675968170166] [0.00019840887013087766, -2.0379044717296244e-05] 0.22635671496391296
traffic_cone [319.3909145751067, 670.3541554510916, 0.27301552562543385] [-0.8437856459252219, 0.01780349575451407, 0.04131786662824718, 0.5347912239058945] [0.426436185836792, 0.6162216663360596, 0.5087311267852783] [0.0, 0.0] 0.21362026035785675
pedestrian [275.54016024773006, 666.4609460237511, 1.2166903395726818] [-0.9692158702150595, 0.04219603691014284, 0.015608492331691927, -0.24206706996093785] [0.6356282234191895, 0.6656689047813416, 1.7386634349822998] [0.1313381045351763, 0.09381055999269225] 0.18045619130134583
pedestrian [306.82487514660465, 686.8215884870763, 0.1725507037348808] [-0.45256943987855724, -0.00578254554184943, 0.04461717977244931, 0.8905934939826461] [0.6659605503082275, 0.7493717670440674, 1.7967755794525146] [-0.282676669519633, -0.7354404443385115] 0.17664861679077148
traffic_cone [357.39739780432706, 684.7316705439183, 2.096322457160425] [-0.9983342066529716, 0.03621486585276664, 0.026694831991543592, 0.03612037185288547] [0.3933452367782593, 0.3906267285346985, 1.3213239908218384] [-0.00013489827393181416, 0.002396404011930268] 0.1681651771068573
pedestrian [306.1360500626232, 687.0863614588559, 0.14029906121323887] [-0.5055961750107139, -0.003073924066851072, 0.044885204183804886, 0.8615964120461181] [0.7069295644760132, 0.8186233043670654, 1.8330457210540771] [-0.45085473649426444, -0.8876481915394886] 0.1644054651260376
traffic_cone [310.5144841607842, 695.3838261052327, 0.061799040037828545] [-0.9923818694277218, 0.03399827008037997, 0.02946605157350002, 0.11469130162025834] [0.39266881346702576, 0.39375561475753784, 1.2216521501541138] [-0.011943922363605015, -0.012560001186963664] 0.15845796465873718
traffic_cone [318.54775897266694, 671.0980666933056, 0.4541185113360608] [-0.03455912887483739, -0.024067378316413434, 0.03801173325126407, 0.9983894711221774] [0.42096561193466187, 0.568853497505188, 0.6731787323951721] [-0.000530999977604042, -0.00011656546867315423] 0.1480160653591156
traffic_cone [312.48858493679563, 697.7502790048989, -0.07996039439774738] [-0.3099329086192997, -0.01258853838899139, 0.04319327800734174, 0.9496933513461012] [0.40293559432029724, 0.4052952527999878, 1.355515480041504] [-0.0035203006701129474, -0.0004474462157543835] 0.1342824101448059
traffic_cone [318.9096904317445, 668.1520488472805, 0.6002123519922329] [-0.9975716993823766, 0.035753665896402644, 0.027309447793008132, 0.05316553420747078] [0.3761645555496216, 0.38113850355148315, 0.9894592761993408] [-0.0006070529281224888, -0.0007801497426222985] 0.13420724868774414
traffic_cone [268.90619860240207, 675.8047981844804, 0.43590054625534036] [-0.8237647900157228, 0.04499022389783982, -0.00010157466645153816, -0.5651437340770584] [0.4297352433204651, 0.42840224504470825, 1.2760899066925049] [0.0, 0.0] 0.12981301546096802
traffic_cone [265.42514865325836, 677.652591092403, 0.5897299057489158] [-0.9765753176955647, 0.041666125840315024, 0.016972463617567553, -0.21041986195227708] [0.5487081408500671, 0.5614546537399292, 1.2271361351013184] [0.00028340658560388417, -0.00018847017681954036] 0.1271778643131256
traffic_cone [300.6336377059487, 660.715066432889, 1.1960519872268156] [-0.9465049142844929, 0.04331858701622962, 0.01215033261717407, -0.31953766080309454] [0.4318261444568634, 0.4467291831970215, 1.2597122192382812] [-0.0004387687102837678, 0.0009936488098051027] 0.12581314146518707
pedestrian [340.96133214042715, 703.3751175467343, 1.6435449030289613] [-0.4253415027955149, -0.007133518767489536, 0.0444212052266088, 0.9039139756834507] [0.6995062828063965, 0.6567009687423706, 1.9009779691696167] [-0.0019423173003256203, -0.0020228404965167723] 0.1171317771077156
traffic_cone [258.9520145189387, 679.6565289297396, -0.13906333559827455] [-0.8309683204824468, 0.04498780640397131, 0.000477324574497332, -0.5544975381287007] [0.48343271017074585, 0.49707359075546265, 1.2957144975662231] [0.0, 0.0] 0.11446347832679749
traffic_cone [317.90355574104484, 671.9305431080645, 0.7006465337925173] [-0.28756355914356374, -0.013598578208825044, 0.042886002780500435, 0.9567042745221194] [0.4687938988208771, 0.4952368140220642, 1.2258944511413574] [-0.0009640655278688949, 0.000384861036178692] 0.11214195936918259
traffic_cone [266.7251608813546, 681.6967894484048, -0.01322662630915139] [-0.6158036542257087, 0.0029292149478459028, 0.044894880148853705, 0.7866140914568417] [0.5441941022872925, 0.564424991607666, 1.165287971496582] [-0.005166053666334496, -0.0010742237641952967] 0.10915392637252808
traffic_cone [320.73337229668965, 655.6852471291442, 1.0498777145242786] [-0.8982809593188835, 0.044510594975692715, 0.006552671111879581, -0.4371123283108759] [0.3816191554069519, 0.38119861483573914, 1.161603569984436] [0.00013896116894393813, 8.407865232676967e-05] 0.10561947524547577
traffic_cone [343.60586854991124, 629.7530008134274, 2.1011777834487173] [-0.6215522675074856, 0.04297792086828879, -0.013305220089488532, -0.7820796942719531] [0.5155156254768372, 0.5328104496002197, 1.3997465372085571] [-0.008791085436201726, 0.006572881285345156] 0.10426270961761475
