car [313.79354862528606, 667.2515093448058, 1.022944905078362] [0.2050081616948613, -0.03246764376870572, 0.031162868578078613, 0.9777251052154629] [2.0595223903656006, 4.873090744018555, 1.7905442714691162] [0.0, 0.0] 0.8942739963531494
car [282.85766808433084, 668.7369136763107, 0.8497676104593481] [-0.4310836187759655, -0.006860336605381325, 0.044477050841608634, 0.9011890153309194] [1.8172919750213623, 4.338292121887207, 1.5980370044708252] [-4.770833610831147, -5.818408399455252] 0.7998373508453369
car [330.74775237962376, 642.0363768738046, 1.6174601967906563] [-0.308220695901246, 0.035609098640825315, -0.027518436799610312, -0.9502498252292635] [1.9149378538131714, 4.2273054122924805, 1.5971590280532837] [0.0, 0.0] 0.627368688583374
car [307.04263505232706, 699.0613108124087, -0.11205886773531559] [-0.42073228040327204, -0.0073693679030970086, 0.04439554804949454, 0.9060679201675538] [1.945573329925537, 4.550359725952148, 1.6923625469207764] [-3.3124770093433638, -3.9366396284179093] 0.5216049551963806
car [349.4614232077625, 635.28329853002, 2.1283853941625384] [-0.4235735045018004, -0.007230015716520624, 0.04441845497813987, 0.9047431757212415] [1.892287015914917, 4.4078145027160645, 1.6292372941970825] [0.0, 0.0] 0.4242531359195709
car [297.8242940844112, 688.2413433886304, 0.3109423579705388] [-0.42787755135199773, -0.007018390282960699, 0.04445238427511192, 0.9027156411512502] [2.064260959625244, 5.314908504486084, 2.033705234527588] [-4.064011295211394, -4.610258587292152] 0.3562857508659363
car [347.47324940851877, 647.2004463234923, 1.733220383078947] [0.21657895748711034, -0.03283461719019135, 0.030775967635149417, 0.9752272980715266] [1.9077180624008179, 4.429230690002441, 1.6353965997695923] [0.0, 0.0] 0.33645305037498474
car [314.13096278454105, 704.1496261320033, -0.2183435026005458] [-0.858390978659276, 0.044915874503147116, 0.002799372701823161, -0.5110182535746293] [2.0090866088867188, 4.767213821411133, 1.7504467964172363] [5.19901965577581, 8.879668824889123] 0.20563988387584686
car [348.72545134927276, 648.4745379232942, 1.6859292467437912] [0.05785237957894954, -0.02749102627887907, 0.03563026443966076, 0.9973102977043539] [1.9802478551864624, 4.640183925628662, 1.715038776397705] [0.0, 0.0] 0.12291445583105087
car [332.9017048505711, 639.7750370841093, 1.728485774825396] [-0.3005878896085615, 0.03538720040333977, -0.027803206964665848, -0.9526917908488375] [1.99324631690979, 4.649594783782959, 1.7086460590362549] [-0.003708435286031887, -0.0006815750722323696] 0.11530144512653351
car [348.906652354129, 665.3129921194555, 3.2157800744991816] [-0.8737394029685115, 0.04480820342558907, 0.004182962547908165, -0.4843079427702204] [1.950751543045044, 4.465696811676025, 1.7103955745697021] [0.0, 0.0] 0.11079123616218567
car [346.128583689754, 632.4401898594006, 2.329317646124083] [0.011264707977473282, -0.025798938871754773, 0.03687393419473483, 0.9989233374410051] [1.9400614500045776, 4.544379234313965, 1.6829503774642944] [0.0, 0.0] 0.11042538285255432
truck [306.08110829206294, 666.4820010441415, 1.309198888875143] [0.17587674440760806, -0.031527700647252146, 0.032113491896762505, 0.9833829866876258] [2.625929355621338, 8.453351020812988, 2.9315624237060547] [0.0, 0.0] 0.7939881086349487
construction_vehicle [320.9724816983415, 668.5004169372042, 1.1789400471932203] [-0.9685514549430898, 0.029812901915745576, 0.033711469105755495, 0.24470963785212443] [2.4189867973327637, 4.407602787017822, 2.3643505573272705] [0.0, 0.0] 0.6908515095710754
truck [298.04226917250037, 688.542382936673, 0.3031936629533598] [-0.4230958689253618, -0.007253461377581469, 0.04441463236310876, 0.9049666366382726] [2.1322481632232666, 5.898096084594727, 2.023970603942871] [-3.4187127174098713, -4.13209887334359] 0.4624215066432953
truck [314.1468177294633, 704.1922174146331, -0.21314849240460432] [-0.8636816726015535, 0.04488418530191511, 0.0032683603977410273, -0.5020245971486625] [2.1493024826049805, 5.356464385986328, 2.0130069255828857] [4.985977803489074, 8.386564281237634] 0.12417702376842499
construction_vehicle [276.72888375332485, 672.4885301599905, 1.0497591249545064] [0.2018018331626479, -0.03236530964348243, 0.03126913816509304, 0.9783919193565986] [1.7495644092559814, 3.395331382751465, 2.2708022594451904] [-0.019954235478229772, 0.011607787093023255] 0.11370356380939484
construction_vehicle [265.4482041980694, 682.290893023922, 0.7597299139074425] [-0.9874658660871264, 0.03289029007832299, 0.030716462824842687, 0.15128083501519837] [2.186156988143921, 4.7892680168151855, 2.669731378555298] [0.0, 0.0] 0.10797420144081116
truck [306.99428940840505, 699.0710848743192, -0.021514937707954207] [-0.41906084091211215, -0.007451217579936614, 0.04438188398978368, 0.9068421799542231] [1.9701465368270874, 4.909173488616943, 1.8046777248382568] [-3.3599514598313402, -4.236635174453945] 0.10340265184640884
bus [306.1281013508273, 666.4308033087016, 1.1003800457902027] [0.17348945875870672, -0.031449665169178985, 0.032189918152314465, 0.9838069604499172] [2.82533597946167, 8.496722221374512, 3.374342441558838] [0.0, 0.0] 0.1557752937078476
barrier [307.52798693689385, 691.2524438445846, -0.4466331767232764] [-0.3034645972114041, 0.03547103233463491, -0.02769617545838159, -0.9517793683251462] [2.9866085052490234, 0.5978977680206299, 0.9257105588912964] [0.0, 0.0] 0.6517041921615601
barrier [308.9357512937361, 693.384416766321, -0.4902671325652408] [-0.3062242751032526, 0.03555122512188827, -0.02759316332425469, -0.9508950631208375] [2.8992056846618652, 0.5695557594299316, 0.9062207341194153] [0.0, 0.0] 0.5766016244888306
barrier [305.9636522802233, 688.805833457078, -0.34189740590875817] [-0.23617029516957178, 0.033447605063497685, -0.030108636392610973, -0.9706690061033222] [2.7167508602142334, 0.5835831165313721, 0.8990896940231323] [0.0, 0.0] 0.5368770956993103
barrier [312.02403311922694, 696.9816677872112, -0.7344916127322914] [-0.3275351848580719, 0.036162880911251714, -0.0267865323269885, -0.943766618613989] [2.914350986480713, 0.5618933439254761, 0.8748589754104614] [0.0, 0.0] 0.31277352571487427
barrier [310.401449024738, 695.1731647066209, -0.611537196715504] [-0.3243132576743118, 0.0360712779259215, -0.026909759915263134, -0.9448786369829564] [2.2370972633361816, 0.5547406673431396, 0.9744399785995483] [0.0, 0.0] 0.2611335515975952
barrier [313.01742140004296, 697.9825290150266, -0.7132979321906714] [-0.2924561516230592, 0.035148918109623506, -0.028103840051301794, -0.9552194130711144] [2.8028745651245117, 0.5756916403770447, 0.9075380563735962] [0.0, 0.0] 0.22853171825408936
barrier [264.27995000169796, 677.2749584569265, 0.18975075882043868] [-0.806325944821375, 0.04497957726959868, -0.0014525489851896058, -0.5897568977451736] [3.2148406505584717, 0.49513426423072815, 0.908439040184021] [0.0, 0.0] 0.20128992199897766
barrier [312.6300344064901, 698.1825403221698, -0.7022584382140893] [-0.2863531251257748, 0.03496881812574664, -0.028327619539852397, -0.9570666724219355] [2.6551058292388916, 0.535291314125061, 0.8899818658828735] [0.0, 0.0] 0.18164752423763275
barrier [304.78086391291566, 685.1935447011455, -0.35519160779426073] [0.20889034362192765, -0.03259117530022601, 0.031033652096653274, 0.976903041284859] [2.5009613037109375, 0.5312674641609192, 0.9203953742980957] [0.0, 0.0] 0.17530080676078796
barrier [312.1601120168814, 696.551441019701, -0.7141602686569523] [-0.33010831966482446, 0.03623581316611346, -0.02668778960679756, -0.9428696755215749] [3.0910353660583496, 0.5653759241104126, 0.9036430716514587] [0.0, 0.0] 0.15633100271224976
barrier [271.8854841439058, 685.5390689169076, -0.0510663943738936] [-0.6056823339919684, 0.0023471476745915666, 0.044941775306498885, 0.794432903409807] [1.9680973291397095, 0.4612956941127777, 1.0064668655395508] [0.0, 0.0] 0.14405596256256104
barrier [304.8377911718118, 686.7225391674612, -0.2966993538994144] [0.09245490112361293, -0.02871190999985214, 0.03465398236951368, 0.994699361107826] [2.328962802886963, 0.5324739217758179, 0.9764180183410645] [0.0, 0.0] 0.1358228325843811
barrier [336.5685146944565, 704.5224672921586, 0.8383025209156734] [-0.5480226642975865, -0.0008349035992858515, 0.044995279817843924, 0.8352519902079065] [2.1646604537963867, 0.49975383281707764, 1.126865029335022] [0.0, 0.0] 0.12945808470249176
barrier [305.1062967005059, 685.1486922265135, -0.3962817128597867] [-0.2508642541988001, -0.015235987878226503, 0.04234544772795193, 0.9669756220791577] [2.707670211791992, 0.538167417049408, 0.9122481346130371] [0.0, 0.0] 0.12919306755065918
barrier [311.3305167179611, 696.7849873737371, -0.6203465560473788] [-0.33286595633508076, 0.03631375253639043, -0.026581641157610487, -0.9418996670788383] [3.1542341709136963, 0.5583393573760986, 0.8963691592216492] [0.0, 0.0] 0.12429838627576828
barrier [313.5169377871329, 697.7391918430219, -0.6607448547356064] [-0.3249180589119144, 0.03608849692114567, -0.026886663234373907, -0.9446708330011083] [2.9286086559295654, 0.5784159302711487, 0.9102624654769897] [0.0, 0.0] 0.11230090260505676
barrier [266.04148599965407, 681.8924473377781, 0.018604338304429424] [-0.6193721791827536, 0.003126396894191653, 0.044894297102930164, 0.7838066288214851] [2.310838222503662, 0.6033416986465454, 0.9821510314941406] [0.0, 0.0] 0.10784106701612473
bicycle [277.6623146611682, 666.6328411791802, 1.1062614593614413] [-0.4450551030199027, -0.006167384740904129, 0.04457842118518597, 0.8943716693892074] [0.6229174733161926, 1.7183786630630493, 1.6616098880767822] [-2.339417799294192, -3.1075997837827694] 0.5869537591934204
bicycle [266.6110815884038, 681.7408448673657, -0.29808635791739246] [-0.9895886540383657, 0.03333951877372447, 0.030228277454109876, 0.13670780346648043] [0.6803224086761475, 1.7379498481750488, 1.1194729804992676] [0.0, 0.0] 0.22334134578704834
bicycle [302.5143345967943, 687.6736353882143, 0.16439843690127987] [-0.985084762293964, 0.0324256933675864, 0.03120651661972924, 0.1660805191054568] [0.5357346534729004, 1.6688612699508667, 1.1711845397949219] [0.0023141078979930932, -0.0002511121760610812] 0.22110819816589355
bicycle [321.3151280208192, 666.4694473004635, 1.5007668065826638] [-0.9786288096043021, 0.031307218078330194, 0.032328476086912125, 0.20064989594455526] [0.4293254315853119, 1.533518671989441, 1.052966594696045] [0.0023905175722753456, -0.007065032911127629] 0.2189931422472
bicycle [312.01879675243276, 656.8551016244135, 0.655376126306484] [-0.9951908351811507, 0.03481072361509739, 0.028521672308956136, 0.08700534064951443] [0.40988481044769287, 1.3439745903015137, 0.9986868500709534] [0.0020216438830669213, 0.00099145958467426] 0.1353253573179245
motorcycle [335.93774603485366, 695.9208343698607, 2.217465374076446] [-0.5569145660354864, -0.0003541617461328486, 0.045001631518909964, 0.8293496812970991] [0.6948497295379639, 2.1763389110565186, 1.359640121459961] [0.0, 0.0] 0.1144886165857315
bicycle [306.43367286883154, 683.8492108880002, 0.5791926822104336] [-0.8137651838124454, 0.044994418933720595, -0.0008800765438413726, -0.5794488358300421] [0.5419276356697083, 1.6939054727554321, 1.1234357357025146] [-0.0035044135750698403, 0.0022866507394736363] 0.1123466044664383
bicycle [312.43690588375404, 656.6399778495831, 0.7202581921166655] [-0.8439169501017016, 0.0449761513682733, 0.0015550170431033886, -0.534582930012862] [0.5187923908233643, 1.5307735204696655, 1.0528004169464111] [-0.004924627988174059, 0.0021808646578941283] 0.1091882511973381
bicycle [305.4896939756438, 685.7445852629855, -0.08833154662284881] [-0.2795736707614266, 0.034767494004853954, -0.028574352670333904, -0.9590689705892248] [0.5760316252708435, 1.7288013696670532, 1.1642504930496216] [0.0, 0.0] 0.10911992192268372
bicycle [343.91938655507937, 629.5214976007419, 1.90258380591852] [-0.9939067657493901, 0.03441708486108008, 0.028995457223009703, 0.10061843135171891] [0.6169303059577942, 1.661314606666565, 1.3467345237731934] [0.01842556715919644, -0.014070481944132253] 0.10826536267995834
bicycle [300.85722645301513, 660.5017933733111, 1.2144069280044973] [-0.9483214292971249, 0.02729722674641828, 0.03577895585202007, 0.31410379568854646] [0.5431410074234009, 1.60920250415802, 1.1599631309509277] [0.0, 0.0] 0.10753753781318665
motorcycle [271.8178312010525, 685.5609751447506, -0.15446449874908885] [0.13549314388327793, -0.03018733593444392, 0.03337659388085017, 0.9897556949524056] [0.6554741859436035, 1.8626923561096191, 1.206931471824646] [0.0, 0.0] 0.10233531147241592
bicycle [325.11136825293687, 652.3987136484469, 1.394578782231496] [-0.9397677875301733, 0.04356848316509188, 0.011272069224382862, -0.33883806346208684] [0.5629515647888184, 1.6605727672576904, 1.1292450428009033] [0.0, 0.0] 0.10089259594678879
traffic_cone [317.609972373843, 672.1384192952758, 0.6984242317833328] [-0.2585612516709842, -0.014898091309413115, 0.042465505357202143, 0.9649460124092062] [0.42434707283973694, 0.4245746433734894, 1.3226782083511353] [2.2923117736196693e-06, -6.140071824217425e-05] 0.7412804961204529
traffic_cone [318.73461603922556, 670.1902801449431, 0.23509687442960858] [-0.9756741265592275, 0.03084396091027528, 0.03277075442023855, 0.21455704717622867] [0.48089420795440674, 1.106297254562378, 0.38285815715789795] [0.0, 0.0] 0.585715115070343
traffic_cone [318.90241604176543, 670.7183053967992, 0.25286267071974394] [-0.7775696579371655, 0.01299071503381407, 0.04308727878175194, 0.6271843068712526] [0.44367194175720215, 0.7282733917236328, 0.4849972426891327] [-3.6441631026093675e-05, 0.00011308216437161987] 0.35227760672569275
traffic_cone [266.22902079097946, 677.2460505719497, 0.44361936046741424] [-0.6205331903131729, 0.04297497498521325, -0.013357537008238812, -0.7828877872657418] [0.4891165494918823, 0.4959869086742401, 1.2008394002914429] [0.0, 0.0] 0.29522988200187683
traffic_cone [319.38986244324025, 670.3766662521842, 0.279893668551939] [-0.8386251704233216, 0.017404777723532418, 0.04150115639714878, 0.5428467106491008] [0.42017775774002075, 0.601348876953125, 0.5079012513160706] [0.0, 0.0] 0.24318630993366241
traffic_cone [265.84473079749614, 677.3417404526579, 0.49530311417984985] [-0.9374197145294896, 0.04364483304723085, 0.010972730662215298, -0.34528105442022755] [0.4972187578678131, 0.49366599321365356, 1.2503701448440552] [0.0, 0.0] 0.23802389204502106
pedestrian [277.6949397502125, 666.6662720633285, 1.1765130140971656] [-0.4237827295276735, -0.007219743043893096, 0.044420125847259045, 0.9046451933681894] [0.700968325138092, 0.8632370233535767, 1.820784330368042] [-1.3188209974508927, -1.5489266383711795] 0.2235858142375946
pedestrian [340.96641607389535, 703.3844500081434, 1.6527735059960773] [-0.5464010357740705, -0.0009222040825008077, 0.04499357520287083, 0.8363137185501126] [0.662513017654419, 0.643843948841095, 1.8445607423782349] [-0.0012644571499903317, -0.003294242243110561] 0.22014163434505463
traffic_cone [362.60656652397927, 682.8265677940782, 2.354123044768092] [-0.29144209257526577, -0.013435664901147067, 0.04295061325022331, 0.9555292954197921] [0.4597229063510895, 0.4516497850418091, 1.3087905645370483] [-0.04096500698413405, -0.018497561640368896] 0.16907793283462524
traffic_cone [262.77324890465326, 678.0983464692218, 0.3224054112289345] [-0.9727383607915643, 0.04196612093337679, 0.016251675720102488, -0.22749683332880627] [0.49116790294647217, 0.49020668864250183, 1.2101917266845703] [-1.3997480739747822e-05, -7.391112513470597e-05] 0.162047877907753
traffic_cone [318.5903868104415, 671.0922202885515, 0.42686612522685285] [-0.0712930066206644, -0.022664673179805736, 0.03887910569391699, 0.9964396795276069] [0.4220864474773407, 0.601082444190979, 0.6258739233016968] [-0.00032428073249157627, -7.699374213291301e-05] 0.15974459052085876
traffic_cone [300.64905708160427, 660.6975462355259, 1.1985598884680968] [-0.9602226243919532, 0.04272232773800952, 0.01414478640886022, -0.2755852669064952] [0.4252545237541199, 0.43426117300987244, 1.2522737979888916] [-0.00022655674169898903, 0.00012957784737036655] 0.15382950007915497
traffic_cone [318.86223012757944, 668.1378864609572, 0.6136614445397575] [-0.9963969978602141, 0.03523970677725761, 0.027989914900890256, 0.07188706688442995] [0.3798412084579468, 0.37826472520828247, 1.0201841592788696] [-0.00031479801066291524, -0.0004942347154560775] 0.14758475124835968
traffic_cone [262.6283678713111, 677.7639026453404, 0.3542098807271624] [-0.9926087982728767, 0.039788770324841044, 0.021026793049422034, -0.11270537396845617] [0.44453853368759155, 0.4292071759700775, 1.2674165964126587] [9.30770494711564e-06, -0.00021016458027272913] 0.1301298439502716
traffic_cone [305.06479521863236, 685.9682056133477, -0.20871624193398775] [-0.20378930126176195, -0.017266773047734236, 0.04155876343714057, 0.9779798813990688] [0.4525894522666931, 0.4813959002494812, 1.1644076108932495] [-0.0016414247068792258, -0.004006083982708205] 0.12731079757213593
traffic_cone [296.24375306942153, 690.2810576389165, -0.14531039971955217] [-0.7215934416466768, 0.009290747331146097, 0.04403355861084789, 0.6908528299881229] [0.37007057666778564, 0.3579653799533844, 0.8592466115951538] [0.0027786899272833477, -0.0048082804857792465] 0.12703631818294525
traffic_cone [317.92032066621675, 671.9185967768477, 0.6808239104823692] [-0.267946834349827, -0.014483802769093414, 0.04260858748248029, 0.9623820559902394] [0.4645124077796936, 0.48473602533340454, 1.1914124488830566] [-0.00035423947766894054, -3.310779255487591e-05] 0.12682107090950012
traffic_cone [266.7366664358587, 681.7166844566738, 0.013734180044113531] [-0.905167210818009, 0.022933600030509198, 0.03872108288189784, 0.4226665922332167] [0.5563144087791443, 0.5754687786102295, 1.1936936378479004] [0.010465097081339022, -0.0027409376111232897] 0.12471483647823334
pedestrian [347.5481138349945, 663.8935968791404, 3.2465657609681693] [-0.7418861808876641, 0.010600507697230015, 0.04373672948983659, 0.6690139178955921] [0.47454315423965454, 0.4750825762748718, 1.4487857818603516] [-0.0006499898523403606, -0.00026285908653731567] 0.12003745883703232
traffic_cone [319.78304381669807, 649.7703816049301, 0.9908483996435015] [-0.8658174756662578, 0.044869819996056826, 0.0034599889346113976, -0.4983320444854045] [0.4141594171524048, 0.4022413492202759, 0.8994722366333008] [-7.837295167783502e-05, 8.890452402250101e-05] 0.1117057129740715
traffic_cone [347.8700270122447, 634.8158000905557, 1.902401822933706] [-0.3831063504043168, 0.03769253922718862, -0.024587491871132797, -0.922607311920938] [0.37949323654174805, 0.3926841616630554, 1.1382449865341187] [-0.00028206235922942526, -0.0029383198681562036] 0.11095921695232391
traffic_cone [340.929239400654, 638.1990083202884, 2.1666820489556713] [-0.6163979269852495, 0.042903969690632836, -0.013583874804025287, -0.7861477744917815] [0.4463156461715698, 0.4324723780155182, 1.3526883125305176] [0.0, 0.0] 0.10782456398010254
pedestrian [343.62651235041795, 629.788397565287, 2.163435630728786] [-0.6377981878576064, 0.043261530972648496, -0.012398072745743543, -0.7688876376270121] [0.561672031879425, 0.5869459509849548, 1.5776009559631348] [-0.06792721332064619, 0.07963093008984992] 0.10460462421178818
pedestrian [277.0821461634367, 686.6525464903716, 0.8251602768886797] [-0.942156700507629, 0.026609704779368984, 0.03629319332135161, 0.3321377416354123] [0.5406721830368042, 0.5525968074798584, 1.5523713827133179] [0.02225036043940653, -0.006549449390671076] 0.10120442509651184
pedestrian [275.6517418145183, 666.4606422569201, 1.0464819846248563] [-0.9666077017461051, 0.02954829819599485, 0.03394363480281306, 0.25227817712835787] [0.5741875171661377, 0.5771496295928955, 1.6005500555038452] [0.004530207715155303, -0.004874625496607133] 0.10067998617887497
