car [313.77957922176006, 667.2345843394364, 1.0187053988587496] [0.20300089036545282, -0.03240924992935677, 0.031167465145486024, 0.9781456272694036] [2.0424938201904297, 4.870580673217773, 1.7883689403533936] [0.0, 0.0] 0.8880449533462524
car [330.75065533118834, 642.0378684341619, 1.613599085865855] [-0.3127359526826675, 0.03573811443409043, -0.027286581707397055, -0.948775238681473] [1.9157919883728027, 4.209580421447754, 1.5900360345840454] [0.0, 0.0] 0.6686819195747375
car [286.21467711291274, 667.0861943465592, 1.1519306954422301] [-0.9247596575688625, 0.04395393272899202, 0.0094774554725328, -0.37788596873731906] [1.927484154701233, 4.532471179962158, 1.7751681804656982] [5.844767156822019, 5.583031159798183] 0.6574549674987793
car [307.6563733100933, 695.2631030808108, -0.1343957739812418] [-0.8890892775087899, 0.04460298904727969, 0.005687155055636087, -0.45552001740244114] [1.8691606521606445, 4.437306880950928, 1.6299744844436646] [4.669624394268312, 5.983316032257846] 0.5101725459098816
car [349.45572633294205, 635.3009849647643, 2.1662799329111233] [-0.4213354362273548, -0.007381397854733211, 0.04435409034450755, 0.9057895339506451] [1.9069435596466064, 4.42281436920166, 1.6559360027313232] [0.0, 0.0] 0.4960635304450989
car [295.52952710544037, 685.4539319790662, 0.4960695408177268] [-0.4279200754168295, -0.007058222980596791, 0.04440666451034995, 0.9026974236645836] [2.182736396789551, 5.280717372894287, 2.006793737411499] [-5.86250497088648, -7.107117144379617] 0.432142049074173
car [347.9551020788857, 646.9196506940398, 1.7031805028607987] [-0.23711548779372757, 0.03348037435774864, -0.030013911731788728, -0.970440351120956] [1.937403917312622, 4.527339935302734, 1.6920535564422607] [0.0, 0.0] 0.33062878251075745
car [279.41441440395477, 664.5298597373868, 1.3314068087757431] [-0.42398353044656856, -0.0072516078881183065, 0.04437549489995102, 0.9045530363364469] [1.9984608888626099, 4.738358974456787, 1.7355129718780518] [-6.742853090297579, -8.656674524392633] 0.22966624796390533
car [304.9266819061936, 696.6682537524355, 0.06880033797905338] [-0.446355634776348, -0.006145396939015519, 0.04454216497927034, 0.893725280463088] [1.977898359298706, 4.64141845703125, 1.820814847946167] [-4.29558687567235, -5.51497521492619] 0.20795966684818268
car [346.8195049503724, 632.6959569469403, 2.400535292259641] [-0.9530019220925182, 0.02777731967692086, 0.03535803835261146, 0.29960902209944834] [1.941023349761963, 4.544846057891846, 1.6898154020309448] [0.0, 0.0] 0.11226266622543335
car [265.2259159856187, 682.9721303556665, 0.3767797253322316] [-0.9814084026299678, 0.03170590237967755, 0.031882693093102335, 0.18658986275443015] [1.9184277057647705, 4.458333969116211, 1.7116358280181885] [0.0, 0.0] 0.10950443148612976
car [336.9069014918363, 665.2039652737595, 1.1620538152286102] [-0.9480374408338604, 0.02720249354061604, 0.03580216068551367, 0.314965459078621] [1.9272202253341675, 4.597771167755127, 1.652979850769043] [0.0, 0.0] 0.10483557730913162
car [348.7263021097406, 648.4480472717789, 1.7186245848529] [0.015631884954636577, -0.025977098550063547, 0.03670096341377001, 0.9988662942597407] [1.9933220148086548, 4.694653034210205, 1.7282354831695557] [0.0, 0.0] 0.10215942561626434
car [305.586158755548, 692.3477103937732, 0.06252635172497234] [-0.37959053145670024, -0.009396390763583552, 0.04397133390285812, 0.9240612847987095] [1.8425872325897217, 4.365462303161621, 1.6301287412643433] [-0.726106715379825, -1.6818825478394457] 0.10162977129220963
truck [306.0923889293542, 666.464493020646, 1.2899335048653668] [0.176302671462499, -0.03154893202635546, 0.03203802822545422, 0.9833084956770219] [2.6269500255584717, 8.466806411743164, 2.9477274417877197] [0.0, 0.0] 0.7631791830062866
construction_vehicle [320.64800734439416, 668.5283204997469, 1.1712506817242647] [-0.9673544907434481, 0.02958680228265901, 0.03385840361365908, 0.2494063328664812] [2.6363797187805176, 4.523446559906006, 2.3305373191833496] [0.0, 0.0] 0.6197768449783325
truck [295.84916301219164, 685.6527187793957, 0.4243568505297284] [-0.43332212456816877, -0.00679197359764898, 0.04444816598272011, 0.9001167513134896] [2.0410890579223633, 5.742240905761719, 1.966604471206665] [-4.9822650652262945, -6.163851150523552] 0.4517200291156769
construction_vehicle [271.40276364701793, 673.9320525370259, 1.5327554704705917] [-0.91792663355658, 0.024069748970048974, 0.03797917256994186, 0.3941940195422885] [1.4802911281585693, 2.4616801738739014, 2.1440610885620117] [0.0, 0.0] 0.17950314283370972
truck [285.9461958739466, 666.6351035133474, 1.1923050464079903] [-0.9181707199873023, 0.044109390331228196, 0.008725368140425401, -0.3936251498487118] [2.0357210636138916, 5.503762245178223, 2.0129141807556152] [5.165715650608103, 5.177365601752622] 0.12749971449375153
truck [279.41047886252073, 664.5243068876614, 1.2486441988412644] [-0.4285791796137334, -0.007025791975274404, 0.0444118071203905, 0.9023846831795415] [2.160649299621582, 5.464657783508301, 1.9962666034698486] [-6.637639651211886, -8.548433385647417] 0.12528125941753387
truck [304.63294896671573, 696.1521453872346, 0.020241742693038134] [-0.4542127115929114, -0.005752707907384315, 0.04459458169229661, 0.8897578559714078] [2.1271777153015137, 5.466217041015625, 1.94129478931427] [-4.0662811219904444, -5.820972480634444] 0.12038471549749374
bus [306.1407155127786, 666.4144618296536, 1.08289106615649] [0.17477696524452963, -0.03149919061334668, 0.03208693433911458, 0.9835808263967606] [2.8378961086273193, 8.53677749633789, 3.370117425918579] [0.0, 0.0] 0.19050566852092743
barrier [305.9594927254329, 688.8324536823992, -0.2984201963520121] [0.2252587924037812, -0.03311172304950309, 0.030420127568299305, 0.9732608622975714] [2.540102481842041, 0.5877333879470825, 0.9348329305648804] [0.0, 0.0] 0.586056649684906
barrier [307.5374262833678, 691.2584756341674, -0.4228942887915076] [-0.3080427958128464, 0.03560281354478288, -0.027462884631335116, -0.9503093525706388] [2.9807991981506348, 0.5583691596984863, 0.8980370163917542] [0.0, 0.0] 0.5298927426338196
barrier [308.8577466683645, 693.3297703575818, -0.4506088420633403] [-0.31330310741506373, 0.035754420908915514, -0.027265211351586903, -0.9485881047743995] [2.9483985900878906, 0.5800095200538635, 0.9128245115280151] [0.0, 0.0] 0.5283846855163574
barrier [312.04824099216455, 697.0057799383046, -0.5648584205816074] [-0.3126890146287909, 0.03573676447253896, -0.02728834970482596, -0.9487907091481753] [2.6082122325897217, 0.6305895447731018, 0.9561067223548889] [0.0, 0.0] 0.3575858771800995
barrier [313.1698555277715, 698.3964225515515, -0.5466917541893711] [-0.24603150934799234, 0.03375502422831085, -0.029704691614705347, -0.9682183256081093] [2.845752000808716, 0.6394401788711548, 0.9302883148193359] [0.0, 0.0] 0.29667171835899353
barrier [310.3991693518092, 695.2059130756799, -0.48925841195817565] [-0.31822871227262217, 0.035895636038252826, -0.027079026533239396, -0.9469470504314011] [2.2274084091186523, 0.5733341574668884, 1.0186349153518677] [0.0, 0.0] 0.2824074327945709
barrier [263.8883285448937, 677.479514888145, 0.2279085893581808] [-0.8241528912492768, 0.04496409853410728, -1.4408111935081472e-05, -0.5645797033908317] [3.0907411575317383, 0.49673351645469666, 0.9053769707679749] [0.0, 0.0] 0.11717090010643005
barrier [274.8321254670439, 671.5179144004165, 0.864602420875876] [-0.8525222614949277, 0.044903450643315496, 0.002334627358258341, -0.5207533228804172] [2.259127378463745, 0.41775211691856384, 1.0260307788848877] [0.0, 0.0] 0.1157359927892685
bicycle [265.77533388602393, 677.537103473994, 0.7470962661124372] [-0.266949935557664, 0.0343906452762599, -0.028966426808653162, -0.9626608756676367] [0.6347978115081787, 1.7449307441711426, 1.2318929433822632] [-0.2142830680333058, 0.11403330222458999] 0.24472032487392426
bicycle [266.6510553214428, 681.7166206291362, -0.3281204463572779] [-0.9796161650095963, 0.03140563697781482, 0.03217850727731647, 0.19578150803207436] [0.6300594806671143, 1.7734743356704712, 1.1126774549484253] [0.0, 0.0] 0.20963703095912933
bicycle [321.3160836831769, 666.4673115800302, 1.5676214057980797] [-0.9779844258466819, 0.031141768472572395, 0.03243394242116265, 0.20377608406473463] [0.4132646918296814, 1.5759222507476807, 1.0126537084579468] [0.002392458680984467, -0.005750350113921961] 0.18433383107185364
bicycle [305.1436883101264, 685.1618798562932, -0.040836092925312095] [-0.5196941186389515, 0.040993809446985635, -0.01847370974121955, -0.8531683612790065] [0.5773940086364746, 1.6605956554412842, 1.118454933166504] [0.0, 0.0] 0.15745285153388977
motorcycle [332.22337238839, 676.1993839137091, 1.187027577157508] [-0.5337336855819111, -0.001647452225629704, 0.04493390997612901, 0.8444563828348812] [0.7903319001197815, 2.398622512817383, 1.3654446601867676] [0.0, 0.0] 0.1329791247844696
motorcycle [332.19486422467736, 677.0730019883478, 1.1718583078825382] [0.07598658224691357, -0.02814822951962346, 0.035063478713459065, 0.9960945080432152] [0.6958879232406616, 1.978036642074585, 1.2921476364135742] [0.0, 0.0] 0.1099729835987091
bicycle [312.01322992681025, 656.8540451157675, 0.6448189861970786] [-0.99518749928984, 0.03474815485338693, 0.028536574757031384, 0.08706360257108958] [0.4153064787387848, 1.3384203910827637, 0.9703406691551208] [0.002961898034134985, 0.001331210831281969] 0.10218790173530579
traffic_cone [317.6162059160735, 672.1374233067606, 0.7116585787598062] [-0.19019316501692674, -0.017871184356517224, 0.04126004282927943, 0.9807164674952012] [0.42677366733551025, 0.4359474182128906, 1.337971568107605] [6.7395659539880236e-06, -2.679654386152851e-05] 0.7587869763374329
traffic_cone [318.78048956907264, 670.2018864100182, 0.22663282455802544] [-0.9677574944925015, 0.02964164611164001, 0.03381040047634596, 0.24783797426749965] [0.47838127613067627, 1.0374524593353271, 0.3995038866996765] [0.0, 0.0] 0.524502158164978
traffic_cone [318.9285803683732, 670.6658651025779, 0.26055827321580266] [-0.7830081195437354, 0.013307842738350097, 0.04294964128173762, 0.6203841667579898] [0.45572176575660706, 0.7058365345001221, 0.5188771486282349] [-1.2438131118797284e-05, 3.8601168146952374e-05] 0.26761293411254883
traffic_cone [319.3662742566071, 670.3666801404892, 0.26928135817942134] [-0.8425773725884176, 0.017648099803600457, 0.04135595408040728, 0.536695072492212] [0.42702433466911316, 0.5880831480026245, 0.5295542478561401] [0.0, 0.0] 0.1911146342754364
traffic_cone [265.68606460561693, 677.5705568142315, 0.7769375449463298] [-0.25890674605960223, 0.034147708124770706, -0.029252425444808272, -0.9648551842013653] [0.5607986450195312, 0.5860679149627686, 1.526136875152588] [-0.3747158780012509, 0.16740931174054205] 0.16470709443092346
pedestrian [305.2460596512035, 684.8501129595763, -0.05010144747664058] [0.09806641060559557, -0.0289191910282633, 0.034430375467737986, 0.9941635724297873] [0.5097057819366455, 0.5379403829574585, 1.3268649578094482] [0.001422075173471998, 0.012734061777871626] 0.1570712774991989
traffic_cone [318.6135816598967, 669.9675348275774, 0.3113527102593694] [-0.9782524625308906, 0.03118453883190864, 0.03239282177303762, 0.20248542956882173] [0.4482196867465973, 0.7779091596603394, 0.4365062117576599] [0.0, 0.0] 0.15437288582324982
traffic_cone [262.83083298289836, 678.2371343906601, 0.32882456941121263] [-0.9937014513485547, 0.03951632713299419, 0.021452977753607688, -0.10264333988719399] [0.5257313847541809, 0.5341087579727173, 1.3048559427261353] [-2.9928856827746475e-05, 7.90896943076754e-06] 0.1484125554561615
traffic_cone [268.96657774106825, 675.8285328328908, 0.6108644075959342] [-0.8301911427882316, 0.04496164119966584, 0.0004703033181991086, -0.5556625739343906] [0.4228924810886383, 0.4170471429824829, 1.275368571281433] [0.0, 0.0] 0.13908888399600983
pedestrian [304.75646379008475, 685.4642310478788, -0.11057511850842339] [-0.011825487425638631, -0.024958647695142073, 0.03740101963594546, 0.9989186090380777] [0.4942198693752289, 0.5337687730789185, 1.1645922660827637] [0.000553962138069829, 0.0005685468323547758] 0.13874776661396027
traffic_cone [318.5226925612402, 671.1182153217784, 0.46224775932732043] [-0.055859679071794927, -0.023285236079280208, 0.03846515494978261, 0.9974256493039558] [0.42011570930480957, 0.5438508987426758, 0.7140567302703857] [-0.0004314634265166423, -7.420474503824501e-06] 0.13218270242214203
traffic_cone [319.79466891425756, 649.763891494715, 0.9534483022258019] [-0.8478866409883659, 0.04492232999342879, 0.001937687420634872, -0.5282674262803715] [0.40286868810653687, 0.392286479473114, 0.8480569124221802] [-0.00017888874140729774, 8.52139967333292e-05] 0.12660475075244904
traffic_cone [266.7326215736211, 681.7072823389959, -0.012991317951110082] [-0.35387668378846543, -0.0106094672446909, 0.043694502736184436, 0.9342106412936542] [0.5078840255737305, 0.5228980779647827, 1.1178841590881348] [-7.94962754905906e-05, -3.544674952483634e-05] 0.12424258142709732
pedestrian [304.92908877468074, 685.7401525583193, -0.06162636380797315] [0.00704235693651914, -0.025660557670552205, 0.03692297583639302, 0.9989637805467226] [0.5459614992141724, 0.6024032235145569, 1.3623361587524414] [0.0005887444381360594, 0.0005583211729888968] 0.12355510890483856
pedestrian [275.4759704320127, 687.1539129515736, 0.7787813657599025] [-0.9701750072738121, 0.02997651225088051, 0.03351386396480431, 0.23819883479286877] [0.5666609406471252, 0.5851452946662903, 1.5907633304595947] [0.0007145598549903325, -0.0005512788406697141] 0.11982297897338867
traffic_cone [265.5300894068785, 677.9243080608101, 0.7872847714673858] [-0.46862640835490404, 0.03983657449649282, -0.02085228277584917, -0.8822513921937469] [0.5477129220962524, 0.5765535831451416, 1.5146262645721436] [-0.3667158379140358, 0.258341021050929] 0.11737115681171417
traffic_cone [300.63794497399937, 660.698913972471, 1.1835145678407062] [-0.9578148615817959, 0.042790637729935965, 0.013810564334739508, -0.28384664973972673] [0.43388792872428894, 0.44507357478141785, 1.2811741828918457] [-0.00028133590449136463, 0.00023421435247660325] 0.1170399934053421
traffic_cone [317.9072644230041, 671.9234448815614, 0.7189551151757823] [-0.23803548477203776, -0.015827294968819038, 0.042086424159681154, 0.9702150986378035] [0.4759942889213562, 0.5046004056930542, 1.2503963708877563] [0.00023153101331750548, -0.00014550193483259092] 0.11659489572048187
pedestrian [272.1560158495088, 674.0950268311208, 1.104867724071689] [-0.898193347506322, 0.04447774218168815, 0.006595514763676642, -0.43729502641901785] [0.5951731204986572, 0.6014764308929443, 1.6630698442459106] [0.0, 0.0] 0.1098555251955986
traffic_cone [318.8534102661089, 668.1055564741037, 0.6150804917476237] [-0.9978390530259612, 0.03584210610014287, 0.02714983968432777, 0.047910895333680176] [0.3704303503036499, 0.37835821509361267, 0.9879494309425354] [-0.00033507624156055754, -0.0004902638180593576] 0.10348059237003326
