car [392.99393998744125, 1148.150334552658, 0.8157969725497044] [0.5467355408783692, 0.007995109836443037, 0.016651607008620877, -0.8371015771954862] [1.7557933330535889, 4.206843376159668, 1.5416854619979858] [-0.9190917282984743, -2.0637548987715255] 0.7225028276443481
car [398.09901875398333, 1138.68836726535, 0.974956990737368] [-0.5792735820104312, -0.00864458987791559, -0.016323874022699986, 0.8149238733694931] [2.015500068664551, 4.8423285484313965, 2.048102378845215] [-1.7719176539478356, -5.103526714504856] 0.6383209228515625
car [389.49748959887097, 1132.306612832224, 0.6183742731952708] [0.5401136714754494, 0.007863477413759975, 0.0167141712396884, -0.84138934155838] [1.8836166858673096, 4.5673747062683105, 1.6316983699798584] [-4.914045106065939, -10.192273520447698] 0.5976179838180542
car [412.9304926895316, 1210.611685272151, 1.1365606740928493] [-0.818392048008408, -0.016375554891299195, 0.008546285700138224, -0.5743633501184916] [1.9482465982437134, 4.660580158233643, 1.747377634048462] [3.0761139859910305, 8.319190302037454] 0.5674370527267456
car [410.1436352465392, 1220.3797431913329, 1.0518137995726882] [-0.8525046258058805, -0.016875020817009544, 0.0075120882377561725, -0.5223932093570026] [2.3718905448913574, 5.95129919052124, 2.4466090202331543] [0.0, 0.0] 0.14679938554763794
car [385.8147182654353, 1132.912655564658, 0.9766363973223571] [0.5300471075908784, 0.007663709017706255, 0.016806705844937847, -0.8477669879968656] [2.1571731567382812, 5.331090450286865, 2.1262168884277344] [-3.5368377055944236, -6.846608955497684] 0.14395099878311157
car [420.5158835614775, 1189.9885435578858, 1.1905847110930163] [-0.9687952146342534, -0.018341196781830937, 0.0021905017408107, -0.24717328800763322] [1.842817783355713, 4.244205474853516, 1.6123647689819336] [0.038579066564750505, 0.012923078427353933] 0.14321763813495636
car [390.90840100340404, 1135.4911713036593, 0.5664746873757343] [0.555837015218421, 0.00817632765758921, 0.01656337717079708, -0.8310860453140881] [1.7761510610580444, 4.137775421142578, 1.5519964694976807] [-4.011625896797602, -9.879655679362305] 0.11643923074007034
truck [409.95338986754615, 1163.8076545596778, 1.580773098952074] [-0.5932033162972846, -0.008924056312510578, -0.01617278628429499, 0.804840746816808] [2.7859227657318115, 10.020133972167969, 3.208021640777588] [0.0, 0.0] 0.9292916655540466
truck [387.4632391437462, 1135.996732331914, 0.7667130245330385] [0.5146689428632711, 0.007359304641488207, 0.016942208606321382, -0.8571899914573995] [1.859405279159546, 4.657224655151367, 2.037879228591919] [-2.3405719845628585, -4.508665714091438] 0.7176393270492554
construction_vehicle [383.5406708259592, 1155.9917832222618, 0.24258683706274892] [-0.9569962853666872, -0.018227206398905342, 0.002994452230048821, -0.28951150581124685] [2.1696646213531494, 4.004526615142822, 2.3346948623657227] [0.007636193747133812, 0.0018223414416406955] 0.35641008615493774
truck [410.16466968635956, 1220.4367567768063, 1.0902413144515128] [-0.8480863282802388, -0.01681132221380089, 0.007653577117276924, -0.529536006317679] [2.5283992290496826, 6.150486469268799, 2.675821304321289] [0.0, 0.0] 0.3154602646827698
truck [398.0663466929491, 1138.6208572144938, 1.1287802450416458] [-0.5846642907951837, -0.008752637096915135, -0.01626619627067266, 0.8110650216053573] [2.046649694442749, 4.894056797027588, 2.0732603073120117] [-1.653235763732494, -5.136435847362366] 0.163088858127594
construction_vehicle [386.57488059567584, 1227.3888352799274, 3.0670521187501523] [0.2647160068509194, 0.002523029860785978, 0.018298418444989237, -0.9641494894048523] [2.3923192024230957, 4.0623979568481445, 2.8435537815093994] [0.0, 0.0] 0.13019506633281708
truck [429.9144274457619, 1189.7102728405762, 2.3079285613208116] [-0.18130229957502308, -0.0056925676689364504, 0.017572491872267847, -0.9832539236491977] [2.6492366790771484, 6.71513032913208, 2.9607276916503906] [-0.6472247521166088, 0.1943394393180878] 0.11314338445663452
truck [392.7547874368994, 1147.7232918933541, 0.8475604250916831] [0.5491799599137293, 0.008043746473263216, 0.016628167064959558, -0.8354999544176458] [1.9096710681915283, 5.069598197937012, 1.7636494636535645] [-0.9175364795600744, -2.0087457018388317] 0.11206142604351044
truck [412.7664790297411, 1211.1275884424679, 1.0456469067998873] [-0.8105547813404096, -0.0162585562196603, 0.00876682079881216, -0.5853714621066988] [2.1314704418182373, 5.473765850067139, 1.9868688583374023] [2.6890919998101337, 8.512611291697482] 0.10242297500371933
construction_vehicle [379.84129960323844, 1235.4639087374464, 2.130208304308031] [-0.8727051579921767, -0.014808071631701957, -0.011041685189169448, 0.4878980522779153] [2.9872913360595703, 10.232102394104004, 3.983269453048706] [0.0, 0.0] 0.10040201246738434
bus [429.39715598786665, 1189.9181980184967, 2.3918480945100296] [-0.18511521273402304, -0.005760692738715128, 0.01755027681936826, -0.9825432103562524] [2.6001298427581787, 8.626623153686523, 2.9930572509765625] [-0.7646173728620985, 0.2777062816090429] 0.13640958070755005
trailer [415.32786697006213, 1225.8334282385695, 2.1459572296016036] [-0.8288706719449761, -0.01653075491435682, 0.008242083427617555, -0.5591352353341877] [2.3140316009521484, 4.939640998840332, 2.581434726715088] [-0.0007213746216819517, 0.0019575593247124737] 0.12615665793418884
barrier [400.5046748511464, 1171.6251998169614, 0.7002813907225159] [-0.9830069035525699, -0.0175647481376328, -0.0057164167209769814, 0.1826368795471548] [2.1114282608032227, 0.6129136085510254, 1.094584345817566] [0.0, 0.0] 0.8756269812583923
barrier [399.78607126578515, 1169.7627072377322, 0.6639944973254299] [-0.9845564044772663, -0.017613744710597217, -0.005563613442381548, 0.17409046098374087] [2.025723457336426, 0.6460914611816406, 1.078162670135498] [0.0, 0.0] 0.7884042859077454
barrier [399.37698735951625, 1171.969936852246, 0.658174207035728] [-0.981048204048623, -0.017504160486742658, -0.005899335803350845, 0.1928813716658629] [2.132258653640747, 0.6282030940055847, 1.0818449258804321] [0.0, 0.0] 0.7671012878417969
barrier [398.1981693096756, 1166.115951645057, 0.5586949972859746] [-0.9787036784361263, -0.01743332299830984, -0.006105493141666888, 0.2044453766127493] [1.952736735343933, 0.7401687502861023, 1.1219111680984497] [0.0, 0.0] 0.7353777885437012
barrier [395.632655518873, 1160.6085056378047, 0.5331695965155395] [-0.9728638691800136, -0.01726317364303667, -0.006571197230087093, 0.23063974992794994] [2.021080493927002, 0.720002293586731, 1.151458978652954] [0.0, 0.0] 0.7223014831542969
barrier [387.4763877720484, 1143.827914476161, 0.4763219813764311] [-0.9865476655328276, -0.017678351694957264, -0.005354780912020744, 0.16242692459829972] [1.845056176185608, 0.4957944452762604, 0.9913730621337891] [0.0, 0.0] 0.7177751660346985
barrier [394.8698444150033, 1158.8979003485092, 0.5461536427944937] [-0.9800612107012994, -0.017474132541931274, -0.005987694812977574, 0.19783534942329412] [1.9853191375732422, 0.7143980860710144, 1.1229965686798096] [0.0, 0.0] 0.7005966901779175
barrier [397.45318873132624, 1164.4290636682592, 0.5543975827910685] [-0.9778572111736734, -0.01740814349894321, -0.006176919716698727, 0.20845641452922437] [2.012465238571167, 0.712361752986908, 1.1323506832122803] [0.0, 0.0] 0.6998859643936157
barrier [398.56049505845533, 1169.8358611392475, 0.6313271306427541] [-0.9804864025815769, -0.017487029875089762, -0.005949922975472731, 0.1957171851304108] [2.0743601322174072, 0.6715310215950012, 1.1094110012054443] [0.0, 0.0] 0.6720864772796631
barrier [391.9075820296879, 1151.7297731979163, 0.5284276675191456] [-0.9812118144322196, -0.01750916907744634, -0.005884453711580797, 0.19204733120083967] [2.0134401321411133, 0.6731552481651306, 1.1431611776351929] [0.0, 0.0] 0.6713217496871948
barrier [398.8925362780976, 1167.8568607035809, 0.5725261983958929] [-0.9808455317010624, -0.017497968555758768, -0.005917676375742215, 0.19390937353514925] [2.0507490634918213, 0.721220850944519, 1.113415241241455] [0.0, 0.0] 0.6621126532554626
barrier [386.9206004808847, 1142.1210937926828, 0.5504385670826423] [-0.9824641887016425, -0.01754781888918851, -0.005768175577995093, 0.18553414812793118] [1.8553231954574585, 0.5376086235046387, 0.9888607263565063] [0.0, 0.0] 0.6477376222610474
barrier [396.1122061932819, 1164.3282681265464, 0.5758582754385562] [-0.9802835965046756, -0.017480871025830458, -0.005967993418614115, 0.19673045678438295] [2.0277490615844727, 0.6903369426727295, 1.161188006401062] [0.0, 0.0] 0.6421375274658203
barrier [392.6894347862768, 1153.436804320628, 0.5466403086450619] [-0.9798425595038458, -0.01746752223725555, -0.006006951319706438, 0.19891546140932864] [1.9463047981262207, 0.650030791759491, 1.1383116245269775] [0.0, 0.0] 0.6405218839645386
barrier [394.19180495344165, 1157.2008228268683, 0.5388127303948168] [-0.9797239177303347, -0.017463941581916116, -0.006017353379166071, 0.19949899054846848] [2.0393385887145996, 0.6887111067771912, 1.136655330657959] [0.0, 0.0] 0.6307823061943054
barrier [392.96531665410004, 1157.1599488749418, 0.5741606843967831] [-0.9853754776019293, -0.01764007831407686, -0.0054795469100624985, 0.16939294655771014] [2.0214457511901855, 0.680086612701416, 1.1661076545715332] [0.0, 0.0] 0.6255055665969849
barrier [393.3447356091017, 1155.1490337484931, 0.5556381083980761] [-0.9820498757490612, -0.01753497010768389, -0.00580711809669586, 0.1877147936205006] [1.9324662685394287, 0.6668585538864136, 1.1302410364151] [0.0, 0.0] 0.6186230778694153
barrier [408.23346413857325, 1190.9611333535963, 0.8082386997420216] [-0.961159771954143, -0.016940890837200358, -0.007362337598100284, 0.2753737369100282] [2.130450963973999, 0.6316083669662476, 0.9927088618278503] [0.0, 0.0] 0.6104754209518433
barrier [395.3838373335359, 1162.6200257118462, 0.5774970018962965] [-0.9780584850711733, -0.01741411300499154, -0.006160070252499132, 0.20751000453716711] [2.083803653717041, 0.690173327922821, 1.163116455078125] [0.0, 0.0] 0.5891203880310059
barrier [396.48178481271265, 1162.3579572578096, 0.5785698064767317] [-0.9755091190278873, -0.017339262995363265, -0.006367711994426749, 0.2191820268547789] [2.0815629959106445, 0.683353841304779, 1.1411018371582031] [0.0, 0.0] 0.5792694091796875
barrier [386.25771727903833, 1140.4392891023485, 0.5226358835389631] [-0.9813691307118251, -0.01751399357967778, -0.005870078888511261, 0.19124181417422859] [1.991614580154419, 0.5866271257400513, 1.0846624374389648] [0.0, 0.0] 0.5424281358718872
barrier [391.2226852105976, 1150.0328042303397, 0.5628878555991976] [-0.9670643591022121, -0.0171009343662548, -0.006982538296879278, 0.25386084289815364] [1.9794068336486816, 0.5773410797119141, 1.0708937644958496] [0.0, 0.0] 0.5392482876777649
barrier [397.7070038802534, 1168.1242560397252, 0.6084176005557878] [-0.9738166760736487, -0.01729041103299284, -0.006499190994000682, 0.2265830611577222] [2.049534797668457, 0.6490718722343445, 1.1164313554763794] [0.0, 0.0] 0.5300881862640381
barrier [393.8216317349393, 1159.303912042537, 0.5696076892681942] [-0.9775311355418235, -0.017398495369821902, -0.00620404353084551, 0.2099801925159776] [2.023613929748535, 0.6859538555145264, 1.161251425743103] [0.0, 0.0] 0.5172487497329712
barrier [396.982665221333, 1166.4502060292257, 0.5830151216354099] [-0.9784006200077815, -0.01742428542267991, -0.006131237621828441, 0.20589081808357163] [2.0669076442718506, 0.6680837869644165, 1.1330981254577637] [0.0, 0.0] 0.44825103878974915
barrier [391.7059232444943, 1153.7065160804807, 0.5695166000158083] [-0.9840282644758567, -0.017596928987016747, -0.005616572575176953, 0.17705133977286652] [2.011385440826416, 0.6855273246765137, 1.1602872610092163] [0.0, 0.0] 0.4185900092124939
barrier [394.814033620868, 1160.9468437792577, 0.5603839088828024] [-0.9709255020223118, -0.017208303982373274, -0.0067135736621099385, 0.238668120463239] [2.0740692615509033, 0.7172105312347412, 1.175091028213501] [0.0, 0.0] 0.3972468972206116
barrier [384.4305253799297, 1155.2277914299536, 0.5459964936514532] [-0.9848868288155076, -0.017624329689268935, -0.0055299909828401776, 0.17221131388055344] [2.2706360816955566, 0.4717772901058197, 1.0693352222442627] [0.0, 0.0] 0.38333606719970703
barrier [390.02956941156083, 1149.9014032000132, 0.6274599270064063] [-0.9811755331192287, -0.017508057618531542, -0.00588775981953406, 0.19223260756419797] [1.990490436553955, 0.6014097332954407, 1.069478988647461] [0.0, 0.0] 0.37883004546165466
barrier [391.06650104711287, 1152.0194435245949, 0.5939057262235996] [-0.9794213609291873, -0.017454829562780844, -0.0060437341272273, 0.2009791032877596] [1.980119228363037, 0.6867035031318665, 1.1322412490844727] [0.0, 0.0] 0.3723081648349762
barrier [392.39623315573914, 1155.4503825483807, 0.5766208357637895] [-0.9859705220609878, -0.017659416566762336, -0.005416899831813399, 0.16589433935344766] [2.117783784866333, 0.6750231981277466, 1.161137580871582] [0.0, 0.0] 0.3439181447029114
barrier [383.19301188727195, 1153.022851674885, 0.6789868710639322] [-0.7596810148148514, -0.012346767948155124, -0.013738817944086365, 0.6500335052384691] [2.089031457901001, 0.46037930250167847, 1.0478681325912476] [0.0, 0.0] 0.336542010307312
barrier [393.5558313517266, 1156.9209324713795, 0.5254797494054322] [-0.9817581971450737, -0.017525962162479834, -0.005834247813185973, 0.18923436405998806] [2.046116352081299, 0.7182696461677551, 1.1717166900634766] [0.0, 0.0] 0.3349441587924957
barrier [383.72627748849726, 1156.808755637038, 0.5903173324536488] [-0.8420898577715755, -0.016724366244012016, 0.00784177090984502, -0.5390208471302214] [2.4195754528045654, 0.5360457897186279, 1.1019713878631592] [0.0, 0.0] 0.30647557973861694
barrier [394.30099204711934, 1159.1544172346553, 0.5334283485934994] [-0.9753735348448619, -0.01733532608065994, -0.006378421979105133, 0.21978459847535364] [2.046701192855835, 0.750531792640686, 1.1687114238739014] [0.0, 0.0] 0.30107903480529785
barrier [396.66637668570706, 1164.1033435707238, 0.5248773874549847] [-0.9729163857350376, -0.01726467017262751, -0.006567264354107129, 0.23041811684632163] [2.017240524291992, 0.7693222761154175, 1.1697030067443848] [0.0, 0.0] 0.2894471287727356
barrier [389.90154336331483, 1148.6066743421852, 0.526657801862657] [-0.9800837976015395, -0.017474816237692356, -0.005985699184324568, 0.19772342269361526] [1.9149212837219238, 0.5676233768463135, 1.066690444946289] [0.0, 0.0] 0.2649475932121277
barrier [382.89839156325894, 1153.4689004863822, 0.5904702773354465] [-0.8200236252625186, -0.01364018707740761, -0.012455645055944013, 0.5720315168013472] [2.2626938819885254, 0.49993008375167847, 1.096086025238037] [0.0, 0.0] 0.22765837609767914
barrier [383.72690935232526, 1152.8283219793384, 0.6897643040562107] [-0.8860440317085019, -0.015111889125949624, -0.01062208097838393, 0.4632329609132719] [1.9447755813598633, 0.45775842666625977, 1.0148640871047974] [0.0, 0.0] 0.2053351253271103
barrier [397.20926173683483, 1165.8383956307734, 0.54345360928289] [-0.9726259120311402, -0.01725639950482531, -0.00658896603392406, 0.23164118253956112] [2.040398120880127, 0.7508898973464966, 1.15847647190094] [0.0, 0.0] 0.2007094919681549
barrier [390.3786509303316, 1148.4523110066018, 0.49502612582140193] [-0.9805731219097038, -0.01748966740816227, -0.0059421655327167346, 0.1952822439214354] [1.9027544260025024, 0.5421881675720215, 1.047787070274353] [0.0, 0.0] 0.19403302669525146
barrier [381.8381455285936, 1156.533470967192, 0.5651356151712897] [-0.3243658360184172, -0.008222536553678595, 0.01654048638613023, -0.9457513450303978] [2.069735527038574, 0.5148283243179321, 1.061943531036377] [0.0, 0.0] 0.188726007938385
barrier [417.252959470764, 1181.586724567612, 0.7221252709106571] [-0.15663527448811193, -0.005250955883324348, 0.017709468077210043, -0.9874837684685087] [2.5167784690856934, 0.4699372351169586, 0.9712628722190857] [0.0, 0.0] 0.16594231128692627
barrier [407.74637236143093, 1191.2083323846587, 0.7910677359055254] [-0.9712372370043247, -0.017217081541870963, -0.006691031344038547, 0.23739635982663804] [2.192596912384033, 0.5961232781410217, 1.0022897720336914] [0.0, 0.0] 0.16258643567562103
barrier [392.24694181424394, 1156.1118881412058, 0.6171290717650046] [-0.9736708868180828, -0.01728623148642024, -0.006510299398970347, 0.22720872862991354] [2.099743127822876, 0.6758315563201904, 1.153346300125122] [0.0, 0.0] 0.15221355855464935
barrier [383.694984875612, 1153.9656261911089, 0.5820900307400951] [-0.9781428812874702, -0.017416619324798682, -0.006152980461645334, 0.20711182001368145] [2.0731453895568848, 0.48397570848464966, 1.0438902378082275] [0.0, 0.0] 0.14992117881774902
barrier [387.49572056174304, 1144.9342388454224, 0.4433104416925989] [-0.9746683016424622, -0.017314915027444613, -0.0064336237734820036, 0.22289123799766525] [1.9550485610961914, 0.514028787612915, 1.0326282978057861] [0.0, 0.0] 0.14980413019657135
barrier [389.341061764462, 1148.3062173610194, 0.5350229019670201] [-0.9799765968738188, -0.017471572727932413, -0.005995160021126077, 0.1982540586781077] [2.032325506210327, 0.5828179121017456, 1.0995550155639648] [0.0, 0.0] 0.14968004822731018
barrier [407.2326199174243, 1219.0277022911948, 0.6952889710865506] [-0.19549768937312328, -0.005946008194733464, 0.01748836138163043, -0.9805301910968899] [2.0387685298919678, 0.5142407417297363, 1.0418205261230469] [0.0, 0.0] 0.14024122059345245
barrier [358.4490817946261, 1144.2435080472972, 0.7703585048257386] [-0.8357833080171045, -0.01663231671256285, 0.00803516260192304, -0.5487486348436043] [2.020728349685669, 0.5504863858222961, 1.11641526222229] [0.0, 0.0] 0.13391536474227905
barrier [385.65071901521964, 1139.4222732501553, 0.4531875391679425] [-0.9726759255106263, -0.017257822366549113, -0.006585238373132539, 0.2314310829054304] [2.009829521179199, 0.5960505604743958, 1.0988330841064453] [0.0, 0.0] 0.1304439753293991
barrier [388.19715246749104, 1145.4165060323282, 0.4197644304212321] [-0.9750501164701507, -0.01732595187931938, -0.006403841717426291, 0.2212149917484772] [1.9121540784835815, 0.4979511499404907, 1.0212538242340088] [0.0, 0.0] 0.12715834379196167
barrier [381.56533796916864, 1157.1895141545467, 0.6107237047328091] [-0.6847764807420385, -0.014300022536278493, 0.011692183402952045, -0.7285190276343385] [2.130526065826416, 0.5001243352890015, 1.0727850198745728] [0.0, 0.0] 0.12713244557380676
barrier [388.92940374502086, 1145.8319698265047, 0.3634702585245286] [-0.9816461806600985, -0.017522510829697295, -0.005844605332225709, 0.18981458900246584] [1.9396555423736572, 0.5081629753112793, 1.031792402267456] [0.0, 0.0] 0.1262882500886917
barrier [399.98237569378296, 1171.3519902206497, 0.6501119925706861] [-0.9822822010855854, -0.017542167193702198, -0.00578534073452363, 0.186495253647891] [2.1098787784576416, 0.6728577017784119, 1.0985558032989502] [0.0, 0.0] 0.11834682524204254
barrier [371.96256853683485, 1173.4820072680288, 1.0022291072339986] [-0.8652743559234158, -0.01705721409623199, 0.007088670153254752, -0.5009581730883841] [3.2266032695770264, 0.5618864297866821, 0.9786361455917358] [0.0, 0.0] 0.11608141660690308
barrier [409.10171618099156, 1192.1454586105697, 0.8131225341368201] [-0.9834494346215116, -0.017578638345507526, -0.0056735589522091505, 0.1802387631597676] [1.8578108549118042, 0.4858037829399109, 0.9537137150764465] [0.0, 0.0] 0.11606017500162125
barrier [382.2866677505127, 1155.8680597172636, 0.5105791478320205] [0.06844372262872772, -0.0011524076744533302, 0.018435556780802723, -0.9974839642999056] [2.40537166595459, 0.5220668315887451, 1.0633161067962646] [0.0, 0.0] 0.11398078501224518
barrier [407.365686206512, 1219.3331475877237, 0.6638640231780608] [-0.5919384224752561, -0.012785892849212065, 0.013331119282146111, -0.8057714975104535] [2.3177409172058105, 0.5503313541412354, 1.07590651512146] [0.0, 0.0] 0.11061196774244308
barrier [383.044091954554, 1154.1731865465792, 0.5588333616943899] [-0.8458302013737169, -0.014206704324064253, -0.011805394932612553, 0.5331323218928217] [2.122570514678955, 0.5154658555984497, 1.055917739868164] [0.0, 0.0] 0.10834261775016785
barrier [393.0090795420961, 1158.2946253926978, 0.5802271464007605] [-0.9807233787559945, -0.017494243183143583, -0.005928680520602745, 0.1945262361846335] [2.1426730155944824, 0.737864077091217, 1.168954849243164] [0.0, 0.0] 0.10236266255378723
barrier [408.6274353361382, 1217.715715526343, 0.847964583417937] [-0.591539525711381, -0.008890629842466934, -0.016191185820395505, 0.8060643843539349] [2.281414270401001, 0.5285642147064209, 1.117749810218811] [0.0, 0.0] 0.1018911600112915
barrier [402.1224880768877, 1197.3262206831835, 0.36268459054496827] [-0.9997624567204175, -0.018340100724864652, -0.002199659670985306, -0.011568592614871587] [2.916982889175415, 0.4145463705062866, 0.9433481693267822] [0.0, 0.0] 0.10111413896083832
barrier [382.4820133338516, 1154.4294369525069, 0.5031843662252253] [0.397064749515211, 0.005059473843392523, 0.017765120931036944, -0.9176047007808734] [2.1452903747558594, 0.5336068272590637, 1.0686850547790527] [0.0, 0.0] 0.10020604729652405
motorcycle [421.73204082180774, 1200.461761747002, 0.8498947988961221] [-0.7308848874403944, -0.011741610178068948, -0.014259466599161687, 0.6822507482692677] [0.7863366007804871, 2.0639374256134033, 1.3789280652999878] [0.0, 0.0] 0.5699645280838013
bicycle [428.902657161749, 1180.8482145849787, 1.1579789555959652] [-0.9092798419393916, -0.017657770158567968, 0.005422264314244241, -0.4157751450548823] [0.5424680113792419, 1.5847755670547485, 1.148227334022522] [0.0, 0.0] 0.4396153688430786
bicycle [431.18366785413104, 1178.7038324874386, 1.071760533543595] [-0.23045310033251093, -0.006567885144136533, 0.01726443401909749, -0.9729080998480109] [0.49947187304496765, 1.5169779062271118, 1.0425101518630981] [0.0, 0.0] 0.31354689598083496
bicycle [432.591220911464, 1178.902905039608, 1.1535445250841279] [0.5560292023159356, 0.008180157985248498, 0.01656148582110661, -0.8309574768751035] [0.5284239053726196, 1.6505695581436157, 1.0981290340423584] [0.0, 0.0] 0.30093562602996826
motorcycle [378.1197882652043, 1146.9527854736573, 0.516542279205326] [-0.9763938040103686, -0.018403269255805037, 0.0015866562213287683, -0.21520674174592086] [0.7573908567428589, 2.054299831390381, 1.3808081150054932] [-0.0003473274862202576, -0.0009720613776676302] 0.21272307634353638
bicycle [403.7052633803007, 1139.2516636293878, 0.3056047886946287] [0.5147707155051384, 0.00736131617958674, 0.01694133469861494, -0.8571288775097137] [0.6252287030220032, 1.7465790510177612, 1.1520838737487793] [0.0, 0.0] 0.18740051984786987
bicycle [389.21665802265244, 1139.2943751593425, 0.36234760552644446] [-0.9530004407966453, -0.018185117810408512, 0.0032402604043353257, -0.3024052943387948] [0.5901209712028503, 1.712324857711792, 1.144103765487671] [-0.0005089946807184048, 0.07348058107044325] 0.18494412302970886
motorcycle [377.96728528578717, 1150.375904022238, 0.9033078389762899] [-0.6616364912337165, -0.010310770350693669, -0.015325984863675039, 0.7495971956128636] [0.7503461241722107, 1.9679462909698486, 1.7383912801742554] [-0.12449850378395093, -0.4229336487064523] 0.15715961158275604
bicycle [372.68387252592464, 1141.5271160548743, 0.7159249630891472] [0.2894606092421623, 0.002993482843987716, 0.018227365627788657, -0.9570116811721212] [0.7734197378158569, 1.7867671251296997, 1.7411417961120605] [-0.7795432261020903, -0.518160867853636] 0.15192179381847382
bicycle [398.3039728979031, 1132.7933302444274, -0.11839163862266988] [-0.425041021215848, -0.009968226036567468, 0.015550957107208496, -0.9049855979442558] [0.6397103071212769, 1.8038058280944824, 1.16851806640625] [0.017745900825789654, -0.023519583823036684] 0.14894315600395203
bicycle [373.06174517054535, 1129.207337886625, 0.4860287792346429] [-0.9895249058616995, -0.01847003735560289, 0.0002356211980572443, -0.14317563648235831] [0.6526435613632202, 1.8492767810821533, 1.3722968101501465] [0.0, 0.0] 0.13198725879192352
motorcycle [359.3648848549691, 1182.2560553864625, 2.538638055872989] [-0.8754228865567126, -0.01719979411227225, 0.006735345556226868, -0.4830047327878339] [0.6636213064193726, 2.080049753189087, 1.4858109951019287] [0.0, 0.0] 0.1295366734266281
bicycle [377.48445852620466, 1150.9906656073513, 0.8458061991440023] [0.4453050770043784, 0.005997141182803479, 0.01747089279057778, -0.8951883548152637] [0.6776993274688721, 1.7916970252990723, 1.6547809839248657] [-0.27860627619946193, -0.5209015386257565] 0.11388611793518066
bicycle [431.6451850313619, 1212.8226811501916, 1.2284368944671016] [-0.44253656555758025, -0.010268360840554727, 0.01535443137711398, -0.8965601989533303] [0.6456668376922607, 1.6836506128311157, 1.2255525588989258] [-0.000448105296409005, 0.003127960378489365] 0.10595996677875519
bicycle [407.6214411422612, 1163.2431145825994, 0.7484613746845523] [-0.7824757493505595, -0.012830927413881567, -0.013287780061622134, 0.6224070242863701] [0.651197612285614, 1.363311767578125, 1.6719496250152588] [-0.0006343976417135478, 0.005069163588547351] 0.10454371571540833
bicycle [404.2217903513005, 1193.1173564580627, 0.946185740856689] [-0.9996373287197626, -0.018262635167793327, -0.002770190245167012, 0.019596255579844346] [0.6703582406044006, 1.7293459177017212, 1.7665722370147705] [2.103589540860617, -0.13854453545599732] 0.10216529667377472
motorcycle [421.174122304032, 1166.8283690359458, 0.6933940281073762] [-0.24845834051839955, -0.006886965122122207, 0.017139647273879715, -0.9684664450715763] [0.6051923036575317, 1.6939115524291992, 1.1139001846313477] [0.0, 0.0] 0.10021962225437164
traffic_cone [401.24315292614205, 1173.3584871392497, 0.5991254441267155] [-0.8463188325073587, -0.014217526211101558, -0.011792359632532426, 0.5323563054441216] [0.4227793514728546, 0.42153793573379517, 0.8263227939605713] [0.0, 0.0] 0.8646701574325562
pedestrian [416.07430468158077, 1192.3156862346768, 1.1199928433160666] [-0.17272408411945345, -0.005539166559811088, 0.017621448041775983, -0.9847970313561213] [0.6826174259185791, 0.7822116017341614, 1.7382196187973022] [-1.0945248716630636, 0.37039964554264987] 0.7914854288101196
pedestrian [416.07815457364893, 1193.9235551579916, 1.2259345320526427] [-0.17143327403289288, -0.005516067369802057, 0.017628692465357296, -0.9850225554560144] [0.7299156785011292, 0.8755240440368652, 1.8986445665359497] [-1.0901092754785022, 0.32029358934723057] 0.7723478078842163
pedestrian [416.5613570040106, 1194.5075218645466, 1.1658665587187969] [-0.181704618014082, -0.0056997576078364216, 0.017570161082877157, -0.9831796549944929] [0.6815061569213867, 0.7822014689445496, 1.8150591850280762] [-1.0419169569553561, 0.3711726152171646] 0.7588300108909607
pedestrian [407.58740201874224, 1163.3438842049122, 0.745344793056469] [-0.9308482080490116, -0.016169644853711005, -0.008929747060874533, 0.3649389206081996] [0.6860364675521851, 0.6818772554397583, 1.670671820640564] [0.004256760207724137, 0.0012405354183474518] 0.7371170520782471
pedestrian [404.1610832292051, 1193.0995199941187, 1.0111050028550195] [-0.9994945945688749, -0.018244882992268157, -0.0028847949432817942, 0.025871946782835054] [0.7597821950912476, 0.9253171682357788, 1.8043019771575928] [1.7831096942994404, -0.06717614630854513] 0.7251231670379639
pedestrian [418.2700676034047, 1191.5595868548903, 1.2032999561144164] [-0.02139093930329239, -0.0028029739027070344, 0.018257632227840593, -0.9996005351731544] [0.7227648496627808, 0.8203299045562744, 1.8268707990646362] [-1.113073217905225, 0.03906063230180185] 0.7027929425239563
pedestrian [376.4231383736425, 1146.4671676525718, 0.6769329667706523] [0.35026697042707344, 0.004156800014260489, 0.017997744606138406, -0.9364677525844515] [0.5981454253196716, 0.6508265137672424, 1.728161096572876] [-0.8437685552857401, -0.6848611014399137] 0.6908810138702393
pedestrian [378.35917263765424, 1152.186412936278, 0.8707974210000404] [0.5034122641094493, 0.00713705904859015, 0.017037023959696647, -0.8638488840919643] [0.6252325773239136, 0.6775054931640625, 1.7859684228897095] [-0.504873237000627, -0.8928916745294815] 0.6832390427589417
pedestrian [379.0500357982449, 1151.8125096423043, 0.8671381909821096] [0.5248312564423803, 0.007560360085477287, 0.016853449280318317, -0.8510058486660629] [0.6184593439102173, 0.6650837659835815, 1.771691918373108] [-0.5220364006744747, -0.9216465931908929] 0.6651242971420288
pedestrian [376.62504711620636, 1159.7784110799064, 1.0236873619717177] [-0.8394097223722806, -0.016685320284607993, 0.007924511610590847, -0.543185161974832] [0.6673595309257507, 0.7473105192184448, 1.791971206665039] [0.48859763361105407, 1.2015237518300566] 0.654068112373352
pedestrian [384.9706538380991, 1202.3903356995659, 1.817607383029145] [-0.5004585304412336, -0.011254523017367922, 0.014646962446796804, -0.8655634358678366] [0.6707450151443481, 0.7356287837028503, 1.7860536575317383] [-0.7497571990420044, 1.2668938203076385] 0.6365337371826172
pedestrian [423.27855738603967, 1166.1581743898457, 1.0817758442213667] [0.566705621652281, 0.008393187098535275, 0.016454549753649326, -0.8237132635756419] [0.6456363201141357, 0.726982831954956, 1.7559070587158203] [-0.4988813529120789, -1.2626319836851787] 0.6008405685424805
pedestrian [375.6487956599851, 1147.0634766161652, 0.6788555635880384] [0.3944234924858781, 0.00500834913396373, 0.01777960168897675, -0.9187431146833027] [0.6235926151275635, 0.6589781045913696, 1.7491669654846191] [-0.8064963768119703, -0.7968386692181106] 0.5668216347694397
pedestrian [377.36368572643056, 1150.9622735217774, 0.8124643233698571] [0.5017494615052388, 0.007104270043240575, 0.017050722694919848, -0.8648157492101636] [0.6346889734268188, 0.6890701651573181, 1.785210132598877] [-0.542059126427859, -0.8635192861062052] 0.5588750839233398
pedestrian [378.02951199602506, 1150.8340992454189, 0.8412606961942901] [0.508463052947073, 0.00723671972925203, 0.0169949311509813, -0.8608856637152669] [0.629164457321167, 0.6911449432373047, 1.79141104221344] [-0.5126088306134798, -0.81985565874249] 0.5239810943603516
pedestrian [383.5097353951811, 1208.5504462163995, 1.8560964787874643] [-0.8923530010619216, -0.01525705162138781, -0.01041250080857849, 0.45096000232672007] [0.6544594168663025, 0.6880441904067993, 1.7639694213867188] [0.8431329102086985, -1.099457939977407] 0.5204560160636902
pedestrian [395.04558200284947, 1121.9030449436873, 0.5571537568332426] [0.04289979223024215, -0.001623720698265974, 0.018400036096713583, -0.9989086094479994] [0.6731454133987427, 0.7082399129867554, 1.7955524921417236] [-0.5581739794153568, 0.03375154771361067] 0.5116748213768005
pedestrian [378.02557143218047, 1150.2781956871, 0.8445904777193036] [0.4753085314949934, 0.006584241051624071, 0.01725820289139192, -0.8796252623082208] [0.6766253709793091, 0.7348450422286987, 1.8171398639678955] [-0.5403179510582082, -0.8652184074198507] 0.5103697180747986
pedestrian [372.8371226542738, 1141.7260278889755, 0.8006397583533567] [0.22616350919693645, 0.0017933274897520366, 0.018384280616353735, -0.9739142001790819] [0.6981465220451355, 0.73105388879776, 1.8051574230194092] [-0.8220109252180803, -0.3154428566452853] 0.47380590438842773
pedestrian [410.6280630703901, 1166.1433655294964, 1.4234619940174633] [-0.6201479292146936, -0.009467214158139775, -0.01586094742914993, 0.7842673957863228] [0.6537060737609863, 0.6756151914596558, 1.7569663524627686] [-1.2967474389007792e-05, 2.1194661315456716e-06] 0.47263187170028687
pedestrian [389.58740222794785, 1120.4897819261594, 1.0680172794022371] [0.4412026855674771, 0.005917105313498863, 0.01749816167416748, -0.8972173607609137] [0.7056032419204712, 0.7575068473815918, 1.8550615310668945] [-0.7737942499210442, -1.0513144465167465] 0.45078030228614807
traffic_cone [409.97381928300933, 1196.7254703638666, 0.6586341067683534] [0.33507138390784774, 0.0038650967186909884, 0.018062636148179045, -0.9420116612276161] [0.36529117822647095, 0.36871302127838135, 0.7377192974090576] [0.0, 0.0] 0.4346199929714203
pedestrian [402.00193472386627, 1121.0222152053714, 0.2943148765278246] [0.05404859345963625, -0.0014182077964271051, 0.018417016151171, -0.9983674432531184] [0.6696376204490662, 0.7184343934059143, 1.790479063987732] [-0.9515599035675201, -0.0067700674970485215] 0.43210840225219727
pedestrian [378.83261595259034, 1147.4089073109392, 0.5875820661770041] [-0.845207046616479, -0.014192908604753305, -0.011821977102137341, 0.534119696840121] [0.6253441572189331, 0.6713649034500122, 1.4728479385375977] [-1.6017310900804679e-06, 2.792283348556803e-06] 0.39403191208839417
pedestrian [388.98056011196763, 1123.6946703096705, 0.867775157255332] [-0.6415122117226046, -0.009900449600581541, -0.015594194271352555, 0.7668903992184969] [0.6458972692489624, 0.6736682057380676, 1.773673176765442] [-0.048019069138892874, -0.12567802611274376] 0.3796467185020447
pedestrian [369.8410321517015, 1128.8357687685807, 0.7408424811213384] [-0.5956697502142145, -0.012847593756971074, 0.013271666508851782, -0.8030170302568116] [0.6247479915618896, 0.633012056350708, 1.81998610496521] [0.001142799618124374, 0.0011315157617872954] 0.3793374001979828
pedestrian [372.9250619362869, 1130.4923246697801, 0.7705630221609974] [-0.49714318482892433, -0.01119840073931173, 0.014689915525561151, -0.8674718761901666] [0.6328796148300171, 0.6510511040687561, 1.7885262966156006] [-0.002589140138242636, -0.0018875622763785992] 0.3652735650539398
pedestrian [371.58397595993335, 1129.1971835025754, 0.74893287000219] [-0.7586052112023293, -0.015466020326899612, 0.010099505557910652, -0.6512886731238328] [0.6404544711112976, 0.6571924686431885, 1.8089319467544556] [0.0, 0.0] 0.36163774132728577
pedestrian [378.17584450669966, 1149.8248012758104, 0.8257223985814335] [0.5287660517487331, 0.007638315745008136, 0.01681826179621131, -0.8485665941579303] [0.6880360245704651, 0.7437235116958618, 1.8311548233032227] [-0.3932822346936368, -0.8053959874939326] 0.35739415884017944
pedestrian [377.80813059616776, 1146.5290654218957, 0.6408418796278648] [-0.924322280386698, -0.016010971831537407, -0.009211220238169091, 0.3811654813640243] [0.6281864643096924, 0.6736419200897217, 1.649091124534607] [-0.00852603282853697, -0.027058772348347474] 0.3541319668292999
pedestrian [373.166803493675, 1129.2774815684982, 0.59464148913047] [-0.9606680675659277, -0.018264484553891878, 0.002757970494219466, -0.2770842221453245] [0.6503096222877502, 0.6882997751235962, 1.737871766090393] [0.02529725030160911, 0.010685884208781835] 0.3442438244819641
traffic_cone [407.731742412039, 1190.0773966199645, 0.7103386094024133] [-0.7583678729883156, -0.012319021519981797, -0.013763702483582153, 0.6515650170335356] [0.3688195049762726, 0.3705838620662689, 0.7567545175552368] [-1.7872095689429312e-05, 3.115681569134059e-05] 0.3161187767982483
traffic_cone [390.72194139662935, 1149.0417115540333, 0.525333066916527] [-0.793680977071035, -0.013070790552339989, -0.01305190528632505, 0.6080537055542878] [0.3923676013946533, 0.39413219690322876, 0.7915061712265015] [0.0, 0.0] 0.3111580014228821
pedestrian [388.2257501394921, 1221.5820218345966, 1.7600690255124052] [-0.020216348228433767, -0.002781518415446725, 0.01826091324580649, -0.9996249804136752] [0.6483957767486572, 0.6632816195487976, 1.7448399066925049] [-1.1781213885359703, -0.02173305630423763] 0.3036639094352722
traffic_cone [408.27970269054737, 1189.9901246348518, 0.7262418093642988] [-0.9137982432075973, -0.015758911201881894, -0.009636104762690239, 0.4057481643993503] [0.3709952235221863, 0.3711088299751282, 0.7546021342277527] [4.95613487917246e-05, 1.4765783201401238e-05] 0.2896627187728882
pedestrian [402.7777360390138, 1133.9032020128034, 0.7061310885806843] [-0.5123556279180181, -0.0114555790209957, 0.014490255572627536, -0.858574698406299] [0.6226727962493896, 0.6190069913864136, 1.7482209205627441] [0.0, 0.0] 0.27658820152282715
traffic_cone [409.0211673571215, 1191.4963442196765, 0.7917601216334333] [-0.9490382793005627, -0.016624202179731762, -0.00805193760244961, 0.31461905000327084] [0.33859992027282715, 0.33683302998542786, 0.8015565276145935] [0.0, 0.0] 0.27100449800491333
pedestrian [429.05490724892695, 1181.2761990532824, 1.140937356495696] [-0.03952288915680657, -0.0031337556270651613, 0.018203773590554726, -0.9990479184881136] [0.6227805018424988, 0.6557572484016418, 1.3938218355178833] [0.001488775268241862, 0.008170496999487513] 0.27086341381073
pedestrian [421.35478960486006, 1184.9727687502896, 1.8625392884371152] [-0.5153812538606429, -0.01150662535285146, 0.014449753293930527, -0.8567619070498904] [0.6420406699180603, 0.6671741008758545, 1.6384572982788086] [0.0, 0.0] 0.2543734312057495
traffic_cone [400.97698404371096, 1172.797455788773, 0.6257295809058858] [-0.9650813640092888, -0.017046672813429094, -0.007113982236289154, 0.26129822625632976] [0.4308665692806244, 0.4188872277736664, 0.8553131222724915] [0.0, 0.0] 0.2524026334285736
pedestrian [378.2633251978754, 1151.3812934410603, 0.8823120353704517] [0.510445658463231, 0.007275866213914123, 0.01697820862469192, -0.8597115981297286] [0.6297569274902344, 0.7046266198158264, 1.8135480880737305] [-0.5008971440148737, -0.8969305349536703] 0.2355327010154724
pedestrian [351.0322225078653, 1144.367127077563, 0.9692073628861197] [-0.1446519186800897, -0.005035867717887657, 0.017771826962759824, -0.9893101761454302] [0.7284959554672241, 0.7786882519721985, 1.8399686813354492] [-1.1777965726364275, 0.3649712080347102] 0.23427218198776245
pedestrian [416.56184678452126, 1194.0099028156963, 1.1666527677281073] [-0.16518239116948136, -0.0054041477080718665, 0.017663323153237098, -0.9860900465222566] [0.7007293701171875, 0.8374319672584534, 1.835684061050415] [-1.0557689521418852, 0.383187550385034] 0.2261265516281128
pedestrian [421.7012464326948, 1184.6972469526052, 1.8234517477932919] [0.09322698907092403, -0.0006936143662976992, 0.018458512843054435, -0.9954735208489993] [0.602515459060669, 0.6029923558235168, 1.6472967863082886] [0.0, 0.0] 0.22602885961532593
traffic_cone [407.55229167841526, 1161.6629283656214, 0.5061377627849865] [0.44653145143205913, 0.006021078179238481, 0.017462657725152788, -0.894577254956056] [0.35490185022354126, 0.34720319509506226, 0.984878420829773] [0.0, 0.0] 0.2241763323545456
pedestrian [422.54086742524174, 1186.2451293196432, 1.690366321539148] [-0.1942478780463272, -0.005923715040845724, 0.017495925165054813, -0.9807785499679491] [0.6392999887466431, 0.6694841384887695, 1.756861686706543] [0.04850788438221298, 0.09342765994289483] 0.2236080765724182
traffic_cone [429.0648354199031, 1205.6105955765945, 1.0326786704535689] [-0.38716215006131827, -0.009315038585510967, 0.015950794758154904, -0.9218265952784348] [0.37555548548698425, 0.36138075590133667, 1.27146577835083] [0.0, 0.0] 0.210231214761734
traffic_cone [413.798317124912, 1168.7817680873882, 0.5459280967016702] [0.543349895912825, 0.007927786155648256, 0.01668376468116989, -0.8393030994904377] [0.35392192006111145, 0.3613065779209137, 0.9542822241783142] [0.0, 0.0] 0.20099401473999023
traffic_cone [402.4501143089106, 1196.0097487101455, 0.7887815461890257] [-0.257547426575862, -0.007047711298301559, 0.017074178244417287, -0.9660890876450703] [0.38569533824920654, 0.37970662117004395, 1.281862497329712] [-0.00015766677903733615, 0.00021660643375083743] 0.19768638908863068
pedestrian [385.568922611562, 1213.6353028939352, 1.4231819933681216] [-0.9602395442608908, -0.016916336143046953, -0.0074185826652928355, 0.27856564727254196] [0.5753825306892395, 0.5967133641242981, 1.6554129123687744] [-0.014459129123943964, 0.003711948684903721] 0.19649836421012878
pedestrian [422.42735596648123, 1190.6169802408378, 1.215027551509776] [-0.13317906812704616, -0.004829607442294328, 0.0178289845257568, -0.9909198443948659] [0.560271143913269, 0.5840163826942444, 1.4550679922103882] [0.017353469762774947, 0.008880184341644927] 0.19602854549884796
pedestrian [421.4162693429354, 1189.4973432210004, 1.168108817758711] [-0.5195231902184078, -0.01157644836634766, 0.014393875103238415, -0.854256669290923] [0.606221079826355, 0.6487211585044861, 1.4797427654266357] [-0.022785879926002145, 0.0014264654225936773] 0.18644484877586365
pedestrian [428.8738727545511, 1180.684988045026, 1.1433367941347239] [-0.5418111280467846, -0.011951014547828636, 0.014084425744201585, -0.8402972710460292] [0.6145209074020386, 0.6444785594940186, 1.4254133701324463] [-0.0001304419496280909, -0.00020654436898611238] 0.1820494681596756
pedestrian [376.83681774925947, 1146.3242299140024, 0.7108208847416289] [0.4449929092442064, 0.005991048942154142, 0.01747298285465461, -0.8953435725603389] [0.6502007246017456, 0.7178577184677124, 1.747668743133545] [-0.602877802617056, -0.6286767452758908] 0.179033562541008
pedestrian [410.36894673827356, 1166.6660354325152, 1.269152406629964] [-0.652009953660631, -0.01011421206150573, -0.015456406815338167, 0.7579853709209666] [0.656432032585144, 0.7086603045463562, 1.6935803890228271] [-0.0010062559678695791, -0.00026668402454071516] 0.17569813132286072
pedestrian [410.6114675442213, 1165.6854327083665, 1.4173746737864736] [-0.6229729549525965, -0.009524367207473442, -0.01582669348169556, 0.7820252550911407] [0.5968844294548035, 0.619755208492279, 1.735468864440918] [0.000100894688423701, 9.123200694091201e-05] 0.17329904437065125
pedestrian [373.3824363740202, 1130.8075996919288, 0.83980948964125] [-0.5626579317592351, -0.012299535222876874, 0.013781118625407417, -0.8264834263499501] [0.6631426215171814, 0.6841485500335693, 1.837739109992981] [-0.00046178214259994205, -0.0006020911921339124] 0.17215704917907715
traffic_cone [408.4292787906743, 1190.339216077887, 0.8174705987231105] [-0.9459538987251244, -0.016545622488573018, -0.008212196644745363, 0.3237746495472904] [0.3800943195819855, 0.40970319509506226, 0.7854523062705994] [0.0001887572221664925, 0.00035149278308777617] 0.169536292552948
pedestrian [415.9045060574451, 1192.8590203711399, 1.178861270427679] [-0.17260439664906757, -0.005537024916120476, 0.01762212110798814, -0.984818015909612] [0.7198761105537415, 0.8962575197219849, 1.8340978622436523] [-1.1101892430800586, 0.45873239049050357] 0.16763699054718018
pedestrian [409.9743767878788, 1165.8025807579804, 1.2658745871933075] [-0.6878342840448288, -0.010848428935834832, -0.014950230329011046, 0.7256326893789112] [0.5675942301750183, 0.5937909483909607, 1.618574619293213] [1.948455237118964e-05, -3.1846571018468368e-06] 0.16698703169822693
pedestrian [377.2234753555814, 1146.6476335416878, 0.6530755411850384] [0.5182409280843496, 0.007429928782804961, 0.016911355816397054, -0.8550351704234193] [0.6510988473892212, 0.7135932445526123, 1.7348982095718384] [-0.36163544769873623, -0.2941110582421562] 0.1596018522977829
pedestrian [440.07887490971757, 1185.653777134188, 1.7867321912327407] [-0.8690466706356657, -0.014725413034141297, -0.011151681857024157, 0.49438516003193145] [0.6776247024536133, 0.7162925004959106, 1.747217059135437] [0.14904948949999725, -0.2779816057652758] 0.15922099351882935
pedestrian [400.4863782101143, 1120.7844745563855, 0.07574951212657188] [-0.9234318040975049, -0.017838693825661278, 0.004793620746435245, -0.38331776032941767] [0.6055940985679626, 0.6280695199966431, 1.61916983127594] [-0.009565791067369567, -0.00196359605041342] 0.15705038607120514
traffic_cone [390.0131064358037, 1149.185885032851, 0.6364292840067357] [-0.61525473420496, -0.00936831420919522, -0.015919563001041553, 0.7881119300208046] [0.4296470880508423, 0.43015968799591064, 0.9648446440696716] [0.0, 0.0] 0.1549098789691925
traffic_cone [427.47080560879476, 1171.5548212091899, 1.2015390316521029] [-0.3438826109184474, -0.008563323585148157, 0.016366651656413583, -0.9388309496978917] [0.40672051906585693, 0.39500927925109863, 1.1186078786849976] [-1.9673338553170168e-06, 1.1139711318620538e-06] 0.15413378179073334
pedestrian [376.28196441677767, 1146.0180936751194, 0.7130046291344279] [0.37814475949148163, 0.004693730500318877, 0.017865236949358283, -0.9255621767725078] [0.6464771628379822, 0.7186986804008484, 1.7612978219985962] [-0.8039007101493942, -0.6911700804810545] 0.15251970291137695
traffic_cone [407.9801354450179, 1190.5771322951018, 0.8315519062205761] [-0.7890340678924719, -0.012971159063504848, -0.013150925055508304, 0.6140716911792887] [0.402072548866272, 0.4330559968948364, 0.8017418384552002] [5.652253964868906e-05, 0.00029952732939303895] 0.14799730479717255
traffic_cone [399.8592286495957, 1172.9676346918366, 0.5722326017689838] [-0.8304922778877089, -0.01386886085890869, -0.012200512109848943, 0.5567237901972736] [0.3944689631462097, 0.38062965869903564, 0.7636477947235107] [0.0, 0.0] 0.1467018723487854
traffic_cone [400.4983918703134, 1172.8582138519744, 0.5895062548390034] [-0.9575817593793472, -0.01684593725565936, -0.007577083557987739, 0.2875690809295874] [0.43196964263916016, 0.41232049465179443, 0.79930579662323] [0.0, 0.0] 0.1455870121717453
pedestrian [377.75005293851586, 1151.5646228426015, 0.8629121427034788] [0.47695022113924257, 0.0066164556980595046, 0.017245878094836343, -0.8787361883739404] [0.6489902138710022, 0.7362990379333496, 1.8048810958862305] [-0.5536856453757976, -0.8097160577319163] 0.14254571497440338
traffic_cone [410.38908999053075, 1197.3119568707402, 0.7726689017895957] [0.05401550735069571, -0.0014188181389244705, 0.018416969141392375, -0.9983692338851295] [0.37003400921821594, 0.36538296937942505, 0.8259094953536987] [0.0, 0.0] 0.14064398407936096
pedestrian [377.9981870970821, 1146.9024016556093, 0.6022538861134441] [-0.8504235421722857, -0.014308586996719646, -0.01168170087888085, 0.5257742872391884] [0.6357553005218506, 0.6903634071350098, 1.6173142194747925] [-0.01818356412194194, -0.01100638068997239] 0.13990062475204468
traffic_cone [408.74446031873197, 1191.0871567756406, 0.8408734737390929] [-0.9601040434184467, -0.016912728593368058, -0.007426803403444221, 0.27903230639888815] [0.36433225870132446, 0.3764413595199585, 0.8187448978424072] [0.00016108863596332116, 0.00021649127928066703] 0.1365102082490921
pedestrian [411.0517059273649, 1165.4011091850111, 1.2031925179902023] [0.4934642133429819, 0.006941045196249336, 0.017117817876410653, -0.8695699352855557] [0.556194007396698, 0.5640294551849365, 1.7059800624847412] [5.918902624358603e-05, -0.001637231579282248] 0.13642925024032593
pedestrian [416.3735137836551, 1193.464300472223, 1.1598781608131332] [-0.14215383369959522, -0.004990984707965556, 0.017784483937162584, -0.9896722132945037] [0.705620288848877, 0.8449702262878418, 1.848600149154663] [-1.0275596345944888, 0.31337541584002515] 0.13136552274227142
pedestrian [376.502706460534, 1159.2882950366618, 0.9523859663876113] [-0.8448607653196726, -0.016764618310201797, 0.00775534462029811, -0.5346672698288075] [0.6981163620948792, 0.7975769639015198, 1.7984018325805664] [0.38522047798555187, 0.8833148185553605] 0.12924493849277496
traffic_cone [407.4524704464886, 1190.221942417627, 0.7035701524422224] [0.22827529207734926, 0.0018331967930011513, 0.018380347841770308, -0.9734213852334119] [0.36181309819221497, 0.3563995659351349, 0.7553563714027405] [-0.00032952191862647577, -0.0003807744685567069] 0.126996710896492
traffic_cone [407.5545716086358, 1161.9738373717644, 0.5296093649076739] [0.32170055954500415, 0.003608973941518767, 0.0181155486904421, -0.9466612658132605] [0.4213581681251526, 0.4241200089454651, 1.1355081796646118] [-0.00037797630612977347, -0.0017782962739615379] 0.12618333101272583
pedestrian [411.18003695556666, 1165.8586528083808, 1.1763622937448033] [0.5008999307371604, 0.007087522024010905, 0.01705769119269957, -0.8653080732260859] [0.6015005111694336, 0.6144470572471619, 1.6761951446533203] [-0.00022991542442379951, -0.0003817128349390672] 0.12531989812850952
pedestrian [369.2046443665697, 1129.2017318131357, 0.7926322237122143] [-0.6718551547252682, -0.01409213280738154, 0.011941925732705801, -0.740452195129314] [0.6530368328094482, 0.6681098341941833, 1.803110122680664] [0.005247145121750476, 0.0016689327066916901] 0.12404324114322662
pedestrian [389.17297043330757, 1124.680003329981, 0.8646511386381823] [0.4086384239804545, 0.005283754070298598, 0.01769971017251252, -0.9125094194853574] [0.5908990502357483, 0.6084463596343994, 1.6876277923583984] [-0.001666323389003729, -0.0029545700510712923] 0.12300223857164383
pedestrian [373.8261021133055, 1131.3451022173422, 0.9129350749684497] [-0.3524535735082333, -0.008712633887792202, 0.016287658149765887, -0.935646985098552] [0.6635349988937378, 0.6835899353027344, 1.821102499961853] [5.081456268513021e-05, -4.125721819965872e-05] 0.12254583835601807
