car [397.65393396935286, 1136.4414933452606, 0.7712675707688635] [-0.6044233120426714, -0.012819410208846475, -0.016955771932968385, 0.7963796986233521] [1.9629969596862793, 4.7607574462890625, 1.814475178718567] [-1.1424813506589881, -4.206742478556608] 0.6873185634613037
car [392.545814072208, 1147.1066849696124, 0.8849142627922171] [0.5698025565702107, 0.012082342679327479, 0.01748863846400906, -0.8215066713339008] [1.898676872253418, 4.53639030456543, 1.5886008739471436] [-0.6119361514855399, -1.7386461294740025] 0.6193167567253113
car [387.3510294468166, 1127.313490922295, 0.6788915419703592] [0.5229164161660533, 0.011084282558226632, 0.01813764483374036, -0.8521188803354287] [1.8920238018035889, 4.531611442565918, 1.6541531085968018] [-4.940914605348867, -9.328932978244971] 0.5892689228057861
car [361.42634728867733, 1128.9247700741005, 0.7517178809300333] [-0.9747795107177224, -0.020716227041640986, -0.004761661170715365, 0.22215550860820776] [1.976715326309204, 4.734860420227051, 1.753999948501587] [0.012733977233752204, -0.01019553039732947] 0.22891978919506073
car [409.86275929560713, 1219.7873877733582, 0.9765814219839575] [0.47402484187641586, 0.010043682000650749, 0.01873392462393611, -0.8802548573021866] [2.384829044342041, 5.7202653884887695, 2.3646018505096436] [0.0, 0.0] 0.14759601652622223
car [361.54067755570156, 1125.6722496055736, 0.8321948377727577] [-0.9984953038356685, -0.021227208023237656, -0.0011140554221897754, 0.050549903443724176] [1.9483766555786133, 4.478442192077637, 1.6954697370529175] [0.0, 0.0] 0.1469622701406479
car [385.424735773277, 1131.0053996941926, 1.1406030795173905] [0.5554147583642082, 0.011776055405891751, 0.01769632727497102, -0.8313017567112931] [1.9911880493164062, 4.812245845794678, 1.8761227130889893] [-2.9017532078969426, -6.687788731435154] 0.13703449070453644
car [430.6679531390563, 1189.24571013685, 2.2217828395919064] [-0.9803665263296371, -0.020836041844140084, -0.0042065235307506615, 0.19603478918909967] [2.0725817680358887, 5.117163181304932, 2.4281506538391113] [0.0, 0.0] 0.12491922825574875
car [406.92924562136125, 1220.1223332209038, 0.8720294083353413] [-0.6864935850156672, -0.014624280622622615, 0.015426143270963751, -0.7268250974288043] [1.9292042255401611, 4.477872848510742, 1.700767993927002] [0.0, 0.0] 0.11438446491956711
car [353.15855904453156, 1132.6011269658954, 1.0301296010957717] [-0.9805263480748883, -0.020839471373482597, -0.004189500306637408, 0.19523382199551637] [1.9968688488006592, 4.545003414154053, 1.7033084630966187] [0.1104469723330236, -0.028790605531528585] 0.11015602201223373
car [378.05291399311056, 1202.0455006072664, 1.7561933660621467] [-0.8355621691630202, -0.01774343560432062, -0.01170495505761739, 0.5489845407510512] [1.9605205059051514, 4.545747756958008, 1.6817882061004639] [2.3847821318038562, -5.752348018737965] 0.10919305682182312
car [345.05042363135806, 1154.2187621250496, 2.668141981874357] [-0.9865265031173394, -0.020968341555766056, -0.0034877116202819735, 0.16221474398811003] [2.0447616577148438, 4.605698108673096, 1.7989197969436646] [0.17372466466643302, -0.04985839170551268] 0.10516038537025452
car [358.6774110825823, 1143.261929688672, 0.691531464087051] [-0.9813928371794287, -0.02085806729467867, -0.004095913655849129, 0.19083045787547975] [1.8956377506256104, 4.426316738128662, 1.7501707077026367] [0.0, 0.0] 0.10383138060569763
truck [409.98788178553906, 1163.8338956292312, 1.6327206050157033] [-0.5889608452377051, -0.012490207001513855, -0.017199715375692988, 0.8078819760936257] [2.8223748207092285, 10.204819679260254, 3.3237733840942383] [0.0, 0.0] 0.8158131837844849
truck [386.64058736600333, 1133.8884091555735, 1.0002569225317899] [0.533833794194004, 0.011316666542205644, 0.017993569360136383, -0.8453222135354587] [1.834442377090454, 4.802741527557373, 1.9724476337432861] [-1.748629323489434, -3.7209816979724875] 0.7603978514671326
truck [410.26024291123645, 1220.8880986189354, 1.0416898710271292] [-0.8291116366583582, -0.01764989120390453, 0.011845540107392702, -0.5586788509311521] [2.851337194442749, 7.092178821563721, 3.0490992069244385] [0.0, 0.0] 0.37951159477233887
truck [430.6950586427428, 1189.2228175469645, 2.38082744182353] [-0.9794232494931643, -0.020815803235611226, -0.004305556363797, 0.20069445152346604] [2.2462801933288574, 5.323066711425781, 2.8231565952301025] [0.0, 0.0] 0.21216149628162384
truck [397.62744433909927, 1136.3651394112917, 0.8763981559944433] [-0.6027904770550108, -0.012784645516665308, -0.01698199985157005, 0.7976163271221612] [1.946911334991455, 4.860994815826416, 1.9105621576309204] [-1.1613736518033624, -4.386418466245378] 0.149825319647789
construction_vehicle [386.6351422989131, 1227.5701693674607, 2.8394912537526427] [0.2899408846909076, 0.006126824682939694, 0.020354299281725136, -0.9568084698123798] [1.9445950984954834, 3.7461998462677, 2.873030185699463] [0.0, 0.0] 0.1417611539363861
construction_vehicle [404.1839306667106, 1125.7871523805863, 2.126851299116759] [-0.9996361962051721, -0.021254108107043253, 0.00031363756094217234, -0.016602402130673655] [2.1181697845458984, 4.307374954223633, 2.888631820678711] [0.0, 0.0] 0.1231900230050087
construction_vehicle [382.5168608215509, 1220.8206551301787, 2.2075903943112216] [-0.05301380117762905, -0.001166435788666448, 0.021224394160880865, -0.9983675182039692] [2.044212818145752, 3.44399094581604, 2.37607479095459] [0.0, 0.0] 0.11879990249872208
truck [357.5247551050784, 1141.7244321212418, 1.1082502920891637] [0.5574909266765173, 0.011820251964542314, 0.017666836826105828, -0.8299108573777136] [2.2660036087036133, 5.595161437988281, 2.297769069671631] [0.0, 0.0] 0.11842998117208481
construction_vehicle [382.5417333938531, 1232.420545902769, 0.8242484812362031] [-0.8428638265809872, -0.01794145358946559, 0.011399110625069299, -0.537706922366924] [2.0305120944976807, 3.910396099090576, 2.529414653778076] [0.0, 0.0] 0.11303305625915527
construction_vehicle [387.64027828820207, 1222.8600342222735, 1.4422229073836839] [-0.37069611309468325, -0.007917989811301889, 0.019726654995047565, -0.9285109349149032] [2.015177011489868, 3.7174735069274902, 2.4509005546569824] [-0.00016373321419302857, -0.00010046373166815147] 0.11038760840892792
construction_vehicle [345.0902965109022, 1154.182551052005, 2.9847862011831423] [-0.9773536177318998, -0.020771412755074367, -0.0045148523900399445, 0.21054232454882216] [2.4839861392974854, 4.874755382537842, 2.7540810108184814] [0.020913663948314617, -0.008106039178503093] 0.10589653253555298
trailer [430.1737749577796, 1189.4296175232298, 2.283039677880719] [-0.16753708758251507, -0.0036008359457738444, 0.02094921145143985, -0.9856365906379605] [2.100207805633545, 4.9117350578308105, 2.632880687713623] [0.0, 0.0] 0.13406845927238464
trailer [431.38338825531787, 1193.3891610230219, 1.9323296228808906] [-0.9963228133664657, -0.02117974093603714, -0.0018038996169044653, 0.08300009690105387] [2.879183053970337, 12.567160606384277, 3.6103692054748535] [0.0, 0.0] 0.10247938334941864
barrier [400.51605161794345, 1171.636347569063, 0.6835996340780162] [-0.9822741809772599, -0.020876986381493975, -0.003998364612242185, 0.18624069884294148] [2.0953550338745117, 0.6248992681503296, 1.0810245275497437] [0.0, 0.0] 0.8842310905456543
barrier [398.2130383085068, 1166.0299516998678, 0.5978449248296895] [-0.9780709923460764, -0.020786797179924772, -0.004443483199719228, 0.20718421380794216] [1.9982717037200928, 0.6963366866111755, 1.1176027059555054] [0.0, 0.0] 0.8653238415718079
barrier [399.7996792236597, 1169.7361281717842, 0.6760876801593892] [-0.9844821535541626, -0.020924404761992088, -0.003742294122839417, 0.1741925769182256] [2.043323278427124, 0.6421324014663696, 1.0707740783691406] [0.0, 0.0] 0.8535115718841553
barrier [397.4238241191234, 1164.2763908441914, 0.6154355102838969] [-0.9770721979527772, -0.020765378178256397, -0.004542526726339482, 0.21184448189127464] [1.9842171669006348, 0.7192702293395996, 1.1136530637741089] [0.0, 0.0] 0.7731010317802429
barrier [391.977062174746, 1151.6297246717972, 0.5489515146106168] [-0.9845082860711935, -0.020924966186650754, -0.0037391536519696834, 0.17404481944951672] [2.026876211166382, 0.6148459911346436, 1.0849589109420776] [0.0, 0.0] 0.7473976612091064
barrier [398.96070331714003, 1167.8022693035089, 0.5991618067247972] [-0.9794649051027401, -0.020816696889730233, -0.004301233607537618, 0.2004910576363294] [2.025416374206543, 0.70170658826828, 1.0913811922073364] [0.0, 0.0] 0.7302606105804443
barrier [408.45008074378393, 1190.8405833229747, 0.9487220076975271] [-0.9711950285439117, -0.020639419128172132, -0.005084275562669454, 0.23733600875476996] [2.1232216358184814, 0.5988444089889526, 1.0118812322616577] [0.0, 0.0] 0.710878312587738
barrier [392.6542370802803, 1153.3813106657547, 0.5659631707160351] [-0.9810704180776604, -0.020851147303284946, -0.004130996984049804, 0.1924811660734066] [1.9040719270706177, 0.6511715650558472, 1.0748074054718018] [0.0, 0.0] 0.7058008313179016
barrier [395.71274204653815, 1160.599278646712, 0.5904901332874168] [-0.9750015846354935, -0.020720987042880917, -0.004740904545999275, 0.22117882918202264] [1.9516421556472778, 0.7290550470352173, 1.1318455934524536] [0.0, 0.0] 0.69463711977005
barrier [387.509586260196, 1143.62950041054, 0.6411845561591991] [-0.9813903347310888, -0.02085801358308012, -0.004096187167789171, 0.19084332688479055] [1.9849106073379517, 0.5628599524497986, 1.0059494972229004] [0.0, 0.0] 0.6830909252166748
barrier [393.20554784189807, 1157.5164826187372, 0.5573130013100789] [-0.9840545766953508, -0.020915219517259817, -0.003793293093124952, 0.17659205702688813] [1.9902678728103638, 0.6928077936172485, 1.1448830366134644] [0.0, 0.0] 0.6346887946128845
barrier [392.55827306817207, 1155.8359097087582, 0.5413147576721709] [-0.9862419584407527, -0.020962224048470764, -0.0035242932464863825, 0.16393585309810205] [1.9507098197937012, 0.6982762813568115, 1.1265642642974854] [0.0, 0.0] 0.630142092704773
barrier [394.2705629330025, 1157.230607687838, 0.5907768502420199] [-0.9814971978242754, -0.020860307283490576, -0.004084490174289248, 0.19029297197518608] [2.0104598999023438, 0.6955134272575378, 1.1437044143676758] [0.0, 0.0] 0.6260660886764526
barrier [394.96360646421215, 1158.874124621806, 0.585095981151577] [-0.9821092614492235, -0.020873445839313144, -0.00401680703280309, 0.187108426041465] [1.8939043283462524, 0.7098570466041565, 1.1235233545303345] [0.0, 0.0] 0.6154803037643433
barrier [386.8596377431379, 1141.898574590925, 0.6719609704990486] [-0.9798337363841181, -0.020824609944334084, -0.0042627573953788744, 0.19868068241173364] [1.8897145986557007, 0.5330694913864136, 0.9717267751693726] [0.0, 0.0] 0.5941497087478638
barrier [396.39260587446864, 1162.2556171025662, 0.6045139623445659] [-0.9788212945136059, -0.020802890189752593, -0.004367521001507708, 0.20361001430863523] [2.042844295501709, 0.7706981301307678, 1.1720936298370361] [0.0, 0.0] 0.5910075306892395
barrier [393.29467681366384, 1155.0697976105196, 0.5547631024170174] [-0.9874964887234948, -0.020989201313798674, -0.0033598970452005774, 0.1562013101059735] [1.9144411087036133, 0.7153294086456299, 1.1397314071655273] [0.0, 0.0] 0.5796489119529724
barrier [396.9754617292325, 1166.3718984913994, 0.6063748418634181] [-0.9767968177800219, -0.020759473428043608, -0.004569435734953168, 0.213110631585748] [2.180558443069458, 0.6758413910865784, 1.1510257720947266] [0.0, 0.0] 0.5751270055770874
barrier [394.7905244709791, 1161.4310031641755, 0.610745504311698] [-0.9739442936775309, -0.020698326306255503, -0.004838880869094322, 0.22578901065603152] [2.055894374847412, 0.6947828531265259, 1.1523468494415283] [0.0, 0.0] 0.5398378372192383
barrier [396.09835113345434, 1164.2217252455239, 0.6491360749882099] [-0.9815639663932423, -0.020861740431480327, -0.004077163979416893, 0.1899482676899683] [2.0533859729766846, 0.6957881450653076, 1.1507728099822998] [0.0, 0.0] 0.5248234272003174
barrier [399.42755938063107, 1171.8337490134597, 0.633669898109844] [-0.9813207902858943, -0.020856520921737787, -0.004103780572427034, 0.19120060426871466] [2.107994556427002, 0.6367874145507812, 1.0612456798553467] [0.0, 0.0] 0.5247080326080322
barrier [398.8112968386814, 1170.2395776760256, 0.6446554405677354] [-0.9821547124588359, -0.020874421578894912, -0.004011733252857428, 0.18686970143646986] [2.0930538177490234, 0.6530346870422363, 1.077378511428833] [0.0, 0.0] 0.4817742109298706
barrier [397.7195654806413, 1168.0527001365772, 0.584807898438976] [-0.9727514901526242, -0.020672765729737246, -0.004946942189769028, 0.23087378137394132] [2.186434268951416, 0.643090546131134, 1.1059362888336182] [0.0, 0.0] 0.4556530714035034
barrier [407.9662310330034, 1191.0643961058468, 0.9461829564152141] [-0.9704817105565495, -0.020624138978840384, -0.0051459082120644435, 0.2402361629632131] [2.190471887588501, 0.602321982383728, 1.038469910621643] [0.0, 0.0] 0.45298275351524353
barrier [390.6525343179929, 1149.525280467382, 0.6253606136237448] [-0.9351946976584299, -0.01986943682030523, -0.007552546616169558, 0.35349546247669383] [1.9142956733703613, 0.5555344820022583, 1.0152262449264526] [0.0, 0.0] 0.4460175633430481
barrier [395.432922912255, 1162.549520386936, 0.6345960115656779] [-0.9782427771385114, -0.020790481516694072, -0.00442621263040059, 0.2063715908171151] [2.077709913253784, 0.7435075044631958, 1.1658257246017456] [0.0, 0.0] 0.42530837655067444
barrier [389.967465234006, 1149.1714569298706, 0.7043260667262745] [-0.9596880804262448, -0.020393077991825072, -0.005996486468329224, 0.28026229287551924] [1.8457744121551514, 0.5811833143234253, 1.008592963218689] [0.0, 0.0] 0.32972627878189087
barrier [394.963309234351, 1160.821727512813, 0.595946166258401] [-0.969175134287354, -0.020596154215872693, -0.005256796692045934, 0.24545411709552423] [2.010236978530884, 0.7611614465713501, 1.1597161293029785] [0.0, 0.0] 0.3202688694000244
barrier [394.3620555277949, 1158.4444685434548, 0.5632748479485614] [-0.9745481587522385, -0.0207112683600433, -0.004783183339971924, 0.22316821187766772] [2.013303279876709, 0.7532116770744324, 1.1529088020324707] [0.0, 0.0] 0.3160756528377533
barrier [393.90313191666564, 1159.1917648448787, 0.5790757454613642] [-0.97968978576585, -0.0208215214897111, -0.004277817527550035, 0.19938928804255468] [2.0986545085906982, 0.7066512703895569, 1.1427456140518188] [0.0, 0.0] 0.31419429183006287
barrier [384.4647616420612, 1155.2721447805834, 0.6362484678795244] [-0.9825379206672309, -0.020882648770001632, -0.003968684957799613, 0.18484425598586557] [2.29103684425354, 0.4802391827106476, 1.0663703680038452] [0.0, 0.0] 0.2915307581424713
barrier [397.49134789416394, 1166.2558943327892, 0.5739751217582906] [-0.9708472942276227, -0.02063197004737011, -0.005114419997413015, 0.23875446762512753] [2.054948091506958, 0.7664158344268799, 1.1693464517593384] [0.0, 0.0] 0.2655613124370575
barrier [361.0670477344872, 1129.9206232728316, 0.6409252078554294] [-0.834760615817016, -0.017769661563803503, 0.01166510213643241, -0.5502025797838919] [2.1649444103240967, 0.550836443901062, 1.0720380544662476] [0.0, 0.0] 0.26084521412849426
barrier [390.7815784253104, 1148.946896020882, 0.6681858508846221] [-0.9747365900802358, -0.020715307087863906, -0.004765661779964146, 0.22234375295656117] [1.9290170669555664, 0.5332528352737427, 1.0280606746673584] [0.0, 0.0] 0.22279539704322815
barrier [383.01299798383343, 1153.2877013211662, 0.6802747047559963] [-0.8442870035525887, -0.01792946796051934, -0.011417953345421677, 0.5354695324220089] [2.115176200866699, 0.46375909447669983, 1.0494813919067383] [0.0, 0.0] 0.1973981261253357
barrier [424.94971932634905, 1195.100174196387, 1.3133768345614296] [-0.15052874055647864, -0.003239326132610786, 0.02100814713752977, -0.988377085320443] [2.0090432167053223, 0.3948604166507721, 1.0348241329193115] [0.0, 0.0] 0.19415993988513947
barrier [383.6513399547677, 1156.7990934321367, 0.556125700003428] [-0.7905360137257565, -0.016831828318899875, 0.012981719277067878, -0.612046546859505] [2.380932331085205, 0.5087018609046936, 1.1130532026290894] [0.0, 0.0] 0.18577101826667786
barrier [386.16592523420934, 1140.364546684335, 0.6788082855488258] [-0.9760186169031746, -0.020742788756597928, -0.004644587661425946, 0.21664677237029845] [1.9425253868103027, 0.5840198993682861, 1.0327215194702148] [0.0, 0.0] 0.17362256348133087
barrier [362.68813130184043, 1129.222159276845, 0.5594037441946059] [-0.8340195873097028, -0.01775395060723168, 0.011688999862327548, -0.5513252148267908] [2.0586795806884766, 0.5238834023475647, 1.107526183128357] [0.0, 0.0] 0.1656607985496521
barrier [407.4860274053655, 1191.3033324162502, 0.91860744879062] [-0.9886653062845046, -0.021014350037672658, -0.003198839233172348, 0.14862394379581234] [2.198841094970703, 0.5882205963134766, 1.0496432781219482] [0.0, 0.0] 0.16564632952213287
barrier [358.4397971885362, 1144.0939082260265, 0.8413782902373811] [-0.8322296185500269, -0.017715999956001073, 0.011746438843517018, -0.554023489148367] [2.037201166152954, 0.5479058623313904, 1.101658582687378] [0.0, 0.0] 0.1656263768672943
barrier [355.55200375071877, 1132.3805378672705, 0.7926926258095266] [-0.85523696147647, -0.018203737587699158, 0.010975400575090846, -0.5178010276588381] [2.504305839538574, 0.5864072442054749, 1.0401811599731445] [0.0, 0.0] 0.14842385053634644
barrier [382.5438256133532, 1153.4995183787294, 0.6858664377935288] [-0.7182146657949882, -0.015242720852072365, -0.014815361655096844, 0.6954968428088278] [2.173312187194824, 0.47561758756637573, 1.0569019317626953] [0.0, 0.0] 0.1429217904806137
barrier [424.49266935155066, 1200.761052536769, 0.8160072478824543] [0.13249770457379928, 0.002778051254675641, 0.021074105228263206, -0.9909553586326318] [2.4309396743774414, 0.7056257128715515, 0.8675119876861572] [0.0, 0.0] 0.13606229424476624
barrier [400.27043322322254, 1172.0919677209945, 0.6457674035270066] [-0.9715458649093509, -0.020646935021015344, -0.005053667399373015, 0.23589573310595363] [2.070934772491455, 0.6341646909713745, 1.0245331525802612] [0.0, 0.0] 0.1262875497341156
barrier [391.14676618179726, 1150.5858474883842, 0.5801126839565662] [-0.9675135863234956, -0.02056057305806428, -0.005394285445683859, 0.2519238472227308] [1.8869571685791016, 0.5687388777732849, 1.018744945526123] [0.0, 0.0] 0.12364217638969421
barrier [353.5123507775456, 1133.211718456356, 0.7811141552918681] [-0.8212189599830644, -0.017482537697865543, 0.012091168495568395, -0.5702171378381994] [3.0647990703582764, 0.6368112564086914, 0.9925539493560791] [0.0, 0.0] 0.12268289923667908
barrier [383.4657939863889, 1153.1226800039078, 0.6489130973920838] [-0.9520698252798913, -0.020230125498987932, -0.00652514384827751, 0.3051412989281706] [1.8832849264144897, 0.4507298171520233, 1.0094926357269287] [0.0, 0.0] 0.12230467796325684
barrier [382.0601375052191, 1154.3616774379188, 0.6229495154538613] [-0.2555403172229968, -0.005471138547869944, 0.02054025615554799, -0.9665646956068819] [2.1505143642425537, 0.4692642092704773, 1.0523031949996948] [0.0, 0.0] 0.12030866742134094
barrier [390.34275705558053, 1226.9992340299732, 1.6876930827548327] [-0.9941245055040264, -0.02113209162463831, -0.002295688026149652, 0.10613497103419278] [2.19299054145813, 0.426457941532135, 1.06693696975708] [0.0, 0.0] 0.11771780252456665
barrier [393.3345193522281, 1158.7194281222205, 0.5771270919221951] [-0.99117803545611, -0.021068474416314806, -0.0028204371495574873, 0.13082150644836693] [2.049537181854248, 0.677992582321167, 1.1393733024597168] [0.0, 0.0] 0.11668163537979126
barrier [390.34349797630983, 1150.1386156577496, 0.6380294359491572] [-0.9672198526684681, -0.020554283631429568, -0.005418201209281733, 0.253049246440373] [2.013674736022949, 0.5518966913223267, 1.043799638748169] [0.0, 0.0] 0.11571671068668365
barrier [408.9367913063426, 1192.115708454236, 0.9228045275044502] [-0.9853702111082453, -0.020943486511809634, -0.0036339857835664935, 0.16909675212890962] [1.8968684673309326, 0.509397566318512, 0.961039662361145] [0.0, 0.0] 0.11486540734767914
barrier [382.0468555039309, 1156.2569076466177, 0.4830005871439639] [-0.1478873052726129, -0.003183181769924143, 0.02101672747515983, -0.9887757629813034] [2.1276822090148926, 0.5252673625946045, 1.0482685565948486] [0.0, 0.0] 0.11364886164665222
barrier [428.6854943869531, 1205.1168528450373, 1.170684017490016] [-0.2051729930031848, -0.004400738938383442, 0.02079588845761852, -0.9784948683882655] [2.056083917617798, 0.3933756947517395, 1.0596932172775269] [0.0, 0.0] 0.11320500820875168
barrier [392.13209519604527, 1153.5133372863988, 0.5567710113977706] [-0.9889075566120333, -0.02101956435693185, -0.0031643947589255865, 0.14700343191800636] [1.9805775880813599, 0.7065192461013794, 1.0922088623046875] [0.0, 0.0] 0.11183822900056839
barrier [396.25278195873614, 1165.3979348921298, 0.6019300090271058] [-0.9810624780852328, -0.020850976896735714, -0.004131857015593489, 0.19252163154647234] [2.195685625076294, 0.6967825293540955, 1.1428179740905762] [0.0, 0.0] 0.11043046414852142
barrier [397.12461422560307, 1165.050829428974, 0.586768703073088] [-0.9725292114368074, -0.02066800303304283, -0.0049668028521019396, 0.23180832043340321] [2.0636229515075684, 0.7526181936264038, 1.1386457681655884] [0.0, 0.0] 0.11005554348230362
barrier [424.8737741132601, 1200.594588639518, 0.8094826291108665] [-0.6230307450614305, -0.013215596007297704, -0.016648828851225917, 0.7819084698532511] [2.4272804260253906, 0.649588406085968, 0.860676109790802] [0.0, 0.0] 0.10946467518806458
barrier [359.4932406575771, 1130.5051432638886, 0.7291949996685624] [-0.8270989740818085, -0.017607216724283885, 0.01190887900558291, -0.561654209984109] [2.3470335006713867, 0.596325159072876, 1.0984570980072021] [0.0, 0.0] 0.10485252737998962
barrier [386.985460809234, 1143.8063066239695, 0.6380131541972824] [-0.9767402832496794, -0.020758261242999208, -0.00457493935620053, 0.21336959389142107] [2.0316383838653564, 0.6120121479034424, 1.0028003454208374] [0.0, 0.0] 0.10377144813537598
barrier [414.69848630741825, 1172.438261038568, 0.4086787048663248] [-0.12127508971578355, -0.0026175167334898507, 0.021094645910643205, -0.9923913125045394] [3.3425211906433105, 0.5216515064239502, 0.9125036597251892] [0.0, 0.0] 0.10316328704357147
barrier [382.62598176966486, 1154.1244075668492, 0.6139776692218907] [0.14356398878453946, 0.003013394343576917, 0.021041742667270078, -0.9894127276543023] [2.148934841156006, 0.48061081767082214, 1.0281420946121216] [0.0, 0.0] 0.10117341578006744
bicycle [424.9546306685892, 1195.116764139558, 1.4895640363532858] [-0.7195037655076458, -0.0153248306341799, 0.014730412281372736, -0.6941631623331596] [0.5453035831451416, 1.6942334175109863, 1.1504344940185547] [0.0, 0.0] 0.35528096556663513
bicycle [421.6067015883845, 1201.0303516822564, 0.9116897439934082] [-0.7565842102674815, -0.016111606343763626, 0.013865483077380003, -0.653550684563933] [0.5636556148529053, 1.740110993385315, 1.2038400173187256] [0.0, 0.0] 0.3408495783805847
bicycle [428.9802736970594, 1180.9524155389508, 1.0848463335413179] [0.5635477722438935, 0.011949189132190792, 0.017579885068698516, -0.8258099496367177] [0.5961230993270874, 1.6105146408081055, 1.2333950996398926] [1.401012591628831e-05, 7.029239437071143e-05] 0.27192366123199463
bicycle [383.64839525214603, 1153.03763698688, 0.7058428143966619] [-0.7329519585307644, -0.015610195663472696, 0.014427656472678222, -0.6799482267099242] [0.6004830002784729, 1.5741831064224243, 1.0744796991348267] [0.0012457326512274314, 3.181455303112917e-05] 0.2239581048488617
motorcycle [402.84856203294896, 1133.3878923844416, 0.34053441161943065] [-0.7445718753627413, -0.015856747250035705, 0.014156237020974204, -0.6672037821676855] [0.6235712766647339, 1.8337653875350952, 1.2240095138549805] [0.0, 0.0] 0.17273998260498047
motorcycle [432.080587881937, 1178.7677315050719, 1.4074398310698506] [-0.9886600995736604, -0.021025941440192934, 0.0031217409404197985, -0.14865857537005356] [0.8472086191177368, 2.4517290592193604, 1.5387303829193115] [0.0, 0.0] 0.16305303573608398
motorcycle [350.2209050092593, 1144.2998152763194, 1.1431654501531723] [0.024505702950009756, 0.0004816775344257942, 0.02125096390045273, -0.9994736790146002] [0.7015330791473389, 1.8678330183029175, 1.4870051145553589] [-0.010448331541381297, -0.006587814321578754] 0.1358824521303177
bicycle [374.13515733820077, 1181.2035869038912, 1.611718394018157] [-0.8879518092422267, -0.018896997064564047, 0.009733395188081763, -0.4594450445738969] [0.5796834230422974, 1.7138895988464355, 1.2449265718460083] [0.0, 0.0] 0.12898485362529755
motorcycle [376.4283489308969, 1220.208193566997, 1.7180663557367644] [-0.48598411449039547, -0.010366992657623506, 0.018556964816000915, -0.8737091077601514] [0.848101019859314, 2.021615982055664, 1.7893555164337158] [-0.18519006113411815, 0.38840736199868436] 0.12886397540569305
motorcycle [387.4437207315534, 1222.2217641066989, 1.8569304608945638] [-0.3127881151569048, -0.006687626447222065, 0.02017699512930336, -0.9495850459735793] [0.7436508536338806, 1.8429006338119507, 1.6088610887527466] [-0.14160939806605305, 0.1391322623252389] 0.12787826359272003
bicycle [432.2216508434189, 1189.8800196122966, 2.7476526764689497] [-0.19509088166558258, -0.004186462345100029, 0.02084008188512164, -0.9805547982703464] [0.5699503421783447, 1.716073989868164, 1.283900260925293] [8.18418938048375e-06, -7.282762843294835e-05] 0.1261460930109024
bicycle [382.37905299304015, 1154.9416527313522, 0.5844719253852546] [0.46722828759205093, 0.009899036428257842, 0.01881075643714361, -0.8838811525277896] [0.5272384881973267, 1.5394370555877686, 1.0884373188018799] [0.0, 0.0] 0.11981320381164551
bicycle [387.72379772076255, 1221.635180592016, 1.9712220832489626] [0.02830921025254224, 0.000562548579864032, 0.021248976893977943, -0.999373180115882] [0.7377733588218689, 1.8074984550476074, 1.723949909210205] [-0.3158953053890331, -0.022279029803656036] 0.11608472466468811
bicycle [372.5381726587141, 1141.1096269088712, 0.7243741641319308] [0.4827347568248543, 0.010229051982143127, 0.018633356527800602, -0.8755086059390293] [0.7215238809585571, 1.4089992046356201, 1.7704049348831177] [-0.5261851856691487, -0.8530393058481708] 0.11560140550136566
bicycle [406.45212179036304, 1146.074484501388, 0.6575639055964737] [-0.4045332473569644, -0.008636847205175205, 0.019422676187898842, -0.914276225384256] [0.5753952264785767, 1.5293140411376953, 1.07763671875] [0.0, 0.0] 0.11203181743621826
bicycle [377.9402009160389, 1149.521387348275, 0.9135678500784504] [0.5722270959374587, 0.012133957676046666, 0.01745286655714252, -0.8198196845618166] [0.6412789821624756, 1.7376394271850586, 1.784454107284546] [-0.462621859902153, -1.0042780226878811] 0.10881979018449783
pedestrian [415.28076902962215, 1192.4715076123514, 1.0995568112608887] [-0.12106391743174483, -0.0026130279744765667, 0.021095202410740657, -0.9924170959914653] [0.7169473171234131, 0.8149788975715637, 1.8098628520965576] [-1.376352185682825, 0.28902929066211974] 0.8566048741340637
traffic_cone [401.20918458593883, 1173.3868618815013, 0.5982845601661075] [-0.882780107552958, -0.018750481599927576, -0.010012737873144037, 0.4693052804186648] [0.4092876613140106, 0.4078827500343323, 0.8160261511802673] [0.0, 0.0] 0.8283382058143616
pedestrian [405.2594641603823, 1192.893404511655, 1.1588807218701862] [-0.9984125974350336, -0.021225386289051937, -0.001148240752647878, 0.0521579313535655] [0.7298418879508972, 0.8659495115280151, 1.8067289590835571] [1.7440894371006708, -0.14689615558006944] 0.8014156818389893
pedestrian [407.561698494611, 1163.360910880824, 0.8977632380168387] [-0.9726180694958322, -0.02068812718344715, 0.004882302078633668, -0.23143520780178312] [0.6772217154502869, 0.6606208086013794, 1.7378642559051514] [0.03896408063977869, 0.039070346062328405] 0.7570844292640686
pedestrian [375.5835715597042, 1146.4274082002407, 0.8693936077614929] [0.5568368059873129, 0.011806327298823003, 0.017676145384630165, -0.8303498877087306] [0.6293737292289734, 0.6655779480934143, 1.8012652397155762] [-0.39890529145322134, -1.084014426530609] 0.7433220148086548
pedestrian [417.43245487484313, 1191.8372548567545, 1.1263993013844242] [-0.21088940898655484, -0.004522228872313067, 0.020769808038880226, -0.977278784020893] [0.7584809064865112, 0.8956313729286194, 1.8971319198608398] [-1.397938131317984, 0.6445736154031294] 0.729983925819397
pedestrian [415.4202170488297, 1194.2066871425395, 1.2186493714958184] [-0.2311821835418123, -0.004953496303387879, 0.020671196247867177, -0.9726782420373623] [0.7627708911895752, 0.8967075347900391, 1.9169015884399414] [-1.3048892646539996, 0.5735006616559368] 0.7065290808677673
pedestrian [377.99807136299694, 1149.455900996467, 0.9398006138081558] [0.5018255845918377, 0.010635370854518435, 0.018404465945318145, -0.8647076079051892] [0.6347761750221252, 0.7041116952896118, 1.7836341857910156] [-0.5419738821774821, -0.9996853119088435] 0.6623271703720093
pedestrian [389.52490671082114, 1119.939819367902, 0.9513493016572838] [-0.7001314999450918, -0.014857534795638495, -0.015201616352937833, 0.7136974480160971] [0.6510507464408875, 0.6848241686820984, 1.8309448957443237] [-0.02178304696292269, -1.1918851794599605] 0.6549932360649109
pedestrian [376.2055872920254, 1145.938106867135, 0.8636751685898583] [0.5309716924694131, 0.01125574397323928, 0.018031741667248982, -0.8471229109853071] [0.6317425966262817, 0.6720471382141113, 1.7814655303955078] [-0.46809271813570646, -1.0221548142413954] 0.6517379283905029
pedestrian [390.015096915606, 1118.4575886796833, 1.0442698105761339] [-0.6889540443967901, -0.01461946383341222, -0.015430708252347576, 0.7244932637570618] [0.6447256803512573, 0.6757559180259705, 1.850361704826355] [-0.041149872238998846, -1.0881677723403376] 0.630478024482727
pedestrian [384.39743400229474, 1202.837768849165, 1.8818080504307049] [-0.3568127878929321, -0.00762302727657642, 0.019842503246467854, -0.9339340442001927] [0.7001389265060425, 0.7218440175056458, 1.816357970237732] [-1.0446300749833648, 0.8987707190049953] 0.6257629990577698
pedestrian [383.67977140289105, 1207.786813821265, 1.995121495596918] [-0.8033137611871567, -0.017055977807923513, -0.012685783419290123, 0.5951765835509639] [0.66822350025177, 0.7423198223114014, 1.8356720209121704] [0.48675615570979347, -1.5342891542753045] 0.6227331161499023
pedestrian [378.8852131539158, 1151.1732675591581, 1.0457412346260706] [-0.6029175006659366, -0.012787349969128906, -0.01697996350739702, 0.7975203144188832] [0.6444268226623535, 0.7089037895202637, 1.7963144779205322] [-0.2908887907432665, -1.1116331192679088] 0.6143431067466736
pedestrian [389.227001945204, 1123.592147299879, 0.7069759710627913] [-0.3070971617097744, -0.006566703054756391, 0.020216673587318178, -0.9514407484388371] [0.6163098812103271, 0.6231611967086792, 1.7676522731781006] [0.0, 0.0] 0.611051082611084
pedestrian [376.9121006904429, 1160.3589477742653, 0.8822677717113054] [-0.8632873547246753, -0.018374365694235156, 0.010687289894076503, -0.5042649181655676] [0.6902110576629639, 0.7542505264282227, 1.7970746755599976] [0.5242906780457964, 1.0451998588474825] 0.6107566952705383
pedestrian [390.7021779681482, 1118.180794095573, 1.0992505926779654] [-0.6898446507762779, -0.014638432563226873, -0.01541271462258919, 0.7236453014532804] [0.6459582448005676, 0.6833268404006958, 1.856283187866211] [-0.051156015297810754, -1.1715949172161138] 0.6028463244438171
pedestrian [378.17471629032866, 1151.6596284364805, 1.0519506127545168] [0.5692423555080172, 0.012070416854447558, 0.017496871631962778, -0.8218949477979154] [0.6299727559089661, 0.6919757723808289, 1.7873653173446655] [-0.35503044252475746, -1.046929918540011] 0.5956557989120483
pedestrian [415.85597644768836, 1194.6807783433765, 1.1303416978955187] [-0.2645430656861739, -0.005662452227572052, 0.02048834094591311, -0.9641395806196394] [0.6861292123794556, 0.743335485458374, 1.8216063976287842] [-1.017383744833082, 0.6057649188596038] 0.5623686909675598
pedestrian [372.56713422383956, 1141.1618635571688, 0.8008600616397286] [0.49008860479678945, 0.010385564738993769, 0.0185465771774116, -0.8714134058920543] [0.6979429721832275, 0.7116332054138184, 1.8009109497070312] [-0.5175872278012043, -0.8680655792522118] 0.5558544397354126
pedestrian [402.3372802121289, 1121.0386727258053, 0.753617602256127] [-0.9698601409908181, -0.020629935077596584, 0.005122622242530234, -0.2427333340052909] [0.6589806079864502, 0.6736876964569092, 1.7775650024414062] [0.09043511484033902, 0.014925453585549045] 0.5063880681991577
pedestrian [377.9240239524262, 1149.9814878372542, 0.9460891771063011] [0.5015069266053227, 0.010628588530254921, 0.01840838357379727, -0.8648924598393359] [0.6208277940750122, 0.6843706369400024, 1.7877483367919922] [-0.5111745775223996, -0.9388777878945956] 0.5020958781242371
pedestrian [378.58259464112257, 1151.4864544027164, 1.060132760708514] [-0.6022871764445406, -0.012773929784336028, -0.016990061736508445, 0.7979964421039211] [0.6378903388977051, 0.6943278908729553, 1.781772494316101] [-0.2631583250360336, -1.0807939465375243] 0.4899784028530121
pedestrian [370.05651931294614, 1128.685700645211, 0.8415981168731199] [-0.7240871276734602, -0.015367817122997137, -0.014685560146607669, 0.6893808788018797] [0.6567179560661316, 0.6941400170326233, 1.793434977531433] [0.028585405652234958, -0.07304850983686649] 0.4456750154495239
traffic_cone [391.12969841824616, 1149.8230554596594, 0.5683696808286078] [-0.8622271845160026, -0.018312054600160034, -0.01079370817959579, 0.506075534680013] [0.3944634795188904, 0.39893126487731934, 0.8114813566207886] [1.0467924213689725e-05, -2.073920909414696e-05] 0.4215910732746124
pedestrian [388.72975903748437, 1116.329583149481, 1.1450539065249292] [-0.7907503514633387, -0.01678821161271881, -0.013038076192141566, 0.6117696022038527] [0.6950785517692566, 0.7618499994277954, 1.828212022781372] [0.30837899671593494, -1.1562137439875404] 0.40616655349731445
pedestrian [403.69041404612983, 1119.2547551265322, 0.756630600634361] [-0.5395544370349332, -0.01150470074781693, 0.017873929076973986, -0.8416823474422939] [0.6829860210418701, 0.7081319093704224, 1.8119393587112427] [0.00020918902664464366, -0.00016387780034598563] 0.3351516127586365
pedestrian [377.73546904935716, 1150.5385405531097, 0.9542068128494984] [0.5370501273772071, 0.011385129903018633, 0.01795032860526254, -0.8432824705898846] [0.636223316192627, 0.7068684101104736, 1.813785433769226] [-0.3560257047396024, -0.8315512394203303] 0.3330693542957306
pedestrian [429.1145253963698, 1181.3978741749452, 1.102033160487097] [-0.8044307120253356, -0.017126522610589643, 0.01259038137684785, -0.5936660627578988] [0.6566312313079834, 0.6983338594436646, 1.4852129220962524] [0.02799457966743327, 0.059171747813324675] 0.3137672543525696
pedestrian [350.41419758043423, 1144.3733289918912, 0.9988307943452099] [-0.14428336074938253, -0.0031065785764313493, 0.021028187023468602, -0.9893080795843716] [0.6475735902786255, 0.6745551824569702, 1.7439953088760376] [-0.4849796054152707, 0.08069611102304523] 0.30039578676223755
pedestrian [371.6894444386921, 1129.215633270315, 0.8068229096690438] [-0.8135754324439108, -0.0172747084021755, -0.012386279892095235, 0.5810707187974261] [0.6891363859176636, 0.7307324409484863, 1.7252265214920044] [0.0003913166322952828, 0.00017183460857895236] 0.29228097200393677
traffic_cone [408.16288934183234, 1190.004888777603, 0.9207141102445547] [-0.9064238841015566, -0.019255045053304953, -0.009004372267999137, 0.42183398019872903] [0.3688097894191742, 0.36217087507247925, 0.8538493514060974] [0.0, 0.0] 0.28933146595954895
pedestrian [367.401168476923, 1129.5003346786493, 0.825454082200383] [0.3125091303820854, 0.006606933155009912, 0.02020356191939298, -0.9496768966063598] [0.6489572525024414, 0.6703317761421204, 1.7107266187667847] [-0.0006158254442101928, -0.00021234326563973515] 0.2541183829307556
pedestrian [389.2606240806038, 1124.6654320143844, 0.8090639685748806] [-0.14066398983962258, -0.00302964695812028, 0.021039408719226597, -0.9898291804561292] [0.6637465357780457, 0.6763142943382263, 1.850571870803833] [0.0, 0.0] 0.2492619752883911
traffic_cone [407.60005035299764, 1190.1596977869322, 0.9014376565762027] [0.39846674421128936, 0.008435783051603432, 0.01951084427316757, -0.9169364308815027] [0.36632677912712097, 0.36197778582572937, 0.820057213306427] [0.0, 0.0] 0.24219833314418793
traffic_cone [409.9685259107154, 1196.7109431932959, 0.6637134955883212] [0.2633933127735575, 0.0055620907583608225, 0.02051581405504721, -0.9644543158212444] [0.37034139037132263, 0.3714032769203186, 0.7975939512252808] [0.0, 0.0] 0.24024257063865662
pedestrian [405.2901182499632, 1118.7028956010508, 0.7407934250676722] [-0.4390135611386673, -0.00936930801184566, 0.01908013488748652, -0.8982289561444785] [0.6743910312652588, 0.6959874033927917, 1.7749637365341187] [0.013248737092716529, 0.009349594253328491] 0.2340443730354309
pedestrian [373.0548507028784, 1129.360147553288, 0.8829356118163354] [-0.9995282869166227, -0.02125028773171055, -0.0005106380959424327, 0.022166825969802628] [0.6802351474761963, 0.7266582250595093, 1.7016044855117798] [0.012355212037341605, 0.0019301711632154644] 0.23357176780700684
pedestrian [387.6489238373645, 1221.5703647215216, 1.6937279225250719] [-0.15772695037072748, -0.003392324424990177, 0.020983984725049976, -0.9872539560046361] [0.6738523840904236, 0.716338574886322, 1.8045072555541992] [-0.6029912921278054, 0.07072636586391844] 0.22987982630729675
pedestrian [377.5398064199504, 1149.6799249180488, 0.9614666665027792] [0.4960046468402526, 0.010511478845697128, 0.01847550520072394, -0.8680596493518923] [0.6937549710273743, 0.7795260548591614, 1.817258596420288] [-0.5912955830266173, -0.8823694640095963] 0.22872444987297058
pedestrian [376.1472606448008, 1220.3601931376966, 1.8231591794529243] [-0.5028709166456642, -0.010725647913535828, 0.018352001438000705, -0.8641001132461464] [0.7199138402938843, 0.7727209329605103, 1.8466745615005493] [-0.5409652620191474, 0.9478960214406411] 0.22272047400474548
pedestrian [415.41032495001303, 1192.9854159064685, 1.1546971357337517] [-0.15718084539984212, -0.0033807170120072902, 0.020985857915039832, -0.9873410486551466] [0.7375574111938477, 0.8866285085678101, 1.8750044107437134] [-1.2580538304003435, 0.33949960489801373] 0.21090102195739746
pedestrian [378.9175753233018, 1147.2489398402724, 0.6417875021257939] [-0.9379247180189056, -0.019927767990602575, -0.0073972659042534665, 0.34618692616736696] [0.6349701881408691, 0.6901134252548218, 1.2330663204193115] [0.00010820004312012471, -0.0011906271531190132] 0.20789164304733276
traffic_cone [401.0105005970614, 1172.8137338269316, 0.5975404632727539] [-0.9701953566352016, -0.020618005334513103, -0.005170428992985476, 0.24139000493712975] [0.38714084029197693, 0.3795137107372284, 0.8217321634292603] [0.0, 0.0] 0.2074955701828003
traffic_cone [374.205075220894, 1181.2695881111497, 1.6703816160846683] [-0.031159853272334725, -0.0007018311090575312, 0.021244832619718955, -0.9992883608168868] [0.40063542127609253, 0.39576083421707153, 1.302630066871643] [-8.49165563314063e-05, 4.004320802372257e-06] 0.20501182973384857
pedestrian [380.90313047370427, 1217.5022801718922, 1.4698365630386352] [-0.7311644442769735, -0.015518584946696098, -0.014526148877031816, 0.6818700168985276] [0.6660873293876648, 0.71041339635849, 1.7947832345962524] [-0.04671450551401269, -1.0905723882755118] 0.2022092342376709
pedestrian [369.80617634931724, 1129.0993769402996, 0.8721934578015621] [-0.9643201712027565, -0.02049220645921882, -0.005648447076698684, 0.26388401226967156] [0.6745312213897705, 0.7093287706375122, 1.8321518898010254] [0.018936350329860796, 0.0059665880318396074] 0.19641533493995667
pedestrian [369.201459422403, 1129.007215537881, 0.896432399278108] [-0.7114071559594672, -0.015097711057645971, -0.014963107991501967, 0.7024585560513276] [0.6891087293624878, 0.718245804309845, 1.8170782327651978] [-0.004103437821647057, -0.00447113358445943] 0.19404475390911102
pedestrian [389.76468643729817, 1119.532437685853, 1.004878523359861] [-0.6946283819913925, -0.014740321083858131, -0.015315300006538659, 0.7190546401019008] [0.6974283456802368, 0.7756189703941345, 1.882254719734192] [0.0010410732320615972, -1.2553617171776164] 0.18105587363243103
pedestrian [428.4543051219227, 1204.5733135658743, 1.226071237715391] [-0.026611195809165045, -0.0006051264161974013, 0.021247806991921206, -0.9994198360937512] [0.5419784784317017, 0.5423939228057861, 1.5515815019607544] [-0.011394572970820761, -0.020033241292175777] 0.17993834614753723
traffic_cone [389.922968755617, 1149.2131793741335, 0.7815318384745849] [-0.3546785955498129, -0.007577683794987112, 0.01985986375201767, -0.9347466279045171] [0.41087013483047485, 0.4089510142803192, 1.1288840770721436] [0.0, 0.0] 0.1784871518611908
pedestrian [377.16922308335205, 1150.8577129468347, 0.954019890843836] [0.5549979777601682, 0.01176718319917732, 0.017702228094296904, -0.8315800678240056] [0.6880893707275391, 0.7521364688873291, 1.8285127878189087] [-0.2828316177137783, -0.5610068429923558] 0.17734472453594208
pedestrian [428.97445973437146, 1180.9372885910552, 1.1057596929684972] [-0.6985494490486203, -0.01488014683721814, 0.015179483194375967, -0.7152459938747808] [0.6595484018325806, 0.6974175572395325, 1.5278098583221436] [-0.002082747298835788, 0.01126639615574845] 0.17292070388793945
traffic_cone [405.99051377934575, 1146.3410434737323, 0.6553969324202834] [0.2270162403229004, 0.004788308600172353, 0.0207100840339925, -0.97365897066155] [0.3644844889640808, 0.3695823848247528, 0.8046602010726929] [0.0, 0.0] 0.17282159626483917
pedestrian [421.6600628795169, 1184.7790904026654, 1.814871026067126] [0.15302771915592428, 0.003214660383503418, 0.02101193562155208, -0.9879932599415795] [0.6393693089485168, 0.6565605401992798, 1.624229073524475] [3.251247178739855e-06, 1.4905559848437392e-05] 0.17061066627502441
traffic_cone [409.0377235493835, 1191.487689534891, 0.896877277105864] [-0.9880519039445051, -0.021001149948843646, -0.003284384382452831, 0.1526486149026326] [0.3559260666370392, 0.3482537865638733, 0.7773782014846802] [0.0, 0.0] 0.16994278132915497
traffic_cone [388.13671318412355, 1144.4481220322236, 0.5905991820598607] [-0.9271701975480053, -0.01969801781922373, -0.007988965761540099, 0.37403688227078147] [0.39782384037971497, 0.3802618384361267, 0.8086163997650146] [-0.00013824238922000536, -5.405493169185302e-05] 0.16966843605041504
traffic_cone [408.3095027309669, 1190.3805557726535, 1.0054433911124028] [-0.9376794295293545, -0.019922526734547637, -0.007411370214525129, 0.34685076323623415] [0.3755406141281128, 0.386176735162735, 0.8749317526817322] [0.0, 0.0] 0.1659650355577469
traffic_cone [399.7910176521079, 1172.9929369899332, 0.5629110005005189] [0.501428359886007, 0.010626916315256958, 0.0184093489720316, -0.8649380118956981] [0.39253759384155273, 0.38659244775772095, 0.8121060132980347] [0.0, 0.0] 0.16131141781806946
pedestrian [372.19870355177864, 1129.1506651763987, 0.8661454633831122] [-0.8769905755649876, -0.018626966817352944, -0.01024068294259459, 0.4800371807373316] [0.696926474571228, 0.74692702293396, 1.7228553295135498] [0.005272269306143833, 0.0017885568521215387] 0.15370967984199524
pedestrian [389.1888854246465, 1116.0306311520546, 1.2186189754957926] [-0.8828619983924795, -0.018752228761410195, -0.01000946534162818, 0.4691512083694246] [0.7386080026626587, 0.8188445568084717, 1.8375825881958008] [0.401474742150473, -0.7059643942821276] 0.1466987431049347
pedestrian [387.96382644074254, 1222.0580218977052, 1.6835803107702987] [-0.4218452862303278, -0.009004612440559202, 0.019254932737894515, -0.9064186223844404] [0.6835139989852905, 0.7321961522102356, 1.7949883937835693] [-0.25081570781666596, 0.2412151809306578] 0.14649420976638794
pedestrian [394.51135956151455, 1119.5000405108847, 0.5059334564249527] [-0.964978819440574, -0.02052688972784221, 0.005521075805177948, -0.26146518420457077] [0.6570546627044678, 0.6945427060127258, 1.462296962738037] [0.00010950545123392417, 9.249580561636924e-05] 0.14571717381477356
pedestrian [444.98795046951807, 1188.2966609244793, 1.9225955254444296] [-0.3038455935923717, -0.0064976119201792795, 0.020238985134641993, -0.952484130983059] [0.511093258857727, 0.5276057124137878, 1.432593822479248] [-0.032759619072538014, 0.008313967690317003] 0.14351077377796173
traffic_cone [388.1548087028306, 1144.1873437451202, 0.5801738540105325] [-0.9732984625013505, -0.020684486212285316, -0.004897704572480277, 0.22855692379046622] [0.40510839223861694, 0.39094460010528564, 0.8090064525604248] [-9.445962712215816e-05, 1.0141884376679255e-05] 0.14240747690200806
traffic_cone [397.06304603758866, 1187.116127214702, 0.6309839029594906] [-0.8926183988807426, -0.01896040303426194, -0.009609297410522067, 0.4503116237669569] [0.43841907382011414, 0.4297495186328888, 1.163935661315918] [-9.339301755598301e-05, 0.00041840287249452927] 0.14231422543525696
pedestrian [368.6411459787765, 1129.7730782412227, 0.8863493746942988] [-0.5062081356801666, -0.010796524370424762, 0.018310394355784358, -0.862149341988535] [0.6875976324081421, 0.7219081521034241, 1.8019084930419922] [0.004882701315899117, 0.001547998641598559] 0.14156164228916168
pedestrian [410.7133663675837, 1166.1823346363767, 1.3905587219437494] [-0.6669418223074649, -0.014150658205823856, -0.015861726018547462, 0.7448065320452364] [0.6821563243865967, 0.7208893299102783, 1.7916712760925293] [9.141678928448081e-06, -0.016195546926344808] 0.140450581908226
pedestrian [386.8869698556916, 1222.445625767713, 1.4538261487924058] [-0.3111256439380085, -0.006652301824016772, 0.02018866910887636, -0.9501310426484411] [0.6277212500572205, 0.6482664942741394, 1.765610933303833] [-0.2371889094944459, 0.14539850772093235] 0.13933229446411133
traffic_cone [402.4732160158496, 1196.0510419208179, 0.7572393756455552] [0.3949047045573446, 0.008359989242723133, 0.019543440326796842, -0.9184761503917945] [0.3817691206932068, 0.3810080885887146, 1.3033974170684814] [0.0005136740980650255, -0.00024373735251835858] 0.13858206570148468
pedestrian [421.40498053309693, 1190.3708228339387, 1.283619463579909] [-0.7696151734064154, -0.016388054055319453, 0.013537620330968185, -0.6381540953270353] [0.6425553560256958, 0.6758710741996765, 1.6834183931350708] [0.131420254742168, 0.3144671460875465] 0.13812829554080963
traffic_cone [400.859864758941, 1173.4483036625693, 0.5747321006881883] [-0.8414757631630577, -0.017869524169393917, -0.011511541421762863, 0.539876564159997] [0.4617946743965149, 0.4626266062259674, 0.7842470407485962] [0.0, 0.0] 0.1378609985113144
traffic_cone [402.8765819684283, 1133.8581123820697, 0.45139486379344806] [0.23024403096447194, 0.004856965115254119, 0.020694090214713957, -0.9729007404279663] [0.4713970720767975, 0.4802844524383545, 1.0956001281738281] [0.0, 0.0] 0.1358989030122757
traffic_cone [387.8376619262788, 1144.5656159496561, 0.7023606546427381] [-0.9449138629471246, -0.020077135428141924, -0.006981698428431568, 0.32662816187584987] [0.42018377780914307, 0.40680447220802307, 0.972108006477356] [-0.00010267188901452379, -8.179357120842452e-05] 0.13397948443889618
traffic_cone [429.0745100863321, 1205.6639454256183, 1.2253504540400053] [0.1532405404039836, 0.0032191865148620924, 0.02101124266025324, -0.9879602731369057] [0.4853445589542389, 0.4794383645057678, 1.4285376071929932] [-1.3094078106536167e-05, 8.201149267766181e-05] 0.13298839330673218
pedestrian [377.9239252622295, 1146.3443604205522, 0.7657299437587658] [-0.9653676665208737, -0.02051462932745856, -0.005566458793747838, 0.2600258313246914] [0.6327884793281555, 0.6630034446716309, 1.5779528617858887] [-0.0021042631178149586, 0.001172104925477161] 0.13180743157863617
pedestrian [387.3434556958533, 1222.268513678644, 1.5645997626073718] [-0.3715317059866725, -0.007935742361259601, 0.01971952010372528, -0.928176899069723] [0.6625783443450928, 0.7132641673088074, 1.7747308015823364] [-0.32960540937704236, 0.2647406429883252] 0.13143618404865265
pedestrian [373.1375662531287, 1130.1892263843838, 1.07663413626896] [-0.9954756294480567, -0.021161350555552773, -0.00200816398994752, 0.092609047587421] [0.7199267745018005, 0.7513127326965332, 1.8388333320617676] [0.025236263033495694, 0.0040666796307850615] 0.130669966340065
traffic_cone [407.73047346069677, 1190.5553477837277, 0.9738713655996601] [0.16886953556718481, 0.003551577962688188, 0.020957618517390357, -0.9854091761686499] [0.3775362968444824, 0.3877667784690857, 0.8612717390060425] [0.0, 0.0] 0.12658748030662537
pedestrian [417.96965368262596, 1191.6332906544008, 1.118355120910487] [-0.21600693005952687, -0.0046309894348004685, 0.02074582890125825, -0.976160422618287] [0.7392892837524414, 0.8646239638328552, 1.8513414859771729] [-0.9321452691668244, 0.4335759380718742] 0.12385772168636322
pedestrian [344.5207986678996, 1142.9249121775651, 0.6973416920847236] [-0.8772118282060819, -0.01863168683159627, -0.010232092931303824, 0.4796327480222728] [0.6814897656440735, 0.6887536644935608, 1.869016408920288] [0.16808300469707585, -0.13278367113713574] 0.12277569621801376
pedestrian [452.4727095847588, 1189.454963328351, 2.632226016372792] [-0.9199604083544065, -0.019574860819111858, 0.008286151329653296, -0.39143455593553234] [0.6704621911048889, 0.7148861289024353, 1.8220113515853882] [0.20816018842678624, 0.2536727513776955] 0.12249734252691269
pedestrian [384.0673405881117, 1207.5771172532104, 1.964819058615077] [-0.7954761667550063, -0.01688893045433668, -0.012907343183401244, 0.6056119488953426] [0.7202316522598267, 0.8263659477233887, 1.853783369064331] [0.4655439649413868, -1.3100006360249536] 0.12196145951747894
