car [386.81107783070854, 1133.619272376891, 0.941931521643808] [0.5435149914860018, 0.009511235841175456, 0.016145365713819804, -0.839190274960757] [1.8108211755752563, 4.436009883880615, 1.5373247861862183] [-2.7028561212370295, -5.962874959154464] 0.8238673806190491
car [353.9747038036022, 1132.435034881412, 0.8257357161176515] [-0.977585566723839, -0.018138935354321675, -0.004702708312365111, 0.20970294058970618] [1.9836137294769287, 4.660890102386475, 1.6345571279525757] [0.0, 0.0] 0.7986752986907959
car [397.0353520461708, 1124.2998176870003, 0.8778287947079216] [-0.7542105524106213, -0.013601657796608133, -0.012889194949391447, 0.6563652231732002] [1.9569048881530762, 4.81691312789917, 1.9585788249969482] [0.5138024264743752, -3.692863913280838] 0.7549389600753784
car [361.2008762875468, 1128.9979441354133, 0.7465298426501854] [-0.9814863202388111, -0.018227130483592383, -0.004348350905061131, 0.19061339602141691] [1.852485179901123, 4.313333511352539, 1.5526185035705566] [0.0, 0.0] 0.7129918336868286
car [409.25298926400046, 1115.7166639277618, 1.1208230489863311] [-0.4525926096742081, -0.00918252602436613, 0.016334554082413376, -0.8915204951244975] [1.8971577882766724, 4.3596062660217285, 1.6197868585586548] [-0.00290480300024715, 0.003532535491382723] 0.3473813831806183
car [411.55737831650185, 1091.9107406596909, 2.1141180960830996] [-0.20026741114939162, -0.0045275959230993935, 0.018183435220457723, -0.9795620590806178] [2.5590932369232178, 6.342700958251953, 2.5895886421203613] [0.0, 0.0] 0.3428722023963928
car [376.8517949070086, 1121.367937853339, 1.5235359827172268] [0.33271407410967613, 0.00548168845156273, 0.017918915507905392, -0.9428415606283382] [1.8831219673156738, 4.875866413116455, 2.031911849975586] [-5.01638886438528, -4.069168587942826] 0.28384047746658325
car [402.64754252142023, 1198.2695504265782, 0.8078684397001018] [-0.8041252302839084, -0.01552897406806746, 0.010487488052567072, -0.594164520633461] [1.9456684589385986, 4.730780601501465, 1.6765258312225342] [0.0, 0.0] 0.2729187309741974
car [361.8694569196345, 1125.1197290569808, 0.8277342938148393] [-0.9984471350305577, -0.01873767389582602, 0.00018978470204118313, -0.0524612438664086] [1.911393404006958, 4.429812908172607, 1.6417362689971924] [0.0, 0.0] 0.22210875153541565
car [406.5971599336372, 1103.1525753642754, 0.7167325480256423] [-0.9807492679712606, -0.01821034706213154, -0.004418110584420196, 0.1943701029803086] [1.9300223588943481, 4.6069183349609375, 1.6100071668624878] [4.766868122454974, -1.7903926892122166] 0.21165136992931366
car [394.69155231543215, 1104.8328470979172, 1.469072768975022] [0.13675990305850438, 0.0017746525451780917, 0.018654410995883563, -0.990426974831647] [1.9192264080047607, 4.587747573852539, 1.691171646118164] [0.0, 0.0] 0.21118023991584778
car [348.1586231436916, 1134.2271198445922, 1.0586694256671705] [-0.9955756667334845, -0.018569173210509764, -0.0025144079894749106, 0.09207581314828128] [1.9819111824035645, 4.498506546020508, 1.739095687866211] [0.0, 0.0] 0.208098366856575
car [402.7132419306445, 1096.0266970341256, 2.3121601238422547] [-0.18685859357928813, -0.004278614755868429, 0.018243626202877367, -0.9822080887288142] [2.2952020168304443, 5.850594520568848, 2.3394408226013184] [-0.3529673327469833, 0.13441907561510053] 0.18388912081718445
car [349.2323880468696, 1127.0141507985254, 0.7824012808820318] [-0.23179295270062733, -0.005112376495728672, 0.018027757703756996, -0.9725846444588071] [1.9638347625732422, 4.5696492195129395, 1.723327875137329] [0.0004950539132413617, -0.0008097007429945714] 0.17775361239910126
car [418.07003977652823, 1109.8098893745143, 1.3217092397607113] [-0.9749511055673983, -0.018431991571717658, 0.003376111366584041, -0.221628530003804] [1.9187037944793701, 4.394408226013184, 1.6720237731933594] [0.0, 0.0] 0.1693352460861206
car [371.326271000596, 1176.1304750871657, 1.5818888954374963] [-0.8166656962174786, -0.015750017202325356, 0.010152507049291026, -0.5768067303528629] [2.075840711593628, 4.801470756530762, 1.7779064178466797] [0.0030005630663848724, 0.007705134227389664] 0.15779419243335724
car [396.0364143641067, 1188.3152950181097, 1.4997920222489125] [-0.1977092298771893, -0.004480106100949719, 0.018195194161747266, -0.980081590470971] [1.922752022743225, 4.473470687866211, 1.6917272806167603] [0.0, 0.0] 0.15685783326625824
car [392.96893077589306, 1103.3747513803212, 1.591061098392537] [-0.9766032034600456, -0.018116945933791158, -0.0047867223954953485, 0.2142312921828099] [1.8785806894302368, 4.330386161804199, 1.666709303855896] [0.0017216724179133934, 0.0006118212326028686] 0.15685461461544037
car [383.66687121432045, 1155.03331700317, 0.6837112733653872] [-0.6480957967691344, -0.011531328869167284, -0.014770406080083173, 0.7613282483718309] [1.9041175842285156, 4.464264869689941, 1.8005956411361694] [-0.051223604514317365, -0.1672911434685832] 0.14668652415275574
car [397.95225720186136, 1188.94495097948, 1.3240687757483762] [-0.7852531872735347, -0.015195220807220078, 0.010965477913856504, -0.6188911822247061] [1.8978327512741089, 4.496917724609375, 1.750136375427246] [0.0, 0.0] 0.13514572381973267
car [374.93294422662063, 1199.3870505276423, 2.301539103052705] [-0.9436122311314468, -0.017931606383087363, 0.005440030678357353, -0.3305220428623068] [1.9468554258346558, 4.485316753387451, 1.723544955253601] [0.0005072759123211383, 0.00022223747535758196] 0.13149121403694153
car [403.54333352856213, 1099.1063892981113, 1.6379992958657166] [-0.9806570310201754, -0.018208250937722083, -0.00442674135774744, 0.19483493287764003] [2.0171701908111572, 4.748581886291504, 1.7961311340332031] [0.0494012364587564, -0.007203715161355732] 0.12986311316490173
car [358.1932128390873, 1110.5742934790424, 1.1835626107208084] [-0.9046879289820027, -0.017278266243112538, 0.0072524448906259534, -0.4256625596796063] [1.8832165002822876, 4.4566969871521, 1.6200156211853027] [0.000399802533950712, 0.0002064119064414305] 0.12315818667411804
car [352.64523925038895, 1130.2816908283432, 0.9027361261783147] [-0.9744915535880364, -0.018069936118317774, -0.00496123471923709, 0.2236405051512686] [1.8798589706420898, 4.37242317199707, 1.6461820602416992] [0.0019190430894630752, -0.0014416300742652395] 0.11711569875478745
car [354.91877736100673, 1154.8749341061844, 1.5845253808639308] [-0.9881695406449139, -0.01862440948967567, 0.002065868442163614, -0.15221636738655753] [1.9875696897506714, 4.895370960235596, 1.7213764190673828] [0.0, 0.0] 0.11708371341228485
car [394.021708998289, 1107.0241304400552, 1.1317360007894524] [-0.9952768234648408, -0.018712276213804505, 0.000993559337802664, -0.09525181485134765] [1.8767614364624023, 4.2927446365356445, 1.593087077140808] [0.0, 0.0] 0.11534334719181061
car [424.98573807861465, 1090.8810569913576, 1.605315333993646] [-0.765035191784716, -0.013814391338875256, -0.01266092544784373, 0.6437157904616461] [1.9208316802978516, 4.494804382324219, 1.7273701429367065] [0.0, 0.0] 0.11081720888614655
car [417.30113866510817, 1107.6295388878907, 1.295552138232895] [-0.7938933643742938, -0.014383298593651913, -0.012010710338081577, 0.6077682038089887] [1.9419779777526855, 4.514436721801758, 1.7191036939620972] [-0.0001806418763675505, 0.00010836909389509468] 0.104056715965271
car [396.87498175982756, 1104.128769270973, 1.4880545805218321] [-0.8101582890153759, -0.014705210625579352, -0.01161435412396216, 0.5859116062158336] [1.8417856693267822, 4.345686912536621, 1.6282930374145508] [0.0, 0.0] 0.10306292772293091
truck [409.95514864912644, 1163.6906268686594, 1.9028347679396223] [0.5784666766446185, 0.010184522382242704, 0.015729333905319897, -0.8154907525965392] [2.9684247970581055, 10.17677116394043, 3.6098296642303467] [0.0, 0.0] 0.8587319850921631
truck [376.83134877398936, 1121.3872252517683, 1.3950867930898598] [0.3424043121656102, 0.005665898214647645, 0.01786152397419384, -0.9393658236114057] [1.843534231185913, 4.779295921325684, 1.9732738733291626] [-4.857579653709805, -3.976895205928862] 0.6771507859230042
construction_vehicle [398.46089193518316, 1109.9692009909118, 1.492005036395738] [-0.04485575902824834, -0.0016327808710631673, 0.018667363710136976, -0.998817713319472] [2.832149028778076, 3.700981378555298, 2.801098108291626] [0.0, 0.0] 0.663727879524231
truck [411.57634884919617, 1091.8592744081575, 2.1082208116884917] [-0.20289191869187312, -0.004576311277860978, 0.01817123596092382, -0.9790218245209193] [2.664039134979248, 6.650036811828613, 3.043980121612549] [0.0, 0.0] 0.3904297947883606
truck [402.75921301300235, 1198.749560996601, 0.6268791712295447] [-0.7998697762466652, -0.015453827910876653, 0.010597907536889464, -0.5998809920357947] [2.0832605361938477, 5.641002655029297, 2.175408363342285] [0.0, 0.0] 0.2391170710325241
truck [402.63336601694976, 1095.736420075389, 2.279141400608877] [-0.17326595806564088, -0.0040260666932411876, 0.0183010171367884, -0.9846967915730886] [2.953169107437134, 7.035957336425781, 3.3146347999572754] [-0.1479966462053383, 0.06805215179557048] 0.20060910284519196
truck [394.5711092873932, 1104.7987029584856, 1.565427884497106] [0.40805251341549664, 0.0069162824691097104, 0.01741555276374926, -0.9127661309744328] [1.9649677276611328, 5.086075305938721, 1.8180509805679321] [0.0, 0.0] 0.17879101634025574
construction_vehicle [391.33438160110495, 1103.957527480496, 1.6318895634579569] [0.35507241409151713, 0.005906852396216235, 0.017783293733973, -0.9346509745942395] [1.5176302194595337, 2.803605318069458, 2.097881317138672] [0.0, 0.0] 0.13353519141674042
truck [409.52088690047685, 1115.4205780671, 1.1739484567838243] [-0.4350795122361451, -0.008861478724714988, 0.016510924749113004, -0.9001970237626302] [1.941758394241333, 5.09163761138916, 1.8428068161010742] [0.0, 0.0] 0.1304706335067749
construction_vehicle [367.8829553573329, 1205.105455758393, 4.47202672256715] [-0.1761449606482135, -0.004079570759381757, 0.01828916465229197, -0.9841858647618236] [2.6821224689483643, 3.754319429397583, 2.992941379547119] [0.0, 0.0] 0.11958030611276627
construction_vehicle [344.248800262181, 1110.233628579808, 2.479286641575571] [-0.9719441849444705, -0.018385875326657874, 0.0036188437009688585, -0.23446399491471676] [2.3810315132141113, 3.828904390335083, 2.9746696949005127] [0.0, 0.0] 0.11767841875553131
construction_vehicle [372.657273547395, 1202.6898779295848, 2.3664382086980558] [-0.6083501921956735, -0.010761592181849808, -0.015340292532119385, 0.7934474823289986] [2.4082601070404053, 4.424040794372559, 2.4694008827209473] [0.0, 0.0] 0.1153857484459877
truck [403.5678550279333, 1099.059685372176, 1.988370237767246] [-0.15278283859820319, -0.0036452053023881496, 0.018380667005386122, -0.9880821159137609] [2.2429745197296143, 5.366991996765137, 2.1042120456695557] [0.0032373302239075137, -0.002514983231929863] 0.10921777784824371
truck [418.5907893734519, 1184.7974109458937, 1.4221323577807983] [-0.6463304616989008, -0.011497082685740644, -0.014797078460854745, 0.7628275020204928] [2.808253288269043, 7.240294456481934, 3.2347404956817627] [0.0, 0.0] 0.10558930784463882
truck [432.38926814546477, 1188.6878417227754, 2.9983407620175426] [-0.8575402265381031, -0.015649465343528207, -0.01030682665620987, 0.5140755036254094] [2.8421473503112793, 5.942259788513184, 3.064958095550537] [0.0, 0.0] 0.10321353375911713
trailer [398.70129108360555, 1097.3696134733314, 2.513876680787898] [-0.27435795762177423, -0.005900568312340046, 0.01778537980620198, -0.9614450450485187] [2.9557766914367676, 15.55795955657959, 4.09950065612793] [0.0, 0.0] 0.1562432497739792
trailer [416.40999436429337, 1089.597597604571, 2.965796959193631] [-0.9825809635049163, -0.018252172687997115, -0.004242008183276035, 0.18488784091034693] [3.1021852493286133, 15.803289413452148, 4.104857444763184] [0.0, 0.0] 0.10239863395690918
barrier [391.8645295880668, 1151.2978413722333, 0.7409272435479501] [-0.9830418839974631, -0.018262761418551373, -0.004196187153657488, 0.18242126483899235] [2.1055896282196045, 0.6714579463005066, 1.1185834407806396] [0.0, 0.0] 0.870552659034729
barrier [392.6107207136062, 1153.1512820056569, 0.7128654047854271] [-0.9824182355107722, -0.018248440762955044, -0.004258033698829711, 0.18575056956747205] [2.0011098384857178, 0.6965749263763428, 1.116898536682129] [0.0, 0.0] 0.8682201504707336
barrier [394.2075226306275, 1156.9302310843507, 0.7494212731722683] [-0.9789254306489906, -0.018169062197596054, -0.00458493403653038, 0.2033564967917859] [2.049726963043213, 0.7391882538795471, 1.1764253377914429] [0.0, 0.0] 0.8533207178115845
barrier [394.9486637588036, 1158.7309553059556, 0.7494072515870474] [-0.9789796977905662, -0.018170285859287864, -0.004580082210093199, 0.20309508825333927] [1.972945213317871, 0.746341347694397, 1.1681240797042847] [0.0, 0.0] 0.8000996112823486
barrier [390.16498492408533, 1149.8449856323882, 0.7669135677444436] [-0.9777252160938774, -0.018142067912935482, -0.004690609033151832, 0.2090508679075982] [2.1617536544799805, 0.5810375213623047, 1.0370794534683228] [0.0, 0.0] 0.7534112930297852
barrier [386.1892662730143, 1140.014540646578, 0.7232388321103758] [-0.9831629025672683, -0.018265546136705946, -0.0041840489465725895, 0.18176790303638102] [1.88539719581604, 0.6161324977874756, 1.062681794166565] [0.0, 0.0] 0.7254890203475952
barrier [385.5119651098017, 1138.3089271405656, 0.790428346166357] [-0.9866313958267916, -0.018346275437441592, -0.003814527340703703, 0.1618868503851269] [1.8889609575271606, 0.6101909875869751, 1.0869110822677612] [0.0, 0.0] 0.7192926406860352
barrier [399.83738559831, 1169.7192423725198, 0.9191334984826813] [-0.9824624497446413, -0.018249454424480258, -0.004253687161541926, 0.18551657176785508] [1.9218099117279053, 0.6739442348480225, 1.1414135694503784] [0.0, 0.0] 0.7058945298194885
barrier [398.40308482305517, 1166.2988816243067, 0.8942277268287444] [-0.9776825812026874, -0.01814111136527333, -0.0046943071578455, 0.20925017078031288] [1.9495562314987183, 0.7800934910774231, 1.1823164224624634] [0.0, 0.0] 0.7051687836647034
barrier [386.86844406031616, 1141.7538348840528, 0.7125213166819866] [-0.9843891728838811, -0.018293876350322, -0.004058389993406033, 0.1750051995448365] [1.8801987171173096, 0.615309476852417, 1.0012537240982056] [0.0, 0.0] 0.701302170753479
barrier [395.7554377739984, 1160.4301249711928, 0.7625367666583013] [-0.9782150367702573, -0.018153068870243906, -0.004647852391334136, 0.20674671797952077] [1.9067463874816895, 0.6828517317771912, 1.1408017873764038] [0.0, 0.0] 0.6962392330169678
barrier [393.3610991096387, 1155.1164586873679, 0.696438980828612] [-0.9816703476284788, -0.018231330541644383, -0.004330707556595513, 0.18966336532319827] [2.0699329376220703, 0.7674168348312378, 1.1635478734970093] [0.0, 0.0] 0.6924638152122498
barrier [390.92605674044046, 1151.5890048438703, 0.7350542320104512] [-0.9831683192363017, -0.018265670822969985, -0.004183504589020026, 0.18173860241788226] [2.075491428375244, 0.6602714657783508, 1.101178526878357] [0.0, 0.0] 0.6804945468902588
barrier [396.59918947432186, 1162.4405019612461, 0.7796671068360106] [-0.977464611611605, -0.018136223494548763, -0.004713155908223938, 0.210266013910269] [2.0469276905059814, 0.7263845205307007, 1.1930408477783203] [0.0, 0.0] 0.673555314540863
barrier [400.4868703515505, 1171.4341493751435, 0.8960586666454132] [-0.9820135893967674, -0.018239174921479306, -0.004297550400301205, 0.1878780822736283] [1.9512176513671875, 0.6724124550819397, 1.1232194900512695] [0.0, 0.0] 0.6643463373184204
barrier [384.9439684768672, 1136.484747156446, 0.7567444362369001] [-0.9860659259125873, -0.018332980596037805, -0.0038779200255742935, 0.1652962592223165] [1.9161708354949951, 0.62641441822052, 1.1124415397644043] [0.0, 0.0] 0.6513649225234985
barrier [387.4107721978774, 1143.4941491937252, 0.7327315683861297] [-0.9882697366194524, -0.018385147345719405, -0.003622540315253298, 0.1515644788229012] [2.1638309955596924, 0.6005841493606567, 0.951820433139801] [0.0, 0.0] 0.6403946280479431
barrier [400.24201595723287, 1110.8154004614096, 0.5560793583120884] [-0.8394675641137821, -0.01615021794277841, 0.009502994352319013, -0.5430866158906998] [1.9605567455291748, 0.49090898036956787, 1.0668814182281494] [0.0, 0.0] 0.6058036088943481
barrier [399.1819786488945, 1168.030385633994, 0.9099292721871289] [-0.9816991635739973, -0.018231988563284236, -0.004327936493032387, 0.18951415724650644] [1.944207787513733, 0.6894355416297913, 1.1655288934707642] [0.0, 0.0] 0.5876244902610779
barrier [397.6621163158654, 1164.6259106540317, 0.852646279046246] [-0.9779204659104167, -0.01814645052173214, -0.004673625436615128, 0.20813559501510737] [2.039156198501587, 0.7385663390159607, 1.180342197418213] [0.0, 0.0] 0.5873934030532837
barrier [396.9137112556833, 1166.1292493573258, 0.8900063940981268] [-0.9799905616307616, -0.018193131865778814, -0.004488473479239042, 0.1981599421511916] [2.0154738426208496, 0.7162355780601501, 1.1482174396514893] [0.0, 0.0] 0.567038893699646
barrier [396.2774258819431, 1164.442026585418, 0.8215984000324225] [-0.9828186226465936, -0.018257629034401587, -0.004218462196301512, 0.18362031079864893] [2.0685319900512695, 0.7154025435447693, 1.165810465812683] [0.0, 0.0] 0.5657774209976196
barrier [391.58452740199243, 1153.3529453704623, 0.7135845000893405] [-0.9857479381170876, -0.018325529250523248, -0.003912980826386136, 0.16718213438238544] [2.0818099975585938, 0.6674556732177734, 1.0995123386383057] [0.0, 0.0] 0.5535858869552612
barrier [385.21772191801944, 1135.2275606790984, 0.719378158790251] [-0.980832152961002, -0.018212231443253735, -0.004410336394971332, 0.19395141473220867] [2.3103432655334473, 0.5709194540977478, 1.042533040046692] [0.0, 0.0] 0.5499199032783508
barrier [384.6151896866412, 1134.0173510649981, 0.7364169467315536] [-0.9833596359280414, -0.01827007724211905, -0.004164218873504637, 0.18070055336442414] [1.8785921335220337, 0.607683002948761, 1.1013200283050537] [0.0, 0.0] 0.528143584728241
barrier [402.23110759110335, 1109.9362195379433, 0.48922294458347027] [-0.839036610882714, -0.016142676612306138, 0.009515799128289397, -0.5437521762321402] [1.9334452152252197, 0.569473922252655, 1.0300382375717163] [0.0, 0.0] 0.513391375541687
barrier [392.39111901276533, 1113.7759452682906, 0.6691062551208591] [-0.7529372184316032, -0.014621006493682052, 0.011720179621966378, -0.6578255153604337] [2.109304428100586, 0.5312228202819824, 0.9930814504623413] [0.0, 0.0] 0.5132138133049011
barrier [398.5698412783504, 1111.6587097555357, 0.6011653243677431] [-0.8240969288919266, -0.015880699719655025, 0.009946849635618185, -0.5661387774650616] [1.9426668882369995, 0.4779353737831116, 1.0449414253234863] [0.0, 0.0] 0.4852038621902466
barrier [396.81038834223256, 1112.35835920219, 0.6404348448373494] [-0.8213004043306531, -0.01583154883586419, 0.010024894149919781, -0.5701881350966933] [1.9138314723968506, 0.4868985414505005, 1.0226812362670898] [0.0, 0.0] 0.44535842537879944
barrier [392.53233054397714, 1155.4965635480553, 0.7418902723827532] [-0.9840999209371147, -0.018287174701984453, -0.004088481708232111, 0.17662448632707806] [2.071934223175049, 0.7332637906074524, 1.1602883338928223] [0.0, 0.0] 0.43857160210609436
barrier [408.54870493991285, 1190.8746907059244, 1.3035989493617581] [-0.9610681254762428, -0.017777276179637112, -0.005924938218442076, 0.27567539199631186] [2.15979266166687, 0.5490239858627319, 1.1169700622558594] [0.0, 0.0] 0.3808078467845917
barrier [351.12146588729064, 1112.8124870958582, 1.011137554106046] [-0.9432987646411328, -0.017926445991326832, 0.00545701157956356, -0.3314156064298301] [2.0374677181243896, 0.4722609519958496, 1.0691436529159546] [0.0, 0.0] 0.3732421100139618
barrier [393.1882618900191, 1157.215758168792, 0.7556900821354257] [-0.9826577113139248, -0.018253933936055677, -0.0042344228789250125, 0.18447950009152397] [2.0968241691589355, 0.7407830953598022, 1.1691820621490479] [0.0, 0.0] 0.36759814620018005
barrier [394.05153430509455, 1113.268010781179, 0.6458882898003013] [-0.7615584425616531, -0.014774501762921327, 0.011526080813393739, -0.6478252867261424] [1.9621039628982544, 0.5266781449317932, 1.0102665424346924] [0.0, 0.0] 0.35562270879745483
barrier [395.51803352952055, 1162.8806946276547, 0.8129077128191169] [-0.9851356047161214, -0.018311228450761885, -0.003979366015266398, 0.17075334222011923] [2.092897415161133, 0.6898471117019653, 1.1355245113372803] [0.0, 0.0] 0.3163539171218872
barrier [389.97211164043426, 1108.6590993390255, 0.7698368125061581] [0.07999410842195165, 0.0007067915773862465, 0.018725300716559524, -0.9966191881438549] [2.100280284881592, 0.49410539865493774, 1.0676218271255493] [0.0, 0.0] 0.3075084090232849
barrier [384.40491707364345, 1135.5574539971249, 0.7736537133518658] [-0.989206494954873, -0.018407641035522077, -0.0035064501660243856, 0.14532506286884622] [2.002345085144043, 0.6420953869819641, 1.1090242862701416] [0.0, 0.0] 0.2976694703102112
barrier [365.43654858394837, 1102.6552405726538, 0.5942508811193541] [-0.9990413463178109, -0.018675752393586202, -0.0015338558579306104, 0.03956326460537629] [2.280698776245117, 0.5507882237434387, 1.0960471630096436] [0.0, 0.0] 0.29566890001296997
barrier [394.1272587633559, 1113.6293077998453, 0.6587891922729808] [-0.7519823431511794, -0.014603992644059507, 0.011741373007945219, -0.6589168529849585] [1.9786731004714966, 0.5089449882507324, 1.009238600730896] [0.0, 0.0] 0.2924503684043884
barrier [364.55193375924887, 1104.4230161370403, 0.6134479576656806] [-0.8747651601727671, -0.016764413435434864, 0.008372029827064633, -0.4841846529028494] [2.1085309982299805, 0.4613252878189087, 1.0900461673736572] [0.0, 0.0] 0.29161685705184937
barrier [384.4671230209926, 1155.2465687748372, 0.7240536759074041] [-0.9799270140240433, -0.018191692669712704, -0.004494302957096887, 0.19847395482698] [2.192072868347168, 0.48781853914260864, 1.0437109470367432] [0.0, 0.0] 0.2686476409435272
barrier [390.23024711416053, 1107.4077884312671, 0.7855571557929716] [0.010217325159676327, -0.0006022890787027026, 0.01872895323089692, -0.9997722089682834] [2.090855598449707, 0.49404025077819824, 1.080730676651001] [0.0, 0.0] 0.26156315207481384
barrier [382.418615626971, 1154.3499462171844, 0.6989924563056964] [0.5196340888589038, 0.009052161957599957, 0.016407157131960087, -0.8541833979038203] [2.1725621223449707, 0.5111561417579651, 1.0680736303329468] [0.0, 0.0] 0.26047635078430176
barrier [403.39088403698884, 1109.2943208751415, 0.5702957264853066] [-0.8529137932299713, -0.016385035746220397, 0.009092141928859696, -0.5217153676831852] [1.9032872915267944, 0.5525125861167908, 1.009610652923584] [0.0, 0.0] 0.24853907525539398
barrier [395.988647811226, 1162.648257278273, 0.7727318353962642] [-0.9818273952935705, -0.01823491795407178, -0.004315577419965882, 0.18884869448789499] [2.0461642742156982, 0.7593436241149902, 1.190981388092041] [0.0, 0.0] 0.24734747409820557
barrier [403.25352045223764, 1198.017576157455, 0.5019735145094131] [-0.9877313816455763, -0.018372312415211384, -0.0036870825563470096, 0.15503412937563238] [3.7247824668884277, 0.625785231590271, 0.9320756793022156] [0.0, 0.0] 0.24112141132354736
barrier [352.1813246954021, 1111.2269993640687, 1.1132141424071929] [-0.9796706120961638, -0.018502986534532456, 0.002962419714078241, -0.19973571376663563] [2.005476951599121, 0.4642298221588135, 1.0615274906158447] [0.0, 0.0] 0.2400389313697815
barrier [394.29069451724723, 1158.8214698675793, 0.7666004987852446] [-0.9696752583941557, -0.017963845241628546, -0.0053326077480223754, 0.2436775673240501] [2.012402057647705, 0.800519585609436, 1.202978491783142] [0.0, 0.0] 0.20673036575317383
barrier [347.033019556342, 1153.7144533971039, 1.334223646700777] [-0.8404682034052368, -0.015307991380422516, -0.010807490048866976, 0.5415367601774724] [2.053631544113159, 0.537176251411438, 1.0837650299072266] [0.0, 0.0] 0.20396022498607635
barrier [401.23211662771496, 1174.277523941707, 0.840960158691356] [-0.9978921723356607, -0.018636321117469944, -0.001955499032470379, 0.06212950949392215] [2.0002524852752686, 0.5762413740158081, 0.9872770309448242] [0.0, 0.0] 0.20314863324165344
barrier [397.47334631879556, 1165.3123787633676, 0.837403114904982] [-0.9715127219680912, -0.018004151519716318, -0.005194898393091563, 0.23624541183457826] [2.073786735534668, 0.7829866409301758, 1.1943200826644897] [0.0, 0.0] 0.19575345516204834
barrier [397.93782589287287, 1111.5760590806433, 0.6598024676667545] [-0.8097903459889465, -0.015628906475409633, 0.010337974832739127, -0.5864200364089222] [1.9060449600219727, 0.4758022427558899, 1.046656608581543] [0.0, 0.0] 0.19121266901493073
barrier [400.9932290631351, 1173.0667403935445, 0.8623754021531703] [-0.994464367399067, -0.018539382942318557, -0.0027253846292801384, 0.10338996823828367] [1.6785928010940552, 0.615225613117218, 1.0048273801803589] [0.0, 0.0] 0.18954269587993622
barrier [397.6162379534933, 1167.7650736979115, 0.8841223315469886] [-0.9771146298366032, -0.01812838376874245, -0.0047432207615336714, 0.21188644061859496] [2.0395402908325195, 0.6805680394172668, 1.1483705043792725] [0.0, 0.0] 0.18878497183322906
barrier [358.44897523749825, 1144.1503070338836, 0.8695372147475839] [-0.8586895051668403, -0.016485596450428602, 0.008908510028790702, -0.5121534899569332] [2.0454447269439697, 0.5674511194229126, 1.1356656551361084] [0.0, 0.0] 0.18604573607444763
barrier [395.74936103736184, 1161.4123663996015, 0.7823589539708353] [-0.9829582751753368, -0.018260838643120437, -0.004204546742440629, 0.182871246572735] [2.001107931137085, 0.7670990824699402, 1.1851974725723267] [0.0, 0.0] 0.18302471935749054
barrier [397.7327594327703, 1166.5203251857508, 0.8715309328828601] [-0.9663422726876651, -0.017891195712738804, -0.005571495062182623, 0.2565764517167885] [2.047084331512451, 0.8038651347160339, 1.1949491500854492] [0.0, 0.0] 0.1813223958015442
barrier [386.3860245323327, 1175.5065953034164, 1.3029227174912084] [-0.8230291415177369, -0.01586193660289561, 0.009976743379739158, -0.5676899644800112] [2.2450144290924072, 0.5808351039886475, 1.1608617305755615] [0.0, 0.0] 0.16300246119499207
barrier [389.4935914603906, 1110.2233849813626, 0.7947041543487612] [0.042834526063072476, 9.158780963254565e-06, 0.018738632750982125, -0.9989064355262167] [2.276261329650879, 0.4930265545845032, 1.0367670059204102] [0.0, 0.0] 0.15910395979881287
barrier [400.06847406081476, 1110.4008305896116, 0.5536504127473483] [-0.8022554666178819, -0.015495964630774937, 0.010536200521118647, -0.5966867099579676] [1.9215846061706543, 0.4987010955810547, 1.1002509593963623] [0.0, 0.0] 0.15867985785007477
barrier [393.8623175257648, 1157.5582522043226, 0.7336863388980102] [-0.9724107365878312, -0.018023922988919486, -0.005125879568322719, 0.23252144616669457] [2.012460231781006, 0.7956746220588684, 1.1868609189987183] [0.0, 0.0] 0.1563994288444519
barrier [393.90298957450653, 1112.7617885765258, 0.641301454291549] [-0.6444592286176354, -0.012674349367103268, 0.013802076270621666, -0.7644090306951522] [2.0344462394714355, 0.5484521389007568, 1.033949613571167] [0.0, 0.0] 0.15529152750968933
barrier [390.840331573816, 1149.790687697823, 0.7358508675771075] [-0.9829638337087823, -0.018260966446046016, -0.004203991640789767, 0.18284136616004876] [1.6555129289627075, 0.567980170249939, 0.9787135720252991] [0.0, 0.0] 0.14615827798843384
barrier [397.0832569353322, 1110.9711202443764, 0.7121503066514355] [-0.9230530565252624, -0.016979281421606693, -0.00792719645683962, 0.3842159788427731] [1.9823988676071167, 0.506104588508606, 1.0709154605865479] [0.0, 0.0] 0.14179906249046326
barrier [431.9990148681432, 1187.6251763088992, 3.150953145625051] [0.5623815185716973, 0.009874455628791521, 0.01592581449391133, -0.8266655255468993] [2.126120090484619, 0.4921902120113373, 1.1101161241531372] [0.0, 0.0] 0.14134915173053741
barrier [406.33647694213437, 1104.0466468108395, 0.4189785624697888] [-0.699351667749692, -0.01252824694222404, -0.01393482937872232, 0.7145320905141095] [2.490023612976074, 0.5624285340309143, 0.9861516952514648] [0.0, 0.0] 0.1394057422876358
barrier [408.5332613897794, 1103.2593325907703, 0.4056123435848824] [-0.7787581222557182, -0.014084588305475872, -0.012359644554949832, 0.627044376882121] [2.26853084564209, 0.5554017424583435, 1.0195242166519165] [0.0, 0.0] 0.13788056373596191
barrier [356.6875985077418, 1154.789686336507, 1.3670750226850303] [-0.8518859620507093, -0.01553619329446925, -0.010476790499782722, 0.5233919862012382] [2.0246152877807617, 0.5020854473114014, 1.070395827293396] [0.0, 0.0] 0.13586647808551788
barrier [398.42736621115324, 1168.7911620349776, 0.9233712174399586] [-0.9716875704006822, -0.018007997257200276, -0.005181551509356643, 0.23552521964231093] [2.0734364986419678, 0.7013708353042603, 1.1454594135284424] [0.0, 0.0] 0.13582268357276917
barrier [384.1494823525382, 1156.7412478923018, 0.7507017234861716] [-0.9102268086598799, -0.016715715604543244, -0.008468842488054565, 0.413685895765845] [2.0307960510253906, 0.43674078583717346, 1.004320740699768] [0.0, 0.0] 0.13438570499420166
barrier [400.843014186942, 1174.3751588132332, 0.8591928893319263] [-0.9998171279045864, -0.01872471432704325, -0.0007221596984532336, -0.0038176311193876544] [2.1478002071380615, 0.5963524580001831, 1.016045093536377] [0.0, 0.0] 0.13302113115787506
barrier [400.01371262281697, 1171.4956294391288, 0.9254531471239973] [-0.9814977480867716, -0.01822739118782716, -0.004347257957077016, 0.1905545435284488] [1.9869027137756348, 0.724274754524231, 1.125542402267456] [0.0, 0.0] 0.13244272768497467
barrier [374.93923488888026, 1180.93060951681, 1.2573268822062271] [0.505092314262207, 0.008772976761444258, 0.01655811945851967, -0.862861876334786] [2.6513333320617676, 0.5306232571601868, 0.9465246200561523] [0.0, 0.0] 0.12505047023296356
barrier [408.27837573471845, 1191.358513611564, 1.3239914993660948] [-0.9441147874442946, -0.01741742802671155, -0.00691155859367275, 0.3290837760931912] [2.2732088565826416, 0.581249475479126, 1.115349292755127] [0.0, 0.0] 0.12184220552444458
barrier [404.67191445506506, 1104.879915590385, 0.4893271711099283] [-0.6778739707682571, -0.012109875711387214, -0.01429990739530165, 0.7349392786575065] [1.9177265167236328, 0.5436714291572571, 1.02164626121521] [0.0, 0.0] 0.12170769274234772
barrier [391.551874462031, 1151.9287548802206, 0.6989701431256106] [-0.9797624074417862, -0.018187966638973263, -0.0045093581360371405, 0.19928494304039768] [2.084799289703369, 0.7350161075592041, 1.126977801322937] [0.0, 0.0] 0.12073318660259247
barrier [365.3719416023261, 1160.5402878748127, 2.541894413581665] [-0.649395222791351, -0.011556540343381045, -0.014750688680575394, 0.7602201708548064] [2.3714325428009033, 0.5266491174697876, 1.02373468875885] [0.0, 0.0] 0.11759279668331146
barrier [350.5024551324656, 1107.8054266244696, 1.4529817025388676] [-0.9725257332432105, -0.018026458480853574, -0.005116955725576583, 0.2320400002984298] [2.1696479320526123, 0.5129072666168213, 1.081268072128296] [0.0, 0.0] 0.11758774518966675
barrier [383.70556798285907, 1156.760427998303, 0.7291254502016138] [0.24967722889381427, 0.003906726694970776, 0.018326863555727463, -0.9681477908515028] [2.2145731449127197, 0.4701528251171112, 1.049353003501892] [0.0, 0.0] 0.11706840246915817
barrier [345.5198684491843, 1153.1444053698292, 1.422860755922641] [-0.8204716177964835, -0.014909863814909172, -0.011350436215419694, 0.5713800731117256] [2.652580499649048, 0.6023154258728027, 0.9914464950561523] [0.0, 0.0] 0.11626395583152771
barrier [409.0039071140881, 1190.7739963507229, 1.3117501712029944] [-0.9604260910033662, -0.017763485032577554, -0.005966157956075412, 0.2779039173504634] [2.1571261882781982, 0.5371414422988892, 1.1284277439117432] [0.0, 0.0] 0.11541790515184402
barrier [351.10670437643864, 1108.287528465875, 1.2994625366072259] [-0.9667835704499819, -0.017900782990303187, -0.005540614550166862, 0.25490859433672386] [2.450610637664795, 0.43144652247428894, 1.0387144088745117] [0.0, 0.0] 0.11396521329879761
barrier [405.1428604496107, 1104.5009074486966, 0.4109762633740346] [-0.6588638841228922, -0.01174034432035623, -0.01460481963253665, 0.7520287532782477] [2.128575086593628, 0.5658389329910278, 1.004703164100647] [0.0, 0.0] 0.11368533223867416
motorcycle [356.0389390060136, 1124.5151550669248, 1.0490817865194444] [-0.9848445714297078, -0.01830445267365613, -0.004010418129987407, 0.17242399393406477] [0.9501964449882507, 2.035872220993042, 1.871422529220581] [0.0, 0.0] 0.6220356225967407
bicycle [383.71461901127714, 1153.0460476061505, 1.0436144650369175] [-0.0719030707023744, -0.002137988831132129, 0.018616268289251822, -0.9972355849959973] [0.5442290306091309, 1.5438010692596436, 1.0687181949615479] [0.0, 0.0] 0.4416270852088928
bicycle [365.9475282450271, 1160.6634154758726, 2.651187109472444] [-0.997824943111112, -0.01873454764709352, 0.0003913639204519079, -0.06320005113957872] [0.6139849424362183, 1.7651851177215576, 1.2292191982269287] [0.0, 0.0] 0.4021068513393402
motorcycle [409.20368687432966, 1116.882502944068, 1.045384395707087] [-0.8850909064562731, -0.016204278080117502, -0.009410516094331498, 0.4650408055936085] [0.7355473637580872, 2.1800665855407715, 1.4006716012954712] [0.0, 0.0] 0.4013027548789978
bicycle [372.49905529025295, 1129.4227588539788, 1.152482853227451] [-0.9723260191864713, -0.018022055640266356, -0.005132441111069109, 0.23287545162968287] [0.6749206781387329, 1.7236584424972534, 1.5664918422698975] [0.0, 0.0] 0.36311113834381104
bicycle [371.73597635243965, 1129.1986275435481, 1.1180408521119343] [-0.9569327141735781, -0.017688704056850885, -0.0061843504144409285, 0.28970440815273857] [0.7012059688568115, 1.8315540552139282, 1.6465781927108765] [-0.00025227007370140557, -0.0005698269355170905] 0.3368460237979889
motorcycle [402.22535113653805, 1196.5938335882495, 0.48413167102482857] [-0.8997046408694047, -0.016500897309423924, -0.008880136780663626, 0.4360968043414157] [0.8260536193847656, 1.980806827545166, 1.4258801937103271] [0.0, 0.0] 0.23673970997333527
motorcycle [380.6652632783315, 1165.8755478104113, 0.5079417882631214] [0.10309246299654651, 0.0011409967262850313, 0.018703865047900007, -0.9944952526945742] [0.7717145681381226, 2.0120341777801514, 1.285963773727417] [0.0, 0.0] 0.20187047123908997
bicycle [389.99741847346996, 1112.4507346072603, 0.6373726208817374] [0.5120976357919189, 0.008907437711567346, 0.016486175865675964, -0.8587228161491148] [0.6305737495422363, 1.7954814434051514, 1.1300384998321533] [0.0, 0.0] 0.194301038980484
bicycle [397.4660429057998, 1187.1528675967888, 1.500330881053509] [-0.7758573396897854, -0.01402742457003232, -0.012424483940651307, 0.6306300436929946] [0.5428813695907593, 1.5607839822769165, 1.1399624347686768] [0.0, 0.0] 0.17259475588798523
bicycle [378.6002016836657, 1163.9139355373643, 1.2055809640246273] [-0.8632627264866803, -0.016565081351901136, 0.008759824259900762, -0.5044069077813294] [0.6106120347976685, 1.6828550100326538, 1.7971018552780151] [0.6823491588588023, 1.1984953879625275] 0.15207892656326294
bicycle [407.58316695125694, 1163.1041089475198, 0.8615281072296034] [-0.9741610148639457, -0.018419933562172284, 0.0034412917377937935, -0.22507594424546346] [0.7028783559799194, 1.5774255990982056, 1.7508506774902344] [-0.0003446234870463157, -0.00041848860309404883] 0.14297544956207275
motorcycle [416.41862222183863, 1109.1633527210054, 1.2392485835468419] [-0.46491565251952555, -0.009408224778114697, 0.01620560852865197, -0.8851566525768663] [0.6753360033035278, 1.9075814485549927, 1.2436790466308594] [0.0, 0.0] 0.13877388834953308
bicycle [410.02827828010845, 1123.4932910714047, 0.9859777277715114] [0.2815852337955882, 0.004511188578312446, 0.018187512718080834, -0.9593532298726175] [0.6059226393699646, 1.7304695844650269, 1.258429765701294] [-0.058832600114904564, -0.2563786243933971] 0.13275988399982452
bicycle [407.8323029632923, 1190.0355754221455, 1.4197943973451457] [0.18452992853566053, 0.0026753261252407128, 0.018546672784708666, -0.9826482427773244] [0.7010767459869385, 1.8017494678497314, 1.450494408607483] [-0.010487304599327198, 0.0007534147608794041] 0.12573319673538208
bicycle [377.1857586282015, 1145.6565922305874, 0.5504287292412955] [0.5650261723133313, 0.009925410135982556, 0.0158941081817126, -0.8248601627910547] [0.5588213801383972, 1.673981785774231, 1.219444990158081] [-0.09588106650339275, -0.23287961278336655] 0.12060652673244476
bicycle [371.12729161951535, 1128.8178431686945, 1.1434850625778918] [-0.7512332958505731, -0.013543205097084482, -0.012950599868645222, 0.6597707168132161] [0.6869716644287109, 1.825942873954773, 1.5854421854019165] [0.005590027101844163, -0.019545309531070035] 0.12054716050624847
bicycle [413.8172674277482, 1151.240763487514, 0.4553737625250353] [-0.869333608050167, -0.016670395462786487, 0.008557707425108455, -0.493870369098226] [0.537882387638092, 1.514686942100525, 0.9897910952568054] [0.0, 0.0] 0.11917499452829361
motorcycle [366.613149873142, 1161.041650102988, 2.5235189955557633] [-0.99506243958425, -0.01855528436417722, -0.0026149308640897283, 0.09746591654204217] [0.7754325270652771, 2.2927043437957764, 1.4120442867279053] [0.0, 0.0] 0.11678468436002731
bicycle [412.64545817004625, 1136.3915694884947, 0.7598264797665757] [-0.9820587884942444, -0.018538105266740865, 0.0027340618827457735, -0.18764167847244484] [0.521369993686676, 1.5464588403701782, 1.121960163116455] [-4.92098060468694e-06, 1.8939699437373268e-06] 0.11639619618654251
bicycle [390.3064171767503, 1111.7298085879138, 0.9991290501503187] [0.3656654028599312, 0.006108456440875342, 0.01771505577663749, -0.9305577234701907] [0.6157378554344177, 1.8649632930755615, 1.1789143085479736] [0.0, 0.0] 0.11497889459133148
bicycle [383.42986484572646, 1153.6726523795776, 0.83503923895334] [0.058266010031982896, 0.000298735117416276, 0.018736253590007555, -0.9981252103988218] [0.5722137689590454, 1.6210031509399414, 1.0893325805664062] [0.0, 0.0] 0.11235737800598145
motorcycle [391.9512767071831, 1104.4679760833717, 1.3928448804369378] [-0.8567023386572692, -0.015632668367329704, -0.01033228537045595, 0.515470626222198] [0.7635183334350586, 1.9334003925323486, 1.4887421131134033] [-0.0005502766853254207, 0.001049671984598599] 0.10634607076644897
motorcycle [404.5647289630797, 1182.6479229247475, 0.7863198908415423] [-0.7327798789628164, -0.014261324892697033, 0.01215528911891399, -0.6802076980937365] [0.6975499391555786, 1.9083362817764282, 1.3063647747039795] [-0.0038104911755317415, 0.0033281873937426737] 0.10631723701953888
bicycle [391.1924094698604, 1122.7708085623992, 0.6541980776000393] [-0.09253001488142143, -0.0025228795385032806, 0.018568024130037372, -0.9955335553886585] [0.5666931867599487, 1.435272455215454, 1.5644787549972534] [-1.4086555587702911, 0.1014917450956802] 0.10614953935146332
motorcycle [387.1915773903398, 1107.6776247614173, 1.1107113753582172] [-0.7717862733673828, -0.0149563193394471, 0.011289152008717454, -0.6356058619934423] [0.68648761510849, 1.9495489597320557, 1.4097263813018799] [-0.00698305316998099, 0.03540021463943959] 0.10596095025539398
bicycle [418.04666714386474, 1124.8986199458313, 1.3928244469142073] [-0.9138218284245866, -0.017433439752301067, 0.006871071216508937, -0.4056827941304446] [0.6468009948730469, 1.8006322383880615, 1.2916064262390137] [8.665171649349517e-06, -3.3346986091325835e-06] 0.10436349362134933
bicycle [430.22650058088476, 1176.9398000759572, 1.7982318206896017] [0.1227888923142198, 0.0015115920815087823, 0.018677567578209125, -0.9922558901225966] [0.6887416243553162, 1.8470592498779297, 1.4180693626403809] [0.0, 0.0] 0.10314027220010757
bicycle [373.0625077636309, 1129.8610599766903, 1.2263242797784835] [-0.7556958926799996, -0.01363082886896273, -0.012858341479541638, 0.6546545511529864] [0.7444409132003784, 1.8046766519546509, 1.5131611824035645] [0.0, 0.0] 0.1030021384358406
motorcycle [381.79723385025727, 1206.1270786545504, 1.6591686767461946] [-0.3303325521457384, -0.006934595805728099, 0.017408268790164834, -0.9436785832854439] [0.7217682003974915, 1.9268629550933838, 1.4940557479858398] [-0.1680672078514858, 0.101055186147121] 0.10288499295711517
bicycle [428.68824038200734, 1175.7067934530646, 1.9086341915334197] [-0.37436837053439864, -0.007746003977026807, 0.01706270387855728, -0.9270907111508337] [0.6779550313949585, 1.692682147026062, 1.707597017288208] [-0.6284668349726797, 0.7325694185789032] 0.10129423439502716
motorcycle [413.1130409553236, 1101.3288087129306, 0.3812486312680812] [-0.9328663611422356, -0.017182469439061192, -0.0074765757693730965, 0.3597349243651264] [0.7561327219009399, 2.005232810974121, 1.5588064193725586] [2.8567282662963387, -2.405585641349684] 0.10110026597976685
bicycle [392.8161467421837, 1181.7991249348722, 0.7065461414282839] [-0.803953478428873, -0.014582289335366814, -0.011768316744509216, 0.5943968944071418] [0.5407955646514893, 1.5735301971435547, 1.1139520406723022] [0.0, 0.0] 0.10106211155653
bicycle [415.8667259527462, 1160.03240674806, 0.72242622935641] [-0.9026997994477994, -0.017244372328732094, 0.007332671017269735, -0.4298626939333559] [0.4680742025375366, 1.4520771503448486, 1.0255190134048462] [0.0, 0.0] 0.10004782676696777
pedestrian [388.466118256331, 1115.3058177132123, 1.1988802287228337] [0.5729173399986854, 0.01007750818955072, 0.01579810969543467, -0.8193989169431273] [0.6544406414031982, 0.7353900671005249, 1.8367626667022705] [-0.41221449034985946, -1.1354816010968334] 0.8302094340324402
pedestrian [377.2865137149776, 1147.9746515106012, 1.0022933015524733] [0.4797367084332918, 0.008286799008316652, 0.016806707097323105, -0.8772123768736566] [0.6103839874267578, 0.6861174702644348, 1.7390533685684204] [-0.6098973296562575, -0.9013537117871572] 0.8244801163673401
pedestrian [388.16623830651315, 1116.5722876972384, 1.1583638221384431] [0.5800588130667758, 0.010215233656103323, 0.01570940618262392, -0.8143590344205083] [0.6533904075622559, 0.7236552238464355, 1.7947758436203003] [-0.40376098859478965, -1.1744938963226461] 0.7990157008171082
pedestrian [376.6054700418858, 1148.5421966036486, 1.007060527449668] [0.4678679663663026, 0.008059485332804343, 0.01691688911797203, -0.883599699868102] [0.6088306903839111, 0.6859846115112305, 1.7533191442489624] [-0.6122911851098694, -0.8696862382157587] 0.796186089515686
traffic_cone [390.6957253710556, 1148.995852453884, 0.6606933964861] [-0.9563641914483301, -0.017676572982806837, -0.006218939527198519, 0.29157571379338415] [0.4250640571117401, 0.4164849519729614, 0.7227609753608704] [0.0, 0.0] 0.7821499109268188
traffic_cone [391.1032916758965, 1149.7666906794443, 0.6990878574454361] [-0.950150691077805, -0.017544625153260815, -0.006581988262752884, 0.3112274534855642] [0.48361170291900635, 0.46272993087768555, 0.7329691648483276] [0.0, 0.0] 0.7804965376853943
pedestrian [407.54887388439255, 1163.1049829386404, 0.9539123570707513] [-0.9822888589947131, -0.0182454760463599, -0.004270719506260724, 0.18643352985341438] [0.6642303466796875, 0.644433856010437, 1.6889419555664062] [0.013798364662004958, 0.01386589074665879] 0.7509071826934814
pedestrian [373.70374615877336, 1143.5449362919537, 0.8740779171420564] [0.4416017687452476, 0.007556998635174757, 0.017147250884250093, -0.8970154633002757] [0.631438672542572, 0.697757363319397, 1.7676498889923096] [-0.7428823260155456, -1.0006119796734911] 0.7482860684394836
pedestrian [376.20748100917314, 1147.0262666554781, 1.0109998070062407] [0.4643818121817277, 0.007992748414866217, 0.01694852247354035, -0.8854368391215457] [0.5923072099685669, 0.6844161152839661, 1.7874318361282349] [-0.69301798962095, -0.9362855894788847] 0.7112612724304199
pedestrian [374.29474503974774, 1142.8783774110836, 0.8506224765050111] [0.4601386904028377, 0.007911539283789477, 0.016986582570384916, -0.8876492827424022] [0.6232016682624817, 0.6949598789215088, 1.7452168464660645] [-0.7320996098641178, -1.0651490321010415] 0.7105584144592285
pedestrian [386.49292111025466, 1111.0391852377002, 1.3421359851405117] [-0.6074955361789772, -0.010745069080256233, -0.015351870626082353, 0.7941020319085932] [0.6644729375839233, 0.7452710866928101, 1.8226191997528076] [-0.3462742422040716, -1.3442549247646478] 0.7094125747680664
pedestrian [375.39924151731685, 1147.436655266056, 0.9982947930592376] [0.46092662680093877, 0.007926618053879371, 0.01697955145130054, -0.8872403892207837] [0.5976214408874512, 0.6623952388763428, 1.736592411994934] [-0.7442060933697252, -0.9387871487678568] 0.7076333165168762
pedestrian [402.27006219679663, 1120.9760311638447, 0.8904046577341271] [0.11797014364892461, 0.0014208965732951545, 0.018684686087474065, -0.992840323902183] [0.6042101979255676, 0.5842300057411194, 1.738529086112976] [0.0, 0.0] 0.6978647708892822
traffic_cone [389.8378143269307, 1148.7236648713172, 0.6347047082173005] [-0.9485940221197422, -0.01751173538183425, -0.0066690003130951536, 0.31594025504425594] [0.38535743951797485, 0.3775825798511505, 0.7399439811706543] [0.0, 0.0] 0.6850332021713257
pedestrian [391.33862701755857, 1122.781730889483, 0.696296304538726] [-0.05069008348491322, -0.001741807687685096, 0.01865750645822131, -0.9985386216842251] [0.6272804737091064, 0.6913087964057922, 1.6370340585708618] [-1.0843585258268533, 0.1290642452532376] 0.6809317469596863
pedestrian [375.850106958921, 1147.1871529117182, 1.0175637522927254] [0.4632045998293608, 0.007970215684924918, 0.016959130378507783, -0.8860532502370618] [0.5913379788398743, 0.6580420732498169, 1.7550477981567383] [-0.6893114829551968, -0.9548934470402258] 0.6785086393356323
pedestrian [376.31027883777233, 1146.5718139687706, 1.005979766824956] [0.4660216134473361, 0.008024138085464028, 0.016933683865150383, -0.8845748805831426] [0.5940029621124268, 0.6907089948654175, 1.7519605159759521] [-0.6431183824210402, -0.9865912077685524] 0.6720473170280457
pedestrian [388.9840386593324, 1115.0833550674329, 1.160366995073301] [0.5712449430725429, 0.010045266189794271, 0.01581863042224657, -0.8205657064323286] [0.651358962059021, 0.7147491574287415, 1.8113890886306763] [-0.4073920286834452, -1.0984183270340664] 0.6682050228118896
pedestrian [389.1018048280198, 1123.6383049307415, 0.7900847592389446] [-0.7369452195012673, -0.013263020613879163, -0.013237398742021227, 0.675692686813294] [0.5942372679710388, 0.622776448726654, 1.6653306484222412] [0.08027536216286191, -0.3243647666201457] 0.6641561985015869
pedestrian [393.74457643829214, 1118.1691707644247, 0.9832772837433835] [-0.9946928977168314, -0.018706038111036757, 0.00110479837431505, -0.10116769637800727] [0.6587263941764832, 0.6399486064910889, 1.7660375833511353] [0.0, 0.0] 0.6381928324699402
pedestrian [371.64059263537985, 1129.196008225951, 1.121097550796014] [-0.8102571795593038, -0.014707170923155797, -0.011611871713747501, 0.5857748428631443] [0.6212695240974426, 0.6609535813331604, 1.7410569190979004] [0.0, 0.0] 0.6270866394042969
pedestrian [376.5028420571586, 1146.072462311829, 0.9359935185970021] [0.5096497920765871, 0.008860446572211562, 0.016511478667897466, -0.860177861256049] [0.6001128554344177, 0.6634973883628845, 1.7088720798492432] [-0.5574628431338237, -1.0096838890751758] 0.6251875758171082
pedestrian [387.777195623138, 1108.9017570332703, 1.3077815133940205] [-0.7619250319516945, -0.014781023910001842, 0.011517715634248079, -0.6473940911408975] [0.7157211899757385, 0.7435827255249023, 1.8706517219543457] [0.27651600027839707, 1.2994067807113985] 0.6193874478340149
pedestrian [387.62009467633476, 1112.078779623635, 1.3205789312495668] [0.5593958577563112, 0.009816942745925924, 0.015961330658270975, -0.8286888064188029] [0.668081521987915, 0.7528160810470581, 1.82990562915802] [-0.5634817343869529, -1.3115386551055623] 0.6056468486785889
pedestrian [410.0523919000939, 1191.688794006836, 1.4995874966222713] [-0.9750431386236019, -0.018082183374793448, -0.004916409834400722, 0.2212232839955478] [0.6324265003204346, 0.68281090259552, 1.685265302658081] [0.9410077201836172, -0.34330758794115734] 0.6028740406036377
pedestrian [370.78560088411353, 1138.3229712100072, 0.8129559866069713] [0.5419238924236519, 0.00948062603490339, 0.016163358909761325, -0.8402186372481496] [0.6353684067726135, 0.6948069334030151, 1.73298180103302] [-0.49010076660656154, -1.1853346823319875] 0.5842295289039612
pedestrian [372.66011445326535, 1129.3798036594615, 1.129020528533168] [-0.85357584469184, -0.015570027790934691, -0.010426441188102972, 0.5206314828334445] [0.6643380522727966, 0.7264983654022217, 1.731324553489685] [0.0, 0.0] 0.5752407312393188
pedestrian [410.36339862402315, 1124.819945098176, 1.3049611712325204] [0.003443962191539196, -0.0007291577667128922, 0.018724443121510743, -0.9998184848677096] [0.638041615486145, 0.6811153292655945, 1.7171522378921509] [-1.0595119044952688, -0.06396571217684197] 0.5729872584342957
pedestrian [413.37874152843074, 1192.6614506055764, 1.4976318541240985] [0.0998034802682024, 0.001079143890999553, 0.01870753564000259, -0.9948307036300668] [0.653932511806488, 0.6986899375915527, 1.7504315376281738] [-1.2210010461536058, -0.24249713651866897] 0.5726072788238525
pedestrian [411.64723471482756, 1192.6627564453438, 1.4758648657777023] [-0.010508980222799169, -0.0009903889903977434, 0.01871244427933314, -0.9997691858091128] [0.6521866321563721, 0.6809249520301819, 1.7369651794433594] [-1.030023303677495, -0.056095269228015776] 0.572522759437561
pedestrian [411.69261098983685, 1194.4673050433425, 1.947521631705536] [-0.021087722141668708, -0.0011883443724629256, 0.018700916525985684, -0.9996020065674216] [0.7637537717819214, 0.8201069235801697, 1.9479060173034668] [-1.2759732186429904, -0.03671865453709186] 0.5504764318466187
pedestrian [378.43930711974184, 1163.902158122173, 1.2464783655308205] [-0.8496037190398917, -0.016327319462990014, 0.009195383646858688, -0.527088592318525] [0.682048499584198, 0.7934231162071228, 1.825627088546753] [0.5977936949251343, 1.3287411225610122] 0.5298736095428467
traffic_cone [385.67826421301953, 1136.687475343271, 0.6968522347241296] [-0.9845100425083537, -0.01829668041599134, -0.004045729478663605, 0.174323950617633] [0.3647666275501251, 0.3678209185600281, 0.7230265736579895] [0.0, 0.0] 0.5239322781562805
pedestrian [361.51084548178886, 1141.661315199475, 0.8168245254948929] [-0.9466101200872489, -0.017469906944728754, -0.006777816211875823, 0.3218355855202211] [0.6669807434082031, 0.7127996683120728, 1.76039719581604] [1.118634600786651, -0.9659628187473084] 0.4852505326271057
traffic_cone [401.2458247434529, 1173.3893859338982, 0.8243476826510205] [-0.8794358985264087, -0.0160899672682608, -0.009604654838449163, 0.47564836165153307] [0.42920732498168945, 0.4348667562007904, 0.8606119155883789] [-3.818714514107427e-06, -0.00013057414005164313] 0.47168201208114624
pedestrian [407.86293840566674, 1163.3796370721323, 0.8858404660117255] [-0.9929422806763628, -0.018499991759535393, -0.002981064601207308, 0.11710888439380845] [0.6465715169906616, 0.657708466053009, 1.6307415962219238] [0.01896143211962786, 0.03682658101576726] 0.4537836015224457
pedestrian [386.9304443475633, 1112.8657987187435, 1.393892640503291] [0.5736352629571725, 0.010091350202487389, 0.015789271431899777, -0.8188964822557214] [0.6595195531845093, 0.7198976874351501, 1.7999823093414307] [-0.38137453996696635, -1.2939321165341091] 0.4536212086677551
traffic_cone [389.61211816890625, 1148.5832203950868, 0.6609082420808692] [-0.9421790618706065, -0.017376814113892948, -0.007013043027863117, 0.3345855330574877] [0.3670611083507538, 0.36918455362319946, 0.7417142391204834] [0.0, 0.0] 0.43662363290786743
pedestrian [369.8035305004064, 1128.9409863877927, 1.1106584507640886] [-0.645495827347077, -0.011480893343549493, -0.014809643118370196, 0.7635338895139181] [0.6477655172348022, 0.6825333833694458, 1.8589675426483154] [0.0, 0.0] 0.432411253452301
pedestrian [428.7394991027096, 1175.6551699600113, 1.800032886437612] [-0.43084247425440514, -0.008783755533885513, 0.01655240405440806, -0.9022325786276406] [0.6727186441421509, 0.7177822589874268, 1.7966830730438232] [-0.6731506736065963, 0.8352989238397859] 0.3914482593536377
pedestrian [425.9196617977719, 1179.0514017730825, 1.863755359438857] [-0.48104143150206047, -0.009703308244631377, 0.016030665936545417, -0.8764975782836983] [0.6517889499664307, 0.7041654586791992, 1.825174331665039] [-0.5973493314500331, 0.9547575282596465] 0.3905702829360962
pedestrian [408.93533299098345, 1191.2794602556785, 1.4429686391564216] [-0.8688535300973008, -0.015876676780057948, -0.009953269597525106, 0.49471446996848434] [0.6140462160110474, 0.6494595408439636, 1.6432170867919922] [0.05478406796676931, -0.011968040959412805] 0.38370251655578613
pedestrian [392.0184287781493, 1104.844658475394, 1.3393598563676161] [-0.903968610705586, -0.016587812304440994, -0.008716703746949571, 0.42718803168833314] [0.6586447954177856, 0.6913740634918213, 1.7723569869995117] [0.14231148123413687, -0.09921406454457772] 0.3672509491443634
pedestrian [413.2038598889461, 1193.1080887048086, 1.5141609331657857] [0.05712085262509903, 0.00027723938007704826, 0.018736583989233023, -0.9981914003607331] [0.6646273136138916, 0.7194637060165405, 1.781712532043457] [-1.2241265819983893, -0.1444221652631432] 0.3657258152961731
pedestrian [407.7567537778966, 1190.014273995775, 1.3976278580518189] [0.5848948019550346, 0.010308539632434938, 0.01564833703324308, -0.8108926773653343] [0.6637586951255798, 0.7116738557815552, 1.6254342794418335] [-0.049348879124967854, -0.01221143017016406] 0.3628317415714264
pedestrian [408.308003169938, 1190.12279676612, 1.4113742702964924] [-0.7964597210658418, -0.014434026618320873, -0.011949699445636834, 0.6044011716388884] [0.6408591270446777, 0.6871528625488281, 1.5748028755187988] [-0.0026382550380335146, -0.002306721362320653] 0.33715111017227173
pedestrian [411.99345196476645, 1195.3019113349933, 1.9356029131927117] [-0.23576865323102664, -0.005186062966154188, 0.018006698536115185, -0.9716285327800781] [0.7078173756599426, 0.7684627771377563, 1.8535120487213135] [-0.8077903927051728, 0.43775831693293793] 0.3310376703739166
pedestrian [387.04496568194304, 1108.4244490864485, 1.1602369868193243] [-0.7221884530956635, -0.01407191735846676, 0.012374068979762908, -0.6914424790060502] [0.6360409259796143, 0.677935004234314, 1.736361026763916] [0.10374471471829629, 0.6943136742939536] 0.3300204575061798
traffic_cone [390.5738891996565, 1112.890233144626, 0.70355999702904] [-0.30035025515123154, -0.006381085213158323, 0.017618688735597236, -0.9536448960642161] [0.3773132264614105, 0.37608712911605835, 0.8240480422973633] [0.0, 0.0] 0.3221293091773987
traffic_cone [385.45861287763466, 1136.8563841262846, 0.7463428285287557] [-0.995717076632417, -0.018573045170554376, -0.0024856456609894184, 0.09053378850646121] [0.36545225977897644, 0.36825793981552124, 0.8391127586364746] [0.0, 0.0] 0.3216175436973572
pedestrian [391.6427843545033, 1111.375734926983, 1.012966572964434] [-0.9972391849239128, -0.018616375344497425, -0.0021370564550888997, 0.07185312526974275] [0.6200926303863525, 0.6344941258430481, 1.7162418365478516] [-0.0002856878906633285, 0.00046292002884278793] 0.3193601071834564
traffic_cone [385.29481399719754, 1136.5193231963772, 0.7741403655540313] [-0.9959094490447313, -0.018578347104451942, -0.002445702378857847, 0.08839249324551968] [0.38246703147888184, 0.38719552755355835, 0.8516319990158081] [0.0, 0.0] 0.28961116075515747
traffic_cone [390.244828513546, 1149.2250977443875, 0.6783825374216321] [-0.9350966047962116, -0.01722886495044834, -0.007369033435849054, 0.35389716480545197] [0.3998498022556305, 0.3991977572441101, 0.7633078098297119] [0.0, 0.0] 0.2671844959259033
pedestrian [369.3735226786915, 1129.0959800183134, 1.1220196824087936] [-0.6366027595620969, -0.011308471581458288, -0.01494171716205333, 0.7709641950678789] [0.6698237061500549, 0.7071439027786255, 1.875108242034912] [0.0, 0.0] 0.2598990201950073
pedestrian [388.4104780253999, 1116.1315119677458, 1.2192785713843897] [0.5709516450704515, 0.010039612136760153, 0.01582221948409473, -0.820769810939757] [0.6765239834785461, 0.7885096073150635, 1.8274147510528564] [-0.4348890268028105, -1.2346941540981822] 0.25007525086402893
pedestrian [376.5790117823193, 1147.6921414739404, 0.9953638758046266] [0.47301950138220156, 0.008158128954624972, 0.01686953980460517, -0.8808526635430427] [0.59493088722229, 0.7069115042686462, 1.7791578769683838] [-0.6281445020302349, -0.9248877760830001] 0.24689796566963196
pedestrian [388.58081111330904, 1111.2225205166974, 1.0559682750784831] [0.5446586351801365, 0.009533239531814772, 0.01613238312489797, -0.8384484687101829] [0.5733629465103149, 0.6072601079940796, 1.5655930042266846] [-0.055381220744642155, -0.34922126307899054] 0.24416854977607727
pedestrian [410.41423578555975, 1166.4553399113754, 2.211166147685523] [-0.7391741161684479, -0.014375537626929703, 0.012019998302669473, -0.6732536591399508] [0.6772304177284241, 0.6844239234924316, 1.8230534791946411] [0.0024395211601857553, 0.003725586173633927] 0.232245072722435
pedestrian [386.68651747263783, 1113.3045148800704, 1.3771269472695384] [0.5475579382799193, 0.009589029988820911, 0.01609928399441857, -0.8365579285293898] [0.6943893432617188, 0.7596609592437744, 1.8131006956100464] [-0.492661298867286, -1.0865366566744754] 0.23065724968910217
traffic_cone [389.3873790347863, 1112.1741806115276, 0.9010550397370776] [-0.01618951969434962, -0.0010966974967396383, 0.018706514797259637, -0.9996933344835334] [0.39546412229537964, 0.4021960496902466, 1.1068179607391357] [-0.011877995873024157, 0.003457735092315126] 0.22154171764850616
pedestrian [407.67633475480716, 1162.4217942751864, 0.7183947086296756] [-0.9685963320103936, -0.018333876763362567, 0.0038736809477915115, -0.24793146063932825] [0.5248709917068481, 0.5346634984016418, 1.3914358615875244] [-0.007187218955862121, -0.011225669458242138] 0.2182234227657318
pedestrian [396.4201131949876, 1105.9931984489388, 1.3089003799568055] [-0.9664380435927593, -0.01830003835319316, 0.004030513308638011, -0.2562154785631408] [0.6535615921020508, 0.6593019962310791, 1.6127349138259888] [0.0008123911541561106, 0.0014893233468655598] 0.2181016206741333
pedestrian [410.45083111499747, 1167.2298080509415, 2.1683365143827276] [-0.9191290411913485, -0.017523155792245147, 0.0066389345786921385, -0.39351069769119607] [0.6744709014892578, 0.6934725046157837, 1.8084243535995483] [0.00036358297608993055, 0.0013230710697597133] 0.21670754253864288
pedestrian [386.9747694032549, 1107.056937525324, 1.2189109259108057] [-0.7444712103176044, -0.014470073001845841, 0.0119060248857753, -0.6673915496670456] [0.6638627052307129, 0.6999847888946533, 1.781623363494873] [-0.004661393923910217, -0.010147483798352406] 0.2159435749053955
traffic_cone [405.5818348273944, 1108.4287525081975, 0.5239439503836898] [-0.5105586006815621, -0.010242638055000027, 0.015691552088105052, -0.8596387490270692] [0.39215871691703796, 0.3856164216995239, 0.7824355959892273] [0.0012405111832735054, 0.00026448722262899146] 0.21433474123477936
pedestrian [410.5265690583038, 1191.5801531949733, 1.4815770147136225] [-0.9648595059104268, -0.017859048343742596, -0.005673696635819852, 0.26209730523800967] [0.6604076623916626, 0.7288840413093567, 1.7132567167282104] [0.6867735561035393, -0.31982114408492673] 0.21030369400978088
traffic_cone [392.91659870556066, 1181.5336721700783, 0.9336992985908958] [-0.9624341268860296, -0.017806670851229542, -0.005836001581170185, 0.270867892087389] [0.3860909938812256, 0.3906160891056061, 1.0071144104003906] [0.0, 0.0] 0.21023905277252197
pedestrian [410.3121118137308, 1124.0251582083863, 1.2279038038278454] [0.010189138580752655, -0.0006028171037851218, 0.01872893624311944, -0.9997724966279687] [0.624912440776825, 0.6844009160995483, 1.674562931060791] [-0.7342118036162908, -0.021267119202985442] 0.19745951890945435
traffic_cone [391.40776906551315, 1150.036252598171, 0.6808595258582387] [-0.9480431599853845, -0.017500111349075413, -0.006699443561178095, 0.317589405307649] [0.3900116980075836, 0.3787238299846649, 0.7565734386444092] [-0.0005963104594008527, -3.4396191370369076e-05] 0.19547535479068756
pedestrian [397.4798896671446, 1187.0489197921847, 1.333787309166802] [0.43253028237954694, 0.007383634092785036, 0.017222612718264068, -0.9014246604034131] [0.639991044998169, 0.6629714369773865, 1.6481717824935913] [-2.285971309341827e-05, -0.0002058227485379071] 0.19403937458992004
pedestrian [391.226685799922, 1103.9224535886528, 1.6156993434883296] [-0.9994790834874493, -0.018694496417269214, -0.001285396811944508, 0.026275943937901725] [0.6847745180130005, 0.718551516532898, 1.8272162675857544] [0.039202178757969025, -0.036096937102079986] 0.18585586547851562
traffic_cone [393.6160782828748, 1113.7787612034692, 0.6678029059284438] [-0.6451461846933686, -0.012686752542760079, 0.013790676240787449, -0.7638293421532911] [0.3557303547859192, 0.3504125475883484, 0.8559015989303589] [0.0, 0.0] 0.18506355583667755
pedestrian [370.23977568902535, 1128.8861132070315, 1.102209926509167] [-0.7094041427111583, -0.012724402101471695, -0.013755945348085365, 0.7045527842986543] [0.6459571123123169, 0.6849102973937988, 1.8256090879440308] [0.0, 0.0] 0.18501201272010803
pedestrian [393.8141443637187, 1118.8357982358295, 0.8944899943840448] [-0.9985772701714788, -0.01865883911349137, -0.0017274733561746768, 0.04992293116010771] [0.6032137870788574, 0.6140931844711304, 1.6131377220153809] [0.0, 0.0] 0.18467171490192413
traffic_cone [390.47501405959133, 1149.8621937730913, 0.7577506358923628] [-0.9290347235076988, -0.017102956119511358, -0.007656718176445946, 0.3695177209224388] [0.4127749800682068, 0.4069461226463318, 0.7845067977905273] [0.0, 0.0] 0.18343380093574524
pedestrian [347.20958864873273, 1145.7858556914462, 1.2211852215994758] [-0.27821178654359996, -0.005971852084007715, 0.01776157155057461, -0.9603369540879689] [0.6805452108383179, 0.6965786814689636, 1.7740153074264526] [-0.13648217168396937, 0.045665045310972714] 0.17884407937526703
pedestrian [376.8783772689922, 1146.9433200405329, 0.9974014060697863] [0.47462488315195744, 0.00818887572074437, 0.016854636029581063, -0.8799886839339073] [0.6071537733078003, 0.7033282518386841, 1.7629848718643188] [-0.5988054466884539, -0.8268712725807021] 0.1772635281085968
traffic_cone [391.63163227112693, 1113.8748273822816, 0.643861631588029] [-0.5830383158159684, -0.011562194788149436, 0.014746256912869068, -0.8122285305560367] [0.358822762966156, 0.3702440857887268, 0.7615202069282532] [-5.543554477640529e-05, 0.00013733439984423958] 0.1754886358976364
pedestrian [390.6921513155633, 1108.4223809466187, 1.0883428533439972] [-0.7195246344064121, -0.012922116182370273, -0.01357038520561495, 0.6942140621170522] [0.7317041754722595, 0.7512072920799255, 1.8279954195022583] [-0.01705390775557458, -0.07966083936743232] 0.17162278294563293
traffic_cone [389.80178726029726, 1111.9012673266573, 0.8949087030498182] [-0.2084432474931483, -0.004679334245659209, 0.018144979258099186, -0.9778549361399418] [0.42504847049713135, 0.4261559844017029, 1.0741606950759888] [0.00029264529166643283, -0.00010708204307433842] 0.1698022484779358
traffic_cone [390.2291919406997, 1111.5969103113398, 0.932892120589518] [-0.03854589103031447, -0.0015148369970161809, 0.01867730468059885, -0.9990811167484942] [0.47746458649635315, 0.47301623225212097, 1.2956740856170654] [0.0, 0.0] 0.15939758718013763
traffic_cone [412.59439163360213, 1136.280839672138, 0.7356173493743778] [-0.21893334301861522, -0.004873940616119652, 0.01809367691018019, -0.9755598673958626] [0.37805336713790894, 0.39170369505882263, 0.9586601257324219] [0.00103497314634383, -0.0007049338905888296] 0.15774758160114288
pedestrian [374.2469234887041, 1142.3759822987067, 0.8248886401122288] [0.47745437719135836, 0.008243074373645395, 0.01682819556963845, -0.8784567042601199] [0.652184009552002, 0.7537270784378052, 1.749265193939209] [-0.6218813939582083, -0.8937800915600927] 0.1544332206249237
