car [383.98497128990255, 1128.1595288749052, 1.0243112668743428] [0.4947412571294421, 0.009659437003254822, 0.01977623169982425, -0.8687615808900132] [1.820289134979248, 4.299517631530762, 1.6069591045379639] [-3.216251442402317, -5.51721017620788] 0.8494558334350586
car [353.95515411914636, 1132.3695044840692, 0.9099400598515557] [-0.9797967352360071, -0.02124961009696366, -0.005732201513554975, 0.1987811700272376] [1.9494106769561768, 4.525980472564697, 1.6358404159545898] [0.0, 0.0] 0.8099038004875183
car [397.8019476017536, 1121.0231705296037, 0.905428188486178] [-0.799110720701492, -0.016719863433541784, -0.014312589920370607, 0.6007808685340084] [2.010143995285034, 4.906203269958496, 1.9499679803848267] [0.8685693457478683, -3.0448436521454547] 0.7464902400970459
car [361.11226741704894, 1129.020930573305, 1.0334484627285794] [-0.9870324279661427, -0.02146399114373827, -0.0048683824466147895, 0.1590049750158684] [1.9612116813659668, 4.53861141204834, 1.6651487350463867] [0.0, 0.0] 0.6680348515510559
car [401.51414209042497, 1100.0944150025475, 1.5219483633743647] [-0.18362242916870353, -0.005403272614364823, 0.021335620649979625, -0.9827504258166058] [1.8700766563415527, 4.340262413024902, 1.6923952102661133] [-0.08123828866327334, 0.032019734122004644] 0.4290565252304077
car [391.44643995020397, 1104.4855315021014, 1.5168401829307023] [-0.15437043499504666, -0.0047675842758030385, 0.0214866052143678, -0.9877678698641577] [2.0250420570373535, 4.674986362457275, 1.950289249420166] [-0.00410268512619382, 0.002130703340810163] 0.4155089557170868
car [408.78059669707613, 1082.661657276583, 1.2612755225921848] [-0.9423265957486033, -0.020238051781395924, -0.008650163209935363, 0.33397033233714657] [1.9470312595367432, 4.626262187957764, 1.760961651802063] [0.0, 0.0] 0.3240923583507538
car [352.60215696191995, 1129.5172524511677, 0.8204112419215257] [-0.9880844324645479, -0.02149640116760349, -0.004723219273592675, 0.15233105480415976] [1.852084994316101, 4.195413589477539, 1.6153055429458618] [0.0, 0.0] 0.2478925883769989
car [353.31001079327393, 1117.6331409936186, 1.2143068211532024] [-0.15615882023086852, -0.004806484148886021, 0.021477936902586554, -0.9874867182907521] [1.9470405578613281, 4.5259599685668945, 1.685056447982788] [-8.478581391910266, 2.933759658537339] 0.2410888373851776
car [348.2942340259572, 1134.3686458160446, 0.8758220034987855] [-0.9991043587576999, -0.021900373090700538, -0.0021858000716217154, 0.03613967692026243] [1.8824217319488525, 4.341561317443848, 1.6145858764648438] [0.0, 0.0] 0.2369588315486908
car [350.05694824977036, 1155.6823449741103, 1.7645730911069837] [-0.9209133351376595, -0.01969073250287437, -0.009832553939095823, 0.38914550633685624] [1.8457554578781128, 4.203368663787842, 1.5943025350570679] [0.0, 0.0] 0.2226802259683609
car [425.13706996404323, 1092.8086064329723, 0.9945485770119835] [-0.7934160965287421, -0.01827902842443828, 0.012258922600439212, -0.6082815907995485] [1.937699794769287, 4.568774700164795, 1.7343707084655762] [0.01766275880064024, 0.0030784873415075522] 0.2150682657957077
car [404.01928891170945, 1095.543928610534, 2.251972373377396] [-0.9817726062629293, -0.021306951892515486, -0.005515239298073349, 0.18878068102491513] [2.0951786041259766, 5.310578346252441, 2.064635992050171] [5.460166483848675, -2.100995492668629] 0.20525304973125458
car [362.5013087258777, 1124.4587835999291, 1.0961197070831752] [-0.9033570809298846, -0.020443786497421835, 0.00815203392490577, -0.4283241532652272] [1.8491883277893066, 4.307075500488281, 1.6258825063705444] [0.01255732128539989, 0.016485929545924014] 0.2043641358613968
car [343.76366468901483, 1126.2755003221998, 0.6256984692835006] [-0.19485731321487942, -0.005647090407503475, 0.021272386640771277, -0.9805846334831145] [2.048065423965454, 4.755751609802246, 1.8230632543563843] [-0.0023512839540604648, 0.0017519985496215328] 0.19866366684436798
car [361.4620240702304, 1125.3445508623347, 1.1842178887682924] [-0.9740033112912799, -0.021713316112544286, 0.003596660515214984, -0.22546207115645311] [2.0199854373931885, 4.589175224304199, 1.7663828134536743] [0.0, 0.0] 0.15336406230926514
car [369.9156604006335, 1116.9511698021502, 1.3879669337874083] [0.29962984576060253, 0.005254297654821737, 0.021372796251766326, -0.953801631087939] [1.9895007610321045, 4.712642669677734, 1.7231700420379639] [-10.43602479685852, -6.76796986541299] 0.1531398594379425
car [376.6232970030097, 1121.4152253557188, 1.4416292173603482] [-0.9484373047226307, -0.02127802248639067, 0.005625817499140458, -0.31619973900528003] [1.9953877925872803, 4.734066009521484, 1.7875697612762451] [5.883285062597975, 4.403362856477127] 0.12385334819555283
car [375.3869457252718, 1181.4036815879304, 1.6755841661326836] [-0.9695915794216899, -0.02096277319632584, -0.00670568440834974, 0.24373708181376158] [1.8877031803131104, 4.403674125671387, 1.653125286102295] [3.597548301219929e-05, -1.313074719008303e-05] 0.12044785916805267
car [355.1569576040141, 1124.5149057672047, 0.8341455679512464] [-0.9679483308841109, -0.021614723416508257, 0.004148227946103189, -0.25018318223893354] [1.8978124856948853, 4.256350994110107, 1.6568316221237183] [0.0, 0.0] 0.11822769045829773
car [358.12994537887073, 1196.3694339679503, 1.6981957682890294] [-0.3076364655078523, -0.008084027608383034, 0.020470773338882017, -0.951249389501182] [1.9809330701828003, 4.523859024047852, 1.7454745769500732] [0.0, 0.0] 0.11626666784286499
car [350.5920923752434, 1126.300191892463, 0.9213390767058711] [-0.9863611182066008, -0.021443513179509342, -0.004957802535921646, 0.16311756627279522] [1.9658652544021606, 4.546992778778076, 1.7281990051269531] [0.0, 0.0] 0.11086662113666534
car [394.1812641332764, 1107.5274445323407, 1.0352314362625394] [-0.13206364849853103, -0.004281993504541502, 0.021588621889598383, -0.990996866131166] [1.9061131477355957, 4.321707725524902, 1.6752320528030396] [-0.005755245043913182, -0.0007210312496203471] 0.11058199405670166
car [348.5820728192503, 1133.0945266237202, 0.8861240489807134] [-0.9996848833938478, -0.0219466549899324, -0.0016578293693432942, 0.012071861926173155] [1.8854320049285889, 4.31988000869751, 1.6177774667739868] [-0.000987658746472511, 0.0005010311085374288] 0.10975144803524017
car [405.4259366458431, 1103.5701904694151, 0.9834824969007795] [-0.2141110821808449, -0.006064498679103889, 0.02115717181563096, -0.9765613346963329] [2.044323205947876, 4.836670875549316, 1.6601625680923462] [-4.614695931058627, 1.894732824064544] 0.1053839772939682
car [411.84843387372104, 1091.9627091740933, 1.3827938703374176] [-0.1891097924133326, -0.0055223817689854056, 0.021305101808312472, -0.9817092656942388] [2.0202255249023438, 4.685333251953125, 1.782064437866211] [-1.3764997531879284, 0.5065671616015833] 0.10404957830905914
car [363.54376131797716, 1094.5053683414305, 1.146166402852762] [-0.8485905807695238, -0.01938022262021203, 0.010431252784589388, -0.5285921132269928] [2.127211332321167, 5.049290657043457, 1.9780848026275635] [0.0, 0.0] 0.10208915174007416
truck [409.9736185820355, 1163.690788650736, 1.9654940151766414] [0.577182463494083, 0.011543758329371663, 0.018738882226484167, -0.8163185651272652] [2.8954615592956543, 10.336525917053223, 3.63458251953125] [0.0, 0.0] 0.8614806532859802
construction_vehicle [398.5011185187658, 1110.0459862241676, 1.7013000352031171] [-0.46840808293296265, -0.011521500695048339, 0.01875257542843069, -0.8832380561205468] [2.8624916076660156, 4.047511100769043, 2.8693687915802] [0.0, 0.0] 0.7459083795547485
truck [403.9394089320711, 1095.2584211390642, 2.4041374259666286] [-0.9799430085274914, -0.02125383004558385, -0.00571653495208584, 0.19805881948205328] [2.7949843406677246, 7.937971115112305, 3.353888511657715] [4.665122327593312, -1.9415384217508938] 0.2741316258907318
construction_vehicle [383.364634215441, 1155.1020084308366, 0.42234796578817524] [-0.7903221979314456, -0.018216646533896857, 0.012351431193349435, -0.6122960226829375] [2.462920665740967, 3.919764280319214, 2.219792366027832] [-0.0006368287133107351, 0.00014612068718046698] 0.18335139751434326
construction_vehicle [364.24144445873117, 1095.5229017498073, 1.0642493016279166] [-0.8447749914569874, -0.01930485782256182, 0.010570077006136505, -0.5346688786018712] [2.103543281555176, 3.705101490020752, 2.495126247406006] [0.0, 0.0] 0.17726236581802368
construction_vehicle [350.09860710484406, 1155.6184139552186, 1.4921392258261232] [-0.9130195273394093, -0.019491982226044674, -0.010220894890592525, 0.40732166482211274] [2.0171384811401367, 4.372912406921387, 2.003657579421997] [0.0, 0.0] 0.16538511216640472
construction_vehicle [434.06914449946566, 1103.4239469672846, 2.84994337211353] [0.01210995361091649, -0.0011265446915255778, 0.021980331219592152, -0.9996844226855178] [1.6325472593307495, 2.9171438217163086, 2.2086117267608643] [0.0, 0.0] 0.1601840704679489
construction_vehicle [435.3254737236215, 1101.2652329711268, 3.1438433328167523] [-0.7962136925187667, -0.016650873401941796, -0.014392792585787136, 0.6046150442903038] [2.7518348693847656, 6.780195713043213, 3.1136085987091064] [0.0, 0.0] 0.15632364153862
construction_vehicle [389.8199628337379, 1104.9653294090513, 1.8717198688959198] [-0.2528942129206885, -0.006903599304704748, 0.02089843008709176, -0.9672435644695503] [2.6167826652526855, 7.826976299285889, 2.966299057006836] [-0.053181560316841354, 0.0054363704206935514] 0.14357388019561768
construction_vehicle [425.53171751915323, 1092.7165284375585, 1.1985773539934805] [-0.8943874772658011, -0.020272390466848034, 0.008569378520326366, -0.4467512019532255] [2.7607266902923584, 4.861594200134277, 2.4075124263763428] [0.0, 0.0] 0.1425161063671112
truck [343.79870262016954, 1126.2607178126264, 0.5800661587857514] [-0.24562424171963437, -0.006746482479732004, 0.02094967869958036, -0.9691152293799691] [2.114260196685791, 5.087746620178223, 2.0496907234191895] [0.0, 0.0] 0.14148539304733276
truck [400.4466531908079, 1100.4053145967932, 1.634565807688483] [-0.17788692541022172, -0.005278730089317425, 0.02136677495807724, -0.9838047762156035] [2.2117199897766113, 5.733413219451904, 2.054912805557251] [-0.36405396885364183, 0.13770045042773746] 0.13957594335079193
construction_vehicle [373.87519584461995, 1170.4794040541458, 3.4967374658458255] [-0.4868222900884744, -0.011912117669882982, 0.018506904551648922, -0.8732237134947428] [2.743380069732666, 4.876193046569824, 3.181927442550659] [0.0, 0.0] 0.13122151792049408
construction_vehicle [401.93299049675, 1118.6452106285974, 1.5652640586900795] [-0.824455266103544, -0.017325842337108925, -0.013572739250962782, 0.5654989921570771] [1.9972387552261353, 3.8835651874542236, 2.3444948196411133] [0.0018077825002181483, 0.0025432646316178756] 0.12304477393627167
construction_vehicle [372.7447410192618, 1202.5826368248072, 2.5658725738748966] [0.06061178386475119, -5.848065106407968e-05, 0.0220091036500452, -0.997918737970817] [2.4871160984039307, 5.530631065368652, 2.844252824783325] [0.0, 0.0] 0.12202432751655579
construction_vehicle [396.76492855536645, 1105.764769259197, 1.702550271795754] [-0.9965977934064927, -0.021785003559790586, -0.0031333182674112992, 0.07942565148517994] [1.777661919593811, 3.6808927059173584, 2.2139973640441895] [-0.00033791114322653814, -0.0004687728567146585] 0.11751371622085571
construction_vehicle [393.8153255695945, 1103.8879826453442, 1.7702316715931259] [-0.9854838619544566, -0.021416969402031114, -0.005071240981992964, 0.16833643029322348] [2.5982577800750732, 7.052001953125, 2.8401198387145996] [0.002277331581340021, -0.0009634272728613981] 0.11070051789283752
truck [409.3091764325742, 1082.4651111573949, 1.4451654579386735] [-0.8573810056785447, -0.01955331880767263, 0.010103058302835718, -0.5142114419557221] [2.1067378520965576, 5.189322471618652, 2.0410993099212646] [-0.00017047119903167447, 0.0007247798525659718] 0.1104954332113266
truck [356.68843204948183, 1176.0935852560783, 2.7508351123104156] [-0.9410612074485322, -0.0211456660711253, 0.0061044958738164685, -0.3375194805815602] [2.616909980773926, 6.2031707763671875, 3.094926357269287] [0.0, 0.0] 0.10527750849723816
truck [423.08898219803336, 1188.6656448207848, 6.772648376847658] [-0.8255048552618346, -0.018922297128492725, 0.011240584275117456, -0.5639657169329294] [3.045912742614746, 10.053096771240234, 3.9109370708465576] [0.0, 0.0] 0.10360270738601685
construction_vehicle [349.4003398539174, 1107.3024509921506, 1.8661295733131076] [-0.8722201517891653, -0.01984368797216337, 0.009520089869764917, -0.48861805405594744] [2.3455190658569336, 4.042139530181885, 2.75807523727417] [0.0, 0.0] 0.10182573646306992
trailer [422.2512464738037, 1187.046434548796, 6.619372504280617] [-0.8357377478063556, -0.01912583462920076, 0.010890661743046056, -0.5486875366072171] [2.8393383026123047, 7.043396472930908, 3.5645527839660645] [0.0, 0.0] 0.2676505148410797
trailer [406.7269130888726, 1093.8589499289167, 2.6804596968669023] [-0.9822406338291205, -0.021320648311004848, -0.00546205264194955, 0.18633017252045714] [3.3160324096679688, 16.457353591918945, 4.375772476196289] [1.0943185248345881, -0.4011038606149453] 0.2201244980096817
trailer [352.37580587252364, 1179.096834418272, 3.2222410986905112] [-0.45486003262706104, -0.011233669654334144, 0.018926402974740714, -0.8902909337149539] [2.9103987216949463, 13.555429458618164, 3.8942484855651855] [0.0, 0.0] 0.16125273704528809
trailer [427.3098722996304, 1092.2190614258438, 0.9331847843357779] [-0.14201921910756432, -0.004498802154727341, 0.021544485202427154, -0.9896191880418514] [2.7584586143493652, 6.453802108764648, 3.0388083457946777] [0.0, 0.0] 0.10828247666358948
barrier [386.81843122993644, 1141.6905136514185, 0.767809403365508] [-0.983338612359749, -0.021352968208235824, -0.005334305218400231, 0.18044602899188056] [1.9723460674285889, 0.6267579793930054, 1.0824142694473267] [0.0, 0.0] 0.8536750674247742
barrier [391.82499834527584, 1151.2633011245207, 0.8011885224696869] [-0.9766479504100121, -0.02115962565882758, -0.006055931426565808, 0.21371564495014878] [2.1108274459838867, 0.6981403827667236, 1.1480988264083862] [0.0, 0.0] 0.8398473262786865
barrier [387.5035545273097, 1143.5555254669168, 0.7798780008443874] [-0.9852445960494542, -0.021409769652253618, -0.005101551421128869, 0.16973120482658244] [2.0436172485351562, 0.6018240451812744, 1.0848655700683594] [0.0, 0.0] 0.8395509123802185
barrier [385.2397394949356, 1135.3851114176482, 0.7301129364488944] [-0.9825856667912501, -0.021330775489645418, -0.0054223685300175085, 0.18450204159556044] [2.1222102642059326, 0.6312988996505737, 1.1302106380462646] [0.0, 0.0] 0.8340210914611816
barrier [392.6964500234597, 1153.2568451270924, 0.7730584288622956] [-0.9784317972009028, -0.021210409497868267, -0.005875592940097316, 0.20539428950861027] [2.073160171508789, 0.6980545520782471, 1.181607723236084] [0.0, 0.0] 0.801067054271698
barrier [390.07261828222755, 1149.6939707759936, 0.8139169763876433] [-0.9780902373056763, -0.021200647995790876, -0.005910718063277084, 0.20701469422208024] [2.097794532775879, 0.5769177079200745, 1.0309088230133057] [0.0, 0.0] 0.7824724912643433
barrier [392.6113369756015, 1113.6844051801409, 0.8177082795978402] [-0.7634904225035684, -0.017673318463649505, 0.013117083439065537, -0.6454440104934417] [2.0950422286987305, 0.5486941337585449, 1.0645017623901367] [0.0, 0.0] 0.7762507796287537
barrier [393.4311331697115, 1155.010352969386, 0.7753768214173491] [-0.9867042336379749, -0.021453960973634098, -0.004912394732385317, 0.1610290385533995] [1.927916407585144, 0.7189242839813232, 1.1529738903045654] [0.0, 0.0] 0.7712027430534363
barrier [385.38124359893106, 1137.9337448625915, 0.7732381966187116] [-0.9834718823849886, -0.021356910019971857, -0.005318501467876799, 0.17971825865688384] [1.970643162727356, 0.6629579067230225, 1.1256251335144043] [0.0, 0.0] 0.7464790344238281
barrier [394.45068198184885, 1113.254331264942, 0.7682160599673761] [-0.8407519624842732, -0.01922525214226983, 0.010714184221448278, -0.5409729508167471] [2.077155828475952, 0.5348608493804932, 1.0520246028900146] [0.0, 0.0] 0.7407691478729248
barrier [384.4797339782528, 1133.5577785548367, 0.7555246537188842] [-0.9816551915120451, -0.021303523035278465, -0.005528469024091718, 0.18939028727467955] [2.0370707511901855, 0.5694184303283691, 1.0752979516983032] [0.0, 0.0] 0.72230464220047
barrier [402.1269663061587, 1109.943675033615, 0.6205950992412494] [-0.8396740423874528, -0.019203898412832657, 0.01075241132093566, -0.5426445415529855] [1.9787094593048096, 0.5789845585823059, 1.0256297588348389] [0.0, 0.0] 0.7123292088508606
barrier [386.0868647658408, 1139.7134308410828, 0.7763881084188746] [-0.9840269216122068, -0.021373373188128396, -0.00525195030688373, 0.17665393706039928] [1.9519413709640503, 0.648082971572876, 1.087623119354248] [0.0, 0.0] 0.7037989497184753
barrier [394.9772966467396, 1158.803245994806, 0.8319499978848436] [-0.9816045838517166, -0.021302046015281864, -0.005534157481297034, 0.1896524107356249] [1.9167232513427734, 0.7120282649993896, 1.1587878465652466] [0.0, 0.0] 0.6865301132202148
barrier [395.7856664751274, 1160.5517296300668, 0.8823590231895849] [-0.9744394041475992, -0.021097375783268313, -0.006269353916038378, 0.22356977340644102] [1.9978171586990356, 0.7347519397735596, 1.1628038883209229] [0.0, 0.0] 0.6813097596168518
barrier [394.1807201576795, 1156.7626580642254, 0.7764870165565414] [-0.9802757723613184, -0.02126344455206947, -0.005680668028150307, 0.19640520883611073] [1.8915314674377441, 0.6816604137420654, 1.1563503742218018] [0.0, 0.0] 0.6652405858039856
barrier [397.57939055982644, 1164.5193635302996, 0.9020576586092972] [-0.9789119355788737, -0.02122416326381804, -0.005825715167752245, 0.20309361958899247] [1.958406686782837, 0.7084001302719116, 1.1934306621551514] [0.0, 0.0] 0.6506410241127014
barrier [396.74938661510777, 1162.7594614748084, 0.9051078032397951] [-0.9718445108385423, -0.02102500920235333, -0.006507922211116211, 0.2345929297517939] [2.0414726734161377, 0.7578974962234497, 1.1976559162139893] [0.0, 0.0] 0.6207018494606018
barrier [400.47340289968935, 1110.7942005467532, 0.735910479768773] [-0.856912695818778, -0.0195441164873875, 0.010120848491722918, -0.5149914831151386] [1.9225165843963623, 0.5078660249710083, 1.0626063346862793] [0.0, 0.0] 0.6044294238090515
barrier [399.30806699051766, 1168.2922819197333, 0.8931217501406099] [-0.9792113183707806, -0.021232758524152927, -0.005794310046933381, 0.2016452080042897] [1.9449617862701416, 0.6956333518028259, 1.1605628728866577] [0.0, 0.0] 0.590479850769043
barrier [384.6643138051497, 1136.1220096687928, 0.753870180751925] [-0.9808485162561178, -0.021280040730833293, -0.00561817852680545, 0.19352463433554823] [2.0260770320892334, 0.6488845348358154, 1.161568284034729] [0.0, 0.0] 0.5807172060012817
barrier [398.56918339528687, 1166.583267845316, 0.8951272946853224] [-0.9761401956007001, -0.02114525590741812, -0.006105916481150139, 0.21602294894099278] [1.9483979940414429, 0.6895938515663147, 1.1810436248779297] [0.0, 0.0] 0.5593924522399902
barrier [391.1081713567642, 1151.3629139139111, 0.7973409912504485] [-0.9717855845396465, -0.02102337469490966, -0.0065132004346875536, 0.23483690855032419] [1.9624165296554565, 0.7192267775535583, 1.1504278182983398] [0.0, 0.0] 0.5561426877975464
barrier [395.1343564132339, 1162.0581331077499, 0.9316435587843511] [-0.9786072891828308, -0.02121543217773121, -0.005857431260976856, 0.2045565190717883] [2.0941312313079834, 0.7096148133277893, 1.1393816471099854] [0.0, 0.0] 0.5454132556915283
barrier [362.5902006161556, 1105.0688402782052, 0.6739611888603538] [-0.714815213994036, -0.016678464771681455, 0.014360810434121142, -0.6989669561425605] [1.9870665073394775, 0.47971999645233154, 1.0371744632720947] [0.0, 0.0] 0.5434281826019287
barrier [400.3882374369165, 1171.1263565097522, 0.8986866838721487] [-0.9811789578114549, -0.021289644299709195, -0.00558167618702857, 0.1918422494774359] [1.9726762771606445, 0.662493109703064, 1.0885374546051025] [0.0, 0.0] 0.5112380981445312
barrier [399.7279347346908, 1169.478614170877, 0.9172158969365654] [-0.985164402046091, -0.021407360202295188, -0.0051116526323851524, 0.17019605423658873] [1.921440839767456, 0.7154347896575928, 1.1606334447860718] [0.0, 0.0] 0.5001698732376099
barrier [390.36388517978486, 1107.3115239878334, 0.9846708682721133] [0.19679837770567932, 0.0029582798827921444, 0.021809462249217634, -0.9801969161698829] [2.018798828125, 0.4993397891521454, 1.072826862335205] [0.0, 0.0] 0.4935191571712494
barrier [365.4780808220816, 1102.639519891941, 0.6279836509186292] [-0.9982664293136436, -0.021856265611854102, -0.002589926054748634, 0.054586921894570484] [2.1253535747528076, 0.5427588224411011, 1.124550700187683] [0.0, 0.0] 0.47794175148010254
barrier [389.8708856813508, 1108.6872903694807, 0.8917417386126798] [0.1152773158017647, 0.0011492700291270666, 0.02197915471225252, -0.9930894906291556] [2.160085916519165, 0.511084794998169, 1.0729761123657227] [0.0, 0.0] 0.4635367691516876
barrier [364.63642501093057, 1104.3339631726851, 0.7357303768372578] [-0.8853007664337865, -0.02009747356140015, 0.008971935126482122, -0.4644977383026591] [2.081815242767334, 0.507056713104248, 1.079917550086975] [0.0, 0.0] 0.45366013050079346
barrier [359.4833003540625, 1112.2155801127703, 0.9393875764418067] [-0.8264481771776285, -0.018941095322449388, 0.0112088791344571, -0.5625824440704766] [2.023162364959717, 0.5457314252853394, 1.0592634677886963] [0.0, 0.0] 0.42924007773399353
barrier [392.96637666831685, 1105.4466648034, 1.0094202348260188] [0.5428763820923205, 0.010757713729994536, 0.019200928591306957, -0.839524168623446] [2.029951810836792, 0.45745715498924255, 1.0608805418014526] [0.0, 0.0] 0.42062562704086304
barrier [383.7723880018637, 1133.9411496982725, 0.8175483735320229] [-0.992427618081241, -0.021635687008842993, -0.004037463451272884, 0.12084295099892961] [2.188102960586548, 0.6197799444198608, 1.1306990385055542] [0.0, 0.0] 0.38569313287734985
barrier [352.3011390192368, 1111.087428219204, 1.0483383800193793] [-0.9704937920121202, -0.021656629104582464, 0.003923579907626918, -0.24011954439918332] [2.04547119140625, 0.49425941705703735, 1.0735007524490356] [0.0, 0.0] 0.3818851411342621
barrier [394.3255082173248, 1160.342713483812, 0.8672448513153874] [-0.9783262362898544, -0.02120739067243902, -0.005886479791142447, 0.20589650634108253] [2.078549385070801, 0.6912266612052917, 1.157084584236145] [0.0, 0.0] 0.3109204173088074
barrier [398.8569258093351, 1111.3503791785881, 0.8726103844825036] [-0.8054058117036038, -0.018520205043300694, 0.011891428367487286, -0.5923150128188499] [1.9885437488555908, 0.4981043338775635, 1.0719408988952637] [0.0, 0.0] 0.30449992418289185
barrier [395.9852188466076, 1112.6908132558517, 0.8177841478734813] [-0.8244797179311869, -0.01890186071470301, 0.0112749157419002, -0.565463341567467] [1.9246406555175781, 0.5048296451568604, 1.0242643356323242] [0.0, 0.0] 0.2871514558792114
barrier [400.9944990041147, 1172.7683010935934, 0.9276366518149737] [-0.9867552649676283, -0.021455518184007434, -0.00490558894738523, 0.160716032166057] [1.9391491413116455, 0.6051027178764343, 0.9898011684417725] [0.0, 0.0] 0.2859618365764618
barrier [363.17943000473, 1124.3616842097913, 1.1778444252478675] [-0.9855395347521287, -0.021418647033353926, -0.005064150740803521, 0.1680101823613473] [2.068126678466797, 0.5231926441192627, 1.0676370859146118] [0.0, 0.0] 0.2834760248661041
barrier [390.02130607055426, 1111.1332477835538, 0.9123143198096808] [-0.09613740169456259, -0.0034984299525885943, 0.021729359202052254, -0.9951247137580063] [2.099825382232666, 0.5170328617095947, 1.058214545249939] [0.0, 0.0] 0.26811471581459045
barrier [391.3042367968856, 1113.4025483512103, 0.8837467528360209] [-0.44659253080451916, -0.011057846427403685, 0.019029663576977326, -0.8944667167458777] [1.8878997564315796, 0.4852618873119354, 0.9805403351783752] [0.0, 0.0] 0.2651044726371765
barrier [363.42871747316104, 1098.2424151175162, 0.4691099606717327] [-0.9809804781447375, -0.021283873370951754, -0.005603641476243176, 0.19285460180005476] [2.268801212310791, 0.5106378793716431, 1.1222953796386719] [0.0, 0.0] 0.2649823725223541
barrier [389.5285430957808, 1111.2990330490643, 0.8973636180687431] [-0.1211434008177979, -0.00404401342460569, 0.02163446368382149, -0.9923909876529683] [2.035088300704956, 0.5258058309555054, 1.0431709289550781] [0.0, 0.0] 0.25763964653015137
barrier [350.93398470819994, 1113.0033128274981, 1.0036530905519898] [-0.9329763995348753, -0.020998330761369095, 0.006593494422620105, -0.3592640169116255] [2.1380791664123535, 0.47579506039619446, 1.0871005058288574] [0.0, 0.0] 0.2551414668560028
barrier [382.6793975010956, 1154.1564912741367, 0.7026110474900673] [0.46157734517328697, 0.008905646964034801, 0.02012693507757601, -0.8868268998848173] [2.108725070953369, 0.49401476979255676, 1.0384039878845215] [0.0, 0.0] 0.254263699054718
barrier [396.09034128295735, 1163.571533876645, 0.9428067038932122] [-0.9653810689556777, -0.020847732250844266, -0.007055219589926999, 0.2599134233519477] [2.1317238807678223, 0.7158401608467102, 1.1812996864318848] [0.0, 0.0] 0.25394290685653687
barrier [352.42665458822034, 1109.107172940895, 0.9966902826016789] [-0.9965430138484618, -0.022006040382640243, 0.0003718200405959508, -0.0801100336185177] [2.0990192890167236, 0.5536061525344849, 1.1290733814239502] [0.0, 0.0] 0.24893176555633545
barrier [390.2887234770275, 1112.418426341312, 0.9206310676325854] [-0.32610883188516093, -0.008481272969144735, 0.02030940846720644, -0.9450759893802356] [1.9556759595870972, 0.46764981746673584, 1.0024735927581787] [0.0, 0.0] 0.2321462631225586
barrier [391.10271774852544, 1112.8278193231374, 0.9350385959057681] [-0.3777361570871847, -0.009588486726442379, 0.01981072905679698, -0.925651657787929] [2.0690460205078125, 0.5008192658424377, 1.0135129690170288] [0.0, 0.0] 0.226759135723114
barrier [395.7770355425297, 1162.3870489795265, 0.8926163594838246] [-0.9673784304460378, -0.020902112492669486, -0.006892442006195784, 0.25237782835323713] [2.1235218048095703, 0.7687113285064697, 1.1888179779052734] [0.0, 0.0] 0.22571560740470886
barrier [392.4277646386537, 1105.9660900685349, 0.9659516089638864] [0.5841338804931094, 0.011703392791962844, 0.018639599261304256, -0.811358863633471] [2.1357858180999756, 0.4870133697986603, 1.0787360668182373] [0.0, 0.0] 0.2212386280298233
barrier [392.5010745046394, 1113.234375002421, 0.8742740712172168] [-0.6568872296816565, -0.01548196444679607, 0.015643300173976218, -0.7536675417036973] [2.1379711627960205, 0.531069278717041, 1.0595834255218506] [0.0, 0.0] 0.21853576600551605
barrier [401.7996475235672, 1100.7173620079895, 1.030282003380001] [-0.8251005241169745, -0.018914237638986, 0.011254140482548957, -0.564557101663268] [3.0925989151000977, 0.6434105634689331, 0.9412513971328735] [0.0, 0.0] 0.2162681221961975
barrier [389.0268130873324, 1111.4600190145973, 0.8773456410772454] [-0.18280645404848483, -0.0053855572157868285, 0.02134009927203874, -0.9829025365186289] [2.0550923347473145, 0.4577963948249817, 1.0049203634262085] [0.0, 0.0] 0.20809306204319
barrier [424.4688179549375, 1093.0918475920946, 1.1192479974473533] [-0.1424496847569353, -0.004508173465624199, 0.02154252620907826, -0.9895573168084733] [2.1362128257751465, 0.4401884377002716, 1.0524159669876099] [0.0, 0.0] 0.20742538571357727
barrier [393.94576262253315, 1104.7514668928975, 1.0589192073674099] [-0.050096788552941696, -0.0024916039781393215, 0.02186769244984715, -0.9985018316023349] [2.054175615310669, 0.5251712203025818, 1.0671312808990479] [0.0, 0.0] 0.20703661441802979
barrier [375.0495784693602, 1180.8190942593424, 1.5049611701465522] [0.4819328743006573, 0.009368043511711062, 0.019915918864759168, -0.8759316757629229] [2.8752355575561523, 0.5529584288597107, 0.9709064960479736] [0.0, 0.0] 0.2054016888141632
barrier [394.4665445967362, 1158.9973051065836, 0.8347225300748435] [-0.9850396455016457, -0.021403615464317016, -0.005127310066753456, 0.17091662507353655] [2.0001273155212402, 0.7687309980392456, 1.1906739473342896] [0.0, 0.0] 0.2040015012025833
barrier [352.6520968100216, 1109.6264369405953, 0.9985081034734504] [-0.9860127200284373, -0.021893234439550817, 0.002256180232128601, -0.16521050777313767] [2.0304384231567383, 0.5438132286071777, 1.0961424112319946] [0.0, 0.0] 0.2007531374692917
barrier [401.4608197654199, 1174.5089074305076, 0.8733616047815886] [-0.9904268945937533, -0.02157023643411057, -0.004373667070268468, 0.1362723831225886] [2.61171293258667, 0.6390616297721863, 0.8561671376228333] [0.0, 0.0] 0.19942238926887512
barrier [408.75091578696725, 1113.7906005043787, 0.7901246078847648] [-0.950695388572844, -0.02131808349757522, 0.005472054409030758, -0.3093442646678043] [2.2608630657196045, 0.5142301917076111, 1.068990707397461] [0.0, 0.0] 0.19502949714660645
barrier [383.5318675324685, 1153.1306807847277, 0.8320763510356607] [-0.5868252185191573, -0.01402033234106271, 0.016965681374796975, -0.8094144543103236] [1.411817193031311, 0.6756346225738525, 1.1371917724609375] [0.0, 0.0] 0.19211505353450775
barrier [390.7196822645871, 1106.200263292013, 1.0667416920846025] [0.3641602411082425, 0.006703713446265055, 0.020963403576121576, -0.9310762131708242] [2.036374568939209, 0.49345964193344116, 1.0569733381271362] [0.0, 0.0] 0.18239660561084747
barrier [394.231024616442, 1157.7634283210434, 0.8149086978532889] [-0.9848270311369294, -0.02139724352644754, -0.0051538367198506315, 0.17213748772001175] [1.9728996753692627, 0.7570879459381104, 1.1776020526885986] [0.0, 0.0] 0.175907164812088
barrier [408.2623359055779, 1190.7571033916395, 1.2444636090385441] [-0.9745437188030481, -0.021100301658954775, -0.006259499450123166, 0.2231146254239309] [2.0817248821258545, 0.6163927912712097, 0.9742205739021301] [0.0, 0.0] 0.16508004069328308
barrier [408.9619476121912, 1083.3633078349146, 0.8947220042224435] [-0.8194249617058691, -0.018800975538171734, 0.01144235038259404, -0.5727637628812342] [3.2659668922424316, 0.5327435731887817, 1.010308027267456] [0.0, 0.0] 0.15509939193725586
barrier [395.92783029758294, 1112.301820603544, 0.9057190539919394] [-0.833008163036594, -0.019071625115556507, 0.010985316514177277, -0.5528227530148653] [1.937992811203003, 0.5195951461791992, 1.023027777671814] [0.0, 0.0] 0.1547384411096573
barrier [390.84208922533196, 1113.3884964990905, 0.8891954289633552] [-0.3583020407208137, -0.00917223044313046, 0.02000685512925739, -0.9333462613370431] [1.8458621501922607, 0.46976959705352783, 0.9753016233444214] [0.0, 0.0] 0.15374451875686646
barrier [384.35289546305006, 1155.2820195048378, 0.7078823431255511] [-0.9828619489956696, -0.021338903733561638, -0.005390292284725484, 0.18302454795182305] [2.4694979190826416, 0.5511634349822998, 1.0744493007659912] [0.0, 0.0] 0.14937646687030792
barrier [394.5781042465986, 1104.9933699537144, 1.04404240216078] [0.2761521173832408, 0.0047286474115306515, 0.021495207771091825, -0.96086190683224] [2.09973406791687, 0.5290824770927429, 1.0728439092636108] [0.0, 0.0] 0.14918667078018188
barrier [363.32885056577913, 1097.00062908484, 0.4891429674640566] [-0.9941704868387018, -0.02169528336772431, -0.0037038821605346692, 0.10554922565056629] [2.0901994705200195, 0.5373279452323914, 1.0890642404556274] [0.0, 0.0] 0.14588715136051178
barrier [364.5152733538143, 1100.3924496762481, 0.5395837766719225] [-0.9641416442027491, -0.0208141485406839, -0.007153690235908192, 0.26447397953400875] [2.1267030239105225, 0.5126864314079285, 1.0786681175231934] [0.0, 0.0] 0.14503875374794006
barrier [391.7057410137042, 1112.6656246619366, 0.9196231019598927] [-0.34463834110767383, -0.008879181606302165, 0.02013862451775908, -0.9384774956146186] [2.1468138694763184, 0.5088404417037964, 1.038558006286621] [0.0, 0.0] 0.14356842637062073
barrier [394.2122726561447, 1112.8269393762994, 0.8245271526231007] [-0.7761869246872303, -0.017930916651414903, 0.01276269138955392, -0.6301186030273316] [2.0969903469085693, 0.553176999092102, 1.0322983264923096] [0.0, 0.0] 0.14057159423828125
barrier [422.3432737232165, 1115.9936937518592, 0.9350034915827385] [-0.807531763559965, -0.018562870839318124, 0.0118247152045102, -0.5894133072626272] [2.5582499504089355, 0.5549405813217163, 0.9669021964073181] [0.0, 0.0] 0.14014574885368347
barrier [409.6296686830088, 1112.413640339761, 0.6853942096594712] [-0.9555178900303669, -0.021402814848988753, 0.005130651031291086, -0.29411079165588483] [2.2926621437072754, 0.5300910472869873, 1.0704309940338135] [0.0, 0.0] 0.13704383373260498
barrier [403.25279606760563, 1109.192031270255, 0.6102333469627743] [-0.9051671398190964, -0.020478206962759014, 0.008065178426754745, -0.42448562393590217] [1.8812576532363892, 0.5769469738006592, 1.011681318283081] [0.0, 0.0] 0.13633331656455994
barrier [407.76415452891524, 1115.1709049940591, 0.804651349253593] [-0.9580183507721526, -0.02144625844504968, 0.00494591368435774, -0.28586086741689676] [2.2106568813323975, 0.4849836826324463, 1.0585929155349731] [0.0, 0.0] 0.13431663811206818
barrier [361.3586978721251, 1105.0334426127802, 0.6132618313848012] [-0.7529665283588953, -0.017459164483521902, 0.0134008074011348, -0.6576906591306345] [2.080909490585327, 0.5046777129173279, 1.0628280639648438] [0.0, 0.0] 0.13154757022857666
barrier [349.19328437404624, 1113.09001161882, 0.9846905355722712] [-0.9343269360688085, -0.02003197423659019, -0.009117240352736608, 0.3557369428001655] [2.1393356323242188, 0.5068009495735168, 1.1140062808990479] [0.0, 0.0] 0.13072195649147034
barrier [353.467958542947, 1108.7691677981418, 0.876680495509792] [-0.9492606910459187, -0.02129265710699097, 0.005570172060994955, -0.31371919987715213] [1.9281704425811768, 0.5121011137962341, 1.0616744756698608] [0.0, 0.0] 0.1302744746208191
barrier [390.7405218035245, 1111.6553105578491, 0.8778667152938419] [-0.26094488865441035, -0.007077493610159734, 0.020840181085180858, -0.9651027722588269] [2.1008336544036865, 0.5075517892837524, 1.0861868858337402] [0.0, 0.0] 0.12871995568275452
motorcycle [409.3184086755659, 1116.646450005278, 1.1655473327078347] [-0.8831497670631823, -0.018750403822628166, -0.01152503448816327, 0.4685745243531518] [0.7260577082633972, 2.1963210105895996, 1.4757442474365234] [0.0, 0.0] 0.6206315755844116
motorcycle [355.8602718252118, 1124.5003868987335, 0.9195249654671538] [-0.9058522682798502, -0.01931264401841161, -0.01055584409145437, 0.4230215880883458] [0.9179990291595459, 2.027345657348633, 1.7724494934082031] [0.0, 0.0] 0.3293997645378113
bicycle [372.4330575081442, 1129.3863567824824, 1.200219755755918] [-0.9786877814375678, -0.02121773758384388, -0.005849074737778685, 0.20417106161585918] [0.6697846055030823, 1.817030906677246, 1.4226638078689575] [0.0, 0.0] 0.3285658061504364
motorcycle [363.1532161387116, 1124.33224233235, 1.2855704791978366] [0.5701355824554558, 0.01138205784515855, 0.01883753759583366, -0.8212557540466392] [0.6639375686645508, 2.0054733753204346, 1.2667689323425293] [0.0, 0.0] 0.22743716835975647
bicycle [407.72123617147446, 1163.1911889612104, 0.9975512009644819] [-0.9088516902800152, -0.020548087089605836, 0.007885441041752565, -0.416538354790642] [0.7038421630859375, 1.510951042175293, 1.7681121826171875] [0.0007426660927210525, -0.004902507500438862] 0.22172287106513977
motorcycle [419.0349649290473, 1148.4068027804683, 1.453355565369096] [-0.8190887184411402, -0.018794257841933247, 0.011453380969648768, -0.5732445091398488] [0.6297356486320496, 1.870862364768982, 1.3677895069122314] [0.0016201052802060944, 0.005457628728810172] 0.21640118956565857
motorcycle [434.011937640088, 1103.5598047041233, 3.076549879605575] [-0.9391031866853401, -0.021110184303419766, 0.006226088831733097, -0.34292973142318034] [0.8099085688591003, 2.0982654094696045, 1.5201295614242554] [0.39051981038055167, 0.1485846914701377] 0.21168148517608643
bicycle [413.56476263028105, 1149.6259225671274, 0.8845683852096116] [-0.83794534548016, -0.01916963161479176, 0.010813384632859323, -0.5453101813873191] [0.4819681644439697, 1.530755877494812, 1.0651135444641113] [0.00040118384314352223, 0.001819749152980239] 0.211525559425354
bicycle [369.92349619678134, 1128.771720220618, 1.2036577176175949] [-0.8509354358862684, -0.01796430511288166, -0.01271565197999205, 0.5248089937201742] [0.6891405582427979, 1.6739559173583984, 1.5768052339553833] [0.0, 0.0] 0.2023942470550537
bicycle [372.98755730991945, 1129.8288552677566, 1.1916972053674293] [-0.6810514278818159, -0.013943392729062067, -0.017028971274511005, 0.73190474005616] [0.6738175749778748, 1.7895278930664062, 1.3415820598602295] [0.0, 0.0] 0.20111411809921265
bicycle [415.9725550915638, 1160.3326590590207, 1.1773025553215057] [-0.8662866578643151, -0.01972787585080412, 0.009757816245464014, -0.49906214276662014] [0.4137907028198242, 1.3873896598815918, 1.0116177797317505] [-1.584195487859464e-05, 5.4966241487565274e-06] 0.18466714024543762
motorcycle [416.8889411573974, 1133.323473499118, 1.6446006850322394] [-0.9395325914885143, -0.021117977203490883, 0.006199605011435907, -0.34175152591819086] [0.7021700739860535, 1.643553376197815, 1.374223232269287] [4.356760541669491e-05, 0.0003389766399811583] 0.1809956282377243
motorcycle [394.75697931495023, 1107.9488082760863, 1.4170037988122668] [-0.9944656534594862, -0.021705694198143406, -0.003642375988508831, 0.10273100810336139] [0.7589163184165955, 1.996779441833496, 1.3646796941757202] [0.0, 0.0] 0.16971616446971893
bicycle [371.78617550346155, 1129.116807851131, 1.226695987709018] [-0.957932902549133, -0.020647548438729395, -0.007621207708447879, 0.28614707782944226] [0.6345188617706299, 1.8088092803955078, 1.3869718313217163] [0.0, 0.0] 0.1681327521800995
bicycle [420.16893483023466, 1167.2086541235506, 1.1229144372192725] [-0.8621396001494896, -0.01964669634291286, 0.009920251321128733, -0.5061925580158341] [0.5516515970230103, 1.6164631843566895, 1.1113693714141846] [0.040853419183200936, 0.03581998376786176] 0.1473740190267563
motorcycle [386.16708099177407, 1111.9859237052274, 1.6367868913341357] [0.43066653599700994, 0.008205049349327916, 0.020422566651625243, -0.9022427227242522] [0.6953465342521667, 1.8903764486312866, 1.6070408821105957] [-0.6456609321844176, -0.6661151158959976] 0.13917484879493713
bicycle [411.404032706488, 1133.6486400697524, 0.4484997877459854] [-0.7372059949812649, -0.015255970449047598, -0.015863777265291146, 0.6753094971198159] [0.4603971838951111, 1.4772628545761108, 1.089218020439148] [0.0, 0.0] 0.13775566220283508
bicycle [387.4149658019517, 1108.2476926889194, 1.470784023431242] [-0.8251399265212123, -0.018915023098596342, 0.011252820297354294, -0.564499510714672] [0.6341021656990051, 1.775881052017212, 1.5761218070983887] [0.46274254269985793, 1.1376678843135895] 0.13736188411712646
motorcycle [360.8532018635292, 1098.3157508071963, 0.2852858468659532] [-0.9076392076162649, -0.02052511964346474, 0.007945031597573402, -0.4191737882242331] [0.6253648400306702, 1.770337462425232, 1.3706629276275635] [0.012272058951681581, 0.0017099961966246474] 0.13573817908763885
bicycle [369.39360023661675, 1128.930142961874, 1.2152818958443057] [-0.6217314082371896, -0.012569040219770032, -0.018067188254368337, 0.7829212297210598] [0.6590948104858398, 1.7035143375396729, 1.429914951324463] [0.0, 0.0] 0.13470213115215302
bicycle [379.18977267774363, 1165.249648975057, 1.3293330698652843] [-0.8389699168618691, -0.019189944126878085, 0.01077729594435817, -0.5437325395240972] [0.6374568343162537, 1.7930901050567627, 1.7860339879989624] [0.3925742056923837, 1.0254136474584383] 0.13056816160678864
bicycle [390.68177010413757, 1108.4818382588194, 0.9930579725185679] [0.4200480436451042, 0.007964802496806905, 0.02051745560862361, -0.9072349403359948] [0.5673760175704956, 1.6292176246643066, 1.1743505001068115] [0.0, 0.0] 0.1296146959066391
bicycle [370.53363912204395, 1129.0953919338972, 1.2420630336695926] [-0.7789477699637921, -0.01624076551313352, -0.014854009526467753, 0.6267024554004642] [0.6873896718025208, 1.7919552326202393, 1.4405159950256348] [0.0, 0.0] 0.12198832631111145
bicycle [386.0593018703088, 1109.757011987733, 0.7484228969714952] [0.5997251950375594, 0.012061898244622612, 0.01840963536307419, -0.7999032981390293] [0.5992257595062256, 1.6784586906433105, 1.326261281967163] [-0.10713524630897299, -0.37729395487848516] 0.11032156646251678
motorcycle [404.06212445623777, 1105.048600010436, 0.591437323865432] [-0.17017322762279835, -0.005111156615764627, 0.021407478635143078, -0.9851683452775849] [0.6566089987754822, 1.8861873149871826, 1.2992475032806396] [-0.13329662506741988, 0.08111498742342281] 0.1062851995229721
bicycle [373.4630317651844, 1130.8033419208914, 1.1491519942288237] [-0.7201142614226776, -0.01485510929416332, -0.016239759583301854, 0.693506342027387] [0.6762239336967468, 1.8073638677597046, 1.3161122798919678] [0.0, 0.0] 0.1049104779958725
bicycle [408.0289611309446, 1190.2164903103092, 1.379940687465589] [0.5649447107703788, 0.01126302604768451, 0.01890894782144586, -0.8248351772985368] [0.7220261693000793, 1.7731096744537354, 1.3176711797714233] [0.0, 0.0] 0.10473054647445679
bicycle [380.02968000139697, 1165.8330341528836, 0.9682745004421424] [-0.7910845629778274, -0.018232023439941174, 0.012328721943105763, -0.611310731260883] [0.4670611619949341, 1.526094675064087, 1.1518399715423584] [0.013455705087394725, 0.030664508438323215] 0.10300672799348831
bicycle [390.13019774918746, 1111.7382237789552, 1.1306841124640834] [-0.7668638636212788, -0.01774184582118961, 0.013024245479954642, -0.6414323117900911] [0.604237973690033, 1.7247860431671143, 1.226151466369629] [0.0, 0.0] 0.10016106069087982
pedestrian [387.94318734070794, 1114.26000757871, 1.2885188704114667] [0.5358070508757229, 0.010596088096626002, 0.019290593057589563, -0.8440535529031294] [0.6486049890518188, 0.7415143251419067, 1.8051649332046509] [-0.5402351568498345, -1.0317534932045338] 0.8310724496841431
traffic_cone [390.6314303599159, 1148.8417821841383, 0.6911127834109327] [-0.9342339477024788, -0.020029591156152157, -0.009122474531747034, 0.35598107659927336] [0.4325208067893982, 0.42058616876602173, 0.7461869716644287] [0.0, 0.0] 0.8283246755599976
pedestrian [375.86640540176336, 1145.1938181196635, 1.0376201740131008] [0.41318607793712175, 0.0078096603374580445, 0.02057700825869778, -0.9103806132247514] [0.598423182964325, 0.6821020841598511, 1.729488492012024] [-0.7871850703080897, -0.8774983297761871] 0.8200083374977112
pedestrian [388.49622611169747, 1114.0871535397287, 1.25407042691731] [0.5205996333286889, 0.010248791838362374, 0.01947732859811372, -0.8535172041116513] [0.6463314890861511, 0.7218874096870422, 1.782252550125122] [-0.5400184788022812, -1.0301630282467276] 0.8186287879943848
pedestrian [387.71117204988667, 1115.4514305421003, 1.2895610094158632] [0.5348366292060055, 0.010573910487300671, 0.01930275836432542, -0.8446687966274672] [0.6786216497421265, 0.7532626986503601, 1.8174277544021606] [-0.45381724583422967, -1.026849683000078] 0.8004973530769348
pedestrian [375.497312456165, 1146.136019092262, 1.080937977675275] [0.4016715965140595, 0.007549524261971849, 0.02067386627805453, -0.9155192649477029] [0.548572301864624, 0.6280169486999512, 1.7062628269195557] [-0.7929034305804752, -0.8240209300217287] 0.7873959541320801
pedestrian [389.05447665490834, 1123.7246857553873, 1.0537218091852742] [0.11521622866951298, 0.0011479180453338798, 0.021979225364561393, -0.9930965796878519] [0.6541413068771362, 0.6568846106529236, 1.7740323543548584] [0.0, 0.0] 0.7684981226921082
traffic_cone [391.1446378900356, 1149.7205416656502, 0.7153130739085642] [-0.9509010154206298, -0.020461621705896896, -0.008107163537868885, 0.30871160459002933] [0.44965413212776184, 0.43223100900650024, 0.7874795198440552] [0.0, 0.0] 0.7645412683486938
pedestrian [407.5803128446023, 1163.1554621368894, 1.0223092522865544] [-0.9772766198911046, -0.021764838012773714, 0.0032704571152519517, -0.2108222098137501] [0.6905854344367981, 0.6734891533851624, 1.788437008857727] [0.010758026561873149, 0.011984632747185411] 0.7307285666465759
pedestrian [376.33145255511033, 1147.371117571701, 1.054738374878068] [0.44260040461472616, 0.008475312328139709, 0.020311896622557554, -0.8964488149199686] [0.5964049100875854, 0.6518099904060364, 1.7037829160690308] [-0.6683406598438163, -0.8872055767641001] 0.7227384448051453
pedestrian [373.0473416223284, 1142.720009618875, 1.0253005807996303] [0.41190777969490233, 0.00778076892502951, 0.02058795032052188, -0.9109597010644056] [0.6206615567207336, 0.6691334247589111, 1.763472318649292] [-0.8805941234930492, -0.9216772968935628] 0.7196962833404541
pedestrian [393.7533862288986, 1118.2286667221047, 1.0269805627905964] [-0.9712564195477094, -0.0210087132203629, -0.006560337818247702, 0.2370159560533836] [0.6372075080871582, 0.6220810413360596, 1.7821812629699707] [0.0, 0.0] 0.7119706869125366
pedestrian [390.82462681959186, 1122.8982241083283, 0.8512960835956613] [-0.12986239125360016, -0.004234036194165803, 0.02159807864073737, -0.9912877257761404] [0.6319085359573364, 0.6967939138412476, 1.626691222190857] [-0.824273784574626, 0.2839525695435813] 0.7104638814926147
pedestrian [373.6786469458051, 1142.135912660723, 1.0353408277607086] [0.4216433747021008, 0.00800088387678888, 0.020503412414891373, -0.9064946003735264] [0.6092364192008972, 0.6600766181945801, 1.7337278127670288] [-0.7656949502694966, -0.9421459791956404] 0.7069941759109497
pedestrian [387.45486659152346, 1109.9514194162305, 1.2477465154710266] [-0.7631875296232807, -0.017667162663379386, 0.013125373400047526, -0.6458021295753441] [0.619658887386322, 0.6838169693946838, 1.7689921855926514] [0.22354514565530087, 1.181153270330091] 0.7012324929237366
pedestrian [388.0972153531392, 1110.2164196529548, 1.2067207668072226] [-0.7733360062741266, -0.01787315044034763, 0.012843463582760032, -0.6336142496318398] [0.6455347537994385, 0.7261890769004822, 1.7983638048171997] [0.24168376591630558, 1.3991986257759275] 0.6885291934013367
pedestrian [387.0473975861263, 1111.091437024926, 1.3519085910009858] [0.5184763949439739, 0.010200344414206659, 0.01950274435295056, -0.8548086474892705] [0.6599700450897217, 0.7647243142127991, 1.8232645988464355] [-0.624221303184744, -1.1317224961996608] 0.6723730564117432
pedestrian [370.67859539852344, 1137.3042161903625, 0.8357154632780122] [-0.7016262789557576, -0.01442287275714392, -0.016624824958363253, 0.7122051394192781] [0.6256152987480164, 0.6570278406143188, 1.6889166831970215] [-0.057838019252844854, -1.1118805779132164] 0.6690073013305664
pedestrian [376.85368853588375, 1146.9646289046664, 1.0586258055289475] [0.4178732247129844, 0.007915622562608826, 0.020536479321229817, -0.9082387153191098] [0.5904550552368164, 0.6431541442871094, 1.7056925296783447] [-0.7120131476476467, -0.8372496654659379] 0.6649096012115479
pedestrian [409.2270988216489, 1124.383635812016, 1.3173570869748419] [0.16314562595948473, 0.00221033509380291, 0.021897910453695924, -0.9863564774800354] [0.6657625436782837, 0.780328631401062, 1.7698636054992676] [-1.2128183167014788, -0.4583704197716939] 0.6559484004974365
pedestrian [379.01527570543055, 1164.9570948034022, 1.444814439668752] [-0.8184674734376395, -0.018781843990636416, 0.011473726499109896, -0.5741311617227742] [0.6762873530387878, 0.7517722845077515, 1.8181761503219604] [0.41327376195755267, 1.2554965586435038] 0.6512526869773865
pedestrian [374.98547722959245, 1146.2500139617753, 1.0904168974555] [0.42588192515368684, 0.008096769722872295, 0.02046573681839382, -0.904511018044515] [0.573512077331543, 0.6506744027137756, 1.7168768644332886] [-0.8290844959318142, -0.8387814003243085] 0.6471542119979858
pedestrian [372.65582188793616, 1129.3360785922057, 1.1322122380133761] [-0.8574919224390967, -0.018123374267236415, -0.012487888878215359, 0.514026457381561] [0.6626859903335571, 0.727203369140625, 1.7647826671600342] [0.0, 0.0] 0.639240026473999
traffic_cone [385.64484682832807, 1136.6076589069485, 0.6237556039023799] [-0.9933670228405658, -0.021667445634956407, -0.0038634004608881114, 0.1128607720574622] [0.3921235203742981, 0.3860229253768921, 0.7625300884246826] [0.0, 0.0] 0.6321223378181458
traffic_cone [389.6679641562142, 1148.6070812929408, 0.701105328322192] [-0.9351232767189068, -0.020052393646583476, -0.009072241867776706, 0.35363830855130846] [0.38109147548675537, 0.37619054317474365, 0.7575559616088867] [0.0, 0.0] 0.627849817276001
pedestrian [402.3370450503076, 1120.9754295837924, 0.858148780900742] [0.2080246249810051, 0.003208158193969683, 0.021774108121056235, -0.9778759386231198] [0.6381630897521973, 0.6304949522018433, 1.7865004539489746] [0.0, 0.0] 0.6243905425071716
pedestrian [391.74449466807, 1111.313096181311, 1.255106370441604] [-0.6051411869756211, -0.014403795198747717, 0.016641356535376378, -0.7958138851278432] [0.578015923500061, 0.5748565793037415, 1.7644953727722168] [0.0, 0.0] 0.6161090135574341
pedestrian [362.3783011125161, 1141.0645130206926, 0.8883120723455687] [-0.9436225572233741, -0.02027165020850718, -0.00857112952235077, 0.33029088003721185] [0.6913582682609558, 0.7245705127716064, 1.778119444847107] [1.0185800450789255, -0.8930953390332376] 0.6157644987106323
pedestrian [371.65189257665673, 1129.1642256436235, 1.143462512801273] [-0.8077666094330453, -0.016926320652629594, -0.014067826151518465, 0.5890914195789799] [0.6093825101852417, 0.6454851031303406, 1.71580970287323] [0.0, 0.0] 0.6012346744537354
pedestrian [370.0223002454161, 1128.7311585575192, 1.1724755646669094] [-0.6696442593238872, -0.013678213910759636, -0.017242694907597344, 0.7423558189245222] [0.6232099533081055, 0.651857316493988, 1.7590506076812744] [0.0, 0.0] 0.5945024490356445
pedestrian [375.47735649767947, 1145.19947493973, 1.0428708658690529] [0.41723443381164627, 0.00790117903400482, 0.020542040632263985, -0.9085323456973948] [0.5880908966064453, 0.6781352162361145, 1.7385077476501465] [-0.8157812841834704, -0.8685942834938565] 0.5839029550552368
pedestrian [387.4021533133662, 1108.2474201290356, 1.3663123216872024] [-0.8048458371097019, -0.018508961838138948, 0.011908920821774655, -0.5930756902990703] [0.6499499082565308, 0.7118745446205139, 1.7984483242034912] [0.414177120132214, 1.1389545693490595] 0.5673998594284058
pedestrian [386.4911911348262, 1111.9869344207607, 1.3587696918603447] [0.5230043898166593, 0.01030367505339008, 0.019448350671949763, -0.8520457758647944] [0.6495794653892517, 0.733222484588623, 1.7777507305145264] [-0.6306765332875185, -1.2021739178218196] 0.5415345430374146
pedestrian [396.3468566855164, 1105.9182542286694, 1.5497814361541011] [-0.6142217999456042, -0.014593566048649465, 0.01647519024013646, -0.7888264551903149] [0.612181544303894, 0.6155064702033997, 1.8962996006011963] [-0.0002784169294270552, -0.0005251127804510056] 0.5235213041305542
pedestrian [411.8147792227747, 1191.3333713864722, 1.5646150727635604] [-0.9964344465276103, -0.021778595720788125, -0.0031775512419866697, 0.08144930760755653] [0.6880602836608887, 0.76926189661026, 1.8072068691253662] [1.3159345151537296, -0.21792854123212382] 0.49313026666641235
pedestrian [345.8982811910336, 1146.3014650085188, 1.0989059499440272] [-0.26709995604960013, -0.0072103751610538246, 0.02079457990683726, -0.9634174637273487] [0.6937178373336792, 0.6844676733016968, 1.8183735609054565] [-0.9840331725321649, 0.603659500678121] 0.48349326848983765
pedestrian [410.4731630430015, 1192.7438504378908, 1.615278264375593] [0.28115447762341284, 0.004840573661827841, 0.021470279692854505, -0.9594101081648252] [0.6675499081611633, 0.7203854322433472, 1.826351284980774] [-0.5227786024164855, -0.26737779733930683] 0.45462045073509216
pedestrian [387.8723265734217, 1114.7568826988108, 1.3153718980020872] [0.5386737036374918, 0.010661614128018627, 0.019254455267553417, -0.8422269509734316] [0.647159993648529, 0.7521407604217529, 1.7886650562286377] [-0.5143557629312767, -1.1801925526643464] 0.4343258738517761
traffic_cone [390.8970138703456, 1149.5187789780318, 0.7243874220544644] [-0.9399447145891275, -0.02017646264711063, -0.008792861793223604, 0.3406163963353777] [0.45444467663764954, 0.44071173667907715, 0.7478820085525513] [0.0, 0.0] 0.42992913722991943
pedestrian [387.3688072800565, 1110.6147943646013, 1.261346006760093] [0.09463368166452968, 0.0006926853054868803, 0.021998278353829063, -0.9952688391741962] [0.6553909778594971, 0.754945695400238, 1.8158280849456787] [-0.2517026435212348, -0.08142056397564429] 0.41127336025238037
pedestrian [396.55650829252943, 1107.116706924757, 1.379250016054364] [0.5412250302351407, 0.01071994852910484, 0.01922203857550819, -0.8405897112048819] [0.6100766658782959, 0.6005975604057312, 1.820023536682129] [-0.0007244397355597506, -0.0005673620636212817] 0.3909384608268738
pedestrian [373.1493281241817, 1130.346615494124, 1.089924832488884] [-0.9415198951430719, -0.02021716951513573, -0.00869885741124939, 0.33623783693438547] [0.5995796322822571, 0.6064772009849548, 1.753947138786316] [0.0, 0.0] 0.38880980014801025
traffic_cone [389.966642484937, 1148.8541516812895, 0.7192176998148964] [-0.8991765376628751, -0.01914645816118809, -0.010854363332174575, 0.437032207111947] [0.3875032961368561, 0.3767872750759125, 0.7571252584457397] [0.0, 0.0] 0.3742915987968445
traffic_cone [385.59284653796936, 1136.9820952159585, 0.6508802843034807] [-0.9896023464512151, -0.02154395177320196, -0.004501355957812047, 0.1421365253366802] [0.3855343163013458, 0.3810746967792511, 0.7284365892410278] [0.0, 0.0] 0.3737383186817169
traffic_cone [390.5957906049003, 1112.9016739019137, 0.878195797185093] [-0.38123870018812067, -0.009663437112591766, 0.01977427739857935, -0.9242146122061736] [0.3459124267101288, 0.33978384733200073, 0.7457929849624634] [-0.00014082174198019228, -0.00013256509355251577] 0.37038666009902954
pedestrian [372.79792226916453, 1129.8627051667381, 1.1345867892999615] [-0.907644642729134, -0.019357399744860268, -0.010473544699988901, 0.41916201934531017] [0.6580377817153931, 0.7050173878669739, 1.7548526525497437] [0.0, 0.0] 0.36874818801879883
pedestrian [374.60628417215287, 1146.2627060078598, 1.0670637073327955] [0.44731245030429323, 0.008582100210023353, 0.02026700815241606, -0.8941069106875893] [0.6272498369216919, 0.6946919560432434, 1.7116013765335083] [-0.7644237056349954, -0.7476300715327853] 0.3600737750530243
pedestrian [375.93138079749303, 1145.6936807972952, 1.0651686319925588] [0.41999753655534955, 0.007963660262564978, 0.020517898983263987, -0.9072583233147951] [0.5840466618537903, 0.6831738948822021, 1.7482612133026123] [-0.7698574535521412, -0.8280997196795885] 0.3263895511627197
pedestrian [390.6890120268124, 1108.5323281582782, 1.0752983582338165] [-0.9168905989497955, -0.019589276519955914, -0.010033160463666767, 0.39853133564880516] [0.6130067110061646, 0.6098016500473022, 1.6193872690200806] [0.0, 0.0] 0.3251904845237732
pedestrian [365.13944398141615, 1103.4833705464937, 1.0262038111675276] [-0.8711102420554299, -0.01982205549657109, 0.009565049887786137, -0.4905940706150717] [0.7067227363586426, 0.6568206548690796, 1.757037878036499] [0.0, 0.0] 0.3249690532684326
traffic_cone [389.7919528523909, 1112.3142085236855, 0.9024819977026276] [-0.35259357870089963, -0.009049838187620379, 0.020062514604178353, -0.9355176984939559] [0.34390750527381897, 0.3464694619178772, 0.8373342156410217] [0.0006737762412138327, -0.0003154514922866611] 0.3175748586654663
pedestrian [390.14828913001696, 1111.6296791625896, 1.1356916406840778] [-0.7119996574699745, -0.01662060091517721, 0.014427740248680402, -0.7018347980110238] [0.5434892177581787, 0.5474555492401123, 1.4464061260223389] [0.0005293150444990506, 0.001587789239075868] 0.3159361183643341
traffic_cone [352.95746319364395, 1130.1179796799588, 0.625899083994863] [-0.9997009085145341, -0.021948970336784036, -0.001626888017030188, 0.010662525580311777] [0.36063697934150696, 0.3597102761268616, 1.0085679292678833] [0.0, 0.0] 0.28711432218551636
pedestrian [389.1414865997393, 1124.2889065059626, 1.0813628876431138] [0.12167420598008832, 0.001290875743452964, 0.021971292708439956, -0.9923260469904288] [0.6671812534332275, 0.694267213344574, 1.79660964012146] [-0.00018253286812387797, -0.00031035780852298883] 0.27157843112945557
pedestrian [387.1870883103103, 1108.7296660013642, 1.3189112425014908] [-0.7889163886311681, -0.0181882821231018, 0.012393161698107447, -0.6141062837047764] [0.6552674770355225, 0.7270348072052002, 1.7936828136444092] [0.33877428395781267, 1.1678783385050693] 0.2612374722957611
pedestrian [394.18671222828283, 1118.1457341696562, 0.9673918116648659] [-0.9730368883926761, -0.021058165678866855, -0.006399822005835471, 0.2295970595709676] [0.6262362003326416, 0.640318751335144, 1.7474815845489502] [0.0, 0.0] 0.2611823081970215
traffic_cone [389.27287280368006, 1112.0840525151018, 0.9428937439423664] [-0.4231991503458937, -0.010559629664488222, 0.019310574429929374, -0.9057693277446797] [0.36830979585647583, 0.36569318175315857, 0.9780721664428711] [0.00266429245527238, 0.00026735817362654585] 0.25977766513824463
pedestrian [394.91827446533773, 1107.9861960847513, 1.1523056497349908] [-0.9098127569259087, -0.01941161906307139, -0.010372709810612906, 0.4144349686879872] [0.6353117823600769, 0.6773625016212463, 1.7756719589233398] [0.18945993280270398, -0.026012962373799232] 0.24790528416633606
traffic_cone [397.7537161887788, 1186.8831018322928, 1.3443245921312328] [0.5854701649166603, 0.011734093999437416, 0.018620287362910076, -0.8103951393789293] [0.5805536508560181, 0.5916060209274292, 1.1160855293273926] [0.003419964922114714, -0.0017027830799259504] 0.24633821845054626
pedestrian [374.85702843740114, 1145.5817222802584, 1.035405999221441] [0.45065450866464757, 0.008657866618242837, 0.020234757450626837, -0.8924270893225738] [0.6021468043327332, 0.6901520490646362, 1.7406020164489746] [-0.6899441812369658, -0.7473708300595113] 0.2460661232471466
pedestrian [393.0986425913832, 1109.008173347665, 0.8486299097077339] [-0.7274166582748457, -0.016937041200281885, 0.014054917247886444, -0.6858429858216759] [0.6137825846672058, 0.648097813129425, 1.3459134101867676] [0.0012492553730041461, -7.289228302755843e-05] 0.22912299633026123
pedestrian [372.39246193708567, 1128.9969041613874, 1.144311606582105] [-0.8093539832275403, -0.016964236622153, -0.014022080419559175, 0.586908617904227] [0.6846880316734314, 0.7475518584251404, 1.756947636604309] [0.0, 0.0] 0.22695432603359222
pedestrian [410.9716865922249, 1192.739010091911, 1.6943776792032175] [-0.8936218134283168, -0.019008748921966846, -0.011093760763898154, 0.4482807719517112] [0.6868774890899658, 0.7580742239952087, 1.8451006412506104] [0.02683779461943864, -0.32108349996232777] 0.22661170363426208
traffic_cone [390.412784591389, 1148.6198532817382, 0.71959250421523] [-0.9566352944747207, -0.020613037383834732, -0.007714062047819794, 0.29045569249336467] [0.4306102991104126, 0.42176514863967896, 0.7544646859169006] [0.0, 0.0] 0.2260654866695404
traffic_cone [371.231043560154, 1155.1838299593792, 1.1405315319639788] [-0.6674452227912501, -0.013627145107390293, -0.017283083627845773, 0.744333574756422] [0.38165396451950073, 0.37795040011405945, 1.3406388759613037] [0.0, 0.0] 0.21820546686649323
traffic_cone [389.67443567559275, 1112.0180750743325, 1.0358637727258584] [-0.38990578926098235, -0.009848809597958695, 0.01968260686413613, -0.9205916963764696] [0.4388986825942993, 0.4450472593307495, 1.0835100412368774] [-2.458924508974528e-05, 0.00010984632924446412] 0.21395188570022583
pedestrian [386.07973381558946, 1109.7522453616662, 1.078577028913144] [0.5808051534074757, 0.011626935310446429, 0.018687387156894778, -0.8137450274575287] [0.6198866367340088, 0.6543363928794861, 1.6403520107269287] [-0.2454412275982563, -0.7192014134097412] 0.2109907567501068
pedestrian [353.15609705997366, 1109.0695126406936, 1.127207219600904] [-0.7906637839569629, -0.018223536762326784, 0.012341262955512543, -0.6118548656956098] [0.6824877262115479, 0.6936624050140381, 1.6781368255615234] [-0.0012699536869632889, 0.006977208513379813] 0.19969922304153442
pedestrian [369.3899500729387, 1128.9464455391828, 1.1943904514142278] [-0.6739919871893281, -0.013779230902761052, -0.017162076191223972, 0.7384107238800887] [0.6412596106529236, 0.6753820776939392, 1.7778732776641846] [0.0, 0.0] 0.18995963037014008
traffic_cone [391.5326471856192, 1150.3778913294307, 0.7288000248029795] [-0.945560575484427, -0.02032201607092805, -0.00845101924491502, 0.324701084115984] [0.3843822479248047, 0.3766343593597412, 0.7890574932098389] [3.2422903075194095e-05, 1.600442401881251e-05] 0.1869625300168991
pedestrian [386.8750032104672, 1110.168288519739, 1.2255894147929867] [0.4321907375931097, 0.008239552367581315, 0.02040867071239249, -0.9015135951694014] [0.6579146981239319, 0.7450053095817566, 1.788819432258606] [-0.20495638101359046, -0.38683808915282625] 0.1861029416322708
pedestrian [387.67811625006516, 1109.355368537837, 1.2838238850369157] [-0.7845633207095571, -0.018100377240461984, 0.012521198313977291, -0.6196579635038414] [0.6733974814414978, 0.7475458383560181, 1.8385589122772217] [0.27102770214021626, 1.1639598510928786] 0.18447592854499817
pedestrian [377.54284758958266, 1146.5761356416192, 1.001821325357845] [0.3942263361895625, 0.007381448675212339, 0.020734470789489368, -0.9187497982536321] [0.6218711733818054, 0.6795130968093872, 1.6931793689727783] [-0.3730933517304415, -0.3924222096000139] 0.18085548281669617
traffic_cone [390.2563718904576, 1112.451180648346, 0.9825453169142437] [-0.4164483044004126, -0.010415662267532232, 0.019388606009553326, -0.9088929561277042] [0.3984077572822571, 0.4015272855758667, 0.9720924496650696] [0.0, 0.0] 0.17975658178329468
pedestrian [386.4882841386881, 1110.934460862003, 1.3057389540852198] [0.5346393582764287, 0.010569402406578998, 0.019305227173819633, -0.8447936745255045] [0.6757447719573975, 0.7765602469444275, 1.801985263824463] [-0.6161030892748351, -1.041879055093463] 0.17369359731674194
pedestrian [364.8471235033206, 1103.914824707042, 1.124969977904788] [-0.8917505229609471, -0.020221755947957887, 0.008688190251497243, -0.45199181489869134] [0.6420727372169495, 0.6256863474845886, 1.615590214729309] [0.0, 0.0] 0.17281204462051392
pedestrian [393.812006072149, 1118.642959504027, 1.0011892432218874] [-0.9942158675421437, -0.02169687706956643, -0.0036945350036377226, 0.10512090498068405] [0.6731898188591003, 0.6961108446121216, 1.7716758251190186] [0.0, 0.0] 0.17274275422096252
traffic_cone [389.4034692785476, 1112.3556403538003, 0.9508430607232441] [-0.14909719266210686, -0.00465285701590898, 0.021511740632837884, -0.9885775756493842] [0.38904160261154175, 0.3941759467124939, 1.0190762281417847] [-0.008611255712270203, 0.0002690305866039172] 0.1701163798570633
traffic_cone [390.70512781421496, 1113.2291364292685, 0.812208745728373] [-0.2941037138319648, -0.007792656957517812, 0.020583453573378575, -0.9555200685735393] [0.36836206912994385, 0.3658119738101959, 0.7701894044876099] [0.00020280435514991062, 0.00063947920844403] 0.17003250122070312
pedestrian [409.4611198469241, 1123.701217359798, 1.2033767859392872] [0.2144894158756006, 0.0033521391644051914, 0.021752407372229922, -0.9764783082147188] [0.6351767182350159, 0.7168439030647278, 1.6804158687591553] [-0.6836042645571628, -0.32107437889628854] 0.16689004004001617
traffic_cone [390.9149770385806, 1150.5864677866089, 0.7404225439386276] [-0.9296490516651802, -0.019912411183205192, -0.009375497018075721, 0.3677883041568431] [0.3783593773841858, 0.36250022053718567, 0.7480604648590088] [0.0, 0.0] 0.16434897482395172
pedestrian [416.87758397030075, 1133.2985341869737, 1.615996071221824] [-0.6337427394909607, -0.015000723232143544, 0.01610535209107863, -0.7732307133572928] [0.5443388223648071, 0.5485692024230957, 1.6071677207946777] [0.020458132949194664, 0.011480467213946457] 0.1618630290031433
pedestrian [386.4919356908259, 1109.6303100702419, 1.1742396876467573] [-0.20917183998272365, -0.005957471929448422, 0.021187557473074048, -0.9776311867441512] [0.6419422626495361, 0.696922779083252, 1.7437981367111206] [-0.05343828041676095, -0.12668840220136743] 0.1603112369775772
