car [382.2523395258725, 1125.6088457834967, 1.0971850203446682] [0.4697966506127673, 0.003027799704637622, 0.022061804466439884, -0.8824937485816305] [1.7883528470993042, 4.162940979003906, 1.5639824867248535] [-3.3585646034360015, -4.808797907254776] 0.7838107347488403
car [398.4597373569726, 1119.621325014536, 0.9150688295349158] [-0.8237079243697794, -0.012856742192850691, -0.018182270692996605, 0.5665768831703804] [1.9096479415893555, 4.730160713195801, 1.880920648574829] [1.0269623123225555, -2.6438511762147865] 0.7500445246696472
car [354.0262393560305, 1132.3649036718691, 0.770487361363987] [-0.9805920466742598, -0.018997371820461965, -0.01161854772688687, 0.19479052136030356] [1.9101766347885132, 4.522340297698975, 1.6758673191070557] [0.08372913863293907, -0.02359607913520545] 0.6861539483070374
car [401.1782232665005, 1100.1183462187607, 1.596298424104521] [-0.1816472614034199, -0.011363215674224996, 0.01915119100494478, -0.9831115814785574] [1.9154253005981445, 4.565864562988281, 1.6523292064666748] [-0.4527473666513591, 0.10941544266694368] 0.31397467851638794
car [359.8867419910593, 1122.1133197158047, 1.040076738369949] [-0.9940097289677016, -0.01995350732861447, -0.009886775644959225, 0.10699891555613578] [1.8833215236663818, 4.417341232299805, 1.6341606378555298] [0.010346421000296157, -0.008406167414420336] 0.2876470983028412
car [344.03543963873454, 1129.1496988438466, 1.1209061662851294] [-0.9743827332097195, -0.018644385370365224, -0.012176932352942656, 0.22379097040629092] [1.9235641956329346, 4.3309407234191895, 1.6733829975128174] [0.0, 0.0] 0.26525506377220154
car [350.7945108207333, 1125.8402102201262, 1.1208978115970638] [-0.9873996968556544, -0.01943304496011551, -0.01087416897721199, 0.15667146473431204] [1.9143983125686646, 4.4683918952941895, 1.6716421842575073] [0.0, 0.0] 0.2387620508670807
car [411.6355385975771, 1092.1350029134073, 2.0297353965469025] [-0.1911473754471572, -0.011547913614308798, 0.01904039071351457, -0.9813087129299813] [2.29345440864563, 5.849685192108154, 2.3820202350616455] [-0.03383729482719101, 0.01967224573992447] 0.22823521494865417
car [391.55091977191233, 1104.1157148220486, 1.4445529997305235] [-0.17263906040229443, -0.01118740636210981, 0.019254420953533125, -0.9847333974411784] [2.007221221923828, 4.638545036315918, 2.016542434692383] [-0.00023512996727588522, 0.0003089464002148299] 0.2231372594833374
car [348.0029095719475, 1135.0317002580605, 1.0676588088788632] [-0.9784450405670291, -0.018871585076754144, -0.01182176230761136, 0.20530321917207595] [1.9796618223190308, 4.623776435852051, 1.739026427268982] [0.0, 0.0] 0.2113153040409088
car [368.7412548155064, 1117.4962213213819, 1.5657069145671065] [0.15684578443149805, -0.004320749493448663, 0.021845409384621144, -0.987372021640628] [1.9122501611709595, 4.666426658630371, 1.9460045099258423] [-6.2393796325600865, -2.275325735112966] 0.19036608934402466
car [408.0641290622897, 1098.0505279998683, 1.3544624890671269] [-0.9787339358629472, -0.018888257582391297, -0.01179510546235463, 0.20392153393611323] [1.9939861297607422, 4.653601169586182, 1.7428083419799805] [0.0010646519547547989, 0.0008667860384197759] 0.1884554922580719
car [361.26872149649046, 1129.1119846042905, 0.9411726851836907] [-0.9866645393819704, -0.019382544673562138, -0.010963929466400197, 0.1612364597068448] [1.8460893630981445, 4.282364845275879, 1.586120843887329] [0.0, 0.0] 0.18648728728294373
car [348.1617728942253, 1133.3280276997643, 1.0115929272531698] [-0.9600184598292785, -0.017918849819853817, -0.013221407205753676, 0.2790495762398731] [1.969433069229126, 4.587275505065918, 1.746561050415039] [0.0, 0.0] 0.1508348435163498
car [370.922203784697, 1091.3663384378772, 1.231442221401847] [-0.8048737208430217, -0.02138780816834157, 0.006201003880102968, -0.5930281635040131] [1.9276151657104492, 4.496879577636719, 1.705998420715332] [2.148429809034121, 7.410943963397795] 0.15038418769836426
car [344.82992745749493, 1132.1159365993853, 1.0907200142082882] [-0.9471708792478378, -0.017335481032180574, -0.013977549311296952, 0.31995536363297683] [1.9151917695999146, 4.437993049621582, 1.6759108304977417] [0.0, 0.0] 0.14798606932163239
car [397.69717887250664, 1188.8231135259937, 1.3895570779180506] [-0.25416881666790436, -0.012754333649039763, 0.018254253217697036, -0.9669034708006121] [1.9011998176574707, 4.450810432434082, 1.720696210861206] [0.01679439433777509, 0.014375957659639496] 0.1467822790145874
car [413.094824488864, 1096.2920509231806, 1.1067440435445455] [-0.1716768548883325, -0.01116858869863562, 0.01926534229769975, -0.9849016025513834] [1.9890815019607544, 4.679318428039551, 1.7427226305007935] [0.0, 0.0] 0.13673166930675507
car [345.3839010113782, 1127.0466366771793, 1.178844729143985] [-0.8155136584239489, -0.021496924322830215, 0.005811456962358165, -0.5783092443810832] [1.9539897441864014, 4.525928020477295, 1.7157069444656372] [0.0, 0.0] 0.13427819311618805
car [397.2785867672783, 1187.0515397087856, 1.261457427719843] [-0.640106135566938, -0.007469110964156703, -0.020978636008376347, 0.767963699937825] [1.901182770729065, 4.41101598739624, 1.6535691022872925] [-0.04560455903751394, -0.6523017453938683] 0.12594906985759735
car [361.53423341090945, 1127.3766298150701, 1.022148226031782] [-0.9500014758546785, -0.022254174854626114, -0.0008015540571648435, -0.3114503252311119] [1.9099485874176025, 4.617700576782227, 1.626575231552124] [0.0, 0.0] 0.12200295925140381
car [425.1612892548246, 1092.459927770392, 1.0204235185820845] [0.591253970629318, 0.006153881658154266, 0.02140141415664542, -0.8061779278966265] [2.014645576477051, 4.606125831604004, 1.744245171546936] [-0.005255433915760969, -0.02852393857431933] 0.12115447223186493
car [350.45650975091576, 1124.1616042698236, 1.2490539459527845] [-0.8788968424907866, -0.014703640581597559, -0.016724046789399625, 0.4764918146960746] [1.9832370281219482, 4.608058929443359, 1.7519032955169678] [0.0, 0.0] 0.11652784794569016
car [418.75857896565225, 1186.6231485441378, 1.9398159606308205] [0.5876738750063243, 0.006058935492963257, 0.021428487768831016, -0.8087913982280497] [1.9180742502212524, 4.479614734649658, 1.6894207000732422] [-0.10543433087241447, -0.29754209094642164] 0.10740566998720169
car [370.24952037372555, 1088.2939721471955, 1.4478694199481936] [-0.8178066937545018, -0.021519861990395593, 0.005725934620754711, -0.5750620147975025] [1.9277069568634033, 4.49361515045166, 1.705209732055664] [0.3790399172421673, 0.8575879034778343] 0.10587545484304428
car [351.16311685762304, 1130.1488844394557, 0.7341823627549454] [-0.9997482202824228, -0.02091818189261557, -0.007636782940105115, -0.002757762636835359] [1.8286752700805664, 4.223943710327148, 1.5650290250778198] [0.017778049586029365, 0.0003813718585336391] 0.10389921814203262
car [345.2084171297173, 1133.8225641607328, 1.1314142557533369] [-0.9806621769504851, -0.021994475543950794, -0.003483365170834216, -0.19443714642878346] [1.9422768354415894, 4.461772441864014, 1.6921221017837524] [0.0023932328165540994, -0.0008827614013958386] 0.10296700149774551
car [371.94932874569247, 1090.5784609879988, 1.205658686985082] [-0.8323212807207835, -0.02165996292647296, 0.005170763327657485, -0.5538460028491201] [1.943669319152832, 4.586817264556885, 1.6929517984390259] [2.216906257178484, 4.656640680966674] 0.1026202067732811
car [394.49372216357216, 1103.8802767005218, 1.3974110722149244] [-0.9923755385106987, -0.019809879068423464, -0.010171503264575417, 0.1212225217450677] [1.9788405895233154, 4.739321231842041, 1.776935338973999] [0.0, 0.0] 0.10129374265670776
car [397.12465076961166, 1104.097517008361, 1.3067185327462647] [-0.23810273469215715, -0.012449927137047793, 0.018463209408145474, -0.9709846533003232] [1.9205470085144043, 4.376636028289795, 1.6088125705718994] [0.03796306638455605, 0.004127218311531933] 0.10116969048976898
car [391.1740426576934, 1102.3338432627613, 1.577098778860146] [0.2888511737175951, -0.0013286747049064797, 0.02222893184332914, -0.9571149923883757] [1.9690613746643066, 4.562673091888428, 1.7727645635604858] [0.0, 0.0] 0.10100733488798141
car [352.03096660718717, 1128.7273763387207, 0.7711880050559019] [-0.9994907206934069, -0.0207156647626398, -0.008170190989735435, 0.02285625648278128] [1.8664600849151611, 4.312136650085449, 1.6007487773895264] [0.06511112859304072, -0.008100629133736763] 0.10064837336540222
truck [410.00034908571246, 1163.7983942780027, 1.8224653778615985] [0.5833772681192593, 0.005945232927117532, 0.021460312038951063, -0.8118959737887254] [2.9210798740386963, 10.455352783203125, 3.5904126167297363] [0.0, 0.0] 0.878598153591156
construction_vehicle [398.44868692257046, 1109.921895807095, 1.734366226435246] [-0.3129793508747814, -0.01384965194339232, 0.017437830381492988, -0.949498833668917] [2.849909782409668, 3.541172742843628, 2.655444622039795] [0.0, 0.0] 0.8349276185035706
truck [401.0292118077326, 1096.347912845023, 2.646824266448427] [-0.17486279451788583, -0.011230866948456156, 0.01922910333200447, -0.9843409532809393] [2.9916086196899414, 10.01077938079834, 3.704233407974243] [0.0, 0.0] 0.7413095235824585
truck [363.50111482619275, 1094.360425407979, 1.2392808754854014] [-0.8504676378318914, -0.02182153042538984, 0.004439774460557205, -0.5255558069446818] [2.0043365955352783, 5.031704425811768, 2.372519016265869] [0.0, 0.0] 0.6958884000778198
truck [368.75415560269784, 1117.4944516112953, 1.4860728239396859] [0.1729570999945232, -0.003963249884320959, 0.021913088274391184, -0.9846775872203639] [1.8761005401611328, 4.531885623931885, 1.967625617980957] [-5.851099943855491, -2.1742558648609327] 0.5854677557945251
truck [411.66256627292154, 1091.797345683673, 2.0908615206510817] [-0.2032733214299577, -0.011782594103320176, 0.018896064763945827, -0.978868768532057] [2.800708532333374, 6.531803607940674, 2.9366416931152344] [0.0, 0.0] 0.34949320554733276
construction_vehicle [358.20110056681085, 1196.1999242176184, 1.3044204273102942] [-0.9621274462315136, -0.01801958236457136, -0.013083785338091545, 0.27168895159843837] [2.556652784347534, 5.419099807739258, 2.585470676422119] [0.0, 0.0] 0.18928377330303192
truck [408.573447322356, 1097.885638644641, 1.491709165890296] [-0.9857686474694581, -0.019322337316772232, -0.011069691413210288, 0.1666261770517095] [2.1780495643615723, 5.840625762939453, 2.045450448989868] [0.0, 0.0] 0.1755119115114212
construction_vehicle [360.25336394811904, 1098.625578777826, 1.2482028830526084] [-0.7670018397173106, -0.02096739895016239, 0.007500597884939536, -0.6412583621933466] [1.9488661289215088, 3.829500675201416, 2.4345405101776123] [0.0, 0.0] 0.17394083738327026
truck [398.469979707267, 1119.6163497441826, 0.9036415388500011] [-0.8308563636788497, -0.013087246924198456, -0.018017068443891986, 0.5560411964477016] [1.8756227493286133, 4.725663185119629, 1.858485460281372] [0.925027397465776, -2.542036883889118] 0.13813862204551697
truck [400.5637558557143, 1100.298482960687, 1.7392325387986785] [-0.1639378243914959, -0.011016967226557685, 0.019352447403255854, -0.9862192955658573] [2.2096669673919678, 6.257035732269287, 2.05837345123291] [-0.3261335616188696, 0.08221369813382724] 0.13779404759407043
construction_vehicle [408.6827937862015, 1086.8519189479762, 2.0196575944197077] [-0.7038326098245639, -0.020176211301193618, 0.00942397394395896, -0.7100167368169402] [3.5869245529174805, 8.118287086486816, 3.791590929031372] [0.0, 0.0] 0.11511039733886719
construction_vehicle [391.71085298354586, 1093.5018350724265, 2.9991470355396004] [-0.9973992266451304, -0.0203202840299327, -0.009109162656890733, 0.0685484638801524] [2.809044361114502, 9.680525779724121, 3.491469621658325] [0.0, 0.0] 0.10207699239253998
trailer [422.56764362306814, 1186.9934847577454, 6.6428693433792105] [-0.8268889361060185, -0.021608587542813404, 0.005381424697178238, -0.5619241911130802] [2.832883834838867, 8.194456100463867, 3.4987409114837646] [0.006309963177458479, 0.007360047603043787] 0.13880769908428192
bus [385.5072903945041, 1087.5945272221409, 1.9938178065976129] [0.08217337501215782, -0.005950814419298869, 0.02145876499507591, -0.9963692315862348] [3.116213083267212, 11.141061782836914, 3.560619354248047] [0.0, 0.0] 0.12503798305988312
trailer [414.4071513420364, 1090.4465734193848, 2.500181540669186] [-0.20864323482553554, -0.01188613642722508, 0.01883110586769198, -0.9777382624067492] [3.048520088195801, 12.955482482910156, 3.8119606971740723] [-0.0015003608543190318, 0.0003211266311114987] 0.10427705943584442
bus [373.2213057630873, 1166.3710499664742, 2.471404247487725] [-0.4994216730498327, -0.01710463326114788, 0.014259113169074161, -0.8660728039262859] [2.8464784622192383, 8.709329605102539, 3.3315348625183105] [0.0, 0.0] 0.10018177330493927
barrier [391.916215794884, 1151.3630015994606, 0.8075349786372837] [-0.9798260344800683, -0.01895198143167377, -0.011692441455073586, 0.19860778274704383] [2.1793248653411865, 0.6933764219284058, 1.1841216087341309] [0.0, 0.0] 0.8778557777404785
barrier [385.30089717251946, 1135.4230885476436, 0.8011111291645832] [-0.9828537849798036, -0.019135106484447675, -0.011390280382663057, 0.1830370087263954] [2.133476972579956, 0.6458366513252258, 1.136847972869873] [0.0, 0.0] 0.8061039447784424
barrier [394.71537180994795, 1113.1918977257214, 0.6925497731149982] [-0.8322144060514579, -0.021658964875030686, 0.005174942309728422, -0.5540065808030188] [2.0347366333007812, 0.48472777009010315, 1.0583069324493408] [0.0, 0.0] 0.7925390601158142
barrier [384.4097742320978, 1133.489471194264, 0.7864122536191618] [-0.9797986558445344, -0.018950369963854633, -0.01169505303963461, 0.19874280670725253] [2.0796451568603516, 0.6008947491645813, 1.0632989406585693] [0.0, 0.0] 0.7850883603096008
barrier [386.921880778609, 1141.841288917859, 0.8300911333178236] [-0.9837064231173633, -0.01918863339658921, -0.011299873262038462, 0.17839782041907298] [1.9207184314727783, 0.6255732774734497, 1.0688048601150513] [0.0, 0.0] 0.760111927986145
barrier [392.58193517366846, 1113.7468192774725, 0.7116463188328217] [-0.7398166502561575, -0.020639152690506906, 0.00836158858021441, -0.6724399104874658] [2.0555057525634766, 0.5228890776634216, 1.059739589691162] [0.0, 0.0] 0.7324922680854797
barrier [393.51764521155735, 1155.2391766250773, 0.8180302457349795] [-0.9828149456108812, -0.01913269047951808, -0.011394338172170808, 0.18324544168004092] [1.9280279874801636, 0.7205609679222107, 1.1402933597564697] [0.0, 0.0] 0.7312555313110352
barrier [387.6150327856782, 1143.6118592109872, 0.8268741424957309] [-0.9902178097928622, -0.019637639510406243, -0.010500185799601934, 0.1377417815394425] [1.9293625354766846, 0.5969195365905762, 1.086292028427124] [0.0, 0.0] 0.7300567626953125
barrier [390.8919412692225, 1151.4742675046803, 0.8070761503630464] [-0.9816511462847022, -0.01906114354698431, -0.011513626450779474, 0.18938092884597219] [2.0542492866516113, 0.6806289553642273, 1.1299760341644287] [0.0, 0.0] 0.7153060436248779
barrier [362.3598837186956, 1104.9875464603806, 0.9008921017149225] [-0.7121724383082915, -0.020286148675841425, 0.009184931097645076, -0.7016512861291251] [2.076760768890381, 0.4883723855018616, 1.0473637580871582] [0.0, 0.0] 0.708354115486145
barrier [364.512211385102, 1104.4537285138636, 0.9583684404641281] [-0.8470140803559254, -0.021792042858304262, 0.004582319874109694, -0.5311038099010766] [2.229429244995117, 0.47704803943634033, 1.108383059501648] [0.0, 0.0] 0.7054731845855713
barrier [398.4622527966869, 1166.374868029962, 0.9759800396916742] [-0.9824271476967958, -0.019108669869265224, -0.011434575776751223, 0.18531327173457024] [1.9350974559783936, 0.7265074253082275, 1.1572613716125488] [0.0, 0.0] 0.6801725625991821
barrier [386.1548614260476, 1139.758581507624, 0.8327602898835473] [-0.9838850775656823, -0.019199971267288195, -0.011280597976266068, 0.17740987389715407] [1.9628709554672241, 0.6610697507858276, 1.110202670097351] [0.0, 0.0] 0.6646029949188232
barrier [394.9265906776032, 1158.7190485868773, 0.8922532518313309] [-0.9815878788967269, -0.019057299397782952, -0.011519988152341655, 0.18970857971018834] [1.970626711845398, 0.7380975484848022, 1.1650470495224] [0.0, 0.0] 0.6600275635719299
barrier [365.452398031932, 1102.578643022521, 0.8433669875085544] [-0.9981813089901332, -0.020433058808691965, -0.008853298542767327, 0.05601949299464504] [2.177004337310791, 0.5339623093605042, 1.1378424167633057] [0.0, 0.0] 0.6579619646072388
barrier [399.2322746095158, 1168.1249275163104, 0.9550384838159589] [-0.9798313375306984, -0.01895229364678806, -0.011691935378402813, 0.1985816184983772] [1.928342580795288, 0.6852584481239319, 1.154958724975586] [0.0, 0.0] 0.6554642915725708
barrier [395.88664123238027, 1160.8637468962834, 0.9396779250610809] [-0.9751349069012585, -0.01868550975600145, -0.012113732394485408, 0.22049041374923073] [1.9334012269973755, 0.7566561698913574, 1.1649960279464722] [0.0, 0.0] 0.6508866548538208
barrier [399.8880185631428, 1169.8379414636127, 0.9871726578747727] [-0.9859564215222313, -0.01933484146378309, -0.011047836572705288, 0.16551146205537876] [1.9087176322937012, 0.6733953952789307, 1.1165715456008911] [0.0, 0.0] 0.6214988827705383
barrier [396.53452982464773, 1112.379800092216, 0.7916841916742541] [-0.8300349395088747, -0.02163849979103993, 0.005259858758559519, -0.5572666403142496] [1.9379702806472778, 0.4924963712692261, 1.0213173627853394] [0.0, 0.0] 0.6129187941551208
barrier [394.4300584984236, 1157.460634518082, 0.8541276031019915] [-0.9784414182552137, -0.018871376502761918, -0.011822095256672393, 0.20532048182136847] [1.9599778652191162, 0.7078716158866882, 1.1516622304916382] [0.0, 0.0] 0.611707866191864
barrier [392.56703941189556, 1153.1524363743338, 0.818462133383541] [-0.9791074212564619, -0.018909924330055807, -0.011760337971265704, 0.20212067398748262] [1.965228796005249, 0.7477298974990845, 1.151949405670166] [0.0, 0.0] 0.6011896729469299
barrier [402.0265382756205, 1109.9604925716465, 0.6538785445230635] [-0.8497862828719523, -0.02181576222056774, 0.004468031569100597, -0.5266567977870436] [1.9667255878448486, 0.5361968278884888, 1.0054610967636108] [0.0, 0.0] 0.589562177658081
barrier [385.4348401324547, 1137.9597641025757, 0.8413980873397655] [-0.9826573686259685, -0.019122907675184132, -0.011410748854181921, 0.1840885794874842] [1.9615669250488281, 0.6547484993934631, 1.1217271089553833] [0.0, 0.0] 0.5728365182876587
barrier [393.72427908628055, 1158.9025108497628, 0.9503234026313021] [-0.9780303085554628, -0.01884777971816866, -0.011859679045497847, 0.20726993211640504] [2.0708165168762207, 0.6875776052474976, 1.1686608791351318] [0.0, 0.0] 0.5703550577163696
barrier [396.70268634248146, 1162.560885946687, 0.953883401299926] [-0.974314979944969, -0.018640700347514572, -0.012182572713552772, 0.22408576275048636] [2.0391573905944824, 0.7312175035476685, 1.198171615600586] [0.0, 0.0] 0.5682623386383057
barrier [384.4925124889172, 1135.7399326605798, 0.8478970943685642] [-0.9762423049719282, -0.018746800234286577, -0.01201866333427237, 0.21553438518187668] [2.1100728511810303, 0.6727266311645508, 1.1661300659179688] [0.0, 0.0] 0.5639733076095581
barrier [390.2169772380861, 1149.833612853826, 0.789426559742904] [-0.9768599278818351, -0.018781388690387722, -0.011964540368413927, 0.21271763093671542] [2.058459758758545, 0.5479534864425659, 1.024237036705017] [0.0, 0.0] 0.5521668195724487
barrier [400.3634217841655, 1110.7701655383726, 0.919272294167967] [-0.8825470233643952, -0.022062147712607505, 0.0030252976174118666, -0.46969656243502445] [1.9041523933410645, 0.4997571110725403, 1.0331361293792725] [0.0, 0.0] 0.5487950444221497
barrier [397.7604030276003, 1164.7232200873514, 0.9486232214107818] [-0.9782750278202583, -0.01886180820607763, -0.011837355218289809, 0.2061118122668023] [1.9430315494537354, 0.6943672895431519, 1.1799614429473877] [0.0, 0.0] 0.547821044921875
barrier [392.5393917826028, 1105.5972698213197, 0.9891216112485064] [0.5634131442835849, 0.005420349708762128, 0.02159885636790876, -0.8258751346669282] [2.1073288917541504, 0.491303026676178, 1.1084741353988647] [0.0, 0.0] 0.5410952568054199
barrier [394.5186073336988, 1160.6533390004863, 0.9787675515012192] [-0.9788393074101406, -0.018894357468067172, -0.011785331698162966, 0.20341514073802158] [2.06259822845459, 0.7110801935195923, 1.149751901626587] [0.0, 0.0] 0.535510241985321
barrier [400.55517600178905, 1171.557576339873, 1.0177280872046346] [-0.9811103462249438, -0.019028428209741027, -0.011567614587008092, 0.19216294581163118] [1.8781039714813232, 0.6092432737350464, 1.0443203449249268] [0.0, 0.0] 0.5117481350898743
barrier [351.07858764809913, 1112.951872659885, 0.8095579988336614] [-0.9267609742639823, -0.022257428492777634, 0.0007054532271672763, -0.37499094094912067] [2.020279884338379, 0.48235300183296204, 1.07708740234375] [0.0, 0.0] 0.47671496868133545
barrier [363.81158309885404, 1099.0378439140552, 0.6269286639225672] [-0.9792181575475332, -0.01891637321907783, -0.011749962195827933, 0.20158350414120507] [2.061868667602539, 0.48908931016921997, 1.0753672122955322] [0.0, 0.0] 0.4570799469947815
barrier [352.42981739525567, 1110.9221839295178, 0.7697924209889785] [-0.9688330710461578, -0.02214954382533905, -0.002299672954186112, -0.24671155153316876] [2.1073851585388184, 0.5232418179512024, 1.114997148513794] [0.0, 0.0] 0.4411502480506897
barrier [363.0721555319124, 1097.3839112659134, 0.6260690132827751] [-0.979185198480906, -0.018914452600376736, -0.011753053654048048, 0.20174354088431495] [1.9711500406265259, 0.47118574380874634, 1.0794198513031006] [0.0, 0.0] 0.4401477575302124
barrier [383.91601599871296, 1133.9542718635407, 0.8206553675592313] [-0.9828654783389461, -0.019135834240781985, -0.01138905769921929, 0.18297420775122175] [2.1197457313537598, 0.6530659198760986, 1.1142218112945557] [0.0, 0.0] 0.4319278597831726
barrier [389.6726682006066, 1109.2667678711093, 0.8719998759115695] [0.03940632993579912, -0.006864796311960201, 0.021184082679269547, -0.998975099976783] [2.0799522399902344, 0.5195525884628296, 1.0379869937896729] [0.0, 0.0] 0.42789986729621887
barrier [390.3323616691197, 1107.3110059435446, 0.9172139483447594] [0.18320876802503544, -0.003734684317442555, 0.021953198409705114, -0.9828217826907285] [2.063053607940674, 0.4888644516468048, 1.0732195377349854] [0.0, 0.0] 0.4261572062969208
barrier [362.18898294090775, 1095.790787311643, 0.7054404905889808] [-0.9721912700261895, -0.018526724689901047, -0.012355211840816062, 0.23312709773318346] [2.1912012100219727, 0.4638122618198395, 1.0991876125335693] [0.0, 0.0] 0.4119165241718292
barrier [349.56167892593066, 1114.3620071899386, 0.8491549987683289] [-0.910525757074099, -0.022209470595403836, 0.0016217901339948193, -0.4128522192228982] [1.9762742519378662, 0.4401295781135559, 1.060842514038086] [0.0, 0.0] 0.38912367820739746
barrier [384.4017878623287, 1155.0045184193345, 0.7469652563192268] [-0.9857656876691159, -0.0193221406918269, -0.01107003461837755, 0.16664368642966265] [1.9729993343353271, 0.48521512746810913, 1.0015687942504883] [0.0, 0.0] 0.37799519300460815
barrier [393.8676985819189, 1156.4418042615648, 0.8485940952860466] [-0.9853108904880117, -0.019292097995789813, -0.011122308316517438, 0.1693120146308406] [1.9200750589370728, 0.7439127564430237, 1.1616694927215576] [0.0, 0.0] 0.3403110206127167
barrier [391.3464523358001, 1106.009694800423, 0.9535021165058678] [-0.6852505771566028, -0.008720560218070474, -0.020490061416448636, 0.7279668644376445] [2.1111223697662354, 0.5061032772064209, 1.0987157821655273] [0.0, 0.0] 0.33676061034202576
barrier [395.59600883108186, 1162.794961331688, 0.9945656983484659] [-0.9756274911011878, -0.018712660241269257, -0.012071749420098615, 0.2183004989005622] [2.0906729698181152, 0.7303835153579712, 1.1852962970733643] [0.0, 0.0] 0.324161171913147
barrier [395.36414221021533, 1160.9679054677435, 0.9444795264351145] [-0.9626529081595214, -0.018044940472492946, -0.013048789626283981, 0.26982121418570587] [2.019594669342041, 0.7941098809242249, 1.1815202236175537] [0.0, 0.0] 0.31900835037231445
barrier [389.9645350043577, 1111.2561533375424, 0.8678836912409682] [-0.13351124437413542, -0.010416216467935205, 0.019682307330695398, -0.9907970815652933] [2.124606132507324, 0.5095483064651489, 1.0548508167266846] [0.0, 0.0] 0.3043021261692047
barrier [391.1975655227533, 1113.447652209166, 0.7623279162537369] [-0.44634361836675573, -0.016214620724498342, 0.015263579597443691, -0.8945845312523041] [1.9616498947143555, 0.5040228366851807, 1.006157636642456] [0.0, 0.0] 0.3000745177268982
barrier [364.2969016358979, 1100.1923968394694, 0.694049440084079] [-0.9638691966026423, -0.018104055657597852, -0.012966647836408204, 0.26544355530547264] [2.0527820587158203, 0.49767813086509705, 1.065011978149414] [0.0, 0.0] 0.2984233498573303
barrier [382.3406145532697, 1154.6594096737228, 0.7825815697451307] [0.4751452399612298, 0.0031616717874358106, 0.022043017463028124, -0.8796255511038876] [2.1029295921325684, 0.47771912813186646, 1.045266032218933] [0.0, 0.0] 0.2977355122566223
barrier [395.3160308769683, 1104.4883109388854, 1.1549814154635236] [-0.6472551071176079, -0.007664838443342519, -0.020907918093494845, 0.7619481186555989] [1.9258804321289062, 0.4694744646549225, 1.0729869604110718] [0.0, 0.0] 0.29699262976646423
barrier [398.6767378674194, 1111.5476972459373, 0.9792872716709955] [-0.8551755121164464, -0.021860705516775106, 0.004242680953791928, -0.5178599740171141] [1.9711154699325562, 0.5054397583007812, 1.0523511171340942] [0.0, 0.0] 0.2901404798030853
barrier [359.4889223933364, 1112.3137819836988, 0.6715908828579661] [-0.8036087981081466, -0.021374552070253912, 0.006246543937477321, -0.5947411275637603] [1.994981050491333, 0.49061164259910583, 1.0197861194610596] [0.0, 0.0] 0.2852121889591217
barrier [360.4042138838039, 1104.9512880996176, 0.8618847645879615] [-0.7304011840799721, -0.02052096968254342, 0.008647577155190014, -0.6826552713538564] [1.9863709211349487, 0.504095733165741, 1.0936875343322754] [0.0, 0.0] 0.28430870175361633
barrier [382.76722142636055, 1154.0536586549258, 0.7486837203667899] [0.5794323139675206, 0.005841070008344453, 0.021488896866159728, -0.814716087200245] [2.0749311447143555, 0.508378803730011, 1.037126064300537] [0.0, 0.0] 0.28140902519226074
barrier [382.41472947150277, 1155.2019262425079, 0.860616200348868] [0.21692370735025818, -0.0029769604671817766, 0.02206872206865788, -0.9759345338710237] [2.1254689693450928, 0.4849516451358795, 1.0452193021774292] [0.0, 0.0] 0.2744324803352356
barrier [382.0059597976168, 1156.003492002974, 0.9297331730344409] [-0.12157967851421253, -0.010178632354225765, 0.01980621697256543, -0.992331845193438] [2.1654388904571533, 0.46278589963912964, 1.0768988132476807] [0.0, 0.0] 0.2646438479423523
barrier [396.48219199159706, 1104.7526872479552, 1.0835749322405688] [-0.7301367387190387, -0.010005338383209762, -0.019894320576594213, 0.6829381026018091] [2.0887913703918457, 0.47390806674957275, 1.0533199310302734] [0.0, 0.0] 0.26189881563186646
barrier [384.7804173973222, 1136.8278838083627, 0.8418439366477521] [-0.9738953322403023, -0.018617945629496313, -0.012217319178279236, 0.22590261409108092] [2.0238068103790283, 0.6739376783370972, 1.1349992752075195] [0.0, 0.0] 0.2593046724796295
barrier [396.5065173168184, 1163.1746478413802, 0.96736198531517] [-0.9605775055485299, -0.017945393188483955, -0.013185357434576588, 0.2771190449009175] [2.0238003730773926, 0.7712790369987488, 1.1976451873779297] [0.0, 0.0] 0.25914767384529114
barrier [394.13257140934036, 1104.839272970189, 1.1453325742926166] [0.39233590620322656, 0.0011234811934606329, 0.022240246792128243, -0.9195524160787822] [2.0315113067626953, 0.5226939916610718, 1.1048520803451538] [0.0, 0.0] 0.2565251290798187
barrier [378.283763736846, 1146.8212725136711, 0.9167556024281558] [-0.8994936475894411, -0.015442982399737952, -0.016043848726792903, 0.43636600137828724] [2.0621113777160645, 0.4936120808124542, 1.0571255683898926] [0.0, 0.0] 0.2524435520172119
barrier [382.86013809643936, 1155.083585828852, 0.8447585847930412] [-0.642344329124135, -0.007530294843036458, -0.020956751822354746, 0.766092600182705] [2.212059736251831, 0.5035264492034912, 1.071246862411499] [0.0, 0.0] 0.24248729646205902
barrier [383.63463778813957, 1153.0313486040461, 0.8268048581411985] [-0.6670896773765459, -0.019674710527964188, 0.010430558614362205, -0.7446445269726278] [1.3022459745407104, 0.7217049598693848, 1.1072328090667725] [0.0, 0.0] 0.24133267998695374
barrier [362.5283377786221, 1096.8220813167495, 0.6397546710184662] [-0.9665439358864661, -0.018236241672368945, -0.012780073436165561, 0.2555326382553339] [2.0551745891571045, 0.48692065477371216, 1.0964938402175903] [0.0, 0.0] 0.23682239651679993
barrier [391.5117772325972, 1151.87702680376, 0.7751036559958662] [-0.9629181900528185, -0.0180577835644452, -0.013031010709322714, 0.2688729597375622] [2.059321641921997, 0.7501552104949951, 1.184011697769165] [0.0, 0.0] 0.2351401448249817
barrier [400.19156453685997, 1110.3466198774659, 0.934854697119729] [-0.8908385850462996, -0.02211291291579969, 0.0026286631098506367, -0.4537738694607031] [1.952332615852356, 0.5237274169921875, 1.0547758340835571] [0.0, 0.0] 0.22931334376335144
barrier [394.0883446971805, 1158.2193124435548, 0.8724908694962836] [-0.9721233634170879, -0.01852312719051786, -0.012360604615095833, 0.23341010156220982] [2.068506956100464, 0.7346442341804504, 1.1868526935577393] [0.0, 0.0] 0.225703626871109
barrier [389.54743017542665, 1111.3232049033902, 0.8442869300332331] [-0.19416697604649985, -0.011606465967438986, 0.019004755592048825, -0.9807157053017916] [2.0627243518829346, 0.48977115750312805, 1.048893690109253] [0.0, 0.0] 0.21988609433174133
barrier [351.5185222222574, 1109.1485424846678, 0.7605381218385447] [-0.8806329982787235, -0.022049684598342924, 0.003114834904201099, -0.47327542885222623] [2.1554651260375977, 0.5143803358078003, 1.1039707660675049] [0.0, 0.0] 0.21521157026290894
barrier [360.78964626311574, 1101.0765090550108, 1.43176575130423] [-0.9974886576162567, -0.020332265556517355, -0.009082387610429782, 0.06723456804019029] [2.482203722000122, 0.4537059962749481, 1.1363461017608643] [0.0, 0.0] 0.20649230480194092
barrier [390.19282183385604, 1112.300958080273, 0.8291335307008273] [-0.2903831999697047, -0.013432390199559267, 0.017761240972792823, -0.9566512982210327] [1.763338327407837, 0.5090414881706238, 1.05167818069458] [0.0, 0.0] 0.18692123889923096
barrier [363.33752366578574, 1124.8399908240826, 0.9323380797748841] [-0.9772553807410711, -0.018803694408020297, -0.011929453632778688, 0.21089340915556587] [2.1562891006469727, 0.5519728064537048, 1.0719703435897827] [0.0, 0.0] 0.18625572323799133
barrier [401.78507991742583, 1100.701778815491, 1.1490301817329103] [-0.8206536610123762, -0.021548044355559123, 0.005618947572071381, -0.5709918369640818] [2.9785470962524414, 0.49380695819854736, 0.941550612449646] [0.0, 0.0] 0.18589483201503754
barrier [393.31267064748687, 1157.2852443908491, 0.8958241466534237] [-0.9948756124793073, -0.020036065287117794, -0.009718378217438532, 0.0986236528757456] [2.0878496170043945, 0.7121703028678894, 1.1520836353302002] [0.0, 0.0] 0.17876484990119934
barrier [403.11983703958623, 1109.472276376258, 0.6293020231541843] [-0.8732009335850882, -0.02199882319403564, 0.003455801707909468, -0.48685135185060635] [1.891010046005249, 0.5331652164459229, 1.0204145908355713] [0.0, 0.0] 0.17833569645881653
barrier [365.1328225310425, 1101.2607962036627, 0.7456222633144008] [-0.9762729990387722, -0.018748512163961437, -0.012015992635010249, 0.21539531229921022] [1.9047088623046875, 0.4631083011627197, 1.0270590782165527] [0.0, 0.0] 0.1686440259218216
barrier [393.0546863319449, 1157.8747702910619, 0.9449794223177341] [-0.975681277943202, -0.018715635658354702, -0.012067135918292806, 0.2180599758868022] [2.1003336906433105, 0.6874611377716064, 1.1540145874023438] [0.0, 0.0] 0.1667051911354065
barrier [356.2402658093871, 1100.6731962540096, 0.9350451327725624] [-0.9865653251059933, -0.02186700355329929, -0.004210100113634648, -0.16184241876324773] [2.226006031036377, 0.4935075640678406, 1.1025657653808594] [0.0, 0.0] 0.16537398099899292
barrier [397.83998732769675, 1165.9847284220791, 1.0045645650642478] [-0.9821590019765363, -0.019092167324637383, -0.011462108628645917, 0.18672922655301472] [1.9918630123138428, 0.7619616985321045, 1.1801202297210693] [0.0, 0.0] 0.1646043211221695
barrier [390.6627515947265, 1105.5652466003764, 1.097469635716577] [-0.9746021426311914, -0.01865634048492314, -0.012158607941596282, 0.22283350913030053] [2.111931324005127, 0.5159699320793152, 1.0890860557556152] [0.0, 0.0] 0.1608482301235199
barrier [363.4220947088638, 1097.3708969398187, 0.6788752429665701] [-0.9915875009600176, -0.019745030583994475, -0.010296822548920281, 0.12750818464906405] [2.030196189880371, 0.4779094159603119, 1.0746861696243286] [0.0, 0.0] 0.15459291636943817
barrier [392.35714829971766, 1113.365196317241, 0.7622134702637582] [-0.7154150825389376, -0.020328478717168932, 0.00909086026800765, -0.6983447349901319] [2.130683183670044, 0.5644204020500183, 1.0585453510284424] [0.0, 0.0] 0.15347391366958618
motorcycle [409.1588070088039, 1117.0081999103077, 0.6972760877604931] [-0.964682971026928, -0.022184085758313238, -0.0019383308372500213, -0.26247071193428795] [0.669373631477356, 1.9518253803253174, 1.2986210584640503] [0.0, 0.0] 0.4439496397972107
bicycle [372.46505793650863, 1129.3105841434453, 1.2224738206974517] [-0.9980895193324864, -0.020418731550405366, -0.008886292209876454, 0.057631767379448584] [0.6696262359619141, 1.8222447633743286, 1.5080565214157104] [0.0, 0.0] 0.3996012806892395
bicycle [419.852883896837, 1102.4268998315258, 0.14721224379980202] [-0.07918835441825123, -0.009325492846877417, 0.020221918072469498, -0.9966109139163397] [0.6270539164543152, 1.7672109603881836, 1.1358020305633545] [0.0, 0.0] 0.25231942534446716
bicycle [416.20851691451367, 1160.6868044003186, 1.162820203488289] [-0.8180920123219517, -0.02152270128063733, 0.0057152530085099965, -0.5746560437232451] [0.4948781728744507, 1.5584114789962769, 1.0691473484039307] [0.0, 0.0] 0.24129092693328857
bicycle [360.76895851069264, 1098.6669535951316, 0.5660954189865307] [-0.958302224028957, -0.022223242675822152, -0.0014206591210939121, -0.28488762106098436] [0.6858855485916138, 1.8752610683441162, 1.3506674766540527] [0.0, 0.0] 0.23676246404647827
motorcycle [385.773896017614, 1176.546173647366, 1.732772832733526] [0.5106656578746253, 0.004059090585854502, 0.021895537695673466, -0.8594909511333491] [0.6722087264060974, 1.987704873085022, 1.3101468086242676] [0.0, 0.0] 0.20374974608421326
bicycle [379.3105332892705, 1165.6693887028455, 1.4743617453929572] [-0.8258981958822935, -0.021599078218266603, 0.005419465609082828, -0.5633793386795486] [0.6826349496841431, 1.7131644487380981, 1.8925397396087646] [0.4822485638624109, 1.4139061103301624] 0.19328680634498596
bicycle [378.54271459694166, 1146.8227417704884, 0.9493928933492215] [0.4024565330270319, 0.001368767225432394, 0.02222649913165392, -0.9151682076189569] [0.5567799806594849, 1.7321115732192993, 1.1079785823822021] [0.0, 0.0] 0.1835600882768631
bicycle [385.294642582559, 1098.6686677567977, 0.4027000225954176] [-0.9907704908519467, -0.021738371414841844, -0.004830527465734704, -0.1337084278182391] [0.659317672252655, 1.7546956539154053, 1.321631669998169] [0.41426874996182267, 0.2915378988299343] 0.17965178191661835
bicycle [395.82383691176545, 1104.4552353999115, 1.3327991132083779] [-0.4278286534884661, -0.015896891575530977, 0.015594217697680213, -0.903585498149942] [0.5863420367240906, 1.7082690000534058, 1.1540017127990723] [0.0012944713902773135, 0.0010419939824082498] 0.17944464087486267
bicycle [373.1589615782233, 1130.16390056434, 1.2014949047198478] [-0.7696273079016633, -0.011175831276796819, -0.019261141779224833, 0.6381049413260103] [0.6524494886398315, 1.7347644567489624, 1.396912693977356] [0.0, 0.0] 0.16492725908756256
motorcycle [407.93895721895126, 1190.3091291333894, 1.5939822628828022] [0.23059749759415404, -0.002666980119450584, 0.02210832432386692, -0.9727943787440112] [0.7389082908630371, 1.908672571182251, 1.5916478633880615] [-0.4612752010342935, -0.19365402957977954] 0.16359275579452515
bicycle [402.5588577857132, 1100.997249844991, 0.8846148525577664] [-0.39572861283055044, -0.015337618926831711, 0.016144603836022862, -0.918097475325927] [0.5602637529373169, 1.6473770141601562, 1.1214094161987305] [0.0, 0.0] 0.14184269309043884
bicycle [369.8545444104152, 1128.614591480239, 1.2241907952689304] [0.19112752927911658, -0.003557549243583099, 0.02198259836202972, -0.981312578521387] [0.6908175945281982, 1.7030069828033447, 1.6126363277435303] [0.0, 0.0] 0.1399245709180832
bicycle [417.1752602718813, 1134.0898191516246, 1.6233228345333197] [-0.8612082973077968, -0.02190910257155378, 0.003985224193940137, -0.5077640966638327] [0.6059377789497375, 1.6150683164596558, 1.258453607559204] [0.0, 0.0] 0.13778159022331238
motorcycle [361.7697426886176, 1121.7366161439834, 0.8361931225977726] [-0.6531812364210534, -0.019478116373213675, 0.010793227965644742, -0.7568740856972821] [0.648771345615387, 1.797546625137329, 1.1835317611694336] [-4.662663127658023e-05, 0.00015007196752032354] 0.1365296095609665
motorcycle [394.83137801633876, 1107.8604925104075, 1.38309389517015] [-0.9997183840667832, -0.020959453906030254, -0.007522770721471143, -0.008201327425030991] [0.8829588294029236, 2.236586332321167, 1.408323049545288] [0.0, 0.0] 0.13632072508335114
bicycle [390.66993452825886, 1108.464266123861, 1.0533834223035061] [-0.010304105969695776, -0.007909425572388086, 0.020816622552222153, -0.9996989219824127] [0.5794929265975952, 1.6763114929199219, 1.1451694965362549] [0.0, 0.0] 0.12503916025161743
motorcycle [354.47805642621773, 1092.5551134348, 2.434747072092401] [0.5155865496508083, 0.00418459753006779, 0.02187189820016043, -0.8565480833157049] [0.7381914854049683, 2.1920337677001953, 1.7721508741378784] [-2.705564674848977, -5.269544841237396] 0.12221058458089828
motorcycle [356.2060295441761, 1124.653669108886, 1.1351403734551464] [-0.9988956348600254, -0.020560724338299776, -0.008552625447853866, 0.041371727909518874] [0.7171162962913513, 1.808459997177124, 1.797953724861145] [1.0594317535248503, -0.15072887407376248] 0.12089069187641144
motorcycle [386.2054110765879, 1175.9452604479504, 1.7385169657009056] [-0.15557788453830446, -0.010852641413115996, 0.019445075513485417, -0.9875725953342462] [0.692999005317688, 1.9734848737716675, 1.2655543088912964] [0.0, 0.0] 0.12045809626579285
bicycle [371.13333316905545, 1128.901858806055, 1.2249642025480125] [-0.9993189498542799, -0.02111443884573127, -0.007076104832229716, -0.029423556460286493] [0.6638299226760864, 1.8296376466751099, 1.4252538681030273] [0.0, 0.0] 0.11901754140853882
motorcycle [387.6074878307433, 1108.6556754383419, 1.6368609026462788] [-0.7363613088899709, -0.020596036374492005, 0.008467235264679539, -0.676221954673524] [0.6972346305847168, 1.9577170610427856, 1.550244688987732] [0.04154466966379964, 0.14133815630914343] 0.11117737740278244
bicycle [386.09191715589947, 1109.6452210848504, 0.8324778210781176] [0.5778444412303333, 0.0057992062917325195, 0.021500232411598725, -0.815843067600526] [0.5768676996231079, 1.7094087600708008, 1.179106593132019] [-0.01471147423822663, -0.10099735503600764] 0.11083513498306274
motorcycle [383.26652696119254, 1153.129520287455, 0.7831206915893054] [-0.9997517628539996, -0.020902591161209527, -0.007679353495845588, -0.00072241466812073] [0.7027950286865234, 1.9738690853118896, 1.2886364459991455] [0.0, 0.0] 0.1048860251903534
bicycle [382.5613862872948, 1152.7443750159607, 0.6503803841548685] [-0.9976341911221978, -0.02035220196578484, -0.009037624826841081, 0.06503944892594876] [0.5414994955062866, 1.6446166038513184, 1.1176048517227173] [0.0, 0.0] 0.1026267483830452
traffic_cone [391.0994275445839, 1149.7350105564399, 0.7263106604742682] [-0.9532365141594458, -0.01760504577043425, -0.013636464013363051, 0.3014038110007593] [0.4537387788295746, 0.4346439242362976, 0.7329753041267395] [0.0, 0.0] 0.8668695688247681
pedestrian [389.0516746872992, 1123.7633566544046, 0.9754610865964054] [0.213763234616266, -0.0030483866580983433, 0.02205896929028096, -0.9766316545858136] [0.6208553314208984, 0.6002696752548218, 1.698164939880371] [0.0, 0.0] 0.8614771962165833
pedestrian [407.57237981403125, 1163.11214160303, 1.1458134927513062] [-0.9981119766493844, -0.021303307579818284, -0.006485358396147991, -0.057241517115563634] [0.7139275074005127, 0.6764403581619263, 1.8476619720458984] [0.006692544672787441, 0.0042708581668494975] 0.8181394934654236
pedestrian [390.7011696389146, 1122.839289133006, 0.8204982409890479] [0.26714300202390695, -0.0018307920576302447, 0.022193219410634152, -0.9633995669929936] [0.6039503812789917, 0.6252578496932983, 1.5862743854522705] [-0.02999019114626222, -0.016397321189248908] 0.7962795495986938
pedestrian [387.5562184325878, 1113.7484936646108, 1.2490695081067005] [0.5610970188549324, 0.005359813357279723, 0.021613958178500217, -0.8274504484528005] [0.6396132707595825, 0.7213244438171387, 1.7718409299850464] [-0.4248604431844811, -0.9699926928883722] 0.7941005825996399
pedestrian [375.3283838081714, 1145.6940060959578, 1.0596782504827322] [0.4592604174638403, 0.0027650176820235408, 0.02209627716573377, -0.8880225099419338] [0.5684465169906616, 0.6345909237861633, 1.7318801879882812] [-0.6135088961751844, -0.9025066551548505] 0.7868435382843018
pedestrian [376.16153328261373, 1146.8459737900234, 1.129938367919494] [0.474037861852896, 0.0031339283195371283, 0.022046978946214685, -0.8802228210757589] [0.5904739499092102, 0.6451888084411621, 1.7434089183807373] [-0.5384270919997626, -0.9341775811357251] 0.780582845211029
traffic_cone [390.69864085531464, 1148.9302704581949, 0.7096759317641075] [-0.9503861389621227, -0.017477194167850235, -0.013799944615326984, 0.3102745495223575] [0.40611615777015686, 0.39986491203308105, 0.7295753955841064] [0.0, 0.0] 0.7792743444442749
pedestrian [372.74499908526735, 1142.176753882144, 1.0102012347589913] [0.4530825937094666, 0.00261150646034554, 0.022114945656148556, -0.891190368266026] [0.5894015431404114, 0.630252480506897, 1.7208797931671143] [-0.5815494796852888, -0.7975202479620837] 0.7701902985572815
pedestrian [374.667248466436, 1145.7299564325126, 1.0854770845116437] [0.49268706187441724, 0.0036030200441097963, 0.02197519132859993, -0.8699215874285376] [0.6132521033287048, 0.6660875082015991, 1.7802621126174927] [-0.6213485372143783, -0.9820765766866967] 0.7641568183898926
pedestrian [387.51277995852075, 1114.9538048314737, 1.2440913490254248] [0.5464405067715143, 0.004978409638832766, 0.021704981567253347, -0.8372018166320014] [0.6408762335777283, 0.728743314743042, 1.7197270393371582] [-0.39802428696232317, -1.0278987037641947] 0.7612289786338806
traffic_cone [385.73287398256275, 1136.6504291450906, 0.696793708992545] [-0.9909388475316357, -0.01969340029971642, -0.010395228328514947, 0.13245493446944956] [0.3842734098434448, 0.3829047381877899, 0.7419136762619019] [0.0, 0.0] 0.7495784163475037
pedestrian [393.74329923401046, 1118.1597017358263, 1.0669098663342658] [-0.7207677580540759, -0.009733460119363005, -0.020028742882956994, 0.6928188422396825] [0.682019054889679, 0.6379251480102539, 1.866507887840271] [0.0, 0.0] 0.7382730841636658
pedestrian [388.2958851323079, 1113.5043494963138, 1.2182939182629864] [0.5548926242790362, 0.005198007456657132, 0.021653440970140686, -0.8316238841768295] [0.6472135186195374, 0.7324337959289551, 1.7629826068878174] [-0.42675747762333394, -1.0169892018744093] 0.7372269630432129
pedestrian [373.34157535673944, 1141.7404609435282, 0.9738612378169603] [0.4491306701524075, 0.002513523903967117, 0.022126296232108444, -0.8931885301217667] [0.5865929126739502, 0.6266981959342957, 1.70082426071167] [-0.5937108865279748, -0.7907030238472509] 0.7372133135795593
pedestrian [376.6282314218951, 1146.5182861352746, 1.1091096440026917] [0.48788105784782687, 0.003481749541222599, 0.021994731357737166, -0.8726260267754554] [0.6058881282806396, 0.6685276031494141, 1.7426540851593018] [-0.555183514324541, -0.924555886033198] 0.736473798751831
pedestrian [391.7436696778104, 1111.3005885744092, 1.2664787534918447] [-0.6214694671519265, -0.01901728224422218, 0.01158592954451313, -0.7831218363770307] [0.6167270541191101, 0.600446879863739, 1.879701852798462] [0.0, 0.0] 0.7329512238502502
pedestrian [375.6445429830671, 1144.8571192559734, 1.0656072608698748] [0.402307283593191, 0.0013651425473740954, 0.02222672205234455, -0.9152338273799219] [0.6018455028533936, 0.6685675978660583, 1.7267849445343018] [-0.6756685299485675, -0.8077253363179889] 0.7223315834999084
pedestrian [386.78260833404886, 1110.4406399725965, 1.2868768717000456] [0.5573553307110103, 0.005262170915502964, 0.021637937624063554, -0.8299753879125893] [0.63469398021698, 0.6918677687644958, 1.7641291618347168] [-0.23398961161400125, -0.7541745439450226] 0.6936352849006653
pedestrian [386.3032855021884, 1111.504699790403, 1.3577821007235682] [0.5590525799202813, 0.005306438588324243, 0.02162712410088715, -0.8288331087119469] [0.6343762874603271, 0.6837433576583862, 1.7818517684936523] [-0.299093274065428, -0.7145809452114555] 0.686654269695282
pedestrian [402.3250845513307, 1120.9222841647909, 0.9250706897042977] [0.12356878478754796, -0.005052594056180243, 0.021687832548926658, -0.9920861175516776] [0.6407281756401062, 0.6015022993087769, 1.7467074394226074] [0.0, 0.0] 0.6668071150779724
pedestrian [388.1507685339556, 1110.7885882184835, 1.2348353134469559] [-0.7747006867867009, -0.021056572719344767, 0.007246484160044528, -0.6319358789504256] [0.6476333737373352, 0.7360843420028687, 1.809360384941101] [0.23141072018999057, 1.2849568022598552] 0.6354780197143555
pedestrian [387.5229095290018, 1110.550389861518, 1.2666887472611803] [-0.7372939724947528, -0.02060770377815509, 0.008438799224927851, -0.6752049372861098] [0.6226447224617004, 0.6822177171707153, 1.7692742347717285] [0.04640552961874148, 0.9260242998175152] 0.6345073580741882
pedestrian [396.37634601679844, 1106.1210224722658, 1.4963524627975626] [-0.6066087219487704, -0.018795681688265925, 0.011942074243623481, -0.7946885979226783] [0.6300327777862549, 0.6449928879737854, 1.8052411079406738] [-0.05101790285024587, 0.5782812030431594] 0.6180647611618042
pedestrian [370.6089664734378, 1136.7991219085854, 0.8384608270361213] [-0.7156611321971088, -0.009586131681258908, -0.020099673299742826, 0.6980925820226033] [0.6672933101654053, 0.7151869535446167, 1.7171205282211304] [0.029314579423879786, -1.0240275943254467] 0.5780572891235352
pedestrian [379.28806067695473, 1165.6296602971859, 1.553136268176472] [-0.8097228182592294, -0.021438074260888722, 0.006024928161517838, -0.5863898590553589] [0.6907427906990051, 0.7884758114814758, 1.848564863204956] [0.44168879550971424, 1.3605270121872333] 0.5739369988441467
pedestrian [408.6871316187726, 1124.2924851747746, 1.2033317394060719] [0.06754753334917601, -0.006264979753405307, 0.02136915571697328, -0.9974675132309194] [0.6785880923271179, 0.7359533309936523, 1.7396776676177979] [-0.97187550426888, -0.13655216911180595] 0.5736767053604126
pedestrian [371.69502038473667, 1129.2338289817685, 1.1885999208228113] [-0.7927838792807932, -0.011883119075840363, -0.018833010072641848, 0.6090959119589701] [0.5953665971755981, 0.6231924295425415, 1.7327901124954224] [0.0, 0.0] 0.5736163854598999
traffic_cone [389.7110896512075, 1148.5466154828916, 0.7075528640599762] [-0.8782859522736732, -0.01468221261757796, -0.016742861763123562, 0.4776168917148552] [0.38699570298194885, 0.38627421855926514, 0.7454901337623596] [0.0, 0.0] 0.5657731294631958
pedestrian [372.66430367693624, 1129.3120374361731, 1.1790936698042933] [-0.8178594837440358, -0.012669769989002412, -0.01831304769263173, 0.5749869338189975] [0.6312867403030396, 0.6852248907089233, 1.6972863674163818] [0.0, 0.0] 0.5421690344810486
pedestrian [425.23036910627246, 1114.9024229994425, 1.9679860017992832] [-0.9229749617266985, -0.02224928577570066, 0.0009273995029299301, -0.38421521213797905] [0.6412769556045532, 0.6042882800102234, 1.835565209388733] [0.0001116385177697524, 0.0005203492106642573] 0.514753520488739
traffic_cone [390.4204456842632, 1149.0867271535308, 0.7039878136577751] [-0.9322224770738503, -0.016705593330728494, -0.014724603180906102, 0.3611998926507695] [0.3956356644630432, 0.3893547058105469, 0.7440491914749146] [0.0, 0.0] 0.5106117725372314
pedestrian [362.8434258097301, 1140.6291874618648, 0.9270498356085696] [-0.9383144403081929, -0.016957105926753153, -0.014434242133056503, 0.34506538557461164] [0.7153098583221436, 0.739162802696228, 1.8053953647613525] [0.992435794366116, -0.8544132065578376] 0.4966402053833008
pedestrian [369.930105121832, 1128.6927247013466, 1.2200924784418827] [-0.6399358397961342, -0.007464459202762206, -0.020980291613252884, 0.7681056113302711] [0.6248725652694702, 0.6508252024650574, 1.7277532815933228] [-0.0006669405822492651, -0.00023294015207011917] 0.48720934987068176
traffic_cone [390.25413599213715, 1148.7686102164207, 0.6851067911317186] [-0.9366432111877443, -0.016887455727361445, -0.014515668307840245, 0.3495763209208303] [0.41445866227149963, 0.4111221730709076, 0.7378596663475037] [0.0, 0.0] 0.4839765727519989
pedestrian [356.233703490733, 1124.645947669619, 1.1786357138530121] [-0.9997236372803578, -0.020838460372198615, -0.007851710430418227, 0.0075338088351308286] [0.6896452903747559, 0.7266148924827576, 1.7840087413787842] [1.2018942598063411, -0.11473771303084905] 0.4237223267555237
pedestrian [426.06622869623646, 1115.0179014949676, 1.9882605300099458] [-0.21716087870703432, -0.012049885981138996, 0.018726746519574088, -0.9758817868839551] [0.6205447912216187, 0.5977334976196289, 1.7816119194030762] [7.334664678159422e-05, 8.62700814835891e-05] 0.41639256477355957
pedestrian [388.51033315542463, 1110.9678738429816, 1.1785969027810426] [-0.7595049360837083, -0.020878901466046342, 0.007743530263255794, -0.6501202667792435] [0.5837397575378418, 0.6328094601631165, 1.6300359964370728] [0.1978395275754036, 0.8429543572722796] 0.4028584063053131
traffic_cone [388.69807506599324, 1111.3309822072586, 0.9976188007532913] [-0.6494808256287411, -0.01942522655944484, 0.010888129338002431, -0.7600518182027076] [0.41287869215011597, 0.42856746912002563, 1.2073209285736084] [0.039273193510461414, 0.19641657970676685] 0.3919917345046997
traffic_cone [389.76839800287104, 1112.4028149508304, 0.8395949290280861] [-0.3641628462584912, -0.014777658107040653, 0.01665867966671567, -0.9310690256997852] [0.33965256810188293, 0.3357934355735779, 0.8876542448997498] [-0.0005543013802889686, 0.002085326931596458] 0.38329648971557617
pedestrian [373.17626420605205, 1130.274412604746, 1.1865232470903517] [-0.9206031062169506, -0.016242112375933617, -0.015234322201344384, 0.3898641174003251] [0.618259608745575, 0.6325186491012573, 1.764930009841919] [0.0, 0.0] 0.3660089671611786
traffic_cone [390.55823463036575, 1112.8517160020215, 0.7527621461933989] [-0.45276208661207684, -0.01632391178113187, 0.015146639611763877, -0.8913532420647333] [0.34764134883880615, 0.3423742651939392, 0.7720546722412109] [-2.270379143143848e-05, -5.860151992548736e-05] 0.3607168197631836
traffic_cone [352.9978852029978, 1130.1724932048057, 0.4236482619628714] [-0.9982395658417083, -0.02044234136062706, -0.008831843921991985, 0.054971614500487986] [0.3501184582710266, 0.3543144166469574, 1.0981601476669312] [5.029333217201351e-06, -8.999021774044034e-05] 0.34232398867607117
traffic_cone [402.43773256368917, 1101.258525267548, 1.259264702967756] [-0.5316858400994252, -0.01762953216087161, 0.013604792653900456, -0.8466488508528203] [0.3470451235771179, 0.3458132743835449, 1.0132449865341187] [0.00039756292794360413, -0.0008898494503688486] 0.3231661021709442
pedestrian [386.4123242413885, 1110.6794217540385, 1.3065299443333451] [0.5473793017892619, 0.005002754268868742, 0.02169938333437487, -0.8365883152335639] [0.6701010465621948, 0.7397814393043518, 1.7671102285385132] [-0.3585907620729401, -0.838024938990262] 0.31957411766052246
pedestrian [376.2773702630742, 1146.29180022628, 1.1187261441939473] [0.4810008921380733, 0.0033086062527449807, 0.022021442096990997, -0.8764372487377579] [0.6023980379104614, 0.694828987121582, 1.7839001417160034] [-0.5683406669542609, -0.8926062932171582] 0.317672461271286
traffic_cone [385.710636616225, 1137.2356137990955, 0.7339227840420434] [-0.9835661430500263, -0.019179761208527928, -0.011314925865894034, 0.1791696164485711] [0.3782792389392853, 0.3781087100505829, 0.708794891834259] [0.0, 0.0] 0.3116759657859802
traffic_cone [390.559052567125, 1149.7393425921332, 0.7843096136913239] [-0.9518725447052203, -0.017543593132813944, -0.013715433910639282, 0.305684098129165] [0.40381646156311035, 0.3940020203590393, 0.7787429094314575] [0.0, 0.0] 0.30273744463920593
pedestrian [387.31138432790897, 1110.0618473476393, 1.289027709537017] [-0.6816334856989458, -0.01987642612971406, 0.010040840187795576, -0.7313548389027982] [0.6290944218635559, 0.6965764760971069, 1.765985131263733] [0.049856445723259465, 0.4222595682382802] 0.29511556029319763
traffic_cone [356.7846797588482, 1113.6515011276686, 0.6159975001973272] [-0.9995665194846088, -0.02074494026491771, -0.008095569206166203, 0.019258305690217692] [0.3854105770587921, 0.3835793733596802, 0.9406152963638306] [-9.743023528511e-05, 4.917557308338836e-06] 0.2879069745540619
pedestrian [365.0298964759129, 1103.733891912813, 1.2276838422848448] [-0.908074633256722, -0.02219951778837611, 0.0017527684759839372, -0.4182159366264069] [0.6393491625785828, 0.6019107699394226, 1.537878394126892] [0.0, 0.0] 0.27854734659194946
pedestrian [375.53819550421025, 1146.1173032665943, 1.1034320540240485] [0.4869317482634611, 0.0034578271971302654, 0.021998504913780317, -0.8731561038816154] [0.5957924127578735, 0.6858852505683899, 1.792409896850586] [-0.5549760707765072, -0.9274886646855909] 0.27804088592529297
pedestrian [390.6771733477595, 1108.5126568834191, 1.050261521245341] [-0.6559761274015509, -0.01951790275357819, 0.010721112790596662, -0.7544530664606625] [0.6193671226501465, 0.6202281713485718, 1.6075488328933716] [-0.0008909900103294851, 0.00032214166486676594] 0.2670518755912781
pedestrian [425.6584438770265, 1180.7840798164934, 2.174331194421221] [-0.565601780686663, -0.018167044389401657, 0.012878248542419892, -0.8243777865133851] [0.6252966523170471, 0.6533219814300537, 1.765550136566162] [-0.186942238736015, 0.5282173291728642] 0.2540847957134247
pedestrian [394.98187310117873, 1108.091985544568, 1.201577961705418] [-0.9040391805906768, -0.0221817661315129, 0.0019646981075212844, -0.42686914759627503] [0.6559046506881714, 0.6858779788017273, 1.6178563833236694] [0.0011590348029794988, 0.00600026739359772] 0.25139120221138
pedestrian [375.79449390362623, 1145.5709053040316, 1.0700162409160567] [0.452885298326422, 0.0026066107743716095, 0.022115523227763802, -0.8912906460703042] [0.6154715418815613, 0.7043431997299194, 1.7709308862686157] [-0.6473831539482432, -0.8790947334059748] 0.24520528316497803
traffic_cone [385.2998346550915, 1136.8152385164237, 0.7955456473889829] [-0.9916705560017922, -0.019751750491881985, -0.010283926286845418, 0.12686062262076786] [0.3818751871585846, 0.3829921782016754, 0.8315841555595398] [0.0, 0.0] 0.24373048543930054
traffic_cone [385.6577715904678, 1136.3946606916438, 0.7543013968533958] [-0.9854466498385503, -0.01930103086360986, -0.011106799492599566, 0.16852005677251058] [0.3492295742034912, 0.3511013984680176, 0.7638554573059082] [0.0, 0.0] 0.24369068443775177
traffic_cone [390.08810451653324, 1112.5027517799417, 0.8634155773391062] [-0.4896367043195068, -0.01694296927276985, 0.014450833179744589, -0.8716421324120149] [0.38679444789886475, 0.37523511052131653, 0.9097574949264526] [0.0, 0.0] 0.24204447865486145
pedestrian [387.665163024877, 1109.1209939962162, 1.347223308873088] [-0.7795254252539777, -0.021111540418078265, 0.007084747599080584, -0.625974616574217] [0.658665120601654, 0.719611644744873, 1.7918208837509155] [0.17378843931436594, 0.7881099233139085] 0.23361854255199432
pedestrian [395.9074087336518, 1110.0766085006567, 1.1392727496371537] [0.09955205522136856, -0.0055753542929210045, 0.02155936483005095, -0.9947831409477317] [0.6188657283782959, 0.6216403245925903, 1.5351512432098389] [0.0, 0.0] 0.2279512584209442
traffic_cone [385.86887544146424, 1137.81177547927, 0.7404869453940512] [-0.98457550064889, -0.019244207420029313, -0.011204966226710335, 0.17353729493864] [0.3663064241409302, 0.3692084550857544, 0.7029563188552856] [0.0, 0.0] 0.22780892252922058
pedestrian [386.8479637318015, 1111.155909021968, 1.3259753098609548] [0.5177333902031652, 0.004239445211917015, 0.021861333254446863, -0.8552521533918345] [0.643454372882843, 0.7240440845489502, 1.771926760673523] [-0.1512552908158367, -0.2655999572472931] 0.22174371778964996
traffic_cone [363.2458108367824, 1124.4593224210778, 0.9012806059460032] [-0.9979271478246949, -0.020394200729386067, -0.00894244731470862, 0.06037811563059975] [0.3263495862483978, 0.317950963973999, 0.7617179155349731] [0.0, 0.0] 0.22114397585391998
traffic_cone [363.1812011215468, 1118.6974992403316, 0.9390746191258494] [-0.9997432283691399, -0.020929128517831113, -0.007606731679962097, -0.0041936312049183355] [0.4100716710090637, 0.4163919687271118, 1.0492169857025146] [0.0, 0.0] 0.21804456412792206
traffic_cone [352.1112340708214, 1115.6941811945035, 0.7012914267496629] [-0.7720620882019478, -0.011249413070828699, -0.019218259362613954, 0.635156863439167] [0.4252837598323822, 0.4259703457355499, 0.884465754032135] [-0.0009430727203774458, -0.00023115591563749625] 0.21253807842731476
traffic_cone [385.4319340734707, 1137.340917466075, 0.8377386522004482] [-0.9850017690636463, -0.01927186637077391, -0.011157327366079387, 0.1711012102649182] [0.3579154908657074, 0.3622312843799591, 0.8321101069450378] [0.0, 0.0] 0.21050623059272766
pedestrian [407.77134268742583, 1162.7328584306333, 0.9626204495888746] [-0.9997374854093894, -0.02093822857358419, -0.007581647022064069, -0.005391611998626422] [0.6172864437103271, 0.6327940225601196, 1.6316968202590942] [-7.452608912117502e-05, 0.0013465681238869476] 0.20839174091815948
pedestrian [364.9172900003461, 1103.2817153430233, 1.2934972477865974] [-0.7353293863210908, -0.020583102051494457, 0.008498629142667372, -0.6773439324488562] [0.7220497131347656, 0.7031739950180054, 1.7539012432098389] [0.0, 0.0] 0.19597439467906952
pedestrian [390.5773549301147, 1105.4462112984302, 1.4846533934913675] [-0.6090610980673178, -0.01883248823428503, 0.011883946073268184, -0.7928106255807031] [0.6228281855583191, 0.6295586228370667, 1.7251850366592407] [0.0, 0.0] 0.1939551830291748
traffic_cone [391.45102879831916, 1150.0591150885775, 0.710874134988838] [-0.9518255618125837, -0.01754148540151217, -0.013718129510810353, 0.3058303599919277] [0.38915666937828064, 0.3766701817512512, 0.763178825378418] [0.0, 0.0] 0.19374695420265198
traffic_cone [406.6137135910468, 1099.5534603869455, 1.003311743286727] [-0.6127937546630466, -0.018888331483076573, 0.01179498711963048, -0.7899290622952156] [0.36162668466567993, 0.3718821704387665, 0.8265753984451294] [4.644439431463836e-05, 0.00017381877423752905] 0.19231203198432922
pedestrian [408.0109616998843, 1190.1985043385864, 1.6625181330202763] [0.2702294937201163, -0.0017596495086818712, 0.022198973421611777, -0.9625383784225969] [0.684769868850708, 0.7315365076065063, 1.82403564453125] [-0.5163618425303461, -0.368232571922572] 0.1870221495628357
traffic_cone [388.9998290804322, 1111.912500582967, 0.8868609442457673] [-0.39813437234039134, -0.015379895041755236, 0.016104335312934318, -0.917056776199683] [0.377252995967865, 0.37876585125923157, 1.0596333742141724] [0.004162707582341903, 0.005460164516887578] 0.18398696184158325
pedestrian [374.8799485284627, 1146.2946367814134, 1.0990462517961188] [0.5075232133078766, 0.003979096480924593, 0.021910216305694567, -0.8613502755361957] [0.6391511559486389, 0.7235246896743774, 1.7994188070297241] [-0.5570287956234162, -0.8569789144976] 0.18249763548374176
traffic_cone [390.6683180780717, 1150.316503659268, 0.7799051506881246] [-0.9821356659802667, -0.01909073519910933, -0.011464493749150827, 0.1868519275312162] [0.37816277146339417, 0.3684457540512085, 0.7765952944755554] [0.0, 0.0] 0.17988745868206024
traffic_cone [361.9446765208861, 1121.6302040121636, 0.7701131059677069] [-0.9964037944394738, -0.021456253706359823, -0.0059598627715032855, -0.08175321179777395] [0.3558347821235657, 0.3627782464027405, 0.798762857913971] [0.0, 0.0] 0.1788734644651413
pedestrian [350.0909246449484, 1107.6761804543487, 1.290480206689569] [-0.7595785953145412, -0.020879778739269043, 0.007741164458012676, -0.6500342042943749] [0.7423166036605835, 0.7812766432762146, 1.8945740461349487] [0.04788959921938093, 0.9437015382578329] 0.17803087830543518
traffic_cone [350.3454867649572, 1129.084602315332, 0.49969382626472125] [-0.9984894672323883, -0.020484070293388307, -0.008734623722997863, 0.050228408680884795] [0.3730853796005249, 0.3749082088470459, 1.0635628700256348] [0.0001769696854198518, 0.0009107529007667282] 0.17704950273036957
traffic_cone [370.0413969664828, 1154.971364812543, 0.6539181887861447] [-0.752868498674347, -0.010673999705955567, -0.019543707878601005, 0.6577941417468443] [0.3423994481563568, 0.35171055793762207, 1.0057120323181152] [0.0, 0.0] 0.17609712481498718
pedestrian [364.6109597170228, 1103.7629273477207, 1.4706358838742295] [-0.8593469064511728, -0.02189439213930547, 0.0040652650857169745, -0.5109080187131848] [0.7257366180419922, 0.713970422744751, 1.8212788105010986] [0.006133103943191963, -0.0004607935590567133] 0.17525556683540344
traffic_cone [384.11786731808985, 1152.8808822300123, 0.6823887151759422] [-0.9982892363131224, -0.021282542692882732, -0.006553179678023048, -0.05406209276374241] [0.39519262313842773, 0.38107481598854065, 0.7801351547241211] [0.0, 0.0] 0.17271053791046143
traffic_cone [383.071072063978, 1152.877591040772, 0.7122850993796322] [-0.8089127169630114, -0.012386404693809914, -0.018505884635109833, 0.5875068727667377] [0.3764924705028534, 0.3749491572380066, 0.8181096315383911] [0.0, 0.0] 0.16932491958141327
