car [412.1307979370608, 1108.4356431363287, 0.9064396400310214] [-0.9770350723201223, 0.014331605419326307, -0.0237672114431923, 0.211263324319988] [1.9155304431915283, 4.5164794921875, 1.8066637516021729] [2.3206927194348337, -1.0216562199332881] 0.7974792718887329
car [393.14261221425704, 1100.3800907323969, 1.4802919294052088] [-0.2258068357365104, -0.0235508942469123, -0.0146843669884482, -0.9737766672502396] [1.7017055749893188, 3.9745428562164307, 1.4642045497894287] [-0.010524207847665373, -0.0025223697382804767] 0.7922279834747314
car [401.23783350130077, 1100.4733601911032, 1.2591620193856325] [-0.20424251680057534, -0.02386950335257429, -0.014160581322181622, -0.9785268106072954] [1.7939852476119995, 4.499789237976074, 1.465903878211975] [0.0, 0.0] 0.6888167858123779
car [363.5573472471876, 1094.6299264816519, 1.67093617863662] [0.5353922734467079, -0.026987473227661332, 0.006477001039596728, -0.8441474031707288] [2.0981760025024414, 5.1479082107543945, 2.1985764503479004] [0.0, 0.0] 0.6695221662521362
car [360.11215469148937, 1122.2667597385362, 1.354611875625293] [-0.9860105964658498, 0.01318004834437061, -0.02442461011604336, 0.16435579820431656] [1.8599050045013428, 4.340638160705566, 1.626739501953125] [0.0011830284150102831, -0.001205899305145739] 0.5825440883636475
car [361.2876792187836, 1129.3310826603179, 1.0840116868012284] [-0.979922518145691, 0.01399436387859633, -0.023967332628269514, 0.1974375424718592] [1.8446447849273682, 4.360538482666016, 1.6034832000732422] [0.001610620115097499, -0.007153793750656773] 0.532861590385437
car [354.12377072555137, 1132.4601410128073, 1.0449592924122015] [-0.987560991670637, 0.012942107928205899, -0.02455151922092285, 0.15476760797023018] [1.9917042255401611, 4.694681167602539, 1.801830768585205] [0.002344295345911879, 0.0006823534703748095] 0.33521386981010437
car [345.6568162332184, 1121.2277262319153, 1.1548823246702473] [-0.13858465958388874, -0.024760038953717076, -0.01253856948344138, -0.9899616239402095] [1.8236100673675537, 4.336044788360596, 1.5626683235168457] [-10.52738605651306, 3.3334842371532396] 0.2936415672302246
car [383.93650827530473, 1155.3151324813011, 1.1142622705100274] [0.5638393690842423, -0.026751153757976386, 0.007392633245182677, -0.825418009627245] [1.9469258785247803, 4.6053571701049805, 1.8088476657867432] [0.0, 0.0] 0.221583753824234
car [416.9141634963622, 1105.757915948614, 0.7950570495118775] [-0.9576951708618859, 0.016132700696586177, -0.022583428037280837, 0.28644316094845496] [1.8163039684295654, 4.27961540222168, 1.5587079524993896] [0.24876276006481393, -0.20037056634992767] 0.1687643826007843
car [437.3760891638903, 1102.575965717326, 0.7719906471688094] [-0.6233213413598029, -0.014926234350740532, -0.023398349980018843, -0.7814731154375917] [1.8803220987319946, 4.442643165588379, 1.6418200731277466] [-0.0028121248050398486, 0.010645337906081494] 0.14906346797943115
car [362.91581147370465, 1138.8903788664904, 0.8971944840485813] [-0.9874577124940932, 0.012958453990106707, -0.024542895588478587, 0.15542519352489784] [1.9987941980361938, 4.700734615325928, 1.702697992324829] [8.317730317092273, -2.821364266357024] 0.14530286192893982
car [347.8511658812499, 1120.0558012014285, 1.2004620820476353] [-0.13546838617915374, -0.02479937746330356, -0.012460583096840436, -0.9903928720928552] [1.872517704963684, 4.406811714172363, 1.6153786182403564] [-9.133919322430158, 2.379254777139858] 0.14108116924762726
car [411.81598130720243, 1092.0942308542863, 2.101755656800502] [-0.19592169502895493, -0.023988948545930297, -0.013957277719576357, -0.9802267156955579] [2.449507236480713, 6.3957366943359375, 2.749178171157837] [0.0, 0.0] 0.13443094491958618
car [438.9993570084484, 1102.7406250229988, 0.8036150962150109] [-0.24284939788462515, -0.023289750137502244, -0.01509512478296845, -0.9696668988335089] [1.9224961996078491, 4.61373233795166, 1.6701531410217285] [0.0, 0.0] 0.13372741639614105
car [376.813803826461, 1148.021599169433, 1.6158229356090545] [0.906034903352801, -0.019237027138039344, 0.020005300311942635, -0.42229193533952264] [1.9338250160217285, 4.475821495056152, 1.7225115299224854] [0.0004570963160425286, -0.0328339049504158] 0.12032625824213028
car [355.1337461177127, 1101.4416225933976, 1.6268900515179938] [0.8312716687702861, -0.02205573995124516, 0.016846945980910674, -0.5551730698135338] [2.0682313442230225, 4.943976402282715, 1.7613246440887451] [0.0, 0.0] 0.1130063459277153
car [362.5395281846789, 1124.7988390617102, 1.2231860251071178] [0.5807178471296398, -0.02659324238976437, 0.007941959007695376, -0.8136316775860166] [1.7318874597549438, 3.9645204544067383, 1.4801071882247925] [-0.0012461474736445047, -0.002347371455453002] 0.11133720725774765
car [360.1083264522796, 1099.8755936026032, 1.5813519392815298] [0.6941198179676629, -0.025135132464920436, 0.011768618000919943, -0.7193242683594498] [2.0487191677093506, 4.695521354675293, 1.7829985618591309] [0.0, 0.0] 0.10927407443523407
car [455.3481491221713, 1091.7645032890875, 0.6200297318149552] [-0.1929344004843477, -0.024031359834262876, -0.013884127563403154, -0.9808190668293846] [1.9043283462524414, 4.5036821365356445, 1.7116223573684692] [-0.17609157795332994, 0.048381977745983296] 0.10892164707183838
car [351.12724848984044, 1126.8106910237577, 1.1828826813129318] [-0.9993090685664989, 0.00963145009674663, -0.026029030383680325, 0.02472064374314714] [1.9423693418502808, 4.582709312438965, 1.7301102876663208] [0.6112843512697387, 0.017782044150394024] 0.10597378015518188
truck [401.1882332121952, 1096.5285160530207, 2.460166867571454] [-0.18703266267746535, -0.024114418831390854, -0.013739361633821875, -0.9819615612833817] [2.825465440750122, 10.37009334564209, 3.623105764389038] [0.0, 0.0] 0.8694776892662048
construction_vehicle [398.4753997251163, 1109.939197423846, 1.8746198992755763] [-0.7639009852212296, -0.010070678760368977, -0.025862263686424036, -0.6447363876223784] [2.950054168701172, 3.818854331970215, 2.990056037902832] [0.0, 0.0] 0.7203264236450195
truck [411.6333529045038, 1092.2145314389236, 2.036532710163564] [-0.19597795900695134, -0.0239881473688198, -0.01395865464478787, -0.9802154683179556] [2.368864059448242, 6.3788323402404785, 3.0353164672851562] [0.0, 0.0] 0.6651676893234253
truck [409.8627223246163, 1163.7186263271358, 2.149674602110576] [0.5999138098785907, -0.026396733598748043, 0.008572497243942427, -0.7995831072898385] [3.082227945327759, 9.129517555236816, 3.495454788208008] [0.0, 0.0] 0.4356594383716583
construction_vehicle [384.2743584307121, 1154.8697948417966, 0.9068360496321952] [0.5501729435841092, -0.02686924286438059, 0.006951189939543216, -0.8345893941899308] [2.331988573074341, 4.6496901512146, 2.179596424102783] [0.0, 0.0] 0.28685110807418823
construction_vehicle [354.4847119005728, 1138.7216843135257, 1.9256918944193449] [-0.04228721363091831, -0.025855661338021654, -0.010087617679819472, -0.9987199388765863] [2.555830717086792, 6.5359954833984375, 3.3399648666381836] [0.0, 0.0] 0.2736990749835968
truck [353.61863558182375, 1132.7719979103983, 1.0018478359906888] [-0.983357103039993, 0.013555364401140227, -0.024218326730659455, 0.1795509193713907] [2.194164991378784, 5.64841365814209, 2.0919318199157715] [0.0, 0.0] 0.26812320947647095
truck [360.62868308749165, 1129.49097170345, 0.9466126893274875] [-0.9866274400219301, 0.0130872294897308, -0.024474469922018627, 0.16061139231726898] [2.054433822631836, 5.207605838775635, 1.8348214626312256] [0.0, 0.0] 0.17918945848941803
truck [359.3980811219368, 1122.2826889850087, 1.322977548126346] [-0.9906363160033858, 0.012415700240421365, -0.024821878277452636, 0.13367652808761657] [2.1513023376464844, 5.5229082107543945, 1.9029918909072876] [0.026555729382320394, -0.00845126576238023] 0.16668689250946045
truck [360.08125416493834, 1100.5949695081238, 1.7855104511473168] [0.2650859463123789, -0.02770175160171233, -0.0016994740003020512, -0.9638252776380114] [2.099961519241333, 4.983139991760254, 2.06270170211792] [0.0, 0.0] 0.1585191786289215
truck [355.0989827814337, 1101.463651520112, 1.5980577801089906] [0.8401632045275275, -0.021779708521100397, 0.017202312356674056, -0.5416230372725622] [2.169428825378418, 5.457776069641113, 1.913476824760437] [0.0, 0.0] 0.15498146414756775
truck [437.33653926848524, 1102.5040643565458, 0.7007425055125748] [-0.8841416293091408, -0.00430497907478105, -0.02741792130790318, -0.4663939365696096] [2.1514015197753906, 4.711537837982178, 1.969678521156311] [0.0, 0.0] 0.1286315619945526
construction_vehicle [358.4761016164995, 1144.7697820411718, 0.9821589008894016] [-0.9574936054643324, 0.016148569652839957, -0.02257208346272117, 0.2871162138250514] [1.7372620105743408, 3.0375232696533203, 2.2742767333984375] [0.0, 0.0] 0.1274973303079605
construction_vehicle [360.1940604703435, 1098.866375804752, 1.5569265532201695] [-0.9982968432923816, 0.007624966501650555, -0.026685860292098153, -0.05131410545635101] [2.2400872707366943, 4.431948661804199, 2.3226163387298584] [0.0, 0.0] 0.12723836302757263
truck [362.22122177123623, 1124.4121702437117, 1.0370723102441604] [0.5382673308852677, -0.026965232651378825, 0.006568978743890659, -0.8423170455641799] [1.9004926681518555, 4.587460041046143, 1.815683126449585] [0.0, 0.0] 0.11729767918586731
truck [383.53294548670135, 1070.514992120469, 2.760897356063171] [-0.26684480258322135, -0.022907864232363174, -0.015668599490455112, -0.9633398030189768] [2.575735569000244, 7.282538414001465, 2.73309588432312] [0.0, 0.0] 0.11177770793437958
truck [351.1409512852094, 1126.7798624033467, 1.1657536672319284] [-0.9981224013470229, 0.010405753008232148, -0.025729274339015895, 0.05460216731570411] [1.9759259223937988, 4.964745998382568, 2.0274956226348877] [0.0005432767627651738, 0.001244446834762463] 0.11033718287944794
truck [411.47696701102785, 1160.3091841793505, 1.6395039070768491] [-0.04538646746813629, -0.02582423061026967, -0.010167810337938312, -0.9985838939804121] [3.271267890930176, 7.810216903686523, 3.8775999546051025] [0.0, 0.0] 0.10208877921104431
construction_vehicle [402.60077072043407, 1119.4865747039735, 1.4090603509558333] [-0.6484730317620231, -0.014155295636404538, -0.023872638294220035, -0.7607315241421834] [1.7026619911193848, 2.795651912689209, 2.404768466949463] [0.0005610346402614159, -0.001105505358389597] 0.10036927461624146
bus [358.66850791557283, 1083.5932625586843, 2.0603370857471366] [0.5333062394805017, -0.027003384218592365, 0.006410342769599047, -0.8454668412643306] [2.9979846477508545, 11.170201301574707, 3.354033946990967] [-1.838796408593584, -4.052921724004292] 0.35342341661453247
barrier [400.37446968149106, 1111.0603398458015, 0.7178133915057843] [-0.8496052151362996, -0.006199300264052897, -0.027052614105050696, -0.526688430819893] [2.0212979316711426, 0.5530326962471008, 1.0590269565582275] [0.0, 0.0] 0.8186402320861816
barrier [398.58112090698086, 1111.909409408778, 0.7525793849718115] [-0.8347326947266611, -0.006944189835821211, -0.026871052848832545, -0.5499555010186605] [1.9963916540145874, 0.5199049711227417, 1.0624346733093262] [0.0, 0.0] 0.8048861622810364
barrier [402.2414953125485, 1110.1377462475575, 0.6807679872025717] [-0.8481409143279466, -0.006274320271845268, -0.027035313181226248, -0.5290432063539555] [2.0071511268615723, 0.535826563835144, 1.0084819793701172] [0.0, 0.0] 0.7983465194702148
barrier [396.7022190838283, 1112.6653273894171, 0.7885029855321548] [-0.8265213606240343, -0.007340195767562844, -0.02676558947182981, -0.5622207441730642] [2.058293581008911, 0.5102020502090454, 1.0740578174591064] [0.0, 0.0] 0.7945914268493652
barrier [384.57392907810583, 1133.8026315773898, 1.0486962071970365] [-0.9786593745812687, 0.014145061622873163, -0.023878703594747246, 0.20360636849204727] [2.080940008163452, 0.5744615793228149, 1.0946195125579834] [0.0, 0.0] 0.7933599352836609
barrier [387.0200416862494, 1142.1735409864864, 1.1065946374922202] [-0.9847083420397325, 0.013368785634970326, -0.024321817866411327, 0.17198606299255823] [1.9552102088928223, 0.6897071599960327, 1.035394549369812] [0.0, 0.0] 0.7638075351715088
barrier [386.2967259448121, 1140.3877410354937, 1.0861081879479964] [-0.9789571544198891, 0.01410999951287692, -0.023899438642513916, 0.2021697666725487] [1.9961376190185547, 0.7075499892234802, 1.0689057111740112] [0.0, 0.0] 0.7384521961212158
barrier [392.8802331974074, 1114.0500675126773, 0.7891861080733906] [-0.7518251238097772, -0.01054808927500961, -0.025671249800644714, -0.6587781932902245] [2.084219455718994, 0.4910758137702942, 1.0770927667617798] [0.0, 0.0] 0.7111533880233765
barrier [389.80355753470104, 1109.4115422092405, 1.0137936934935332] [0.05901263792045697, -0.026743879322951716, -0.0074189064180693095, -0.997871351082888] [2.056462287902832, 0.4711478054523468, 1.0503110885620117] [0.0, 0.0] 0.7101883888244629
barrier [391.23405683097565, 1113.0264166891332, 0.9036432763250951] [-0.25182414171043194, -0.023148875141202424, -0.01531028521542609, -0.9673749668035263] [2.1638808250427246, 0.4829763174057007, 1.0970737934112549] [0.0, 0.0] 0.7087528705596924
barrier [394.8237940428482, 1113.412911906758, 0.7897658664709708] [-0.8328110543801641, -0.007037792139582329, -0.026846689469666597, -0.5528611692355672] [2.0942907333374023, 0.5393537878990173, 1.0782372951507568] [0.0, 0.0] 0.6965146064758301
barrier [390.7510323882847, 1151.2658618243565, 1.1154844283769487] [-0.976074979776284, 0.014438359462949702, -0.02370251104206736, 0.21565564820112137] [1.9706673622131348, 0.6468513011932373, 1.0394288301467896] [0.0, 0.0] 0.6616887450218201
barrier [389.9763539649176, 1149.549064676278, 1.139248928350031] [-0.9697637352822153, 0.015085829364154788, -0.023295772279026922, 0.24246241456729828] [1.8685020208358765, 0.5649436712265015, 1.0264110565185547] [0.0, 0.0] 0.6591631770133972
barrier [387.7082784748717, 1143.906664974787, 1.1162822862620008] [-0.9824814583674919, 0.013671780203931254, -0.024152798590144117, 0.18428214430705236] [1.8623061180114746, 0.6585110425949097, 1.0203862190246582] [0.0, 0.0] 0.6527270078659058
barrier [385.3197258727915, 1135.7928865354052, 1.077251603539045] [-0.9800135466528225, 0.013983299585900243, -0.023973789570521306, 0.19698521041762357] [2.0425944328308105, 0.6763449907302856, 1.1298353672027588] [0.0, 0.0] 0.6450759768486023
barrier [396.50373041046953, 1104.842107852802, 1.0248203165971368] [0.7549371287845146, -0.023997522912622558, 0.01394253017708155, -0.6552096277748919] [2.011965274810791, 0.4690667390823364, 1.0178275108337402] [0.0, 0.0] 0.6346814632415771
barrier [385.49678724900355, 1138.5624910757642, 1.0829478671242911] [-0.9882371071984267, 0.012833187355772272, -0.024608627673487215, 0.1503899754052924] [1.998152256011963, 0.7125893831253052, 1.1277451515197754] [0.0, 0.0] 0.6052043437957764
barrier [392.05600684886934, 1151.676224565773, 1.1414732635874199] [-0.9820671462401347, 0.013725725967446709, -0.024122182744254986, 0.18647746518568045] [2.002936363220215, 0.6694846153259277, 1.0526890754699707] [0.0, 0.0] 0.5721811056137085
barrier [362.5451244308364, 1109.8074893379517, 1.4051287002400865] [-0.9777027481426799, 0.014255861869566965, -0.023812720466937436, 0.20815153379346174] [2.232395648956299, 0.47649621963500977, 1.061733365058899] [0.0, 0.0] 0.5375728011131287
barrier [390.49314349534774, 1107.6091938064171, 1.03487653376599] [0.256967003683274, -0.02768647176562269, -0.0019324944636536466, -0.9660215752064544] [2.0080294609069824, 0.4505400061607361, 1.0321266651153564] [0.0, 0.0] 0.5197769999504089
barrier [364.6221442186494, 1104.634147401672, 1.4237124209461993] [-0.8486254161237957, -0.00624954028894764, -0.02704105212186638, -0.5282656792325561] [2.037418842315674, 0.4499604403972626, 1.049375057220459] [0.0, 0.0] 0.5153214335441589
barrier [349.54275888976434, 1114.669108244896, 1.1912273352017966] [-0.9116088828644026, -0.0025798326894309505, -0.0276336699874486, -0.41012067666607005] [2.099766731262207, 0.45997440814971924, 1.0503357648849487] [0.0, 0.0] 0.511579692363739
barrier [392.79090396804986, 1153.4397044457653, 1.1121723742740082] [-0.9772071101892921, 0.014312209735381956, -0.023778896235340956, 0.2104661220762428] [1.9424676895141602, 0.7234017252922058, 0.9873945713043213] [0.0, 0.0] 0.4941652715206146
barrier [393.7498037322213, 1155.7411330353873, 0.9657862422453352] [-0.9760728202421926, 0.014438596809223981, -0.02370236646120681, 0.21566542219551968] [1.9380037784576416, 0.6860402226448059, 0.9793276786804199] [0.0, 0.0] 0.4797298312187195
barrier [394.5691679325648, 1157.490312671164, 1.028415988610921] [-0.9769240754083857, 0.014344075510554326, -0.023759687527999812, 0.211776003441821] [1.9720089435577393, 0.6572232246398926, 0.9401694536209106] [0.0, 0.0] 0.4730447232723236
barrier [361.9558127152542, 1111.436021211951, 1.3331540791252756] [-0.7755397044413315, -0.009597035700827171, -0.026041738794437726, -0.6306884267063819] [2.1384124755859375, 0.4841197431087494, 1.0644798278808594] [0.0, 0.0] 0.458160400390625
barrier [357.804201918923, 1105.2959397066406, 1.3702491618831578] [-0.6336996356494745, -0.014612500342335022, -0.023595552280587396, -0.7730811707214466] [2.1544222831726074, 0.43939459323883057, 1.0847063064575195] [0.0, 0.0] 0.44902172684669495
barrier [359.54424122028354, 1105.2589563046897, 1.3601204540860148] [-0.685007803267599, -0.0129672557574188, -0.02453824630657952, -0.7280068915943158] [2.1217243671417236, 0.4588177800178528, 1.0822807550430298] [0.0, 0.0] 0.4430111050605774
barrier [365.57507538121746, 1102.9224454641853, 1.3514259751143256] [-0.9960038988737461, 0.011182299062878672, -0.025401406286838075, 0.08488791536264684] [2.071514368057251, 0.4516112506389618, 1.0531800985336304] [0.0, 0.0] 0.4243156313896179
barrier [351.11021263414534, 1113.1588629614519, 1.136894293037575] [-0.9225494171658251, -0.0018184286273415715, -0.027694197424874743, -0.38487958848621173] [2.0724587440490723, 0.4206867218017578, 1.0244660377502441] [0.0, 0.0] 0.41913047432899475
barrier [397.85923524584774, 1165.1657775577175, 1.2277872369265528] [-0.9730461311112137, 0.014759959438726305, -0.023503592300919206, 0.22893438246759235] [1.9952712059020996, 0.6769139766693115, 0.9186137914657593] [0.0, 0.0] 0.4021598994731903
barrier [383.37498694548066, 1133.9548594071202, 1.0872980861030574] [-0.9981384614161368, 0.01039816438089061, -0.02573234212404017, 0.054307794911469975] [2.1186206340789795, 0.5729910135269165, 1.077993392944336] [0.0, 0.0] 0.38935670256614685
barrier [391.17631087828363, 1150.7706382980102, 1.1291195975858748] [-0.9714822367776411, 0.014917916623042031, -0.023403653930714332, 0.23548245873489268] [1.9041187763214111, 0.6338493227958679, 1.032454013824463] [0.0, 0.0] 0.37347185611724854
barrier [395.0435634231833, 1158.788267460068, 1.1124096990111392] [-0.9794726231678166, 0.014048636207765548, -0.023935560874617772, 0.19965746971019024] [1.9898139238357544, 0.6948344707489014, 0.9460679292678833] [0.0, 0.0] 0.36608022451400757
barrier [344.59890067050657, 1116.4317201539973, 1.041826987116048] [-0.9976146226423606, 0.010627162845989264, -0.025638616646096558, 0.06320434665795976] [2.037304639816284, 0.4024604260921478, 1.0054738521575928] [0.0, 0.0] 0.36494678258895874
barrier [347.84393981170354, 1115.7239095093037, 1.1713009965045902] [-0.8051931701020801, -0.008323712122708892, -0.026476235951867155, -0.5923627972512129] [2.12296724319458, 0.4615071415901184, 1.059004783630371] [0.0, 0.0] 0.3415818214416504
barrier [361.21829922720667, 1105.2459364699612, 1.348756320505176] [-0.685149510493219, -0.012962478681523412, -0.02454077016134019, -0.7278735281745183] [2.025214910507202, 0.44629308581352234, 1.063239336013794] [0.0, 0.0] 0.33659952878952026
barrier [362.9098660331963, 1105.2043416848314, 1.370344127405538] [-0.7298974071104554, -0.011381290452401188, -0.025312871850478674, -0.6829930452352743] [1.9979981184005737, 0.4253866970539093, 1.0379345417022705] [0.0, 0.0] 0.33449822664260864
barrier [359.8471351892364, 1112.3662976717865, 1.230698391928309] [-0.8475898814082201, -0.006302452441029406, -0.02702876887520474, -0.5299255774924612] [2.137267589569092, 0.4607163965702057, 1.078673005104065] [0.0, 0.0] 0.3216474652290344
barrier [391.52948616865035, 1150.374918190921, 1.1634101504144647] [-0.9760088640070103, 0.014445620473154565, -0.0236980864802678, 0.21595467609214714] [1.9040946960449219, 0.6120523810386658, 1.021452784538269] [0.0, 0.0] 0.2956247627735138
barrier [390.1005651716455, 1111.6141933562737, 0.9876982618227943] [-0.34973341623647425, -0.021456147747432215, -0.017604231807183002, -0.9364380717986023] [1.99704909324646, 0.4515451192855835, 1.0480924844741821] [0.0, 0.0] 0.29420483112335205
barrier [397.0989848917887, 1163.5163337290733, 1.1235101980896438] [-0.9769737824326254, 0.014338495335385018, -0.02376305546847493, 0.21154657450691064] [2.017183303833008, 0.7007534503936768, 0.9136227369308472] [0.0, 0.0] 0.2917937636375427
barrier [343.21527568975677, 1114.5439891248511, 1.3811081439386643] [-0.9872511484984525, 0.012990924210143147, -0.024525724084050824, 0.1567319193234277] [2.110776424407959, 0.41425034403800964, 1.0510022640228271] [0.0, 0.0] 0.28794988989830017
barrier [383.84640924610227, 1133.7303071939077, 1.054916430522024] [-0.9732526004113563, 0.014738715419055996, -0.02351691989774076, 0.22805503839830452] [2.0421786308288574, 0.5721572637557983, 1.0771048069000244] [0.0, 0.0] 0.283681184053421
barrier [355.98455386157787, 1106.1633617275281, 1.4056405958735034] [-0.9303385169178137, -0.0012432704997253144, -0.027725972158703236, -0.3656500631553096] [2.2084829807281494, 0.46976199746131897, 1.0861960649490356] [0.0, 0.0] 0.2816341817378998
barrier [398.37862818809765, 1166.445859452101, 1.2143286588883242] [-0.9744838571300918, 0.01461003153333991, -0.023597081011758378, 0.22273512731308875] [2.0291597843170166, 0.7065967321395874, 0.9712058901786804] [0.0, 0.0] 0.24429386854171753
barrier [384.18202696163326, 1135.7118345981005, 1.121031003817482] [-0.9832254612134993, 0.013573081480801129, -0.024208401698505574, 0.1802704001432866] [1.9931693077087402, 0.6494014263153076, 1.1037079095840454] [0.0, 0.0] 0.2401181161403656
barrier [390.73603695979995, 1111.7373097973996, 0.9867020132004756] [-0.391829618775653, -0.020635951837720712, -0.01855889935938943, -0.9196190921226275] [2.0803165435791016, 0.46845531463623047, 1.0549609661102295] [0.0, 0.0] 0.2386147826910019
barrier [344.8138507109085, 1116.7650871675576, 0.9914497709593688] [-0.9683629606914043, 0.0021891552509303684, -0.027667360787903102, -0.2479977844806222] [2.0574605464935303, 0.41194814443588257, 1.0235676765441895] [0.0, 0.0] 0.23520945012569427
barrier [384.7174084705428, 1136.1280945596584, 1.1189967610094795] [-0.9868212814474169, 0.013057571403867312, -0.02449030589260944, 0.15941606954381032] [2.07936954498291, 0.6885130405426025, 1.1525691747665405] [0.0, 0.0] 0.223745197057724
barrier [434.8600039362135, 1088.0455562213506, 0.4402671166470769] [0.22679894261782946, -0.027612977228400087, -0.002792622828906995, -0.9735460771703379] [1.868393063545227, 0.5644270181655884, 0.992026150226593] [0.0, 0.0] 0.22061654925346375
barrier [344.71505994547533, 1116.22554761554, 1.0522296437525613] [-0.9468973464684274, 9.593735005642388e-05, -0.027753667319933385, -0.32033597986703016] [2.1700825691223145, 0.44387856125831604, 1.0514965057373047] [0.0, 0.0] 0.21751847863197327
barrier [365.39068289569786, 1104.4399082346956, 1.3982276375230873] [-0.9183396061358731, -0.0021173713208894173, -0.02767294694047147, -0.39481906305107495] [1.953862190246582, 0.41569894552230835, 1.0291571617126465] [0.0, 0.0] 0.2126147747039795
barrier [363.5569832379128, 1098.8885422457552, 1.2927087224277583] [-0.9705650705339527, 0.01500823791621575, -0.02334583578137519, 0.23923454726636528] [2.083991527557373, 0.49641913175582886, 1.0608125925064087] [0.0, 0.0] 0.20739519596099854
barrier [390.6437613773218, 1149.525333215693, 1.1378321493714005] [-0.9645404968917948, 0.015564511030140265, -0.022978712976868744, 0.26247162627996334] [1.7836540937423706, 0.590947687625885, 1.0241081714630127] [0.0, 0.0] 0.2056894302368164
barrier [343.10883921288695, 1114.7064117931088, 1.3525608833924903] [-0.9784822029716184, 0.0034239221654831595, -0.02754182293686072, -0.20445611561928817] [2.1411826610565186, 0.44669580459594727, 1.0547330379486084] [0.0, 0.0] 0.1926998496055603
barrier [389.2893029581347, 1149.4341915955488, 1.1362766918560694] [-0.9734380142660694, 0.01471955746295072, -0.023528915864857988, 0.22726230907929043] [2.05947208404541, 0.623578667640686, 1.0401818752288818] [0.0, 0.0] 0.18882569670677185
barrier [346.29850689328447, 1115.7301048275751, 1.1429252693186789] [-0.7629141507191184, -0.01011021597704139, -0.025846833202120743, -0.6459038035023832] [2.0788042545318604, 0.45029765367507935, 1.0405365228652954] [0.0, 0.0] 0.18857260048389435
barrier [438.27159004552846, 1087.3451856045851, 0.4701528728676807] [-0.5011528187964969, -0.018216247468708487, -0.020939044434726384, -0.8649136239871845] [1.9455612897872925, 0.5390469431877136, 1.0318529605865479] [0.0, 0.0] 0.18596750497817993
barrier [398.11074544981767, 1105.536848361043, 1.0368084480335755] [0.8257733042519033, -0.022220304881007236, 0.016629290564415557, -0.5633188925743683] [1.7798010110855103, 0.47899606823921204, 1.0743037462234497] [0.0, 0.0] 0.18358948826789856
barrier [384.63624429076805, 1155.3990386788291, 0.9417583896698968] [-0.9842980738713684, 0.013426376263013615, -0.024290073571824743, 0.17431874976442874] [2.2938225269317627, 0.4243653416633606, 0.9953904151916504] [0.0, 0.0] 0.1779334843158722
barrier [388.1199843420033, 1143.546465134846, 1.0990959269666178] [-0.9826070628388103, 0.013655284742886827, -0.024162128471460383, 0.18361123278711822] [1.8993148803710938, 0.6292855739593506, 1.0212862491607666] [0.0, 0.0] 0.17629161477088928
barrier [356.19987948847165, 1105.3244172483214, 1.3293458238284748] [-0.8783659458344469, -0.004640297195280222, -0.0273631667688546, -0.47718234454417574] [2.256028175354004, 0.4635014533996582, 1.0930333137512207] [0.0, 0.0] 0.1755620688199997
barrier [346.66170272949205, 1115.9339458069428, 1.095103979085256] [-0.8088446227225752, -0.008159657845319638, -0.026527254617242015, -0.5873670922337191] [2.1459336280822754, 0.46586179733276367, 1.052910566329956] [0.0, 0.0] 0.17452500760555267
barrier [355.34377652643855, 1103.3788983458196, 1.2653361981523445] [0.22893416884972545, -0.027619037255554233, -0.0027320385716496382, -0.973046181370342] [2.093256711959839, 0.43515878915786743, 1.0505387783050537] [0.0, 0.0] 0.1739606410264969
barrier [397.8906479293445, 1105.7969559100572, 1.038020492445624] [0.902274301820711, -0.019412759953048322, 0.019834817989737075, -0.43026829887904533] [1.924910068511963, 0.4788258969783783, 1.1010260581970215] [0.0, 0.0] 0.1739346981048584
barrier [392.1912850365085, 1153.21706120127, 1.1115799453046764] [-0.9709152641164707, 0.014973945826207853, -0.02336784543072952, 0.23780932414849326] [1.9759113788604736, 0.735427737236023, 1.0257221460342407] [0.0, 0.0] 0.170778289437294
barrier [343.93753429280605, 1115.3042175126616, 1.156020601929911] [-0.9697321063086354, 0.015088867353130243, -0.023293804663049665, 0.2425888842064629] [2.118452548980713, 0.4055681824684143, 1.0435009002685547] [0.0, 0.0] 0.1665901094675064
barrier [395.4755541280677, 1160.0118898496523, 1.0032601108239918] [-0.9716668175409897, 0.014899537528756007, -0.023415358957527548, 0.23471966350539136] [2.284752607345581, 0.7032825946807861, 0.9496028423309326] [0.0, 0.0] 0.1620512753725052
barrier [437.99318060686585, 1086.9815638845955, 0.44711149461818206] [0.25209369551554883, -0.02767637757543402, -0.002072046809965195, -0.9673047572650683] [1.9954094886779785, 0.5516725182533264, 1.047815203666687] [0.0, 0.0] 0.1605333387851715
barrier [389.2754089957321, 1111.596335795459, 0.9626802832440593] [-0.24999310093382182, -0.023177805762365344, -0.015266452558559173, -0.9678497684206011] [2.0769548416137695, 0.4754360318183899, 1.039067268371582] [0.0, 0.0] 0.16009870171546936
barrier [400.3986467465695, 1171.2007512631312, 1.238073989663404] [-0.9849622269220891, 0.013332714185331938, -0.024341610179544875, 0.17052605748975186] [2.180830240249634, 0.628206729888916, 0.926776111125946] [0.0, 0.0] 0.16005061566829681
barrier [394.8394375743103, 1104.5894098775002, 1.07265566506521] [0.7192057159416108, -0.024701732787167544, 0.012653049078860243, -0.6942426541946513] [1.9357279539108276, 0.42964330315589905, 1.0022919178009033] [0.0, 0.0] 0.15871015191078186
barrier [384.6880511975715, 1137.054505338228, 1.1298055775427913] [-0.9897181152278131, 0.012581786854118746, -0.02473810609642943, 0.14031313957083422] [2.0123484134674072, 0.6874587535858154, 1.122588038444519] [0.0, 0.0] 0.15730321407318115
barrier [356.4696797593187, 1105.5901064032082, 1.3707311892445961] [-0.9915447175048867, 0.012242244880470238, -0.024907884172833194, 0.1267627624126008] [2.3070476055145264, 0.4756734073162079, 1.103906273841858] [0.0, 0.0] 0.15194018185138702
barrier [392.6313650639333, 1113.6024547640172, 0.8376033494994647] [-0.6738114487903695, -0.013340437015748073, -0.02433737853404784, -0.7383819175909865] [2.1310312747955322, 0.5131955742835999, 1.0870615243911743] [0.0, 0.0] 0.15058569610118866
barrier [348.25461391823507, 1115.9806328755444, 1.1218768216897903] [-0.7970175900895365, -0.0086849844127497, -0.026359937394291526, -0.6033180635735901] [2.1312758922576904, 0.46382853388786316, 1.0573469400405884] [0.0, 0.0] 0.1463833898305893
barrier [342.91955708321865, 1114.0691437221071, 1.3937224425668537] [-0.5437532827680223, -0.017146989010328982, -0.021823290805016805, -0.8387860825176573] [2.159395217895508, 0.4293332099914551, 1.080236792564392] [0.0, 0.0] 0.14633212983608246
barrier [388.15790766605164, 1145.12533676529, 1.1166571375150776] [-0.9844335131168438, 0.013407458119519225, -0.024300520991411112, 0.17355224861334487] [1.9178026914596558, 0.6504639983177185, 1.0068618059158325] [0.0, 0.0] 0.14619818329811096
barrier [438.2986235682551, 1088.0565934688266, 0.47529663340022016] [-0.6952014963098929, -0.012620084352592197, -0.02471859066804035, -0.7182789181611868] [2.0462539196014404, 0.5208922624588013, 1.0475319623947144] [0.0, 0.0] 0.1449356973171234
barrier [436.89549117149187, 1103.1239452430964, 0.48071005239062303] [-0.10779252013778662, -0.025137269281999955, -0.011764053158877503, -0.9937859414122662] [2.871664047241211, 0.5567396879196167, 0.9707354307174683] [0.0, 0.0] 0.14311884343624115
barrier [364.0817319197515, 1100.1648875565863, 1.3564999345993378] [-0.9596005184605373, 0.01598040772953911, -0.022691448223468705, 0.2799938744269014] [2.115817070007324, 0.5083746314048767, 1.0783727169036865] [0.0, 0.0] 0.14201033115386963
barrier [385.3850368961671, 1137.0573579987952, 1.0788396383866639] [-0.9993964928223447, 0.009531596439900987, -0.026065761507915723, 0.020889587854149738] [1.8796334266662598, 0.6349664330482483, 1.1090707778930664] [0.0, 0.0] 0.14182446897029877
motorcycle [409.2074112915874, 1117.1002166658686, 0.9958245816558502] [-0.467269020690173, -0.019013770802804083, -0.02021761048044771, -0.8836794594475793] [0.7142888307571411, 2.1054232120513916, 1.2908706665039062] [0.0, 0.0] 0.7578093409538269
bicycle [372.74743813307236, 1129.4228104430301, 1.339731127372038] [-0.9996147601887752, 0.008978587642310212, -0.026261382629824127, -0.0002365566663345975] [0.7037577629089355, 1.7740514278411865, 1.6865942478179932] [0.0, 0.0] 0.5726159811019897
motorcycle [355.97631082272454, 1124.7334421849243, 1.5501528551532604] [-0.9950660307896634, 0.011446179090911255, -0.025283596221650516, 0.09525397164855542] [0.8845146298408508, 2.0888521671295166, 1.7757843732833862] [0.0, 0.0] 0.5536490082740784
bicycle [435.5417536101351, 1103.468781470563, 0.5164253167525423] [0.6799815586319942, -0.025359525037930236, 0.011276956306169837, -0.7327037632404539] [0.5742311477661133, 1.6382596492767334, 1.127065658569336] [0.0, 0.0] 0.40938591957092285
bicycle [372.8613158849661, 1129.9146025661853, 1.3531321195681145] [-0.9755568995851314, 0.014494953706689009, -0.023667943947914376, 0.21798729416680493] [0.7176790237426758, 1.7758831977844238, 1.6246075630187988] [5.162524072358421e-05, 7.21750206045946e-05] 0.4050343632698059
motorcycle [416.31537327466395, 1106.985482614539, 0.5944414163560507] [-0.20150623352572025, -0.023908996184083504, -0.014093798464223713, -0.9790939498314741] [0.7627548575401306, 2.0390381813049316, 1.459111213684082] [0.0, 0.0] 0.32358482480049133
bicycle [408.9094054659211, 1151.8032915204958, 1.418146561658085] [0.8752288877072443, -0.020552589058341918, 0.018651175209074583, -0.48291212334032285] [0.6941988468170166, 1.8430256843566895, 1.3909029960632324] [0.0, 0.0] 0.28005456924438477
bicycle [373.1672590600655, 1130.4523749363077, 1.2564552357824603] [0.9044994495331508, -0.01930935871433974, 0.0199354939673344, -0.42557075855907517] [0.6865643858909607, 1.7359352111816406, 1.4537290334701538] [0.004014545414271294, -0.004302118502685768] 0.2564707100391388
bicycle [371.6039032279932, 1129.5351881183176, 1.378500878560203] [0.8473422508455813, -0.02154734989806604, 0.017492483129932918, -0.530321444671308] [0.7087793350219727, 1.7547847032546997, 1.7389986515045166] [0.0, 0.0] 0.20164334774017334
motorcycle [434.8383255163761, 1088.0733663988663, 0.5088561091081854] [-0.229488416341009, -0.02349518388869377, -0.014773340438680033, -0.9729156137669982] [0.7049387097358704, 1.9760600328445435, 1.3117551803588867] [0.0, 0.0] 0.18692880868911743
bicycle [371.5548324985338, 1128.9560403356265, 1.3422331848315716] [-0.9742005056252706, 0.014639955621565474, -0.023578527372999092, 0.2239712025814621] [0.6945915222167969, 1.7540185451507568, 1.6476857662200928] [0.0, 0.0] 0.18175962567329407
motorcycle [416.3318430939643, 1107.6785846900716, 0.6518322404773906] [0.17684687155714707, -0.027434593479655815, -0.004197419955961139, -0.9838469945915214] [0.7469818592071533, 1.965004563331604, 1.3281069993972778] [0.0, 0.0] 0.1718885898590088
bicycle [396.92164670741647, 1105.7800639506145, 1.0857110827759393] [-0.9986296250873667, 0.010141489735959084, -0.02583457837116973, 0.04436887021532682] [0.5363309979438782, 1.5406908988952637, 1.0418989658355713] [0.003877638680430564, 0.0016984099388865452] 0.16277745366096497
motorcycle [372.6814399025209, 1141.9698832757128, 1.3183511494596138] [-0.10181967877493159, -0.02520749671659847, -0.011612810295675709, -0.9944156463775543] [0.6935784220695496, 1.8666529655456543, 1.6587865352630615] [-0.3748415714817848, -0.015120384293307448] 0.1585640013217926
motorcycle [407.2911578247114, 1163.7575166536747, 0.8412537236790256] [-0.2982679802081108, -0.0223821378465587, -0.01641082444907381, -0.9540785799549705] [0.7008609175682068, 1.8161402940750122, 1.622542381286621] [-0.24229732145436683, 0.1837309786867719] 0.15577048063278198
motorcycle [363.0458246277473, 1128.595776131298, 0.9373925236697102] [0.5352822297611382, -0.02698831731015644, 0.006473483022838962, -0.8442171872499772] [0.7320361733436584, 1.942044734954834, 1.2672467231750488] [-0.00013404014326703746, 0.0009952337303093487] 0.1547035574913025
bicycle [421.82220565891015, 1107.3318516890781, 0.8050071137792979] [-0.2515017504425095, -0.023153976001654024, -0.015302570012762681, -0.9674588333726003] [0.5012176036834717, 1.5175158977508545, 1.046870231628418] [0.0, 0.0] 0.15089333057403564
bicycle [436.5582965963723, 1100.2065695423255, 0.5956577851437994] [-0.24145688451044447, -0.023311399949385435, -0.015061669432053896, -0.9700145863175611] [0.6591252684593201, 1.8593809604644775, 1.221900463104248] [0.0, 0.0] 0.1482834368944168
bicycle [389.0404033004424, 1124.219030575097, 1.080500374369167] [0.6594368478643429, -0.02566199548344083, 0.010570583781822865, -0.7512474748210861] [0.5829956531524658, 1.6009962558746338, 1.2012159824371338] [0.0, 0.0] 0.14774993062019348
bicycle [438.058992837044, 1087.6054513202603, 0.573039846288408] [0.6844708095130319, -0.02528975522446659, 0.011432564645224576, -0.7285117951487772] [0.6581172943115234, 1.8470771312713623, 1.2096542119979858] [-0.00016220638515083768, 0.003924521369763142] 0.14106608927249908
motorcycle [358.89791392411837, 1144.2034861301067, 1.2108964529261317] [0.9182447661789287, -0.01863087037910487, 0.020570997122105354, -0.3950395855244428] [0.7089699506759644, 1.9357266426086426, 1.4203531742095947] [-0.004233750327789133, -0.0034750523979072386] 0.14029830694198608
bicycle [435.76063792684687, 1101.6079007415292, 0.6775359759517281] [-0.2988013508527714, -0.022372959195321333, -0.016423335548090126, -0.9539116717363711] [0.5978885889053345, 1.6970041990280151, 1.1446082592010498] [0.0, 0.0] 0.1379193812608719
bicycle [367.30118933304055, 1129.6634456501422, 0.7986019657477299] [0.7559380472919863, -0.02397617704377804, 0.013979205558474523, -0.6540545798346633] [0.6117555499076843, 1.6384292840957642, 1.1885156631469727] [0.0, 0.0] 0.13366952538490295
bicycle [431.7476418444527, 1097.0006840829267, -0.8706695815842269] [-0.9680541605707397, 0.0021547862599447538, -0.027670058725174893, -0.24920045535271307] [0.5019516944885254, 1.533420205116272, 1.0806430578231812] [-0.0016000793885898945, 0.010730096823035882] 0.13233055174350739
motorcycle [454.31949997374267, 1092.5535852576393, -0.07680284634817736] [-0.14255866880220014, -0.024709491531242512, -0.012637890723856123, -0.9893971652959512] [0.688265860080719, 1.9877398014068604, 1.4517555236816406] [-0.49901855146161445, 0.2055730858490734] 0.1305772066116333
motorcycle [360.9058311263921, 1098.2910336127302, 1.49652632739567] [0.5741548095225247, -0.026656261420961207, 0.007727805687130688, -0.8182762244184248] [0.6972493529319763, 2.034701347351074, 1.3045198917388916] [-0.02423222271121294, -0.05978286892445576] 0.12521234154701233
bicycle [373.58796351811304, 1130.9355827726538, 1.1705745377938268] [0.8233915179893124, -0.022290201753259468, 0.016535481833912874, -0.5667946125798787] [0.6831182241439819, 1.7622668743133545, 1.3634341955184937] [0.0006238472609478691, -0.0010113145854580325] 0.12370023131370544
motorcycle [353.7822403365745, 1132.7844481848272, 1.7438531205465762] [-0.9989501730896678, 0.009936229618032342, -0.025914216072619504, 0.036445526892087354] [0.7007024884223938, 1.9920212030410767, 1.3240389823913574] [0.0012544819931754787, -0.0008326885856160127] 0.12119950354099274
motorcycle [350.9000010206375, 1126.361925864753, 1.779122604387858] [-0.9982455345011854, 0.010346455486836843, -0.025753176746560375, 0.05230274939964402] [0.654042661190033, 1.787562370300293, 1.395703673362732] [0.10724388277086216, -0.023251065036727626] 0.11685217916965485
bicycle [406.57885831154556, 1124.2403515784547, 2.907471627624762] [-0.32011662957483594, -0.021999058492760647, -0.016920894749178295, -0.9469715245011152] [0.5928856134414673, 1.5423240661621094, 1.0457396507263184] [-0.007363164528242564, 0.0024474305335965853] 0.11527805775403976
motorcycle [363.20194099478897, 1125.262671579979, 1.0977503730812772] [0.5278242662315182, -0.027044298640873675, 0.006235476301287048, -0.8489000345879827] [0.8538927435874939, 2.1884822845458984, 1.4029831886291504] [-6.573860569945628e-05, -0.0001858919407452769] 0.10757674276828766
bicycle [395.95017396180697, 1111.7577659235578, 0.9684465227004148] [-0.536215825073407, -0.017341840143418136, -0.021668775556565385, -0.8436245098900128] [0.5831129550933838, 1.6109906435012817, 1.1471667289733887] [0.0, 0.0] 0.10513047128915787
motorcycle [355.7266283467651, 1132.468624201981, 0.6593090696433983] [-0.9996135402445372, 0.008943297679289057, -0.026273421556780474, -0.0015795271767515828] [0.7636489868164062, 1.8716058731079102, 1.3963910341262817] [0.0, 0.0] 0.10488203912973404
bicycle [368.98802835188076, 1129.5390875791416, 1.5582897659450845] [0.7452844901708529, -0.02419865076445828, 0.013590458228494615, -0.6661687124573556] [0.6822874546051025, 1.8301078081130981, 1.49357271194458] [0.0, 0.0] 0.10233907401561737
bicycle [369.4507749348903, 1129.1432915509577, 1.5172722818065063] [0.5252852139829849, -0.027062810838204124, 0.006154634287774994, -0.8504734967752781] [0.6826531291007996, 1.7497951984405518, 1.6209930181503296] [0.0, 0.0] 0.10205806791782379
motorcycle [415.33223264219157, 1106.6692719339949, 0.7942827554832077] [-0.8516496159914952, -0.006093914651280044, -0.02707654811647136, -0.5233762091725775] [0.8180068731307983, 2.155914783477783, 1.3567012548446655] [0.003513043159318484, -0.0017181107582674732] 0.10141286998987198
pedestrian [402.48653321189016, 1121.0805855715143, 1.06767885964798] [0.5051827560233232, -0.02719978720022595, 0.005517864618047355, -0.8625660019749206] [0.7004801630973816, 0.647924542427063, 1.7944731712341309] [0.0, 0.0] 0.8335493803024292
pedestrian [390.550174741097, 1115.5582670591036, 1.2390769921992257] [-0.8601433210211524, -0.005647712693579152, -0.02717312265845534, -0.5092967622604937] [0.7123904228210449, 0.8388875126838684, 1.8264877796173096] [0.635475345064319, 1.1140986718929649] 0.8292638659477234
pedestrian [393.74858641317445, 1118.3433306172988, 1.19938981974156] [0.7297149635926864, -0.024505792914805223, 0.01302848292386171, -0.6831879658302271] [0.6457028388977051, 0.607831597328186, 1.7388676404953003] [0.0, 0.0] 0.8115096688270569
pedestrian [385.10927948150555, 1108.3257595696673, 1.585498134020158] [0.5628150111953625, -0.026760303674437734, 0.007359442977056655, -0.8261168125147214] [0.6345301866531372, 0.7135597467422485, 1.8045755624771118] [-0.4387656992405141, -1.1072059608693317] 0.7968015670776367
pedestrian [390.9754065658543, 1116.928317228211, 1.2165776322718647] [-0.8849183331132, -0.004259240662336024, -0.027425063767673858, -0.46491856111202395] [0.7266889810562134, 0.8965980410575867, 1.8415319919586182] [0.7279437901146786, 1.0591057490983895] 0.7878807783126831
pedestrian [390.09297609124843, 1123.2093280253864, 1.1201389207169086] [-0.04265845923799677, -0.025851909738455255, -0.010097228161997554, -0.9987041506881602] [0.6307737827301025, 0.5870496034622192, 1.6748038530349731] [0.0, 0.0] 0.7854573130607605
traffic_cone [406.69198601019195, 1099.772175101377, 0.7226136842871967] [-0.8584219639123947, -0.0057392616131822765, -0.027153933965746595, -0.5121927924318213] [0.3904940187931061, 0.3890683650970459, 0.7134156227111816] [0.0, 0.0] 0.7532006502151489
traffic_cone [410.80755572007376, 1106.3622805392079, 0.4064158849664235] [-0.9839905030212641, 0.01346900197983238, -0.024266463264100636, 0.17604662652342706] [0.38023999333381653, 0.37950196862220764, 0.7259366512298584] [0.0006642408733457984, -0.0002471864816155792] 0.7510939836502075
pedestrian [384.1973626321757, 1108.9274665604573, 1.5490581826859384] [0.5246598855721809, -0.02706732782252355, 0.006134738643880163, -0.8508594062579933] [0.6500061750411987, 0.7366086840629578, 1.7665798664093018] [-0.5958513963871087, -1.1869465999743576] 0.7473070025444031
pedestrian [385.8673125433329, 1108.0148733961084, 1.5507187237775333] [0.5719357742104603, -0.02667710027347723, 0.007655558417223093, -0.8198287595129856] [0.6216102242469788, 0.6901253461837769, 1.7341605424880981] [-0.4919539707333259, -1.201844919606453] 0.7454185485839844
traffic_cone [405.680056117775, 1108.6402789037857, 0.49092619388528475] [-0.997598857401395, 0.007299819651425054, -0.026776629487994617, -0.06345269464530512] [0.37488001585006714, 0.37569931149482727, 0.7206615209579468] [0.0, 0.0] 0.7339990735054016
pedestrian [391.657965445369, 1112.215456428893, 1.252691980254649] [-0.9926063644866396, 0.005817758501321598, -0.02713722424458652, -0.1181623033244335] [0.641475260257721, 0.635665774345398, 1.7591947317123413] [0.0, 0.0] 0.6995593309402466
traffic_cone [398.1281935617026, 1103.428887084309, 0.8739294315036732] [0.41114648553267064, -0.02763074873188722, 0.0026109343530596237, -0.9111466908135334] [0.3605448007583618, 0.3529285788536072, 0.7288089990615845] [0.0, 0.0] 0.6878945827484131
pedestrian [401.7694868570713, 1124.056317074561, 0.9335341758641089] [0.07814800940464017, -0.026881303204361467, -0.006904403791484118, -0.9965553739619347] [0.7117366194725037, 0.8519898056983948, 1.7546608448028564] [-1.1446644482774193, -0.16741857997480084] 0.6448793411254883
pedestrian [426.1961825014027, 1115.328913257423, 1.5746061457856366] [-0.37976110138256375, -0.02087706307653857, -0.018287249409873092, -0.9246681732508268] [0.6613659262657166, 0.6367781162261963, 1.805679202079773] [-0.008134339685648827, 0.012819021818192953] 0.6123545169830322
pedestrian [393.00988245530493, 1113.297199701789, 1.1770879530745049] [0.4329711480978829, -0.02755985286623121, 0.0032756317974341354, -0.9009804158033181] [0.6283102631568909, 0.6316332221031189, 1.738734245300293] [-0.0018596850282732677, -2.359547274334313e-06] 0.5901353359222412
pedestrian [370.0845847645161, 1128.8418152983484, 1.4468594223454108] [0.6497062842215792, -0.02579601316671394, 0.010239187388821203, -0.7596785300305045] [0.6541193723678589, 0.659227728843689, 1.8577654361724854] [0.0, 0.0] 0.5734295845031738
traffic_cone [411.26657167890863, 1097.8802462438982, 0.7391976402269369] [-0.9898386146432336, 0.012560472627688248, -0.02474893494778651, 0.13946053817292922] [0.3818797469139099, 0.3833831250667572, 0.7250103950500488] [0.0, 0.0] 0.5704725980758667
pedestrian [371.8102411506966, 1140.27509377403, 1.1529599183111097] [0.3676866055497095, -0.02772318293897756, 0.0013039867379147797, -0.9295355210241572] [0.5820911526679993, 0.6175014972686768, 1.7187814712524414] [-0.7118989293699135, -0.7057568770534063] 0.5675113201141357
pedestrian [371.3570320130019, 1140.63555563754, 1.1700585283922944] [0.39631230656972927, -0.02766946622799377, 0.0021623811732870476, -0.9176961808832486] [0.6001874804496765, 0.6418020725250244, 1.7549961805343628] [-0.7147540850487197, -0.7911640822718514] 0.5576059818267822
pedestrian [370.7671800819244, 1136.7698194991158, 1.1759551076968768] [0.7586535597487385, -0.023917790424921946, 0.01407886909059766, -0.6509028353194404] [0.6132071018218994, 0.6474388241767883, 1.7431342601776123] [0.14898568681486976, -0.9931455631094184] 0.5510221123695374
pedestrian [390.4853986860235, 1117.0388742400496, 1.2066263762617317] [-0.8866334144228724, -0.0041576829014227535, -0.027440643698205973, -0.46163937567668356] [0.6604522466659546, 0.7803938388824463, 1.8047832250595093] [0.6643537106324124, 0.9668037350327008] 0.5504411458969116
pedestrian [368.01018968028507, 1136.0952229714007, 1.1974150426943173] [-0.9481892178558944, 0.01683661239194771, -0.02206362927634497, 0.3164915984479626] [0.6822329759597778, 0.7204461097717285, 1.8242219686508179] [0.9165732420661707, -0.7758665408138596] 0.5493891835212708
pedestrian [383.7384298179651, 1105.4664224084872, 1.696272768615069] [0.5037841753598039, -0.02720869400499981, 0.005473776047936337, -0.8633835934295725] [0.6676461100578308, 0.7385896444320679, 1.7819887399673462] [-0.6196445581313796, -1.1126524246218807] 0.5381167531013489
pedestrian [384.59776346680775, 1108.671800641567, 1.5875613854607333] [0.5433730633052279, -0.02692483983878351, 0.00673262603569592, -0.8390324420549017] [0.6459952592849731, 0.7423301339149475, 1.822883129119873] [-0.48378521282872444, -1.2320042877407644] 0.5335327982902527
traffic_cone [415.4483379361354, 1096.111170967703, 0.825109592756825] [-0.9874099746098183, 0.01296598423765689, -0.024538918200065526, 0.15572818237993127] [0.4105849266052246, 0.4075153172016144, 0.8340000510215759] [0.0, 0.0] 0.53236323595047
pedestrian [371.78440210678446, 1139.614639234706, 1.1358337650618913] [0.3142656365604546, -0.027752483870490625, -0.000273665304398785, -0.9489293094975892] [0.5939505100250244, 0.6356971859931946, 1.716230869293213] [-0.8231061527446627, -0.6757591974195842] 0.53072589635849
pedestrian [371.76684194073437, 1129.2477695169282, 1.384221796333511] [0.8107443101268993, -0.022647996062937666, 0.016041930308221455, -0.5847421554353482] [0.6066479682922363, 0.6373457908630371, 1.7399940490722656] [0.0, 0.0] 0.5189735889434814
traffic_cone [419.1390542729336, 1094.5553426447282, 0.7174472629449515] [-0.9806557103776765, 0.013904426219598774, -0.024019620837648716, 0.1937630058859889] [0.40837132930755615, 0.41545966267585754, 0.7760111689567566] [0.0, 0.0] 0.49770697951316833
traffic_cone [422.1713519648638, 1093.2298392660414, 0.6766383379464536] [-0.9994345865173118, 0.009481769354267184, -0.02608392807061762, 0.018979779221295123] [0.4177429974079132, 0.42333757877349854, 0.7856112718582153] [0.0, 0.0] 0.496360719203949
traffic_cone [402.51679883468483, 1101.457526182224, 0.8200643927035411] [-0.37070520604683116, -0.02105480637257763, -0.018082322370036947, -0.9283358093686226] [0.3582199513912201, 0.3599429130554199, 0.6989584565162659] [0.0033130408646930617, -0.0007196873988829814] 0.4889473617076874
traffic_cone [425.99772965895943, 1091.6913224562952, 0.5308019837583218] [-0.7674878916169028, -0.009926163197884981, -0.025918073575202843, -0.6404623806030768] [0.37706950306892395, 0.3806855380535126, 0.7622604966163635] [0.0, 0.0] 0.48345378041267395
pedestrian [369.7973864305823, 1137.07640383774, 1.1495902563276463] [0.7717123388771449, -0.023627019836838563, 0.014561565414141137, -0.635365871581946] [0.6195423603057861, 0.6528189182281494, 1.7600507736206055] [0.007459235214331252, -0.6552658030225835] 0.44750097393989563
traffic_cone [391.1928791959278, 1149.967069341398, 1.0579973921053436] [0.9258999091517863, -0.018219169241419485, 0.02093650223492903, -0.3767480364634072] [0.5101758241653442, 0.4865400195121765, 0.7817914485931396] [0.0, 0.0] 0.43688225746154785
pedestrian [370.18275599107835, 1136.888423339855, 1.1771080432225678] [0.7340419717305147, -0.024422500424731236, 0.013183957170920914, -0.6785367407033297] [0.6124836802482605, 0.6509506106376648, 1.7388358116149902] [0.08435668521324696, -0.9179823800059509] 0.43601661920547485
pedestrian [425.01830816718495, 1115.4917555093327, 1.378824996411867] [-0.9980447802436279, 0.010441855588752985, -0.025714643795788854, 0.05600304790605082] [0.6174027919769287, 0.619060754776001, 1.6801618337631226] [-5.7459947279416454e-05, 0.000985982653886104] 0.435912549495697
traffic_cone [390.86904662768944, 1149.256669078332, 1.080775503272383] [0.907257391122322, -0.01917885195054294, 0.020061079022321543, -0.41965908902374244] [0.5160431265830994, 0.4907985329627991, 0.8214723467826843] [0.0, 0.0] 0.4120938777923584
traffic_cone [383.75043232318137, 1132.9784078471127, 0.9299213585939564] [0.7836735286217856, -0.02334539468030354, 0.015008924042100063, -0.6205525967102212] [0.3853740692138672, 0.3688831925392151, 0.7985421419143677] [0.0, 0.0] 0.4113060235977173
traffic_cone [427.26807177319444, 1091.1924210746417, 0.492441818586827] [-0.10585351973457274, -0.025160172152348677, -0.011714990010446116, -0.993994344604697] [0.3848673701286316, 0.3869583308696747, 0.7754443883895874] [0.0, 0.0] 0.408657968044281
pedestrian [448.4569072747689, 1115.9345954804169, 1.7231870993798524] [-0.39632083684552766, -0.020544973129122304, -0.018659564110780208, -0.9176924969881687] [0.6201950311660767, 0.6456701755523682, 1.748131513595581] [-0.3496039938190843, 0.3614659251950871] 0.4033578336238861
pedestrian [390.76746176401804, 1108.697855965133, 1.274135531029321] [-0.752450060674577, -0.010523718805363496, -0.025681249895328554, -0.6580643060804504] [0.6546616554260254, 0.6179790496826172, 1.783888339996338] [-0.0007264792528598706, 0.005989309858293219] 0.39257267117500305
pedestrian [373.2312374551, 1141.5055311540405, 1.175232284245352] [0.4156963519394727, -0.027617350874110564, 0.0027490333531877582, -0.9090799017306088] [0.6389535665512085, 0.6898291707038879, 1.7685966491699219] [-0.5655427502771078, -0.6956205001967894] 0.38180622458457947
pedestrian [373.0801728199362, 1129.581340883236, 1.3801794168413717] [0.8872828180370401, -0.020069290079539732, 0.01917025950225928, -0.4603899711793991] [0.6127040386199951, 0.6399879455566406, 1.7393718957901] [2.573966127979536e-05, 5.829701106680827e-07] 0.37154075503349304
traffic_cone [388.760056853957, 1111.4176300748395, 0.8681230455278162] [-0.23305176288249818, -0.02344089476054454, -0.01485933062105254, -0.972068207773343] [0.34694480895996094, 0.34197133779525757, 0.7194887399673462] [0.0, 0.0] 0.36855533719062805
traffic_cone [385.89291729934837, 1136.8740668170358, 0.9914223662496293] [-0.9977196997900515, 0.010583949171429137, -0.025656485995110064, 0.06152337277140024] [0.40968549251556396, 0.38809889554977417, 0.8262338042259216] [0.0, 0.0] 0.3615098297595978
traffic_cone [383.56950792779884, 1133.1283154074752, 0.9403826511271088] [0.5994400708364896, -0.02640180689438291, 0.008556859610417189, -0.7999383265114026] [0.4007904827594757, 0.3931865692138672, 0.7743915319442749] [0.0, 0.0] 0.3600715398788452
pedestrian [372.55629918495663, 1142.0127703380383, 1.2189085485289808] [0.331001758499797, -0.027752982583465702, 0.00021728185042410586, -0.9432219042284595] [0.6634600162506104, 0.7183510661125183, 1.8088643550872803] [-0.7444778329945189, -0.5323477028898076] 0.3533770442008972
traffic_cone [349.39783208699714, 1116.9144675414775, 1.0905641591336241] [-0.262226778588095, -0.02298266313648647, -0.015558677605614812, -0.9646070916894759] [0.4485684633255005, 0.4542083740234375, 1.251631259918213] [0.0, 0.0] 0.3452385365962982
traffic_cone [391.6479501436119, 1114.053905447482, 0.7781888906706104] [-0.9629569919369005, 0.0016092622178405565, -0.027707138589087563, -0.2682229602889269] [0.3336193859577179, 0.33763036131858826, 0.7696170210838318] [-0.0025138150961338747, 0.00494900522245582] 0.3354306221008301
traffic_cone [390.51225234605556, 1149.0500474503576, 1.0582102906026232] [0.9049785964448102, -0.019286874304259023, 0.01995724763719655, -0.42455089768259924] [0.4807741045951843, 0.4487203061580658, 0.8119375705718994] [0.0, 0.0] 0.32234716415405273
pedestrian [389.2237612956263, 1123.9679181373306, 1.105906717587935] [0.6187040688747573, -0.02618604971894939, 0.009195980306491786, -0.7851337465070132] [0.6091779470443726, 0.6117925643920898, 1.642072319984436] [0.0, 0.0] 0.3189109265804291
pedestrian [407.3736587418319, 1163.7134420411155, 0.8993109304912608] [-0.24373543460898967, -0.02327594560756594, -0.01511640201087236, -0.9694445639964598] [0.6552658677101135, 0.6883110404014587, 1.7907984256744385] [-0.5607760574163217, 0.42542633843027183] 0.3133668303489685
traffic_cone [361.13884915202306, 1127.2764300012573, 0.7539190249097532] [-0.9944177112260463, 0.01161229904813644, -0.025207732236306457, 0.10179951054042768] [0.40743809938430786, 0.400637149810791, 1.159756064414978] [2.8378748910276514e-06, -2.0167934914479154e-06] 0.3026109039783478
traffic_cone [355.29101411757495, 1126.9104717713951, 0.855876639445927] [-0.9908800529745377, 0.012370110767528062, -0.024844629465535617, 0.13185767085572445] [0.4061517119407654, 0.39856937527656555, 1.1558047533035278] [0.0, 0.0] 0.2973085045814514
pedestrian [367.3518821612619, 1129.6414888596514, 0.9056802536584803] [0.6767331881336259, -0.025409169689044477, 0.011164647302714837, -0.7357050474373665] [0.6347798109054565, 0.6779049634933472, 1.5662262439727783] [-0.008131831610894712, -0.009337436941035981] 0.29598304629325867
traffic_cone [424.550627220524, 1092.3004465947272, 0.6369541828677825] [-0.9987436671162473, 0.010073010489550345, -0.02586135559784295, 0.04172304089480383] [0.3827058970928192, 0.38652411103248596, 0.7651440501213074] [0.0, 0.0] 0.2791869342327118
traffic_cone [391.4326781722882, 1150.2950501117548, 1.0814211192182615] [0.9128605234734121, -0.01890526146732529, 0.020319112739800915, -0.40732712827672934] [0.45257794857025146, 0.449548602104187, 0.7480627298355103] [0.0, 0.0] 0.27510717511177063
pedestrian [373.09074500567266, 1130.5543596968473, 1.2699918693117487] [-0.9389623010456668, 0.017447376647865748, -0.021583889866939716, 0.3428987051030458] [0.5418969392776489, 0.5598963499069214, 1.7002744674682617] [0.0, 0.0] 0.273710697889328
pedestrian [390.4728822436843, 1116.3538102727978, 1.2106130143138993] [-0.8767773878207739, -0.00473108724555385, -0.027347615383349823, -0.4800949249393287] [0.6960601806640625, 0.8627825975418091, 1.8179453611373901] [0.5545880014873297, 1.039828398970797] 0.2700369954109192
traffic_cone [352.5327412883794, 1128.1424806371358, 0.7167447939095015] [-0.9992209209745139, 0.009718339525157845, -0.02599671384145367, 0.028058436042714074] [0.4019835889339447, 0.4027632474899292, 1.0421925783157349] [0.0, 0.0] 0.26715418696403503
traffic_cone [389.7689769152258, 1148.9347930203253, 1.0389808161581802] [0.8562794632141146, -0.021245333741330724, 0.017858080745145832, -0.5157666193386954] [0.41462579369544983, 0.40269818902015686, 0.8771345615386963] [0.0002208030996498737, 0.000767944218984451] 0.2641775906085968
traffic_cone [362.3065359990776, 1123.5919270890195, 0.9629093574843938] [0.8224427378816999, -0.022317816428826107, 0.016498191523009225, -0.5681704565110478] [0.3637380003929138, 0.3604680299758911, 0.897998571395874] [0.0, 0.0] 0.25651130080223083
traffic_cone [415.37991644235444, 1104.3576976418144, 0.4835889470823299] [-0.9829257054176216, 0.013613136006737848, -0.024185900474092994, 0.18189772504237217] [0.36485493183135986, 0.3767862617969513, 0.7028721570968628] [-9.189534265324863e-06, -6.818463687874631e-05] 0.2561161518096924
pedestrian [425.82051895114375, 1115.499927178731, 1.5414558822353388] [-0.4871638380061179, -0.018550979362127365, -0.020643071922235766, -0.8728694745982747] [0.7034324407577515, 0.7078965902328491, 1.7938246726989746] [-0.011024214932360625, 0.02413919803290827] 0.2515988349914551
traffic_cone [424.3100835013242, 1092.5009535760905, 0.6688441037449494] [-0.9994925422558362, 0.009394365778214259, -0.026115534559066393, 0.01563274516151114] [0.3759147822856903, 0.3874969482421875, 0.7614489793777466] [0.0, 0.0] 0.25071772933006287
traffic_cone [358.783117296205, 1128.2875443888759, 0.6855404112847108] [-0.9962710679235055, 0.01110076200058091, -0.025437144821837475, 0.0816926187906662] [0.40183964371681213, 0.3984030783176422, 1.072121024131775] [-1.9984517069492163e-05, 0.00015212165112601177] 0.24178943037986755
traffic_cone [389.9667330953701, 1149.273216579873, 1.0455145315581937] [0.8428312045795386, -0.021694378519284217, 0.017309800528680093, -0.5374618919824206] [0.4417320489883423, 0.4270743727684021, 0.8899933099746704] [-0.0008221117123094891, -0.0001581745621396454] 0.23886774480342865
pedestrian [369.45289360030625, 1129.1029447633205, 1.4669307865151762] [0.617288935654084, -0.026202570420207273, 0.009148800853377064, -0.7862468407983382] [0.6654101610183716, 0.6902196407318115, 1.8590586185455322] [0.0, 0.0] 0.23553769290447235
pedestrian [372.90370558451576, 1129.9878357128007, 1.3340186016060138] [0.9094428853681661, -0.019073520282393577, 0.020161251888655005, -0.414901630509623] [0.5922558903694153, 0.6315499544143677, 1.7562259435653687] [0.0, 0.0] 0.2314261794090271
traffic_cone [391.87297553556397, 1150.8659827157549, 1.1316146652594714] [0.9106829149335472, -0.019012979285085822, 0.02021835483874916, -0.4121727225259537] [0.4407300353050232, 0.43716955184936523, 0.8069993257522583] [0.0, 0.0] 0.21538926661014557
traffic_cone [385.611451343433, 1137.1216871773086, 1.0139834093463416] [-0.9887603232207585, 0.01274649124562547, -0.024653645057189165, 0.14691068024721826] [0.41895702481269836, 0.3898950517177582, 0.8680924773216248] [0.0, 0.0] 0.21375083923339844
traffic_cone [390.273136539475, 1111.6689545364125, 1.0648524540186401] [-0.8464056982519969, -0.006362728278477319, -0.027014643113225444, -0.531814929005259] [0.4593469798564911, 0.46572086215019226, 1.1626918315887451] [0.0, 0.0] 0.20937401056289673
pedestrian [372.49003392828695, 1129.5655916885596, 1.3542731083055344] [0.859538046281719, -0.021131480893409847, 0.017992658751060913, -0.5103176184892351] [0.6063491702079773, 0.6530817747116089, 1.7625226974487305] [0.0, 0.0] 0.2060604989528656
pedestrian [391.603394605977, 1110.1762822555645, 1.105934663296865] [-0.8700554723230501, -0.005108760755362573, -0.02727958608969611, -0.4921719210063019] [0.569709062576294, 0.547363817691803, 1.4941072463989258] [0.00011994727338848471, -0.000580171697816715] 0.20455028116703033
pedestrian [448.1273159256927, 1114.8151872230928, 1.9459195081570622] [-0.08381397250589057, -0.025413448300565307, -0.011154904712957828, -0.9960948462667101] [0.6129308342933655, 0.6215603351593018, 1.7586578130722046] [-0.08971615599680367, 0.019973928162218307] 0.2033860981464386
pedestrian [371.1283893387274, 1131.7741488876795, 1.2186651769424914] [0.7999835856620384, -0.022935794174740575, 0.01562768694511796, -0.599379668839065] [0.6306731700897217, 0.6650296449661255, 1.7826464176177979] [-0.0005212182653754499, 0.000743477883683719] 0.2033451497554779
traffic_cone [431.6815252257717, 1096.9797582702217, -0.8314468699012574] [-0.6125559574272845, -0.015245411593345545, -0.023191651063047658, -0.7899398228768201] [0.593781590461731, 0.6221314668655396, 1.0915019512176514] [0.0041893559223510615, 0.008199901877303503] 0.20251770317554474
pedestrian [371.7553816622212, 1140.846458346265, 1.1772082200822458] [0.4090669741569334, -0.027636632716756145, 0.002547898302483439, -0.9120821977214608] [0.642642617225647, 0.6983867883682251, 1.7883634567260742] [-0.674260897412862, -0.7969852210262865] 0.20202481746673584
traffic_cone [434.2524249084847, 1088.304252444581, 0.5854429911667471] [-0.985433956152045, 0.013264778979825477, -0.024378697510266095, 0.16777855288697854] [0.40509575605392456, 0.4057462811470032, 0.9395731091499329] [0.0, 0.0] 0.19526870548725128
traffic_cone [426.2231698359734, 1091.5432274636578, 0.5152730679510807] [-0.7624733922370417, -0.010127844150595136, -0.025839930854047, -0.6464240488076365] [0.38633930683135986, 0.38657721877098083, 0.7672984600067139] [0.0, 0.0] 0.19290268421173096
pedestrian [396.9494068599606, 1105.7973065093065, 1.0531691033843362] [-0.7134357325878765, -0.01198050182473683, -0.02503483232834108, -0.700170822166362] [0.5492519736289978, 0.5590683221817017, 1.1355304718017578] [0.0016833622962641375, 0.0030033180692893425] 0.19154071807861328
pedestrian [396.5966895751464, 1107.749249210549, 2.309971858408837] [-0.820793725763203, -0.007610483508602023, -0.026689994275869953, -0.5705500718552923] [0.7122042775154114, 0.6884180307388306, 1.9718375205993652] [-0.025277066742536942, 0.02498470160572879] 0.19120335578918457
traffic_cone [384.05920740614954, 1133.0863327203517, 0.9823850061344225] [0.8889024747464712, -0.020001493673156238, 0.019240985019571246, -0.4572549782516511] [0.37088504433631897, 0.3609832227230072, 0.8200300931930542] [0.0, 0.0] 0.18936900794506073
