car [401.3847652807395, 1100.423183882361, 1.2823095339930854] [-0.19846452502403622, -0.019189012467856207, -0.021167391673460396, -0.9796915614810785] [1.8293163776397705, 4.557586669921875, 1.5136802196502686] [0.0, 0.0] 0.8692525625228882
car [392.7797045395924, 1100.3038677240668, 1.3450711049392525] [-0.18385626115466414, -0.019502038997279456, -0.020879347324516934, -0.9825378356910627] [1.8693246841430664, 4.573307514190674, 1.648935317993164] [0.0, 0.0] 0.801456868648529
car [417.84452536487703, 1105.8417717680757, 0.9672272947070848] [-0.979303109339656, 0.02120473021937484, -0.019147743628760885, 0.20037251150777122] [2.02127742767334, 5.045738220214844, 1.8639129400253296] [2.420806570855858, -1.0775795857057477] 0.7431964874267578
car [391.9911894049499, 1104.2492374149401, 1.4501146300186094] [-0.185435957474619, -0.019468439513413757, -0.020910679870864344, -0.9822409220785505] [2.2058749198913574, 5.482767581939697, 2.3681516647338867] [0.0, 0.0] 0.640479564666748
car [360.22230700506924, 1101.3076308963462, 1.7796750582030778] [0.6346108244516968, -0.028529933462057403, 0.0015230122782822902, -0.7723035833265229] [1.897508978843689, 4.464102268218994, 1.7077988386154175] [0.0, 0.0] 0.28480756282806396
car [359.97285361479817, 1121.9809521711918, 0.6954033330508306] [-0.9991747654449314, 0.017593599583178396, -0.02251092897807655, 0.02887059799027658] [1.9469411373138428, 4.593646049499512, 1.707930088043213] [0.0, 0.0] 0.23979337513446808
car [382.58465847526065, 1099.5086843434258, 1.352001372022118] [0.3129507504732114, -0.027155249287453085, -0.008880827995491197, -0.9493395341544054] [1.9405299425125122, 4.54997444152832, 1.6909661293029785] [0.03637347798940657, 0.0014506583673124037] 0.23484453558921814
car [361.1457508903133, 1128.0885602616002, 0.37196778354906124] [-0.9828006565116358, 0.012451856144374576, -0.025714352963063694, -0.18244613695704126] [1.9227756261825562, 4.473002910614014, 1.5814399719238281] [0.0, 0.0] 0.20070013403892517
car [445.417348588296, 1099.2787645696465, 1.5142095729719174] [0.6509461380017788, -0.028490938609393224, 0.0021314518303278502, -0.7585860852604793] [1.8178322315216064, 4.3409743309021, 1.5924186706542969] [0.0, 0.0] 0.19095531105995178
car [362.8120217537259, 1093.07935434224, 1.4513658007993984] [-0.7835585261965311, -0.0010112016911210083, -0.02855265558383485, -0.6206607441710569] [1.9406107664108276, 4.477238655090332, 1.6454182863235474] [0.0, 0.0] 0.1862296611070633
car [355.1785771456775, 1101.9572352882046, 1.4938871562149294] [-0.61205498539731, -0.00782190260242561, -0.027478983049366815, -0.7902989422873781] [1.9609029293060303, 4.644006729125977, 1.6843788623809814] [-0.0014694151445229604, 0.0059489454923482244] 0.1760302186012268
car [386.1548823952325, 1099.7081242430224, 1.250048937350733] [-0.9995861384364878, 0.016858700194559095, -0.0230664452722823, -0.003357852867597072] [1.8452813625335693, 4.368714332580566, 1.5965324640274048] [0.07578860731910281, -0.01874437889004748] 0.16415244340896606
car [382.9686838631407, 1154.654865409757, 0.6883231980639202] [0.8961314313574691, -0.025377577923004293, 0.013124603175375114, -0.4428681305574648] [1.895967960357666, 4.397445201873779, 1.648301362991333] [0.0006444644907025402, -0.0006114531111902372] 0.1605151891708374
car [405.8551975177895, 1080.8523632409695, 1.754700648617632] [-0.9754801067039751, 0.021550911991735155, -0.018757261582483392, 0.21822530732032636] [1.906789779663086, 4.5661797523498535, 1.6759355068206787] [0.007286420847890968, -0.011812991631163094] 0.15007799863815308
car [361.8528466093426, 1125.6050809212154, 0.735041182354474] [0.9274490400334979, -0.024296590053168605, 0.015031712528434344, -0.3728565427496118] [1.9130090475082397, 4.459296226501465, 1.6504693031311035] [0.0, 0.0] 0.1335078626871109
car [384.9985408772656, 1154.7325127372403, 0.8930576610695906] [0.4602751356145111, -0.02822365356395122, -0.0044386990494158255, -0.8873164727791845] [1.9492065906524658, 4.588441848754883, 1.6843864917755127] [0.0, 0.0] 0.13193686306476593
car [351.4720239580217, 1102.6027035726142, 1.6306046397214176] [-0.882850949043803, 0.004167186029698187, -0.028265017784234805, -0.46878345224923024] [2.0092525482177734, 4.662345886230469, 1.739018440246582] [0.0, 0.0] 0.12115973234176636
car [361.2017470909865, 1091.4011476409412, 1.538249074412267] [-0.15398631586523615, -0.02012602926097636, -0.020278550636954926, -0.9876598290183223] [1.962684154510498, 4.546771049499512, 1.6889774799346924] [0.0, 0.0] 0.11862803995609283
car [453.1000861061906, 1095.0817094195404, 2.19601516949348] [-0.072090234968642, -0.021728340079483162, -0.01855143948968778, -0.9969888270950763] [1.9589641094207764, 4.49968957901001, 1.7345709800720215] [0.0, 0.0] 0.112381711602211
car [386.1190808278066, 1100.9948552198382, 1.2137192560131804] [-0.9985413916930154, 0.01586372528447995, -0.02376171058336864, -0.04581279740450381] [1.9059441089630127, 4.508240222930908, 1.6189947128295898] [-0.02509921945454713, 0.01054068149515964] 0.11114541441202164
car [451.90425460860257, 1115.4748433452905, 2.1872514608859968] [-0.004966220944559896, -0.02292525627589153, -0.01705019924909729, -0.9995794415551872] [2.2066264152526855, 5.362358093261719, 2.202564239501953] [0.0, 0.0] 0.10585541278123856
car [361.4759310079393, 1129.7549660074144, 0.325617671545708] [-0.27277723221685274, -0.017514698423039224, -0.022572372690951404, -0.9616529025143963] [2.016481876373291, 4.776464462280273, 1.7416744232177734] [0.0, 0.0] 0.10174345970153809
car [382.725163162472, 1156.658136586168, 0.6860518868962695] [-0.9782725752809467, 0.011848030404950248, -0.025998093108391542, -0.20534481192237136] [1.961881160736084, 4.5236101150512695, 1.7032839059829712] [0.016823250690090923, 0.03779256269815586] 0.10144318640232086
construction_vehicle [398.4505272611982, 1110.0905754723012, 1.8302973157660178] [-0.23041750567632469, -0.018486057057480517, -0.021783993302808287, -0.9726723479199719] [2.8969082832336426, 3.88576078414917, 3.064084768295288] [0.0, 0.0] 0.8485651016235352
truck [401.015716193748, 1096.6134699621402, 2.4874968097790404] [-0.19697209083091322, -0.019221231036063435, -0.021138139634497007, -0.9799927136279883] [2.8702378273010254, 10.07780647277832, 3.727390766143799] [0.0, 0.0] 0.797691822052002
truck [411.6631324585793, 1092.1757034768484, 2.225524285338067] [-0.20605777837304529, -0.01902424498805352, -0.02131559927338995, -0.9781226483944716] [2.3937346935272217, 6.228595733642578, 3.0334300994873047] [0.0, 0.0] 0.7322235703468323
truck [391.93671121770757, 1104.2729843356408, 1.5209778582553037] [-0.1899267143176528, -0.019372591977426336, -0.020999508323419826, -0.9813824771814252] [2.045888900756836, 5.391046047210693, 2.0627546310424805] [0.0, 0.0] 0.20981746912002563
truck [445.41191919615915, 1098.5798432736244, 1.6395982569897407] [0.5879169523017094, -0.028570087011871036, -0.00016370059052829133, -0.808416588478069] [2.0721657276153564, 5.335475444793701, 1.9064674377441406] [0.0, 0.0] 0.19670571386814117
truck [360.28316567241734, 1101.22862483885, 1.62575244220986] [0.6261101635835242, -0.028544909139145244, 0.0012103024362381132, -0.7792110024811396] [1.9405783414840698, 4.311617374420166, 1.962294101715088] [0.0, 0.0] 0.17203563451766968
truck [452.4643011831687, 1115.359386747568, 2.241531099482289] [-0.02461590183209672, -0.022585637550736296, -0.017497589724759007, -0.9992886373352008] [2.635861396789551, 7.091439723968506, 3.341196060180664] [0.0, 0.0] 0.16998067498207092
truck [405.9609060724576, 1080.8766071260195, 2.0556997388261147] [0.9654502297015136, -0.02231995277226971, 0.01783525660014095, -0.2590165579640506] [2.0749049186706543, 5.239425182342529, 1.9633830785751343] [0.0, 0.0] 0.15171173214912415
construction_vehicle [353.07278650817227, 1103.0704952399194, 1.3504085569409794] [-0.019679579294918342, -0.02267179199035743, -0.017385813690914388, -0.999398037565126] [2.9054644107818604, 5.8362555503845215, 2.775181531906128] [0.0, 0.0] 0.14969110488891602
truck [382.5953190712602, 1155.3431455604953, 0.32785401776774714] [-0.9754757360750629, 0.021551287642104195, -0.01875682997514528, 0.2182448433733638] [2.052034854888916, 5.686873435974121, 1.9331637620925903] [0.0, 0.0] 0.12735891342163086
construction_vehicle [408.95386286589627, 1161.1081755723392, 2.002241134233478] [0.8499979338165954, -0.026509802747490468, 0.010653967713409334, -0.5260106803457215] [2.8185391426086426, 5.126622200012207, 2.7671351432800293] [0.0, 0.0] 0.12432919442653656
bus [359.4259845723453, 1084.6382780534502, 1.9518374909126892] [-0.8403685662980203, 0.0017790205739120846, -0.028515114510498096, -0.5412618553976069] [2.8796253204345703, 9.888158798217773, 3.2738699913024902] [0.0, 0.0] 0.6846187114715576
bus [452.776878828197, 1115.7141638744663, 2.179432891106375] [0.0025894331048807173, -0.02305347855136581, -0.016876427241301346, -0.9995884243859796] [2.7194530963897705, 8.14113998413086, 3.170639753341675] [-0.0009428275229558687, 0.000773672669456115] 0.14825132489204407
bus [410.4779809675725, 1165.1107573673833, 2.5948847636478765] [-0.8410591848293585, 0.0018154388547207863, -0.02851281907342716, -0.5401880884880979] [2.9142374992370605, 11.968059539794922, 3.7703263759613037] [0.003935634750150326, 0.0040988146765443545] 0.13303139805793762
trailer [472.35321318274083, 1112.7229601627407, 1.9110574291365423] [-0.24558260784750466, -0.018143534173707995, -0.022070089203188818, -0.9689545428208016] [2.831160545349121, 10.687597274780273, 3.689960241317749] [0.0, 0.0] 0.12943615019321442
trailer [466.9835909716275, 1114.3907441653125, 2.255306592391609] [0.9544199421310839, -0.023009630484938995, 0.016936161746269066, -0.2970964445979591] [2.562638759613037, 5.40792179107666, 3.3262453079223633] [0.0, 0.0] 0.12355749309062958
trailer [451.20440371542367, 1128.200261124357, 1.2813425075388807] [0.5798589571077185, -0.028567052068093672, -0.00044744372612256014, -0.8142157657477525] [3.032505512237549, 16.01902961730957, 4.220052719116211] [0.0, 0.0] 0.10163649916648865
barrier [400.3706070062229, 1110.9930948381125, 0.7058399187577175] [-0.8440665531303944, 0.0019748428041139127, -0.02850222211772726, -0.5354767756091996] [2.0430240631103516, 0.5639265775680542, 1.0681102275848389] [0.0, 0.0] 0.8034731149673462
barrier [394.7449678384944, 1113.4526871890212, 0.7617554772085084] [-0.8409777794477484, 0.0018111425070959026, -0.028513092301050265, -0.5403148136090516] [2.104989528656006, 0.5473013520240784, 1.062105655670166] [0.0, 0.0] 0.7972759008407593
barrier [402.197549072767, 1110.108506655977, 0.7160225618615657] [-0.8493508770846181, 0.002258240206675635, -0.028481169584800674, -0.527054846221757] [2.120222806930542, 0.518765389919281, 1.0134550333023071] [0.0, 0.0] 0.7781385183334351
barrier [396.57131034951846, 1112.6732643355444, 0.7251843019532045] [-0.8317148026113178, 0.0013284179687693331, -0.02853965619010629, -0.554467501705435] [2.117056369781494, 0.5915182828903198, 1.0548608303070068] [0.0, 0.0] 0.7486593723297119
barrier [384.57867683653814, 1133.7346073340302, 0.7805312555338918] [-0.9772543127923261, 0.0213947964441586, -0.018935135459305273, 0.21013741089831683] [1.9159600734710693, 0.5741878151893616, 0.992996335029602] [0.0, 0.0] 0.7465574145317078
barrier [387.03044034679493, 1142.138127829749, 0.8906086509690616] [-0.9807856959312338, 0.021059791907225376, -0.019307041062099243, 0.1929848232036277] [1.9747611284255981, 0.7532333135604858, 0.9602351188659668] [0.0, 0.0] 0.6814255118370056
barrier [392.2434301850012, 1105.9580176606228, 1.0286182876567411] [0.5552499677613758, -0.028540893702093444, -0.0013015592322381088, -0.8311926350920351] [1.9681544303894043, 0.43399304151535034, 0.9944363832473755] [0.0, 0.0] 0.674591064453125
barrier [398.6580404101719, 1111.799041119764, 0.7173471628154158] [-0.8414603937073531, 0.0018366276732302428, -0.02851146205544616, -0.5395629056487444] [2.0050058364868164, 0.5316453576087952, 1.0708891153335571] [0.0, 0.0] 0.6650738716125488
barrier [396.38361222611456, 1104.8688613324018, 0.872139069917036] [0.7187769079683652, -0.028168526444207708, 0.0047760640396871, -0.6946534962855121] [2.130373954772949, 0.516390860080719, 1.0167574882507324] [0.0, 0.0] 0.6569498777389526
barrier [394.01877604904536, 1105.1847427304633, 0.9836725142720277] [0.5413810504863626, -0.02851536656554482, -0.001774975882041856, -0.840291783551721] [2.096095085144043, 0.4652545154094696, 0.9968031644821167] [0.0, 0.0] 0.6563628911972046
barrier [385.3367981758625, 1137.6067119721022, 0.7979513880275328] [-0.9857744616971582, 0.020514573777105676, -0.019885394954410877, 0.16562739506472923] [1.8701443672180176, 0.6145176887512207, 1.0387418270111084] [0.0, 0.0] 0.6543141007423401
barrier [385.40314041924523, 1135.5396604935436, 0.7276915513458069] [-0.9815200151961704, 0.020985447524501384, -0.019387822516869192, 0.1892146482161441] [1.9899369478225708, 0.5813260674476624, 1.0141786336898804] [0.0, 0.0] 0.6329033970832825
barrier [393.73229965004185, 1155.6129844030957, 1.0334323115310562] [-0.982419457175786, 0.020891878152803987, -0.019488614547925488, 0.18448775973674747] [2.0270776748657227, 0.7078002095222473, 0.9278666377067566] [0.0, 0.0] 0.5976027250289917
barrier [391.42314247657157, 1113.1925682195824, 0.8462482797737356] [-0.1879232188794976, -0.019415413720655972, -0.020959923182230063, -0.9817680923396414] [2.007314920425415, 0.5046864748001099, 1.0058516263961792] [0.0, 0.0] 0.5785519480705261
barrier [386.37267019369756, 1140.4811991804133, 0.9037834921707677] [-0.9831052115589004, 0.020818558807250587, -0.01956691797239081, 0.18079786042976123] [1.9888248443603516, 0.7096940875053406, 0.9868872165679932] [0.0, 0.0] 0.5732442736625671
barrier [387.60172253341545, 1143.8874966905048, 0.8757795559305319] [-0.9844496837065517, 0.020669385441183595, -0.01972443092291915, 0.17332784998470438] [2.019357681274414, 0.7104058265686035, 0.9605945348739624] [0.0, 0.0] 0.5715006589889526
barrier [392.9744237730422, 1153.9288306631836, 0.9992047361242118] [-0.9772988303299771, 0.02139078258369971, -0.018939669749130018, 0.20993027310492596] [2.067596197128296, 0.6933348774909973, 0.973078727722168] [0.0, 0.0] 0.5583544373512268
barrier [394.470872672546, 1157.3078885805614, 1.0404602349493524] [-0.9787740023457768, 0.02125489695383453, -0.019092040887005696, 0.20294131088144496] [2.005249261856079, 0.7456027865409851, 0.9013091921806335] [0.0, 0.0] 0.5476588606834412
barrier [392.1197090307888, 1151.6177415085967, 0.8055193692310081] [-0.9791901153468364, 0.021215509806488453, -0.019135799262116376, 0.2009239690462522] [2.0893075466156006, 0.6306289434432983, 1.0401474237442017] [0.0, 0.0] 0.5299888849258423
barrier [386.0202737723868, 1139.2542991860132, 0.8427347548113137] [-0.983879128266797, 0.02073360792514943, -0.019656911561977436, 0.17653777015476796] [1.9401037693023682, 0.7020913362503052, 1.011939287185669] [0.0, 0.0] 0.4533841609954834
barrier [390.70435598833586, 1151.0503871438807, 0.6972322312361448] [0.9625085762389466, -0.022517011401572737, 0.017585814376669187, -0.26974240303802005] [1.981801986694336, 0.6041272878646851, 1.042783260345459] [0.0, 0.0] 0.4486788511276245
barrier [390.4146333053823, 1149.8713980157704, 0.6650237389841269] [-0.9748761063562289, 0.021602429240594828, -0.018697906852220517, 0.22090790068707092] [2.0894174575805664, 0.6134134531021118, 1.0053362846374512] [0.0, 0.0] 0.43447235226631165
barrier [396.1327514929224, 1161.1373656176695, 0.9136487932135537] [-0.9806720167345452, 0.021071144252760875, -0.01929465080348862, 0.19356166697993124] [1.960520625114441, 0.734154224395752, 0.96756911277771] [0.0, 0.0] 0.42278164625167847
barrier [444.98870079660827, 1100.0809115199133, 1.3881654140591337] [-0.1779631126554289, -0.01962685031398762, -0.0207620667685456, -0.9836223126099981] [2.0110578536987305, 0.44182005524635315, 1.0237901210784912] [0.0, 0.0] 0.4189218282699585
barrier [391.4825941953076, 1151.3595419785613, 0.7173730681182791] [0.9549701223896176, -0.02297813358635883, 0.016978870593672292, -0.29532319359205184] [2.008594512939453, 0.6620141863822937, 1.049556016921997] [0.0, 0.0] 0.40830788016319275
barrier [394.7817613632308, 1158.4420240102374, 0.9901669600735392] [-0.9768975010750361, 0.021426791606057, -0.018898922488327925, 0.21178998022474932] [2.0186409950256348, 0.7748960852622986, 0.9327009916305542] [0.0, 0.0] 0.3843801021575928
barrier [396.8210453939579, 1162.7374061956314, 0.8324774049936359] [-0.9775417718814328, 0.021368790912349972, -0.018964478497799267, 0.2087960908569859] [2.0444929599761963, 0.6614763140678406, 0.9631277322769165] [0.0, 0.0] 0.3225144147872925
barrier [383.04155081140453, 1133.3754825164176, 0.793967538184177] [0.9562972178746312, -0.022901037549866974, 0.017082714915633408, -0.2909971725214694] [1.9501689672470093, 0.5547771453857422, 1.0142287015914917] [0.0, 0.0] 0.3196653723716736
barrier [393.0953311606229, 1113.736525665626, 0.7954076596481128] [-0.6882256256560961, -0.005026700615617323, -0.02812488134499724, -0.7249339359697026] [1.858508586883545, 0.5114660859107971, 1.02958345413208] [0.0, 0.0] 0.29110872745513916
barrier [391.20086183846405, 1112.14738419945, 0.8478718977364057] [-0.3011033094017327, -0.01683934960801771, -0.0230805756975032, -0.9531634279584871] [2.064581871032715, 0.4811230003833771, 1.070082664489746] [0.0, 0.0] 0.28457969427108765
barrier [384.1250889715628, 1133.6385633291181, 0.7797954519544974] [-0.9791466435181048, 0.021219647343787975, -0.019131211053001668, 0.20113570995096647] [1.9410512447357178, 0.5866354703903198, 1.0120830535888672] [0.0, 0.0] 0.2595517933368683
barrier [398.06676728449816, 1105.520051174657, 0.9859414304104188] [-0.43923429079404286, -0.013227299415915848, -0.025324202256160683, -0.8979181260676856] [1.654526710510254, 0.4921661615371704, 1.0523804426193237] [0.0, 0.0] 0.2402055412530899
barrier [390.7345665244033, 1106.6626220942737, 1.1403053771531315] [0.5453436561114882, -0.028523431626431665, -0.0016402798546282689, -0.8377255040102365] [2.0164663791656494, 0.451286256313324, 1.0503907203674316] [0.0, 0.0] 0.23896750807762146
barrier [393.13329600284504, 1112.9699860988812, 0.8110212039961548] [-0.508073724779658, -0.011207438810107587, -0.026280600926670526, -0.8608395980197323] [1.9029223918914795, 0.4943481683731079, 1.0363388061523438] [0.0, 0.0] 0.22695669531822205
barrier [393.2913002862135, 1114.0771524125255, 0.7816693613064676] [-0.838066763817543, 0.0016581372337848106, -0.028522399104268174, -0.5448190733763278] [1.9409364461898804, 0.5157214403152466, 1.0138427019119263] [0.0, 0.0] 0.21701101958751678
barrier [384.8220999087787, 1137.2868316114807, 0.8299277244880955] [-0.9796248743689353, 0.021173832943188566, -0.019181904708426747, 0.19879343260756266] [2.0223729610443115, 0.5900817513465881, 1.0743838548660278] [0.0, 0.0] 0.21682271361351013
barrier [392.80125202102363, 1113.1902670118461, 0.8141009065855529] [-0.4955175505396586, -0.0115879485561711, -0.026115055389731683, -0.868127917093689] [1.884703278541565, 0.5053295493125916, 1.0485674142837524] [0.0, 0.0] 0.21044740080833435
barrier [424.6147260210478, 1093.5646577465236, 0.9447521909501442] [-0.2790495224257351, -0.017366962560246668, -0.02268623550041329, -0.959851596531578] [2.1757125854492188, 0.5925365686416626, 1.0856382846832275] [0.0, 0.0] 0.20607921481132507
barrier [390.89185860910294, 1106.1745750917014, 1.198573239126337] [0.5911674371093936, -0.028570514561940083, -4.865609099698274e-05, -0.8060426692376534] [1.9426298141479492, 0.42568206787109375, 1.0425076484680176] [0.0, 0.0] 0.20030637085437775
barrier [395.48956738519786, 1159.366418468904, 0.9614542701790256] [-0.9731822237058338, 0.02174284001812047, -0.018534443010126862, 0.22825442557203213] [2.265576124191284, 0.7580647468566895, 0.917870283126831] [0.0, 0.0] 0.1896192729473114
barrier [385.4588418023478, 1136.8595750618329, 0.7368530657974012] [-0.9952343613564025, 0.019008387847992747, -0.02132974123540891, 0.09323244770874234] [1.8530161380767822, 0.5822010636329651, 1.023368239402771] [0.0, 0.0] 0.18824757635593414
barrier [383.69570850234487, 1134.3264640167356, 0.8089782112714343] [-0.999152822497731, 0.01761048465297923, -0.022497722107724695, 0.0296202738857623] [2.0516581535339355, 0.6118739247322083, 1.0506867170333862] [0.0, 0.0] 0.18623670935630798
barrier [389.6622923751502, 1148.9929240916908, 0.6746564981981342] [0.9656024106974119, -0.022309458595159433, 0.01784838163364086, -0.2584486559949508] [1.9432414770126343, 0.6016100645065308, 0.9247987270355225] [0.0, 0.0] 0.18116459250450134
barrier [382.94284651960015, 1133.987213282626, 0.8124973538264786] [-0.9903107666940522, 0.01990709268710492, -0.02049351923160674, 0.13589815561694923] [2.1182963848114014, 0.5624508261680603, 1.0554215908050537] [0.0, 0.0] 0.17958003282546997
barrier [398.7710154331639, 1166.5317551979294, 0.7701507026258194] [-0.9740983531011733, 0.021667623744910453, -0.018622318625730102, 0.22431255385250268] [2.1196160316467285, 0.6621719598770142, 1.0660450458526611] [0.0, 0.0] 0.174002543091774
barrier [424.87008766139576, 1093.7019174537022, 0.9525685972844525] [0.4147344990885856, -0.027962560496399076, -0.005862753639241833, -0.9094938254853574] [2.254831314086914, 0.6029759049415588, 1.0734374523162842] [0.0, 0.0] 0.170160174369812
barrier [384.64279271432247, 1135.9855856016597, 0.7582421928398501] [-0.9781769164299398, 0.021310585111533324, -0.01902986158523796, 0.20580000848849495] [2.0029828548431396, 0.5911245346069336, 1.0572657585144043] [0.0, 0.0] 0.16883522272109985
barrier [394.17524500505385, 1113.336078939338, 0.8017318578125041] [-0.821898845936011, 0.0008295029668498521, -0.028558511771050128, -0.568916523208197] [2.0955183506011963, 0.560641884803772, 1.0756956338882446] [0.0, 0.0] 0.16734087467193604
barrier [396.6628638272217, 1111.8484129701712, 0.8082079960511193] [-0.8437202699447703, 0.0019564199027213864, -0.028503492609037527, -0.5360222284705866] [2.2034642696380615, 0.5696731209754944, 1.0780611038208008] [0.0, 0.0] 0.15837597846984863
barrier [397.66548842695676, 1164.3788335890101, 0.8203368132697215] [-0.9739787399887154, 0.02167753942265104, -0.018610775221054913, 0.22483135319666647] [2.239966630935669, 0.6559696197509766, 1.0389440059661865] [0.0, 0.0] 0.1420394629240036
barrier [362.94038569202644, 1090.957258849302, 1.1996514093261856] [0.9575956943782464, -0.022824013077106783, 0.01718549088054455, -0.2866953251074974] [2.059548854827881, 0.4786100685596466, 1.0134587287902832] [0.0, 0.0] 0.12697069346904755
barrier [360.87019555474575, 1100.9002422705137, 1.8991390504750876] [-0.9957503562516369, 0.018886318911811938, -0.021437901662955644, 0.08754970790921138] [2.210658311843872, 0.4632353186607361, 1.076442003250122] [0.0, 0.0] 0.1238880306482315
barrier [383.3549830204374, 1132.6586885892407, 0.7611962757127508] [0.9438154343328823, -0.02356977443054535, 0.01614752002762133, -0.32923570469389063] [1.919276237487793, 0.5409284234046936, 1.0001736879348755] [0.0, 0.0] 0.1231926679611206
barrier [408.06436577337894, 1124.0396029984265, 0.2207540039689847] [0.32478748507501043, -0.0272640878249694, -0.008540853869583344, -0.9453553897180149] [2.9066357612609863, 0.4288787245750427, 0.8558290004730225] [0.0, 0.0] 0.12217959016561508
barrier [391.2627495550026, 1150.1484299184642, 0.6834636150644064] [0.9502260745325313, -0.02324132192832725, 0.016616787438403256, -0.3102484981571164] [1.8339641094207764, 0.6018306612968445, 0.9790863990783691] [0.0, 0.0] 0.11934018135070801
barrier [391.2055672084341, 1152.0186381932267, 0.826030399204009] [0.8124875875950379, -0.027169486102951047, 0.008837176848449476, -0.5822779777170398] [2.180598735809326, 0.6828551292419434, 1.0377213954925537] [0.0, 0.0] 0.11425857990980148
barrier [391.9102693489372, 1114.1098757423983, 0.7869239998314663] [-0.6555107921749426, -0.006264913414153891, -0.02787521353572697, -0.7546451647446164] [2.0823018550872803, 0.5253657102584839, 1.035334587097168] [0.0, 0.0] 0.108467236161232
barrier [397.85817402751906, 1105.1134396318641, 0.9125054165056414] [0.22365965669248042, -0.026215770449570602, -0.011358259086877794, -0.9742484700005701] [1.828688621520996, 0.4601665139198303, 1.006174921989441] [0.0, 0.0] 0.10828210413455963
barrier [424.5371946335868, 1092.6970157165877, 0.9126833725544082] [-0.6503380761062563, -0.006455272319101878, -0.027831746783762216, -0.759107443051814] [1.2758039236068726, 0.5711564421653748, 0.9988552927970886] [0.0, 0.0] 0.10824934393167496
barrier [400.06973738780454, 1169.8303886211702, 0.6034340221975647] [-0.9779373523794408, 0.021332661753835754, -0.019005110161365937, 0.2069353960813365] [2.069930076599121, 0.5788021087646484, 1.0765557289123535] [0.0, 0.0] 0.10772739350795746
barrier [438.1059015132337, 1087.4353758994457, 0.9336263635965221] [-0.9980716881440622, 0.018178816057374772, -0.022041037101310695, 0.05510561364789862] [1.9616148471832275, 0.5157902836799622, 0.9864014983177185] [0.0, 0.0] 0.10738228261470795
barrier [388.32634539226615, 1111.5166794101096, 0.6516188037279285] [-0.8558047152890942, 0.0026103329347817745, -0.02845106029164493, -0.5165094506581678] [2.0525643825531006, 0.45922282338142395, 0.9937275648117065] [0.0, 0.0] 0.10644295811653137
barrier [437.8909692144905, 1087.0463110492076, 0.93804019281741] [0.8601949491894388, -0.026294784671717333, 0.011174120494125734, -0.509164386735] [2.0602474212646484, 0.5174242258071899, 1.0040026903152466] [0.0, 0.0] 0.10430284589529037
barrier [363.4124296707883, 1124.6918751949424, 0.4475188633160065] [0.9599071759854516, -0.02268277481424655, 0.01737148227628845, -0.27885827371961763] [2.152535915374756, 0.5774049758911133, 1.0419987440109253] [0.0, 0.0] 0.10425331443548203
barrier [436.9248832496199, 1103.004618043621, 1.0882568379900301] [-0.08511760299700019, -0.02148396232119855, -0.018833906464951516, -0.9959612025527375] [2.2482664585113525, 0.49071770906448364, 1.043723225593567] [0.0, 0.0] 0.1038479283452034
barrier [423.21535535066056, 1092.7511669335936, 0.9721223378982641] [-0.7984073249827975, -0.00031716293204161854, -0.028568795519303226, -0.6014394954973136] [2.131678819656372, 0.5279967784881592, 0.9850823879241943] [0.0, 0.0] 0.10289546102285385
barrier [392.8266753842688, 1106.0284031534768, 0.9538260679829385] [0.5465050066385201, -0.028525679162342377, -0.0016007179877565907, -0.8369683393350558] [2.0231244564056396, 0.4991832971572876, 0.9797735214233398] [0.0, 0.0] 0.10147508233785629
barrier [426.14917717430734, 1091.6865737276282, 0.7835480120560492] [-0.8134101204651101, 0.0004077914037946707, -0.028567645613879575, -0.5809885534631342] [0.9933691024780273, 0.5293928980827332, 0.8547635674476624] [0.0, 0.0] 0.1012132465839386
motorcycle [409.24473129100096, 1117.0371115911069, 1.0597029879898194] [-0.46804617000786014, -0.012401309612466662, -0.02573876822314858, -0.883242042744356] [0.7411033511161804, 2.2434744834899902, 1.3231450319290161] [2.0574067680299735e-06, -1.898335039426393e-05] 0.826725959777832
bicycle [435.6015935687683, 1103.066604300364, 1.1047341742769694] [0.7539909567629312, -0.027881448543708262, 0.0062371064488086075, -0.6562631792581154] [0.6056191921234131, 1.766160011291504, 1.1431456804275513] [0.0, 0.0] 0.5348323583602905
bicycle [372.70820373043557, 1129.4299238935841, 0.8456695320065223] [-0.9958627824850779, 0.01885856977697721, -0.02146231617780577, 0.08626147338950438] [0.6612731218338013, 1.7322086095809937, 1.5109466314315796] [0.0, 0.0] 0.29360488057136536
bicycle [373.051498749541, 1129.7742986950093, 0.9661839957341869] [-0.9801852709215303, 0.021119293145101678, -0.019241936669693177, 0.19601162720292026] [0.6703687310218811, 1.7494378089904785, 1.5094081163406372] [0.0, 0.0] 0.2885341942310333
bicycle [389.0553892889533, 1123.9849404231943, 0.8944240552396594] [0.41902075609870537, -0.027989908998644886, -0.005730764695640492, -0.9075270405275642] [0.618780255317688, 1.6477959156036377, 1.397977352142334] [-8.072832219294865e-05, 5.815835966758267e-05] 0.22620654106140137
bicycle [369.5816636855489, 1129.5635984798355, 0.4009985353356587] [-0.5272793100978586, -0.01061437142218493, -0.02652568168890529, -0.8492115475386426] [0.7018598318099976, 1.8173961639404297, 1.427182674407959] [0.0, 0.0] 0.20805290341377258
motorcycle [405.26404267836733, 1090.9943619704286, 4.083130604719262] [-0.8183014119627205, 0.0006497196757149909, -0.028563167438017272, -0.5740788469453197] [0.8624148368835449, 2.080254316329956, 1.239711046218872] [0.005366267835092288, 0.014917907244956063] 0.19438479840755463
bicycle [369.8013501958787, 1128.9143448583343, 0.6349055690686823] [-0.04546337779546683, -0.022215585328669733, -0.017965089430721337, -0.9985573617022091] [0.8104928135871887, 1.8178783655166626, 1.8400245904922485] [0.0, 0.0] 0.19166059792041779
bicycle [363.2131878403774, 1091.4810052768225, 1.3032427028421592] [-0.8900251570952192, 0.004605668380942705, -0.028196887922499643, -0.4550153217946405] [0.6025992631912231, 1.622312307357788, 1.2928811311721802] [0.0004157379752412162, -0.0008968524415747898] 0.17339041829109192
bicycle [451.1797727525138, 1114.4606260334733, 2.358332420793234] [0.11988490908015623, -0.024874807234867773, -0.014054203455813192, -0.9923766078989833] [0.7019822597503662, 1.8250300884246826, 1.7011709213256836] [-0.3131561421660439, 0.007640252501627487] 0.15975983440876007
motorcycle [377.60807725743547, 1086.3903999707534, 1.1062967192609603] [0.18980165277995945, -0.02580688927889104, -0.01225892064972606, -0.9814066720438809] [0.8467665910720825, 2.1499381065368652, 1.4183690547943115] [-0.00752249210275135, -0.0008825586948359481] 0.15739582479000092
motorcycle [384.4504112056614, 1099.212243833819, 1.1745846233049833] [0.46773161281840525, -0.028260034469321727, -0.004200847717064877, -0.8834086606438399] [0.7933481335639954, 2.0637826919555664, 1.3180421590805054] [0.0, 0.0] 0.15661615133285522
bicycle [378.0022610971565, 1146.4871623849122, 0.8586801588165041] [0.4038763019592393, -0.0278907741038271, -0.006195271554864178, -0.9143673528981551] [0.6671459674835205, 2.092777729034424, 1.509276270866394] [0.0, 0.0] 0.15378065407276154
motorcycle [443.23415234129124, 1074.3974390164685, 1.710587163792601] [-0.29796464267321354, -0.016915220821966087, -0.023025029300596918, -0.9541492519762692] [0.7248915433883667, 2.119527816772461, 1.3842084407806396] [0.0, 0.0] 0.15224018692970276
bicycle [384.28048603367154, 1100.0482738345936, 1.4155621552706408] [-0.9956973021564471, 0.018899262121524665, -0.02142649203698833, 0.0881510397478262] [0.5926601886749268, 1.659207820892334, 1.3083186149597168] [0.0031224821286405693, -0.002358333952854881] 0.1502271592617035
bicycle [434.7201313968022, 1103.6542203618255, 1.7057679921250841] [-0.3535793988322401, -0.015531406956856945, -0.023980243278368066, -0.934968091461779] [0.614660382270813, 1.7325959205627441, 1.214689016342163] [-0.0004104652335917535, -0.002250068854805327] 0.14741963148117065
motorcycle [400.1438635054204, 1134.385974244353, 1.8516266238212689] [-0.36068055319362774, -0.015348563584246617, -0.024097681748449583, -0.9322517159427429] [0.6533271670341492, 1.9180593490600586, 1.2975395917892456] [-0.0010524617291246482, 0.000374254618870586] 0.14042046666145325
bicycle [373.30479175723457, 1130.3298062488493, 1.0850665841614269] [0.9058144049867357, -0.02507762161024501, 0.013689030795589363, -0.4227102873704114] [0.6891593933105469, 1.7741546630859375, 1.5301190614700317] [0.0004689082395526927, -0.00048802668393843976] 0.13874714076519012
bicycle [371.52876268493674, 1129.3528912310344, 0.6952723726098946] [0.6336881494855799, -0.02853173177949746, 0.0014889430519789207, -0.7730608336552767] [0.7287459373474121, 1.7514656782150269, 1.7611383199691772] [0.0, 0.0] 0.13749781250953674
bicycle [437.9897847054357, 1087.399296416471, 1.058480070993693] [0.3406392189523727, -0.027403860545781727, -0.008081156905825367, -0.9397598873338697] [0.6197555065155029, 1.7492005825042725, 1.1440629959106445] [0.0, 0.0] 0.1364734023809433
bicycle [360.8423936737944, 1100.9733509052687, 1.9770211205480628] [0.9612804766743854, -0.022596207494333338, 0.01748393767497057, -0.2740867900773697] [0.6424921751022339, 1.8065919876098633, 1.2946523427963257] [-0.03222489493642097, -0.09704798528047483] 0.13419146835803986
motorcycle [362.66278760774475, 1091.2681468980234, 1.4155643314922686] [0.5798153268689654, -0.02856702805099911, -0.0004489744788421842, -0.8142468360749613] [0.8055756092071533, 2.049914836883545, 1.4051826000213623] [0.0, 0.0] 0.1327856481075287
motorcycle [363.197417187472, 1124.2519840850432, 0.4589817915949095] [-0.8353132267069796, 0.0015145189275263572, -0.02853038559443924, -0.5490314532143161] [0.7531993389129639, 1.9105844497680664, 1.3400269746780396] [0.0, 0.0] 0.12968787550926208
bicycle [437.24437712235664, 1103.571763637052, 1.1409892021917223] [-0.8321325019118397, 0.0013499296502502943, -0.02853864677395543, -0.5538404306225684] [0.6022475957870483, 1.7332627773284912, 1.1414127349853516] [0.0, 0.0] 0.12237326800823212
bicycle [431.9466189064983, 1078.4686354588964, 1.6445683827801698] [0.4118828079575547, -0.027944053871127136, -0.005950338057351543, -0.910788820660009] [0.5787817239761353, 1.8021374940872192, 1.2253402471542358] [0.0, 0.0] 0.11899717152118683
motorcycle [361.3338046650341, 1127.3101913000253, 0.18328636100066703] [-0.6458964130182411, -0.006617604385547018, -0.027793596059984934, -0.7628902588055633] [0.6776646971702576, 1.8153704404830933, 1.3229728937149048] [0.0, 0.0] 0.11821576952934265
bicycle [384.51963720166725, 1100.4320567464454, 1.4179810956830496] [0.9440677955192189, -0.023557376689838223, 0.016165601542852903, -0.32851137087433085] [0.6047573089599609, 1.6533527374267578, 1.3163740634918213] [0.00508667614887877, -0.004118903555941002] 0.1137666255235672
bicycle [449.36874964303246, 1120.9126066869987, 1.8181198712159377] [-0.1766773561775635, -0.019653969784612722, -0.020736396539774014, -0.983854072077946] [0.6860687136650085, 1.6112754344940186, 1.5831233263015747] [-0.8077016786377231, 0.22956534026016906] 0.10629505664110184
traffic_cone [410.8625976376817, 1106.3959797215362, 0.47189230355552625] [-0.9818332266299986, 0.020953186424290962, -0.01942268386238448, 0.18758261757309938] [0.38019633293151855, 0.3833497166633606, 0.7391552329063416] [0.0, 0.0] 0.86092609167099
pedestrian [391.7416650562837, 1117.7334686885358, 1.0113576290423616] [-0.8664801133084905, 0.0032082221241194675, -0.028389857001251906, -0.498393355263847] [0.6839327812194824, 0.7937125563621521, 1.8009556531906128] [0.6862565681836977, 1.1405520433239318] 0.8270750045776367
traffic_cone [415.52714977780755, 1096.0332824241434, 0.8535496575160029] [-0.9956015094379032, 0.014814572715029908, -0.02442959485992989, -0.0892264407853347] [0.39736613631248474, 0.3937388062477112, 0.7225339412689209] [0.0, 0.0] 0.7908803820610046
traffic_cone [398.1927298665681, 1103.3691119341777, 0.8193187830850548] [-0.25156208682763115, -0.01800688558206355, -0.02218172088418059, -0.9674193712145615] [0.3713246285915375, 0.3683522641658783, 0.7381584644317627] [0.0, 0.0] 0.7867617607116699
traffic_cone [415.425442349684, 1104.3349223216605, 0.49437915057888115] [-0.9824718040718583, 0.020886343391291706, -0.019494546147327117, 0.18420878788493714] [0.374115526676178, 0.3719339966773987, 0.7134866118431091] [9.027522517310003e-05, 1.1170504775025677e-05] 0.7808141708374023
pedestrian [385.2106946954336, 1105.5615504485945, 1.4403684926680165] [0.48624509714843445, -0.02834228877637736, -0.003604349686927624, -0.8733552706827613] [0.5908790826797485, 0.6486669778823853, 1.679100513458252] [-0.5629433417177359, -0.9112726852318614] 0.7745546102523804
pedestrian [392.77800972990354, 1118.5641805379553, 0.9819384552571422] [-0.9528725852837887, 0.009192247955545758, -0.02705141858152704, -0.3020224487431997] [0.6101245284080505, 0.6513860821723938, 1.7749109268188477] [0.2529061140263714, 0.3890135117641303] 0.7600976228713989
pedestrian [396.9945255170589, 1107.0397582631304, 1.3090652072405222] [0.10790022883043376, -0.024703390433711687, -0.014353367926337828, -0.9937511076464719] [0.822770357131958, 0.8206761479377747, 1.7036188840866089] [-0.0011271432534479292, -2.367419282905223e-05] 0.7577816247940063
pedestrian [384.46859213854924, 1105.8647100804887, 1.4950898246592739] [0.5030866701527236, -0.028406843817578242, -0.0030541601256218473, -0.8637635820320828] [0.5935915112495422, 0.645921528339386, 1.717076063156128] [-0.5412407673838621, -0.8855003750310604] 0.7522992491722107
pedestrian [390.1058705038703, 1123.217714309324, 0.8936661266217367] [0.06611163776600151, -0.02407943190437592, -0.015377178834615417, -0.9974031154363551] [0.6359431147575378, 0.6323260068893433, 1.7421581745147705] [0.0, 0.0] 0.7463633418083191
traffic_cone [405.7851731270806, 1108.5917472134574, 0.5612743802553992] [-0.9753680119739219, 0.021560533070114178, -0.018746201841486034, 0.2187257747689773] [0.3840787410736084, 0.3840474486351013, 0.7116791009902954] [0.0, 0.0] 0.7381316423416138
pedestrian [424.8745486824539, 1115.6084361293547, 1.7386837400657909] [-0.9845448705919857, 0.020658533253603922, -0.019735796755108777, 0.17278634529748005] [0.6581858992576599, 0.6506102085113525, 1.7918331623077393] [0.3577359544624655, -0.10941154680176807] 0.7266479730606079
traffic_cone [406.74774000716906, 1099.7204711738655, 0.8493557241056773] [-0.5798757226214171, -0.008917384493218179, -0.027143266633722136, -0.8142038256140407] [0.3933764100074768, 0.39445918798446655, 0.7391581535339355] [0.0, 0.0] 0.7238733172416687
traffic_cone [411.38884398965956, 1097.8037472704532, 0.8554552972973308] [-0.9398724956396335, 0.008090219750179433, -0.027401186363787758, -0.3403283932768131] [0.3908834159374237, 0.3892272710800171, 0.7363806962966919] [0.0, 0.0] 0.7135963439941406
pedestrian [398.5839447159907, 1123.2427674370854, 0.7576754587710124] [0.15385212453046374, -0.025342219477969552, -0.01319274731356748, -0.9876807414887223] [0.7089605331420898, 0.8629385232925415, 1.7402982711791992] [-1.5000783429900326, -0.4711188758073437] 0.7032853364944458
pedestrian [393.8190951081086, 1118.3166561833148, 1.0646458297140566] [0.6398498329054222, -0.02851891285050077, 0.0017170554955398282, -0.7679686938027834] [0.6209198832511902, 0.6041930913925171, 1.7959980964660645] [-0.0019862422371527116, -0.0013364939424903312] 0.6982367038726807
pedestrian [383.33033762294315, 1106.2045323759153, 1.4054081492511716] [0.5529355540862498, -0.028537162504897507, -0.0013809510919266035, -0.8327340489961857] [0.6009351015090942, 0.6569222807884216, 1.7039053440093994] [-0.3371882116124609, -0.7125909008546432] 0.69603031873703
traffic_cone [419.60809371742147, 1102.681944810261, 0.53952660943958] [-0.9856874510709299, 0.020525001259362463, -0.019874631897280275, 0.16614443153937775] [0.38369056582450867, 0.3831310272216797, 0.7163663506507874] [0.0, 0.0] 0.6766554713249207
traffic_cone [402.57091175232597, 1101.454321823084, 0.8546870004718552] [-0.5726645138581513, -0.009156684884118436, -0.027063477080415562, -0.8192918148607717] [0.3678932189941406, 0.37106937170028687, 0.7192729711532593] [-0.00017967728161455868, 5.061492172639342e-05] 0.6735768914222717
pedestrian [392.3577969510498, 1118.9734159412556, 0.9637055729632075] [-0.878389800831761, 0.003900386539443564, -0.028303067936040947, -0.4770902232544588] [0.6246114373207092, 0.6991890668869019, 1.7573049068450928] [0.4925271760518706, 0.7709558068192643] 0.6600610017776489
pedestrian [402.51992876621443, 1121.0708048739484, 0.983884095117026] [0.346978913042675, -0.02745781837791276, -0.007895877384735517, -0.9374376551184477] [0.6319369077682495, 0.5841695666313171, 1.781913161277771] [-9.292837615123931e-05, 2.6326784076592798e-05] 0.6580935120582581
traffic_cone [419.14419840922267, 1094.429007865389, 0.8425214203858706] [-0.9906461840011658, 0.019855986573975973, -0.020543039378906603, 0.1334311112678681] [0.4000917673110962, 0.400762140750885, 0.726998507976532] [0.0, 0.0] 0.6351985335350037
pedestrian [435.7419821273287, 1117.2644514711258, 1.7284748442827262] [0.17068853824082328, -0.025563715838626568, -0.012758256239438624, -0.9849107300884994] [0.6415287852287292, 0.6886928081512451, 1.8056509494781494] [-0.9959845145730493, -0.39197139313436047] 0.6343209743499756
pedestrian [426.2636831180244, 1115.1852646265852, 1.701458960441633] [0.16206688725158927, -0.025451140004093285, -0.012981376746757796, -0.986366081831097] [0.6876944899559021, 0.6450219750404358, 1.8336060047149658] [-0.0007201373983051791, -0.00028373210069277657] 0.6327525973320007
pedestrian [396.3588613253472, 1107.0310358284773, 1.2967719468593817] [-0.9875890545474629, 0.020287785138320833, -0.020116720506348683, 0.1544395761076095] [0.7599605917930603, 0.7463303208351135, 1.688694953918457] [-0.00014043112109829374, -9.142282654248908e-05] 0.6187373995780945
pedestrian [392.9838409747377, 1113.2766348100895, 1.1819567637862225] [0.6543558992348523, -0.028481050485863555, 0.0022597417929739287, -0.7556467961070157] [0.641507089138031, 0.6800549626350403, 1.793548822402954] [-0.03190936760457595, -0.046741443056739655] 0.6052892804145813
pedestrian [370.67343254594783, 1134.5227348295855, 0.7902650585371054] [0.7239360973733847, -0.0281321343413602, 0.004985948971748865, -0.6892751629429593] [0.6391125917434692, 0.681149959564209, 1.766213059425354] [0.0718578972773156, -1.0119282343059446] 0.5881738066673279
pedestrian [371.8595270948864, 1129.2354681323818, 0.8352505866978293] [0.7113360218952962, -0.02821780715310223, 0.0044757154980577035, -0.7022711636429512] [0.6371510028839111, 0.6394196152687073, 1.7876594066619873] [0.0, 0.0] 0.5782372951507568
traffic_cone [422.2382524137224, 1093.2216828791068, 0.8498006227513737] [-0.9599631446831656, 0.009850037859117304, -0.026818900498028944, -0.278665541788463] [0.3944111764431, 0.38944199681282043, 0.7138400673866272] [0.0, 0.0] 0.575059175491333
pedestrian [434.0010397622332, 1117.3986379565308, 1.617144142908259] [0.02746278626661361, -0.02346629941884746, -0.016297529301529758, -0.9992144508065945] [0.6391881704330444, 0.7008570432662964, 1.8118342161178589] [-1.2989525711280336, -0.05028418104251356] 0.5732996463775635
pedestrian [370.1351896337053, 1128.4846112439582, 0.8087498334267692] [0.6277882836856956, -0.028542234043808082, 0.001271827636790665, -0.7778596237093284] [0.6872761249542236, 0.6974424719810486, 1.8719497919082642] [0.0, 0.0] 0.5647470355033875
pedestrian [389.0718347764521, 1123.9102015276549, 0.9558373100963065] [0.1842382026963211, -0.025737019100867706, -0.012404939240108851, -0.9824662884788867] [0.6310951709747314, 0.6473103761672974, 1.747544765472412] [0.0, 0.0] 0.5602321624755859
traffic_cone [424.18179440304823, 1100.825874678835, 0.5450644437598324] [-0.6758665788527473, -0.005501650079684159, -0.02803584341784518, -0.7364700203810968] [0.384907603263855, 0.3833536207675934, 0.7411783933639526] [0.0, 0.0] 0.5454580783843994
pedestrian [370.7831196721093, 1138.444317089164, 0.6582571912001762] [0.5009673009996938, -0.028399269951997236, -0.003123801521033082, -0.864994500941672] [0.5988572239875793, 0.6146073341369629, 1.7025341987609863] [-0.47407222684495315, -0.8619906776046214] 0.5079165697097778
pedestrian [371.5375360106268, 1139.6577952818905, 0.6851440029208549] [0.29864762629695346, -0.027018710850725266, -0.009287945613219448, -0.9539356994249902] [0.5969976782798767, 0.629806637763977, 1.725042462348938] [-0.7332704860049335, -0.6146111065931212] 0.5072345733642578
pedestrian [396.5185519918579, 1106.5710869336813, 1.219946931302598] [-0.8573876486922226, 0.0026977363654037247, -0.02844290576315999, -0.5138775566224618] [0.6662372350692749, 0.6574248671531677, 1.6803001165390015] [0.0013913345042061002, -0.0006294807360896948] 0.48883575201034546
pedestrian [370.21077160971726, 1134.6133194682586, 0.8025298704301749] [0.6943545361323284, -0.028316684824822386, 0.0038002671328336004, -0.7190657143006534] [0.666257917881012, 0.7134205102920532, 1.7939008474349976] [-0.04426702623767074, -0.9213639272575579] 0.48334062099456787
pedestrian [391.99139816381074, 1118.2880964368876, 0.9783471298991644] [-0.8748928232691402, 0.0036942084963710927, -0.028330716428190822, -0.48347313381655777] [0.6432971358299255, 0.7381758093833923, 1.7767664194107056] [0.48642846776560505, 0.8223313944377451] 0.4682779014110565
traffic_cone [434.36543965709757, 1088.3478681851914, 0.8362460891721635] [0.8264347489895478, -0.026946082837240815, 0.00949659357231726, -0.5623071482675931] [0.44228053092956543, 0.44241130352020264, 0.8169063329696655] [0.0, 0.0] 0.44782963395118713
traffic_cone [383.52885115037344, 1132.972242267163, 0.6965955710258009] [0.8463228542814267, -0.026583183489203535, 0.010469528419587877, -0.5319035153589314] [0.37548065185546875, 0.3593081831932068, 0.7811331748962402] [0.0, 0.0] 0.43591004610061646
traffic_cone [426.1108523684623, 1091.6677635458518, 0.7343768585138839] [-0.7989433739847367, -0.0002916850233181511, -0.028569067006053828, -0.6007272330235539] [0.3756254315376282, 0.38568398356437683, 0.7202025651931763] [0.0, 0.0] 0.418404757976532
traffic_cone [435.456033497029, 1087.804108824362, 0.7966828368367496] [0.006997011245027329, -0.023127669660370206, -0.016774610750476832, -0.9995672889625224] [0.4376275837421417, 0.4481426775455475, 0.7929317355155945] [0.0, 0.0] 0.40675872564315796
traffic_cone [427.2869760570933, 1091.1111081766232, 0.8208035637668296] [-0.671704785733497, -0.005659584581921133, -0.028004388443765415, -0.7402677921893986] [0.39012086391448975, 0.3865608870983124, 0.7655295133590698] [0.0, 0.0] 0.3953401744365692
traffic_cone [424.3261920435112, 1092.3938580701374, 0.8250354236780422] [-0.9108250220346379, 0.005952794343460278, -0.02794353072275743, -0.4118027471567558] [0.37316378951072693, 0.377906858921051, 0.7424747943878174] [0.0, 0.0] 0.39209216833114624
pedestrian [370.2202033497231, 1138.7175515297797, 0.6924949618640395] [0.5571123262937592, -0.028543740394755674, -0.0012375597060403244, -0.829945527864212] [0.6050487756729126, 0.6283040046691895, 1.735326886177063] [-0.30476292846270164, -0.8549015616056332] 0.3282040059566498
pedestrian [391.69623344918693, 1118.6352550944905, 0.9111564459110992] [-0.8197052371053337, 0.0007196868965046004, -0.028561490166309968, -0.5720725894432791] [0.6591370105743408, 0.7444378137588501, 1.7756481170654297] [0.24282599177270742, 0.8946486753890006] 0.3150624632835388
traffic_cone [424.0021874813306, 1092.5305204072017, 0.8530145441818879] [-0.9383366301584163, 0.007967240897843762, -0.027437196325881166, -0.34454040667706476] [0.3794812858104706, 0.3837912976741791, 0.7584440112113953] [0.0, 0.0] 0.31470292806625366
traffic_cone [391.31078575668755, 1150.0262433644687, 0.6038623382376267] [0.8531580122551707, -0.026445000801830786, 0.010813815346138959, -0.5208695896815783] [0.5023963451385498, 0.47972744703292847, 0.7922772765159607] [0.0, 0.0] 0.2972880005836487
traffic_cone [433.16712316376345, 1088.855596426949, 0.8447642823826713] [-0.9975622286270235, 0.01836722995242739, -0.021884275944702297, 0.0636657156320114] [0.39913222193717957, 0.38856402039527893, 0.8154215812683105] [0.0, 0.0] 0.28575417399406433
traffic_cone [390.8586190125316, 1149.036883924602, 0.6204449287473537] [0.9015377114898456, -0.025213391796746424, 0.013437319072381281, -0.43175627163007335] [0.46623924374580383, 0.4559621214866638, 0.8394248485565186] [0.0, 0.0] 0.2848946452140808
pedestrian [371.1936077312603, 1139.935155361462, 0.6879346330713849] [0.25630471125663457, -0.02658300205699758, -0.010469989082462501, -0.966173699868664] [0.6155252456665039, 0.6706094145774841, 1.7764945030212402] [-0.8272644363907391, -0.5078954981133702] 0.28378504514694214
traffic_cone [363.5959221375723, 1126.2107577011377, 0.38864565553786373] [-0.9826022473787375, 0.012423966044453557, -0.025727839735887006, -0.18351170746441361] [0.40215402841567993, 0.403748095035553, 0.8623000383377075] [0.0, 0.0] 0.2828235626220703
traffic_cone [385.79729388831123, 1136.8077857151704, 0.6447826505254485] [-0.9792346420027852, 0.02121126631803977, -0.019140502891366602, 0.20070684899107788] [0.3973809480667114, 0.3800271153450012, 0.7992812991142273] [0.0, 0.0] 0.2827599346637726
pedestrian [384.45735440255277, 1100.0928610455776, 1.2417363560549304] [-0.9764529218805639, 0.01162187093601598, -0.02609997673745722, -0.21383034088070635] [0.5449660420417786, 0.5577303171157837, 1.5690789222717285] [-0.03523182124246012, -0.0022445518794588218] 0.28180721402168274
traffic_cone [364.1566682410208, 1125.2677764603272, 0.3957753485944465] [0.9639707106136333, -0.022420410284856345, 0.01770880776359406, -0.26446964364421255] [0.37484055757522583, 0.3711426854133606, 0.8361433148384094] [0.0, 0.0] 0.27253052592277527
traffic_cone [422.4741578794515, 1093.0878211996546, 0.85796680811174] [-0.9258878184324716, 0.007015651960892456, -0.027695799271962657, -0.37671669860600576] [0.3979991674423218, 0.4047590494155884, 0.7254666090011597] [0.0, 0.0] 0.2503814399242401
traffic_cone [385.80964998595147, 1137.18278837299, 0.6754615469626486] [-0.9714744730175836, 0.021878776947379323, -0.018373779933264802, 0.2354168039997527] [0.4271734356880188, 0.4050077199935913, 0.7947515845298767] [5.013703443623004e-06, -0.00019644648501294926] 0.24943038821220398
pedestrian [392.1504382662334, 1119.3391111246942, 0.9002785709310284] [-0.8405417041958567, 0.0017881441140940408, -0.028514543839529543, -0.5409929452754211] [0.6753588914871216, 0.7706607580184937, 1.7360811233520508] [0.31099968387220345, 0.9174110621059403] 0.24143783748149872
traffic_cone [391.6344335689702, 1150.5071813975671, 0.6004921361343201] [0.8416324587916245, -0.026673847109368976, 0.010236334799879775, -0.5392944721009238] [0.48709455132484436, 0.4728413224220276, 0.7860287427902222] [-0.00048334232214020817, -0.0021097338770985864] 0.23795777559280396
pedestrian [389.27891846771143, 1124.466609249333, 0.9992204433197468] [0.10009797348875485, -0.024589984819897374, -0.014546797458768652, -0.9945673024153239] [0.634655237197876, 0.6695899963378906, 1.7822990417480469] [0.0, 0.0] 0.2373950481414795
traffic_cone [431.75471996638436, 1089.4182302987547, 0.8537667688348378] [-0.9865257593809975, 0.013006521961495042, -0.025438299003950098, -0.16109205259104592] [0.3646070957183838, 0.35419613122940063, 0.7572604417800903] [0.0, 0.0] 0.23186975717544556
pedestrian [372.81501415786494, 1129.3984673492585, 0.7900611142941506] [0.7879752471687094, -0.027508409757754676, 0.0077177757384293425, -0.6150436839604655] [0.6284228563308716, 0.6663427352905273, 1.7151461839675903] [0.0006503334067556895, -0.0003843314182450093] 0.21966026723384857
pedestrian [449.47459193599667, 1120.866417496166, 1.9021317690205624] [-0.07963497461394733, -0.021587290620004584, -0.01871538280230152, -0.9964145694180137] [0.6290174126625061, 0.663902223110199, 1.7739217281341553] [-0.8662845462454142, 0.24025505829426494] 0.21757686138153076
traffic_cone [424.978988598254, 1094.6615492622182, 0.9967193016203453] [-0.07251119639783102, -0.021720504995895507, -0.018560612394867254, -0.9969582988907837] [0.38598930835723877, 0.3938251733779907, 0.9896891117095947] [0.0, 0.0] 0.21627670526504517
pedestrian [373.0965151270065, 1129.7973684298277, 0.8471619464062503] [0.8446530467855693, -0.02661583851442059, 0.010386231748016558, -0.5345511705029788] [0.6425973176956177, 0.6911322474479675, 1.7443318367004395] [0.0, 0.0] 0.2096390575170517
pedestrian [369.3766818649913, 1129.1664052662372, 0.6111262238308215] [0.6763852976111343, -0.02840189739040129, 0.003099821668150874, -0.7359936497727051] [0.6232697367668152, 0.6595274209976196, 1.7202274799346924] [0.0, 0.0] 0.20881503820419312
traffic_cone [391.07062065530397, 1149.507444489996, 0.6356118826264778] [0.9039820767438169, -0.025136453147692372, 0.01358069927886955, -0.4266147304725729] [0.48660069704055786, 0.48133426904678345, 0.8223857879638672] [0.0, 0.0] 0.20585672557353973
pedestrian [392.9757966431137, 1118.9624711406811, 0.9741918137207572] [-0.9540719670462376, 0.009300281801034439, -0.027014467016222423, -0.2982120135520582] [0.6630714535713196, 0.7297884821891785, 1.7959163188934326] [0.2654186420596975, 0.34040201753128135] 0.20028208196163177
traffic_cone [437.4145899898628, 1087.1058103172372, 0.987717467907363] [-0.16878819467654077, -0.019819496762353225, -0.020578246228391075, -0.9852381786492462] [0.4147452116012573, 0.4151923954486847, 0.8412535786628723] [0.0, 0.0] 0.19468148052692413
pedestrian [389.2076886633082, 1123.4667247716804, 0.894112351560866] [0.2795624726472935, -0.02682809331000122, -0.00982497221874389, -0.959702322190366] [0.6240043640136719, 0.6399325132369995, 1.6928883790969849] [0.0, 0.0] 0.19444353878498077
pedestrian [428.69832024741004, 1118.5407732717808, 1.2716815703339748] [0.7743317435066286, -0.027670663518140022, 0.0071141443768802035, -0.6321345381548413] [0.5886918306350708, 0.5670182108879089, 1.711374044418335] [-1.9679434262193447e-06, -0.0004929890265848505] 0.18931357562541962
pedestrian [392.87810419779544, 1112.6342163164218, 1.1412952505504093] [0.39002443789789787, -0.027794053753468245, -0.0066156818014879906, -0.9203611580095494] [0.5705660581588745, 0.5985550880432129, 1.752002239227295] [-0.016890763996115422, -0.036358624896844334] 0.18754296004772186
pedestrian [369.5554938807481, 1129.6650990127368, 0.4803247063179999] [0.6343311331037582, -0.02853048307172302, 0.0015126815406250388, -0.7725333241391934] [0.6001579165458679, 0.632487952709198, 1.6781225204467773] [0.0, 0.0] 0.18667341768741608
pedestrian [371.7484693232708, 1129.6587115931543, 0.7769803193798757] [0.7294539712869155, -0.02809114185558225, 0.005211949635095903, -0.6834329719175083] [0.6744592189788818, 0.7235518097877502, 1.809926986694336] [0.0001902081655333402, 2.92955635077718e-05] 0.18523481488227844
pedestrian [451.17720120039183, 1114.4853342412835, 2.3436529345243917] [0.024824282062947373, -0.0234231842693427, -0.01635943484456716, -0.9992834824764738] [0.6592104434967041, 0.6906986236572266, 1.8235942125320435] [-0.3635881070175928, 0.06081998664944027] 0.18492361903190613
traffic_cone [383.9720371446027, 1132.8250427454757, 0.6887874045279251] [0.9226948987151764, -0.02448339165060215, 0.014725495001270631, -0.38447086653638674] [0.38880711793899536, 0.3762727677822113, 0.7964791655540466] [0.0, 0.0] 0.1839643120765686
pedestrian [371.17520307141046, 1139.0166823417026, 0.6642230802479285] [0.4153235669241647, -0.027966352423043288, -0.005844638731295735, -0.9092249766079012] [0.6011324524879456, 0.658108115196228, 1.731999397277832] [-0.5654471411303641, -0.8719392241689516] 0.17608487606048584
pedestrian [369.6929402764457, 1134.590819901893, 0.8020294011021074] [0.5762652929692269, -0.02856480292401207, -0.0005733268366063205, -0.8167631452565309] [0.7031734585762024, 0.7728359699249268, 1.8211443424224854] [-0.31601292616374005, -0.7433726276893555] 0.17482677102088928
traffic_cone [430.52490951642244, 1089.9996291515276, 0.8486163616773559] [-0.9507416593982772, 0.009003240550413606, -0.027114909723998888, -0.30866489987502677] [0.3767229914665222, 0.358650803565979, 0.7570828199386597] [0.0, 0.0] 0.17066439986228943
traffic_cone [389.81623756758506, 1148.781112568488, 0.5622895005195763] [0.8391694582923775, -0.02672015561045169, 0.010114838303327864, -0.5431190878615184] [0.4317987561225891, 0.4472830593585968, 0.7577404975891113] [-5.9757800796630285e-05, 7.088756353380019e-05] 0.16945841908454895
pedestrian [363.26223801117396, 1091.506283733177, 1.3151342625159583] [-0.7852689644947617, -0.0009323740856675838, -0.028555338350536086, -0.6184952519878991] [0.633768618106842, 0.6707886457443237, 1.7124888896942139] [0.034112577234077825, 0.07776497691163993] 0.1686069816350937
pedestrian [373.28712541055006, 1130.3593015411882, 0.9152731481808138] [0.9203045010154627, -0.024573806176561016, 0.014574111284947466, -0.3901581073628104] [0.6318647861480713, 0.6653323769569397, 1.7741626501083374] [5.51960821694317e-05, -1.2066561205725172e-05] 0.16797864437103271
pedestrian [371.64703424362415, 1128.8204045447821, 0.7848475717809741] [0.7240477541881402, -0.02813132622140944, 0.004990506464664972, -0.6891578723234324] [0.6524064540863037, 0.6706122159957886, 1.8011506795883179] [0.0, 0.0] 0.16508325934410095
