car [425.18317361110263, 1104.3453912119141, 0.9629020897735778] [-0.9990895212325548, 0.010503430897827494, -0.0278309657106256, -0.03058175682156644] [1.9107916355133057, 4.636166572570801, 1.935271143913269] [2.4622920934987653, 0.1829804315260517] 0.8357313871383667
car [392.84728372015786, 1100.2833803871795, 1.5973615789991529] [-0.18895698805741526, -0.024855184265800773, -0.01634333283405024, -0.9815347023672971] [1.865765929222107, 4.436639785766602, 1.6218593120574951] [0.0, 0.0] 0.7755749821662903
car [401.4215332190788, 1100.440970518902, 1.367917751899081] [-0.19531990278963046, -0.02474864756558654, -0.016504216330557542, -0.9802883508750057] [1.7902300357818604, 4.420254230499268, 1.5136269330978394] [0.0, 0.0] 0.7204267978668213
car [392.0299363011068, 1104.2423006234205, 1.616336852980714] [-0.19089690366549175, -0.02482282841872311, -0.016392434300801312, -0.9811592569292291] [2.1698384284973145, 5.170303821563721, 2.1988961696624756] [0.0, 0.0] 0.7167279124259949
car [359.5735450427816, 1098.0935419977245, 1.9979112709368225] [-0.820798143236104, -0.00637199205435976, -0.029056538511505997, -0.5704432691750801] [1.9630054235458374, 4.538906097412109, 1.7109705209732056] [0.0, 0.0] 0.2006479799747467
car [460.78548666201027, 1079.4592028456411, 1.3035106155439269] [-0.9810407024676243, 0.016407822573870995, -0.02481265949864755, 0.19150523593055965] [2.2681455612182617, 5.093901634216309, 2.4314212799072266] [0.0, 0.0] 0.17458127439022064
car [360.0448101219867, 1087.403236591128, 2.532572506748138] [0.04142962423292293, -0.02794338722755437, -0.01020057955522167, -0.9986985038152946] [1.985284686088562, 4.6055192947387695, 1.7315106391906738] [0.0, 0.0] 0.16851353645324707
car [448.42310671207554, 1088.9711150322119, 0.5078437042371059] [0.9743241070648072, -0.017202786243801053, 0.02426826855096062, -0.22317627490249695] [1.8620569705963135, 4.436669826507568, 1.604377269744873] [0.03190308694547297, -0.022168726040941673] 0.16470183432102203
car [353.9811412307298, 1096.0886430033886, 2.8748212080857525] [0.7646090097770369, -0.026392506873767197, 0.013722984148121948, -0.6438075624398707] [1.8730719089508057, 4.307568550109863, 1.6242167949676514] [0.0, 0.0] 0.15595470368862152
car [463.2260644691035, 1084.8807149629952, 0.5509579411846584] [-0.08542059944096778, -0.02642603754608964, -0.013658303431397161, -0.9959008165867396] [1.8515838384628296, 4.340236663818359, 1.6254322528839111] [4.206378519347909e-06, 1.8986979221997852e-06] 0.14717254042625427
car [411.71363358476964, 1092.1404076986876, 2.0432653956477522] [-0.20153373277593528, -0.024643467021961823, -0.01666085970617768, -0.9790297594253132] [2.44061541557312, 6.312535285949707, 2.849837064743042] [0.0, 0.0] 0.13491450250148773
car [455.2745518313315, 1087.9044918493569, 0.5237573589810793] [-0.14612252099148423, -0.025541957420482188, -0.015247725212035063, -0.9888191564417035] [1.8012731075286865, 4.258966445922852, 1.5844483375549316] [-0.06596947083688552, 0.003937704084347401] 0.1334019899368286
car [361.1762604059096, 1115.5633917622906, 6.764341484602305] [-0.19895877890290567, -0.024687189835103672, -0.016596004671516854, -0.9795562870935258] [1.961377501487732, 4.551386833190918, 1.7686107158660889] [-0.0023133381074511065, 0.0012610673801836713] 0.13003990054130554
car [359.8742156827135, 1096.025564580593, 2.1118935434285553] [0.5872346936905652, -0.028919074862471847, 0.006969348757968983, -0.8088699090787943] [2.002791166305542, 4.644871234893799, 1.7790424823760986] [0.0, 0.0] 0.12899845838546753
car [381.73111573189004, 1101.823317608146, 1.0450261095687705] [-0.9961787519790737, 0.009052740845051529, -0.028336065291493642, -0.08211582912206553] [1.951934576034546, 4.600903034210205, 1.6831973791122437] [0.0065470198952952315, -0.0019421394475112833] 0.12873616814613342
car [363.7860836718789, 1095.6126865343842, 1.9306890993138355] [-0.8648584040966694, -0.003965068223079068, -0.029481569615571412, -0.5011337707143183] [2.215142011642456, 5.38678503036499, 2.222486972808838] [0.0, 0.0] 0.12424634397029877
car [385.80077136941327, 1166.7263470863659, 2.2415410559647144] [0.9695507191006592, -0.01769603354151063, 0.02391098303937305, -0.2430771860508171] [1.9672472476959229, 4.475987434387207, 1.763331651687622] [0.0, 0.0] 0.11447717249393463
car [377.2627678703918, 1097.8853409220944, 1.0867185273139648] [-0.854977546111678, -0.00453604294559092, -0.029399133106389544, -0.5178112696068353] [1.950630784034729, 4.480947494506836, 1.6994845867156982] [0.0, 0.0] 0.11431063711643219
car [452.45928819310643, 1091.8613688022092, 0.8281234036227009] [0.7687772000433355, -0.026302758767277695, 0.013894228810619587, -0.6388244923142179] [1.864292860031128, 4.436352252960205, 1.6005518436431885] [0.0, 0.0] 0.10812777280807495
car [359.3220141160936, 1110.3042003311589, 5.756302865858416] [0.053238050614107524, -0.028062072282044884, -0.009869387632915382, -0.9981386803715196] [1.93938410282135, 4.528197288513184, 1.7588467597961426] [-0.036914005681932184, 0.031379437079919414] 0.10631424188613892
car [466.81297832814823, 1101.2001659519406, 2.0473917095198235] [-0.9832702332197969, 0.006221540469735059, -0.029089124208110908, -0.17970743933091735] [1.886768102645874, 4.384668350219727, 1.709881067276001] [0.0, 0.0] 0.10221043229103088
truck [411.6756306257604, 1092.1908706766249, 1.987449549192168] [-0.19797545684240306, -0.02470383550669413, -0.01657121674077233, -0.9797554969353479] [2.439695358276367, 6.329952239990234, 3.0942811965942383] [0.0, 0.0] 0.8246472477912903
construction_vehicle [398.59161957905116, 1109.9467759310749, 1.8648490583598456] [-0.239506206846562, -0.023975967695564374, -0.017607887041684145, -0.9704390203248016] [2.952573776245117, 3.933706283569336, 3.055058002471924] [0.0, 0.0] 0.8194252252578735
truck [401.1408063166434, 1096.488681451039, 2.570020667399913] [-0.19421481414957786, -0.024767235118838743, -0.016476309586179055, -0.9805078894388528] [3.0141921043395996, 10.619029998779297, 3.8282363414764404] [0.0, 0.0] 0.7406086921691895
truck [363.77440977385, 1095.5521236646384, 1.935507285777783] [-0.8685941661043366, -0.0037437504750273253, -0.029510490429543658, -0.49463045791429083] [2.2249512672424316, 5.618853569030762, 2.2214303016662598] [0.0, 0.0] 0.5082152485847473
construction_vehicle [383.8568916543944, 1155.585271780538, 1.0096468840805732] [0.56628163833905, -0.029088417046627547, 0.0062248459204162655, -0.8236748274452913] [2.1196510791778564, 4.256575584411621, 2.1856062412261963] [0.0, 0.0] 0.4132607877254486
construction_vehicle [421.99035309850666, 1120.4072213646573, 2.456056777931651] [-0.9873086210514906, 0.006919487926542893, -0.028931045605817326, -0.15600257076212903] [3.0697169303894043, 6.596688747406006, 3.8549673557281494] [0.0, 0.0] 0.3277888596057892
construction_vehicle [457.6306710651251, 1118.6302326180391, 1.43996168469877] [0.6186750304863944, -0.028621750358075376, 0.008104327205355609, -0.785083640091709] [1.9311163425445557, 3.1960155963897705, 2.3979203701019287] [0.0, 0.0] 0.22157031297683716
truck [461.2472287629937, 1079.267799807764, 1.1940096956226576] [-0.9777164641195576, 0.016818641515454768, -0.024536055318369256, 0.20781152777586412] [2.441840171813965, 6.227238655090332, 2.8303489685058594] [0.0, 0.0] 0.18338236212730408
truck [391.9973962020753, 1104.2634672259462, 1.654819416731282] [-0.19479260459726727, -0.02475752114622068, -0.016490902331464195, -0.9803932662361577] [2.0166096687316895, 5.095201015472412, 2.014401912689209] [0.0, 0.0] 0.17948153614997864
construction_vehicle [432.176745975167, 1072.0871542377517, 1.6603295623911372] [0.5838460193820355, -0.028947974927687588, 0.006848318085298434, -0.811319259563546] [2.566599130630493, 4.858420372009277, 2.4904961585998535] [0.0, 0.0] 0.16118066012859344
construction_vehicle [442.35304397709916, 1107.0586796790267, 2.1956323468417813] [0.9718658016177679, -0.017462971010051943, 0.02408172245736464, -0.23364926478130008] [2.268353223800659, 4.929538249969482, 2.7712368965148926] [0.0, 0.0] 0.15208888053894043
construction_vehicle [447.9527343636016, 1089.3174407474842, 0.6278420871078514] [0.9604673427044579, -0.018520532246810974, 0.023278200065861832, -0.27679884191453286] [1.90004563331604, 4.290131092071533, 2.1327779293060303] [0.004970021853639269, -0.015289318061727925] 0.1362055391073227
truck [359.6124519265418, 1098.1036150513353, 2.106058395635077] [-0.8167030998429625, -0.006579351519479033, -0.029010288633424242, -0.5762908657907783] [1.9763520956039429, 5.478824138641357, 1.9186800718307495] [0.0, 0.0] 0.11312855780124664
construction_vehicle [363.803170938688, 1102.8282187956793, 3.077935912108668] [0.5915957385396937, -0.028881003619188602, 0.007125471420184767, -0.805685793239935] [1.6830204725265503, 3.122616767883301, 2.2587990760803223] [0.0, 0.0] 0.10878019034862518
truck [433.8200631743876, 1052.8588740581554, 2.0462524611011896] [-0.8453225697017359, -0.005075257843838206, -0.029310859264614096, -0.5334274725207195] [2.2558205127716064, 5.235611915588379, 2.192145347595215] [0.0, 0.0] 0.10765458643436432
construction_vehicle [370.65116192958914, 1129.292417531502, 1.3165636047557152] [0.7460578179891785, -0.026770787664297694, 0.012969565946651471, -0.6652163914879238] [1.5284368991851807, 3.0124504566192627, 2.063577175140381] [0.0, 0.0] 0.10759738087654114
construction_vehicle [465.76418678684774, 1096.292552569471, 2.2485316736158434] [-0.2617696740662007, -0.023564517201911342, -0.018154840733321773, -0.964671836961287] [2.8856029510498047, 5.897339820861816, 3.4246737957000732] [0.0, 0.0] 0.10153011977672577
bus [461.78288597851747, 1079.0017175571963, 1.226261202526441] [0.9760707232010913, -0.017008952431391892, 0.02440451290638891, -0.21540904947723885] [2.6202170848846436, 7.2410569190979, 2.7662508487701416] [0.0007528962669633687, -0.0004528302408310732] 0.22005367279052734
trailer [389.40724576299084, 1124.0340966746467, 1.922433289259844] [0.5831992823002532, -0.028953423256332936, 0.006825246863747435, -0.8117842770166583] [1.9685415029525757, 2.7424449920654297, 2.985293388366699] [-0.039029765611501205, 0.046727277135319864] 0.13943687081336975
bus [436.03384776928243, 1057.1894724385447, 2.7585864072504913] [-0.8563065580599631, -0.00446041170143772, -0.02941070282167926, -0.5156105060125209] [3.233975887298584, 13.161626815795898, 3.360990047454834] [0.0, 0.0] 0.11989547312259674
trailer [441.0879079204764, 1107.0976220573045, 2.441246339491728] [-0.1565057165978408, -0.025380312329028286, -0.01551529758310905, -0.9872289886136778] [1.9110255241394043, 3.574254035949707, 2.966550350189209] [-0.002769935164485157, -0.0008521247566576416] 0.11380871385335922
barrier [402.21932016842953, 1110.1530658166243, 0.8224748444438941] [-0.8471511123281353, -0.00497447841090215, -0.029328131163627237, -0.5305187161337398] [2.057631731033325, 0.5221457481384277, 1.012044072151184] [0.0, 0.0] 0.8254444599151611
barrier [400.41184012465226, 1110.990384780438, 0.8415245349334799] [-0.8435875994808779, -0.0051703201338362745, -0.02929424009468589, -0.536167023686723] [1.9487372636795044, 0.5537369251251221, 1.0524988174438477] [0.0, 0.0] 0.7829899787902832
barrier [396.2889172317387, 1104.7814626477448, 1.0771625230778323] [0.7427000189902756, -0.026835730476261675, 0.012834651643768732, -0.6689632255055828] [2.144125461578369, 0.5214388370513916, 1.0667915344238281] [0.0, 0.0] 0.7352637052536011
barrier [396.6105084905596, 1112.6365968632113, 0.9866494836251958] [-0.8257543899251039, -0.006117695168200063, -0.029111140802799824, -0.5632448870663705] [2.096839666366577, 0.5638667941093445, 1.0764243602752686] [0.0, 0.0] 0.7009559869766235
barrier [392.210840277124, 1106.0072795125611, 1.1214770442272362] [0.5592756503734977, -0.029140164077970106, 0.0059779219232468615, -0.8284478632879018] [2.220315456390381, 0.5084573030471802, 1.0851330757141113] [0.0, 0.0] 0.6863179206848145
barrier [385.4619373066822, 1135.6890250795498, 1.2160484150633648] [-0.9821269964010718, 0.016264696715068878, -0.024906713026376696, 0.18585391636228202] [1.9774342775344849, 0.5689396262168884, 1.059878945350647] [0.0, 0.0] 0.6701407432556152
barrier [384.628229692534, 1133.940013710015, 1.1970957201547743] [-0.9766266085993693, 0.01694554416213867, -0.024448583722998414, 0.21287457025836437] [1.9505369663238525, 0.5655345320701599, 1.047275185585022] [0.0, 0.0] 0.646550714969635
barrier [437.13237435001855, 1103.467935810814, 0.6108872496337691] [-0.23425819750262794, -0.024070775297639548, -0.017478057374376618, -0.971719204394875] [2.1434903144836426, 0.5107208490371704, 1.0209918022155762] [0.0, 0.0] 0.6464954018592834
barrier [394.5364302205036, 1113.5586694863414, 0.9996882366395319] [-0.8390430986181767, -0.005416798140412186, -0.02924966685139306, -0.5432511334071909] [2.0175280570983887, 0.5137504935264587, 1.0474823713302612] [0.0, 0.0] 0.6418576240539551
barrier [398.35998612433474, 1111.928179021009, 0.9556003969364734] [-0.8311000634577452, -0.005839176777112433, -0.029168282904159543, -0.5553267504879634] [2.0751891136169434, 0.5497003793716431, 1.1171905994415283] [0.0, 0.0] 0.6344124674797058
barrier [386.3974098193738, 1140.6496471669288, 1.361318008341716] [-0.9840859472604144, 0.015993466156664436, -0.02508174143290462, 0.17518551221936637] [2.0432138442993164, 0.6982139945030212, 1.0082520246505737] [0.0, 0.0] 0.5644051432609558
barrier [390.73023119552204, 1151.227487022989, 1.2485056102987597] [0.9437004158499477, -0.019778817350462077, 0.02221898056231463, -0.32946113642070873] [1.9329216480255127, 0.6016132831573486, 1.0255661010742188] [0.0, 0.0] 0.5270155668258667
barrier [387.04780620943217, 1142.2885320711214, 1.3779951630030056] [-0.9803418353274136, 0.016497434125094846, -0.024753169096089718, 0.1950512783702465] [1.9648334980010986, 0.6801832914352417, 0.963864803314209] [0.0, 0.0] 0.5181787610054016
barrier [394.344762569199, 1105.1448258703936, 1.0995550069789342] [0.5394002934678662, -0.029274183602998285, 0.00528269698065309, -0.8415238788613006] [2.138277053833008, 0.5398950576782227, 1.0554771423339844] [0.0, 0.0] 0.5022687911987305
barrier [389.8721570397185, 1109.441176194766, 1.0601015360741037] [0.07540548328187485, -0.02827445964747206, -0.009243356785006693, -0.9967091493399746] [2.0722596645355225, 0.4817791283130646, 1.0625712871551514] [0.0, 0.0] 0.49278461933135986
barrier [387.53202993220236, 1144.103074944111, 1.412538114778232] [-0.9829910750328955, 0.01614726075326474, -0.024983007888913847, 0.18122820335880807] [1.9692943096160889, 0.6739214658737183, 0.9460523128509521] [0.0, 0.0] 0.48660144209861755
barrier [391.94833707930644, 1151.3642973866479, 1.2313519378495905] [-0.9791245516176532, 0.016649253433480348, -0.024651309764781214, 0.20107269259279925] [1.9528465270996094, 0.6151571273803711, 1.0195497274398804] [0.0, 0.0] 0.48431646823883057
barrier [390.23429962360785, 1150.0499008002453, 1.2764634209407586] [-0.9769583552999697, 0.01690728523418732, -0.024475057079019986, 0.21134684122684927] [2.0349791049957275, 0.6194874048233032, 1.039567470550537] [0.0, 0.0] 0.47676658630371094
barrier [391.3504993512511, 1151.516274259965, 1.2374478526489125] [0.960025649924393, -0.018557551958483107, 0.023248698422054834, -0.2783269063066592] [1.959864616394043, 0.6669182777404785, 1.0147449970245361] [0.0, 0.0] 0.4618030786514282
barrier [385.5322704442473, 1137.683071863106, 1.2287811694733164] [-0.9906375517776224, 0.01491393516354935, -0.02573828376075027, 0.13323796866894738] [1.9790327548980713, 0.6345888376235962, 1.0579125881195068] [0.0, 0.0] 0.4438706636428833
barrier [393.65642786789573, 1155.167631513757, 1.1721009212605389] [-0.9873058315890738, 0.015502814832134157, -0.02538793897290633, 0.15602022368012614] [2.004161834716797, 0.6230661273002625, 0.9888767004013062] [0.0, 0.0] 0.4183778762817383
barrier [384.6179522669104, 1155.348851883944, 1.2351255131408092] [-0.9778848958486317, 0.016798711378252312, -0.024549704866690992, 0.2070175010913321] [2.3088598251342773, 0.5263848304748535, 1.1229997873306274] [0.0, 0.0] 0.4178355932235718
barrier [393.22891513787465, 1113.820258412939, 0.9884822426765641] [-0.7700878408976259, -0.008785412478116275, -0.028420085161744567, -0.6372439349170939] [1.818175196647644, 0.4898182451725006, 1.0582687854766846] [0.0, 0.0] 0.3715224266052246
barrier [389.7166504207096, 1108.8012723153167, 1.0699226341121235] [0.098440460188154, -0.028480705048643674, -0.008586859317795889, -0.9946982412193829] [2.087857246398926, 0.49891653656959534, 1.0742532014846802] [0.0, 0.0] 0.37088441848754883
barrier [394.8299413835274, 1158.5780299863077, 1.5954403730311497] [-0.9780381267217607, 0.016780503603107098, -0.024562154055325948, 0.20629236041496588] [2.1279850006103516, 0.6978437304496765, 0.9988548159599304] [0.0, 0.0] 0.3610267639160156
barrier [395.5854138536194, 1160.2337495545194, 1.6274281520854583] [0.9745678075642172, -0.017176212389707908, 0.02428708382978697, -0.22210966603564025] [2.00215220451355, 0.6788754463195801, 1.042314052581787] [0.0, 0.0] 0.3563081622123718
barrier [398.0750835656896, 1105.6820762211996, 1.0962736500585895] [0.3403077016549588, -0.029718130214888228, -0.001310514991292486, -0.9398434888221063] [1.8205713033676147, 0.4896961450576782, 1.0522806644439697] [0.0, 0.0] 0.34731778502464294
barrier [394.51270557466444, 1157.388571195238, 1.4602808548483268] [-0.9801127362040718, 0.016526411540190987, -0.024733831781907495, 0.19619923449788607] [2.175938129425049, 0.7561878561973572, 0.9475876688957214] [0.0, 0.0] 0.33235296607017517
barrier [392.658229938795, 1152.9561539935876, 1.1570940046103884] [0.975283106992325, -0.017097345426230662, 0.024342668144383933, -0.218947428627025] [1.9005848169326782, 0.6181558966636658, 0.9604662656784058] [0.0, 0.0] 0.33139944076538086
barrier [385.0956245166908, 1135.9667361423321, 1.2557781587746584] [0.9762373165135521, -0.01699004014774334, 0.02441768311673989, -0.21465278272924296] [2.0295281410217285, 0.632146418094635, 1.1139386892318726] [0.0, 0.0] 0.31219518184661865
barrier [383.07141278524114, 1133.564038274844, 1.238099631880423] [0.9379712817808357, -0.020153170016524814, 0.021880001172223464, -0.3454344942842351] [2.0251424312591553, 0.5424795150756836, 1.0258029699325562] [0.0, 0.0] 0.30411282181739807
barrier [391.3742535168454, 1150.273948764622, 1.2741123836530734] [0.9516504095244454, -0.019216535845058405, 0.022707035542470985, -0.3057394533568485] [1.8409788608551025, 0.6123464703559875, 1.010292649269104] [0.0, 0.0] 0.3001078963279724
barrier [385.7479542170487, 1138.982784709791, 1.2593904455596783] [-0.9870711959058746, 0.01554079791168383, -0.025364706055455453, 0.1574978396675191] [1.9294835329055786, 0.6713588237762451, 1.0138187408447266] [0.0, 0.0] 0.2887548506259918
barrier [384.0809881893243, 1133.8242575742556, 1.2040356471119606] [-0.9811971191457002, 0.016387508142072748, -0.024826080840619096, 0.1907021989049087] [2.04734468460083, 0.5753604173660278, 1.067686676979065] [0.0, 0.0] 0.2713067829608917
barrier [437.94252901524175, 1087.286691422719, 0.680892253630236] [-0.9972450518225454, 0.013193017242664399, -0.02666137672826021, 0.0679516144211286] [1.3730831146240234, 0.5673993825912476, 1.013177514076233] [0.0, 0.0] 0.26366978883743286
barrier [390.09524094380765, 1148.9463701732766, 1.2959522913171222] [0.9671094074377266, -0.0179306950637818, 0.023735519533836333, -0.2526153386721366] [1.8002514839172363, 0.6134021282196045, 0.9734704494476318] [0.0, 0.0] 0.2592008411884308
barrier [397.0689615691067, 1163.420195880229, 1.6136021560412641] [-0.9799070340642043, 0.01655226676374845, -0.024716536529076308, 0.19722403473837447] [2.03113055229187, 0.6145657896995544, 1.0783827304840088] [0.0, 0.0] 0.258313924074173
barrier [393.8377364393462, 1156.380823818761, 1.258412389134989] [-0.9870282391350192, 0.015547709532378317, -0.025360470052982996, 0.15776682299207245] [2.0732157230377197, 0.7556618452072144, 0.9228144884109497] [0.0, 0.0] 0.24962887167930603
barrier [396.3019029383386, 1161.8491241133947, 1.6065450180675809] [-0.9766536014736533, 0.01694244299964949, -0.024450732876850192, 0.21275069451245357] [2.275176525115967, 0.7411870360374451, 1.054711103439331] [0.0, 0.0] 0.24595904350280762
barrier [390.7347592822744, 1106.771742655557, 1.1233709004689345] [0.5043353005544831, -0.02946667353156555, 0.0040742930669735895, -0.8629953765238886] [2.0036332607269287, 0.4577668011188507, 1.055234670639038] [0.0, 0.0] 0.24087372422218323
barrier [388.1267394019772, 1145.042325041332, 1.4063228718091794] [-0.9869638362405161, 0.015558047596326596, -0.025354129210089053, 0.15816921710747844] [2.0093612670898438, 0.6801204681396484, 0.9301966428756714] [0.0, 0.0] 0.23971198499202728
barrier [392.90495584560506, 1113.255261055403, 1.044315399243076] [-0.6784468128773203, -0.012488932128151355, -0.02699835712242291, -0.7340470266839825] [1.8699630498886108, 0.49390894174575806, 1.0874826908111572] [0.0, 0.0] 0.23128119111061096
barrier [390.5894112869772, 1106.5014446405212, 1.1718525131865265] [0.5564645365186714, -0.029160257982465874, 0.005879121312533906, -0.8303386868525693] [1.9582880735397339, 0.438044011592865, 1.0489084720611572] [0.0, 0.0] 0.2309044748544693
barrier [391.0912839233961, 1152.1431277480315, 1.239064655402662] [0.8592943250767285, -0.023803719285414526, 0.01784005776875847, -0.5106156854013777] [2.034440517425537, 0.667855441570282, 1.015632152557373] [0.0, 0.0] 0.21185243129730225
barrier [390.7938465121374, 1149.2189331860402, 1.2787395653471005] [0.9523153776942178, -0.019166935095527936, 0.022748918920583335, -0.30366187889510954] [1.7046273946762085, 0.5774818658828735, 0.9962269067764282] [0.0, 0.0] 0.21107351779937744
barrier [384.80348976573634, 1136.8024411421045, 1.340353164806373] [0.9763240332518244, -0.016980165275715504, 0.024424551177469778, -0.21425801591044255] [2.03769850730896, 0.6060434579849243, 1.0873900651931763] [0.0, 0.0] 0.20028471946716309
barrier [390.4639559045483, 1108.3234921400833, 1.0622068569141119] [0.1345990294898173, -0.028774520462969203, -0.007543983373365941, -0.9904535408323746] [2.0518665313720703, 0.48473358154296875, 1.085545539855957] [0.0, 0.0] 0.17090757191181183
barrier [392.9225341206604, 1114.3129187449304, 0.9617996481820572] [-0.8721005912246886, -0.0035331373574470117, -0.029536446188139616, -0.48842161507506743] [2.0174977779388428, 0.5047170519828796, 1.0844919681549072] [0.0, 0.0] 0.17070510983467102
barrier [458.6762774802201, 1080.4605715386915, 0.7016180321314025] [-0.2013627503708134, -0.024646376325487572, -0.016656555677387237, -0.97906494067048] [2.277134418487549, 0.5454615950584412, 1.1885621547698975] [0.0, 0.0] 0.165479376912117
barrier [389.45558429053864, 1108.3660441866698, 1.0778759120437718] [0.11111966884272131, -0.028587912261828854, -0.008222893986999377, -0.9933617339535851] [2.1722631454467773, 0.5178581476211548, 1.1045186519622803] [0.0, 0.0] 0.1654680222272873
barrier [390.31451583125454, 1107.8184455793114, 1.0787649823315058] [0.22031880616823468, -0.029322054855384316, -0.005010170862284851, -0.9749742247544767] [2.146509885787964, 0.5094094276428223, 1.0989476442337036] [0.0, 0.0] 0.15842625498771667
barrier [392.635737875571, 1112.749845236912, 1.0774631171432762] [-0.6926652992816908, -0.011958820668347444, -0.027237314868278795, -0.7206454734874801] [2.038768768310547, 0.4884384870529175, 1.116269826889038] [0.0, 0.0] 0.15068358182907104
barrier [382.93338388148555, 1134.1250919921088, 1.2381926988521514] [-0.9920088286499462, 0.007891403574678395, -0.028681186562501352, -0.12261157844000978] [2.2212305068969727, 0.5587171912193298, 1.08992600440979] [0.0, 0.0] 0.14413084089756012
barrier [392.5262199294691, 1153.6040268892452, 1.1434709770358154] [0.9733981704301488, -0.017302431772676385, 0.02419732563246058, -0.22718080264456353] [2.0326404571533203, 0.7054870128631592, 0.9654561281204224] [0.0, 0.0] 0.13542674481868744
barrier [442.3900945761227, 1085.8660448144574, 0.3482931230434263] [-0.8181148814386189, -0.006508139300103053, -0.02902634727040089, -0.5742849084345363] [3.038468599319458, 0.6326456665992737, 0.9433637857437134] [0.0, 0.0] 0.13469140231609344
barrier [446.76433981782736, 1089.9522979841834, 0.5466766773433671] [0.8169156852556605, -0.025120859958430053, 0.015931952421483084, -0.5759894777426612] [1.211546540260315, 0.6799095273017883, 1.100551962852478] [0.0, 0.0] 0.13103115558624268
barrier [446.13054247864994, 1091.306034383856, 0.16097634703113894] [0.5937240471991789, -0.028862061639688068, 0.007201813029946116, -0.8041186921496205] [2.093982219696045, 0.5471420288085938, 0.963198184967041] [0.0, 0.0] 0.12407395243644714
barrier [397.61264679069245, 1111.8957971084408, 0.9885529176686958] [-0.8375682723650522, -0.005496019909353918, -0.029234884610126993, -0.5455222309076053] [2.1765825748443604, 0.5832644701004028, 1.1110343933105469] [0.0, 0.0] 0.12376725673675537
barrier [383.6390102810318, 1134.5020913614576, 1.2766865323273564] [-0.9986287114507716, 0.012524517832112208, -0.026981867357256023, 0.04307913593795212] [2.1229841709136963, 0.5966484546661377, 1.0846023559570312] [0.0, 0.0] 0.12267603725194931
barrier [382.9387246370131, 1154.7247624342276, 1.219589174923589] [0.48192777837992606, -0.029561884559178304, 0.003313562180082096, -0.8757058477095935] [2.2454137802124023, 0.528844952583313, 1.1238124370574951] [0.0, 0.0] 0.12099379301071167
barrier [438.400863596286, 1087.5027241491455, 0.6493567110738426] [-0.9740098169976713, 0.004882991152223459, -0.029343502013542327, -0.22454396380030364] [1.7663589715957642, 0.5163358449935913, 0.9205089211463928] [0.0, 0.0] 0.12085887044668198
barrier [390.5501120101289, 1151.8843153217517, 1.2192974931651284] [0.2858189491032128, -0.029593970071347384, -0.003013577347215529, -0.9578218224808432] [2.0940237045288086, 0.6620064973831177, 1.0358518362045288] [0.0, 0.0] 0.11889877915382385
barrier [382.7623972751802, 1154.2820542235174, 1.2424276000726933] [0.4327094720711542, -0.029699989333331123, 0.0016719290091007245, -0.9010425228960572] [2.232693910598755, 0.5329256057739258, 1.134307861328125] [0.0, 0.0] 0.1180286854505539
barrier [393.25967315154116, 1105.3665760581769, 1.1719099814590836] [0.531795550307615, -0.029320596697393054, 0.005018697273225271, -0.8463501686418039] [2.188739776611328, 0.5081714987754822, 1.0219405889511108] [0.0, 0.0] 0.11672905087471008
barrier [383.3705565795319, 1132.8553740610653, 1.1910680193348928] [0.8679750226879873, -0.023492420522979177, 0.018248038003658415, -0.4957161236804557] [1.998457670211792, 0.5224350690841675, 1.0380187034606934] [0.0, 0.0] 0.11636748164892197
barrier [385.9529977679317, 1137.4675878909236, 1.1895916456062294] [-0.9984004500831859, 0.012659484923786785, -0.026918806706016332, 0.04807968968993598] [2.01416015625, 0.61830735206604, 1.0457513332366943] [0.0, 0.0] 0.11551224440336227
barrier [394.6651773186419, 1105.6025679679165, 1.0725294646624168] [0.577806656315717, -0.028998019403081977, 0.006633218201592352, -0.8156314015560213] [2.234163284301758, 0.5778121948242188, 1.0714935064315796] [0.0, 0.0] 0.11512956768274307
barrier [397.5878987557087, 1105.7765501001572, 1.0769102894312355] [0.8656553857371845, -0.023577207671061917, 0.01813835691144802, -0.4997558088018541] [2.079692840576172, 0.5195838212966919, 1.0798548460006714] [0.0, 0.0] 0.11307103931903839
barrier [421.8829016124979, 1107.298050956006, 0.6107392296119426] [0.5356253655054559, -0.029297553186179805, 0.005151513400392233, -0.843931622297764] [1.1922893524169922, 0.3257596492767334, 1.048079013824463] [0.0, 0.0] 0.11232505738735199
barrier [438.09638269422624, 1086.7608681580764, 0.6303116749298283] [0.9475086984843186, -0.019516219454036053, 0.02244998644171884, -0.3183431820905571] [1.9843955039978027, 0.5269562005996704, 0.9789018034934998] [0.0, 0.0] 0.11223144084215164
barrier [388.3039793960645, 1146.211471127165, 1.2210101563038842] [-0.9770431819493062, 0.01689745137556805, -0.02448184735721078, 0.21095434551903378] [2.158247947692871, 0.7095188498497009, 0.9490610957145691] [0.0, 0.0] 0.10518810153007507
motorcycle [409.24808124645887, 1117.0421825564194, 1.1139040672372955] [-0.45795347090388483, -0.019240854580190585, -0.02268643268641886, -0.8884783248757808] [0.7223532795906067, 2.017144203186035, 1.3072960376739502] [0.0, 0.0] 0.8738169074058533
motorcycle [363.9748256417934, 1103.3061916863571, 3.345860038601824] [-0.9864046262984733, 0.015646624837712925, -0.025299562134537427, 0.16162001269631815] [0.6233377456665039, 1.7656970024108887, 1.2788422107696533] [0.0, 0.0] 0.3078126609325409
bicycle [402.3529252403448, 1120.9063250392, 1.3688871560946667] [-0.8573819338226234, -0.004398955347206681, -0.029419957594543487, -0.513820333230953] [0.6168255805969238, 1.7334965467453003, 1.219295859336853] [0.0, 0.0] 0.27975964546203613
bicycle [372.4240687575422, 1129.2904339501445, 1.4147246283581278] [0.7734718087628993, -0.02619948037631572, 0.014088006992562952, -0.6331322739649574] [0.6587480902671814, 1.6623321771621704, 1.5004889965057373] [-0.021269303113370094, -0.009179205140428453] 0.22852768003940582
bicycle [448.5049360292077, 1090.3176478533665, -0.18864113431382712] [-0.9788507303984038, 0.01668269772776797, -0.024628688749817367, 0.20240148933617216] [0.572167158126831, 1.6327496767044067, 1.093454360961914] [0.0, 0.0] 0.20324374735355377
motorcycle [377.98506185442346, 1099.6226951976666, 0.8659463479636186] [-0.39449930017065865, -0.02078488919344606, -0.021280815168306506, -0.918414621754167] [0.6429986953735352, 1.9549109935760498, 1.3296010494232178] [0.0, 0.0] 0.1999867558479309
bicycle [403.964007196178, 1139.1050776214636, 1.0339701097104919] [0.381738300386845, -0.02974700962639451, 1.145856217567992e-05, -0.9237916352212505] [0.5895600318908691, 1.6515226364135742, 1.131016492843628] [0.0, 0.0] 0.1949489563703537
bicycle [446.9526905022283, 1090.2512999021528, 0.5603377788048705] [-0.8625959218382871, -0.0040976148363558226, -0.02946343947444581, -0.5050182084984113] [0.5872349739074707, 1.6412572860717773, 1.143296480178833] [0.0, 0.0] 0.18775784969329834
bicycle [370.88957205064077, 1128.6982488694175, 1.4137751928428772] [-0.9829729659045128, 0.016149756409838525, -0.024981394695139308, 0.18132640069188624] [0.6579791903495789, 1.75735604763031, 1.4853100776672363] [0.0, 0.0] 0.18671739101409912
bicycle [435.4755995863354, 1103.6042440829162, 0.6913812889765574] [-0.06042496455804247, -0.0267601656897968, -0.012991468172076522, -0.9977293916414153] [0.574193000793457, 1.6631051301956177, 1.1232125759124756] [0.0, 0.0] 0.18561258912086487
bicycle [371.6459427174167, 1129.0247362412615, 1.41336889210731] [0.22246937870546699, -0.02933303754632311, -0.004945464722091711, -0.9744857571177695] [0.7062610387802124, 1.7586925029754639, 1.5369982719421387] [-7.030909920011724e-05, -0.00047298527923421495] 0.16045957803726196
motorcycle [377.6541634669152, 1099.7378036385699, 0.8644951201704227] [-0.9395339280836235, 0.001283515238983065, -0.02971930856602746, -0.34116141819781676] [0.6985301971435547, 2.0689799785614014, 1.352837324142456] [0.0, 0.0] 0.15719477832317352
bicycle [393.85630257305525, 1118.2208512981106, 1.10041498668871] [0.10484483731159663, -0.028535418567175837, -0.008403249383871176, -0.9940435983276055] [0.6326186656951904, 1.613525629043579, 1.604794979095459] [0.0, 0.0] 0.14567625522613525
motorcycle [371.50190408372646, 1122.4832295596268, 0.8823491127288167] [-0.8221444665374551, -0.006303280044753234, -0.029071521695447432, -0.568501179795462] [0.8252501487731934, 2.15061616897583, 1.3980709314346313] [0.0, 0.0] 0.1406843364238739
motorcycle [431.7593881885125, 1070.997382817297, 1.9550748597719498] [0.9260359778031714, -0.020865648233816085, 0.02120163759699006, -0.37626119000119207] [0.6638626456260681, 1.9353382587432861, 1.3709262609481812] [0.0, 0.0] 0.13137191534042358
bicycle [392.77885702524594, 1135.7106836983003, 0.6293071911462121] [-0.9992282640289207, 0.010640635735894906, -0.027778797384830238, -0.02565134797117466] [0.5912160873413086, 1.6992316246032715, 1.16657292842865] [0.0, 0.0] 0.12929955124855042
bicycle [432.57591041403674, 1081.8707308671385, 0.4304123005064926] [0.91259104453568, -0.021580299407262617, 0.02047377323563871, -0.407790020378461] [0.6190547943115234, 1.749964952468872, 1.1095010042190552] [0.0, 0.0] 0.12725670635700226
bicycle [373.1012487854667, 1129.4516119105638, 1.3606373538668521] [0.6189205316575642, -0.028619214365932462, 0.008113278134531074, -0.7848901138246722] [0.6481969356536865, 1.6732429265975952, 1.5183608531951904] [0.02729621867715119, -0.055926286644244295] 0.12565988302230835
motorcycle [443.4042530407128, 1086.7442006894214, 0.20205877487281587] [-0.5280963319087469, -0.017349117864647646, -0.02416387432366794, -0.8486632898337922] [0.7527871131896973, 2.0794758796691895, 1.2675193548202515] [0.0, 0.0] 0.11726358532905579
bicycle [432.35593463934185, 1073.9434009569547, 1.2010888501407577] [0.16193060078439786, -0.02897208954961991, -0.006745571891267592, -0.9863536869787595] [0.6118662357330322, 1.7135217189788818, 1.206198811531067] [0.0, 0.0] 0.11659789085388184
bicycle [425.07138129404296, 1121.5276737268732, 0.7182840689583125] [-0.8846810881771177, -0.002752772180695964, -0.02961936795970909, -0.46524669532275015] [0.5502004623413086, 1.7006285190582275, 1.0945849418640137] [0.032470207643687035, 0.0500781781210719] 0.11358655244112015
bicycle [389.3711651116656, 1124.0915808433829, 1.2264304538743156] [-0.03889224166392111, -0.02703413634365197, -0.0124112926467911, -0.9988005350545944] [0.653653621673584, 1.7871185541152954, 1.3741332292556763] [-4.142993845410438e-05, 2.6095309940516144e-05] 0.11026513576507568
motorcycle [363.76932692816035, 1103.96339774055, 3.2626705577287574] [0.9396241104417663, -0.020047556168858043, 0.021976810611823015, -0.34091296009906746] [0.8083614706993103, 2.2330331802368164, 1.4387362003326416] [0.0, 0.0] 0.10510910302400589
motorcycle [398.8599802606018, 1150.0892475162289, 0.5257697867700515] [-0.9849301791077255, 0.006497111632523736, -0.02902881763775404, -0.17037504972798373] [0.6701385974884033, 2.147914171218872, 1.4856996536254883] [0.0, 0.0] 0.10005459189414978
traffic_cone [410.8802966731495, 1106.3600916275982, 0.5271671825922873] [-0.9769366324771603, 0.01690980016280962, -0.024473319584096043, 0.21144723079571137] [0.3780794143676758, 0.3811788856983185, 0.7288143634796143] [0.0, 0.0] 0.8558592796325684
pedestrian [395.50627803391137, 1120.5604020599017, 1.185923128600452] [-0.9599732680620182, 0.0032391353402722346, -0.029570132148146626, -0.27850752214853625] [0.6198330521583557, 0.7060188055038452, 1.6999917030334473] [1.066484277276382, 0.6636435970018362] 0.8408751487731934
traffic_cone [419.56024981651416, 1102.6785383616789, 0.3727113951139771] [-0.9939156714447375, 0.014203270725812466, -0.026137173024272032, 0.10605071118830703] [0.38108986616134644, 0.3842613399028778, 0.7375166416168213] [0.0, 0.0] 0.8275657296180725
pedestrian [394.50676368548267, 1122.3097346621425, 1.2032074427223174] [0.08729771606164524, -0.028382782084014818, -0.008905189171644946, -0.9957380298338562] [0.6548494100570679, 0.7193191051483154, 1.7372868061065674] [-1.1232221745895912, -0.19007993075816165] 0.8247237801551819
traffic_cone [411.36192568107606, 1097.870152758516, 0.7663987485096586] [-0.9214413046266188, -0.0001932637094161603, -0.02974638401806306, -0.3873771255701395] [0.3780502676963806, 0.3781622648239136, 0.7367923855781555] [0.0, 0.0] 0.8089234232902527
traffic_cone [415.53899221326776, 1096.07668966211, 0.7054619471287386] [-0.9829745219278008, 0.006173879094324571, -0.029099277137759227, -0.18131796526489088] [0.39550143480300903, 0.3936992883682251, 0.739969789981842] [0.0, 0.0] 0.7925123572349548
pedestrian [394.02950400931115, 1119.8938197969876, 1.2958641066112502] [-0.9885811258364153, 0.007161661801740859, -0.028872050728151286, -0.14772431393306418] [0.6620212197303772, 0.7324180006980896, 1.8284496068954468] [0.9614138233380283, 0.34493603760223507] 0.7890649437904358
traffic_cone [424.1658739422433, 1100.8364035700927, 0.3642254533140267] [-0.9994648552107873, 0.011723238198719529, -0.02733953911732124, 0.013605825424018086] [0.3967783451080322, 0.395058274269104, 0.7379623055458069] [0.0, 0.0] 0.7810472846031189
traffic_cone [406.74168954714924, 1099.7382828439356, 0.8628085993567061] [-0.744431751696355, -0.009896269702214234, -0.028052603426286328, -0.6670355930183076] [0.3800130784511566, 0.3806409537792206, 0.7239307165145874] [0.0, 0.0] 0.7809728384017944
pedestrian [397.1408112993417, 1107.0642914647294, 1.456755345875087] [0.304001198169016, -0.02964597649823358, -0.0024496510930410356, -0.9522071133943453] [0.7075319290161133, 0.6690131425857544, 1.685791015625] [0.0, 0.0] 0.7772502303123474
traffic_cone [419.1421927726833, 1094.472602094004, 0.703119981965723] [-0.9955507314848443, 0.008845000976358292, -0.028401596270978782, -0.08940836832746912] [0.39717352390289307, 0.3902999758720398, 0.7286183834075928] [0.0, 0.0] 0.7739821672439575
traffic_cone [405.77170996089353, 1108.5989926508892, 0.6244579679779849] [-0.2738201311021036, -0.02333550055939431, -0.01844828248520612, -0.9613207846968752] [0.38129040598869324, 0.37659990787506104, 0.703292727470398] [0.0, 0.0] 0.7587437629699707
traffic_cone [422.17572969118453, 1093.2598129973185, 0.5607785778180292] [-0.9696510637014049, 0.00433469123560554, -0.029429494812235897, -0.2426765953892613] [0.4102756679058075, 0.4133099317550659, 0.7239255309104919] [0.0, 0.0] 0.752570390701294
pedestrian [396.30164377915554, 1106.6186982595493, 1.3960496764471744] [-0.9454948222942952, 0.0018157095970799814, -0.02969154613135743, -0.32427558696526637] [0.6885349750518799, 0.6769202947616577, 1.6846107244491577] [0.0, 0.0] 0.7513254284858704
pedestrian [448.1826328297276, 1116.795349158677, 1.935797353404797] [-0.03072171425446718, -0.02713474450347913, -0.012189764302166149, -0.9990852273756508] [0.6435165405273438, 0.6814456582069397, 1.8406507968902588] [-1.2241617614323734, 0.05617526868189506] 0.7438660860061646
pedestrian [448.07917749309047, 1116.3960964479497, 1.9353026147029686] [-0.02487351871671742, -0.027205626686813304, -0.012030735205680772, -0.9992479288713276] [0.6294697523117065, 0.6724377870559692, 1.8169678449630737] [-1.1516884796594624, 0.04949177947219798] 0.7308769226074219
pedestrian [447.8500412020699, 1115.762635174858, 1.9812459775415414] [-0.04537560828777515, -0.02695299287318491, -0.012586535988487796, -0.998526999865053] [0.6387780904769897, 0.6967923045158386, 1.820589542388916] [-1.1327454642719768, 0.11893196911784586] 0.7211185097694397
pedestrian [395.07856275018776, 1121.2277771393726, 1.1760774040481705] [-0.9657727409113308, 0.003877973357879684, -0.02949315235180923, -0.25767834251175337] [0.6247326731681824, 0.7039064168930054, 1.7202849388122559] [1.1376899824089002, 0.6777625128858957] 0.7136645317077637
pedestrian [390.1399183547373, 1123.2080209792814, 1.245523199885253] [-0.029350544238326753, -0.02715144813974739, -0.01215251319382386, -0.9991264488741668] [0.6400679349899292, 0.6466332077980042, 1.7474565505981445] [0.0, 0.0] 0.7136059403419495
pedestrian [447.67127553276316, 1115.341472554368, 1.9840972577259253] [-0.06145476215883319, -0.026746741986365535, -0.013019082384186913, -0.9976664911156383] [0.6304088830947876, 0.6915327310562134, 1.793916940689087] [-1.108720107144227, 0.167115031671636] 0.6860787272453308
pedestrian [443.03339422310376, 1116.1414593500228, 1.8504162534584698] [-0.009380058584126882, -0.0273888595362793, -0.011607544370512545, -0.9995134465268325] [0.6111705303192139, 0.6569061279296875, 1.7740395069122314] [-0.8052338558629447, 0.03318854289399477] 0.6769048571586609
traffic_cone [431.7087195847543, 1089.4564648256744, 0.45241308845246575] [-0.987735088045, 0.006999247194562552, -0.02891185313536411, -0.15327919340773286] [0.4167396128177643, 0.40800246596336365, 0.7637995481491089] [0.0, 0.0] 0.6374095678329468
traffic_cone [429.70620922341124, 1098.457829134045, 0.3684770374219224] [-0.9965543156137098, 0.009186047681835743, -0.0282931306326906, -0.07742487532233741] [0.3828009366989136, 0.3828304409980774, 0.7196319103240967] [0.0, 0.0] 0.6365050673484802
traffic_cone [402.5417345179935, 1101.4792184168211, 0.9830869607894042] [-0.6039012491952805, -0.015053509325343618, -0.02565690102103619, -0.7965038584384689] [0.35624831914901733, 0.3568696975708008, 0.7187712788581848] [-0.00017691893769213485, -0.0020106278135478424] 0.6359944343566895
traffic_cone [433.11277559565275, 1088.851781101575, 0.5159264038851172] [-0.6488195338444583, -0.013549206122989887, -0.02648213976339881, -0.760360656391984] [0.4212646186351776, 0.41344377398490906, 0.7928391695022583] [0.0, 0.0] 0.6267246007919312
pedestrian [393.061379753581, 1113.3465574935408, 1.4467310532993498] [0.8561088985346864, -0.023913976211381097, 0.017691988434682913, -0.5159386292348296] [0.6540303826332092, 0.6711931228637695, 1.8568964004516602] [0.0, 0.0] 0.6197862029075623
traffic_cone [430.38095266232204, 1090.0127760938399, 0.5083529844202925] [-0.9978899609614333, 0.009743474871444256, -0.028106038682834504, -0.05771257314812758] [0.41005560755729675, 0.4065518081188202, 0.7685355544090271] [0.0, 0.0] 0.6185934543609619
traffic_cone [415.4293955907736, 1104.3581446650269, 0.4154891123582709] [0.9703481820409882, -0.017616972242555498, 0.023969292897715697, -0.2398739687768103] [0.3522108793258667, 0.35758814215660095, 0.7529586553573608] [0.0, 0.0] 0.6021638512611389
pedestrian [442.7518677582371, 1117.6785255103498, 1.9170320913088035] [-0.8607179313263528, -0.004206805401499607, -0.029448047495977875, -0.5082123158486742] [0.627088725566864, 0.6614484786987305, 1.8215858936309814] [0.06573313148519125, 0.06855228480656107] 0.592762291431427
pedestrian [443.4577873364613, 1116.5351343874247, 1.9305100294415836] [-0.009380058584126882, -0.0273888595362793, -0.011607544370512545, -0.9995134465268325] [0.6265124082565308, 0.6764583587646484, 1.7931872606277466] [-1.021770750804213, 0.02277026945155231] 0.5909651517868042
traffic_cone [398.13964541979215, 1103.3939183284187, 0.998090489344652] [-0.24986410017993305, -0.02378641396814982, -0.017863124685991032, -0.9678238717495355] [0.35562556982040405, 0.35067126154899597, 0.7324351072311401] [0.0, 0.0] 0.5826669335365295
traffic_cone [428.72214010341173, 1090.6608287224474, 0.5709404646498604] [-0.9875612729537463, 0.015461010297415837, -0.025413419163793298, 0.15439510176480695] [0.40732330083847046, 0.4088018834590912, 0.7403337955474854] [0.0, 0.0] 0.5782105326652527
pedestrian [393.79636395316743, 1118.2788829339859, 1.2297089425925032] [0.5492619718039886, -0.029210016835599276, 0.005626689033122559, -0.835120591062742] [0.6173348426818848, 0.6283862590789795, 1.7067856788635254] [-0.00036885315911624165, -0.03187510791367645] 0.5660275220870972
traffic_cone [445.3136490574286, 1091.7424750351051, 0.07372591204714674] [-0.9781172407955111, 0.016771074088156875, -0.024568593507586226, 0.20591692146485963] [0.3948040306568146, 0.39036399126052856, 0.7594896554946899] [0.0, 0.0] 0.5531730055809021
traffic_cone [426.0621015632218, 1091.6209383175267, 0.6646800912764617] [-0.9994048869433081, 0.011828687641937098, -0.027294081074125568, 0.017463883898561405] [0.3977064788341522, 0.39851683378219604, 0.7598339319229126] [0.0, 0.0] 0.49636179208755493
traffic_cone [434.288717898988, 1088.344110507291, 0.5081428208931529] [-0.9993086585620407, 0.011960649130669344, -0.027236511990056174, 0.02230067734226651] [0.4132256507873535, 0.40598687529563904, 0.7803165912628174] [0.0, 0.0] 0.4937770366668701
traffic_cone [435.47918470596153, 1087.8743896581407, 0.5400312899493743] [-0.9891875038857821, 0.015182730700860209, -0.025580645055913113, 0.14360779032909374] [0.3991994559764862, 0.39717230200767517, 0.7944715023040771] [0.0, 0.0] 0.48521512746810913
traffic_cone [434.1048664873584, 1096.6397874913473, 0.15870881460012953] [0.1779162873809053, -0.029077744518222794, -0.006274510876906604, -0.9835959078664289] [0.3641815185546875, 0.3703887462615967, 0.7181167602539062] [0.0, 0.0] 0.47799593210220337
pedestrian [390.8313198485025, 1108.8130185401171, 1.4136227356247124] [-0.7467171279947574, -0.00979991398957492, -0.02808640950367969, -0.6644762193233479] [0.6197203397750854, 0.6271939277648926, 1.7730158567428589] [-0.0003845051517006628, -0.00018102922793056505] 0.4544881582260132
pedestrian [371.9056546941769, 1129.2778510900853, 1.4570857431431015] [0.6700777339221244, -0.028011852635131736, 0.010011035159218964, -0.7416946445733441] [0.6074182391166687, 0.630659818649292, 1.6562764644622803] [-0.0006782919883875681, -0.0005324784916913016] 0.44554686546325684
pedestrian [371.0692690592728, 1128.6931451898108, 1.4494701388565563] [0.7697078198368075, -0.026282472351930448, 0.013932564734515563, -0.6377028989812246] [0.6046748161315918, 0.6044173240661621, 1.6563444137573242] [0.0, 0.0] 0.43179193139076233
traffic_cone [390.80131745570986, 1149.073803702428, 1.225129445919305] [0.8374828919997093, -0.02451989076870433, 0.01684219907560361, -0.5456532973370473] [0.4373639225959778, 0.42615634202957153, 0.8415578603744507] [3.3704014699917554e-06, -0.00021852525262201856] 0.4246997535228729
pedestrian [370.0516461669407, 1128.3438669167265, 1.4808231602999746] [0.7754276648894015, -0.026155752145458566, 0.014169027585434174, -0.6307353262749429] [0.6064148545265198, 0.6074701547622681, 1.7074627876281738] [7.938740807508161e-05, -4.047364453896424e-05] 0.41006946563720703
traffic_cone [437.2464015240546, 1087.1309134566518, 0.6112903598733592] [-0.9974819642548843, 0.01309746994474476, -0.026708444246304627, 0.06438048052947976] [0.3975452184677124, 0.3948148488998413, 0.8406912684440613] [0.0, 0.0] 0.4070914387702942
pedestrian [381.8515375494483, 1099.6115102383972, 1.4990131559039894] [0.5560778938800401, -0.02916299197558369, 0.005865544479713396, -0.8305976710928871] [0.7606096267700195, 0.7979504466056824, 1.9146302938461304] [-0.35701103446469623, -0.9691533842630757] 0.40160778164863586
pedestrian [371.58938234088424, 1128.9556814505358, 1.443766025958738] [0.6963956224849657, -0.027632510885301085, 0.011014946898881179, -0.7170413183846285] [0.5968356728553772, 0.6067309975624084, 1.6233257055282593] [0.00011418835914261648, -6.198161548268821e-05] 0.39857277274131775
traffic_cone [424.30087523145517, 1093.6241467891819, 0.6726089251464491] [-0.9992428858851456, 0.010656648335841228, -0.027772658483797827, -0.025075292519027265] [0.38504111766815186, 0.3949183225631714, 0.7731550931930542] [0.0, 0.0] 0.38104963302612305
traffic_cone [440.84517203617247, 1086.687861096516, 0.40961420684630695] [-0.9979394267812719, 0.012895532868585306, -0.026806528030438613, 0.05685082024435267] [0.399804949760437, 0.39757925271987915, 0.785045325756073] [0.0, 0.0] 0.36486712098121643
pedestrian [370.79621123071234, 1136.7122401681293, 1.2425530208298583] [0.956779862635733, -0.0188222154453281, 0.023034949940060806, -0.2892877628620625] [0.6442834734916687, 0.6930596232414246, 1.7687623500823975] [0.7600685168316144, -0.48192618764385253] 0.34921354055404663
pedestrian [443.89202771755765, 1116.6881990732595, 1.881489847609322] [-0.02498531233890855, -0.027204280542944454, -0.012033778839260288, -0.9992451398202127] [0.6491341590881348, 0.686598539352417, 1.812514305114746] [-0.7487598787945892, 0.05277175669841042] 0.3374245762825012
pedestrian [389.95422978129346, 1123.6228205760294, 1.1758097766074544] [0.06819667096572582, -0.02820688516493674, -0.00944755747818062, -0.9972283235830104] [0.6213464736938477, 0.6418209075927734, 1.7039111852645874] [0.001097159490076581, 0.0008747273820474448] 0.32761356234550476
traffic_cone [424.3243278405369, 1092.3594301684052, 0.708880612152955] [-0.9948183547094426, 0.008621820882204307, -0.028470140809041332, -0.09721911550814691] [0.3992960453033447, 0.4051910936832428, 0.7820075154304504] [0.0, 0.0] 0.3238467574119568
traffic_cone [383.60916322539936, 1133.0912359315514, 1.1275718657287828] [0.8786371139702855, -0.023086600095610237, 0.018758827496323547, -0.4765626267773801] [0.38060396909713745, 0.36044377088546753, 0.8247775435447693] [0.0, 0.0] 0.32352790236473083
pedestrian [394.19378124688546, 1120.3775221722408, 1.23822683484962] [-0.9787438510867255, 0.0055316581204028215, -0.02922816230026165, -0.20291769081801256] [0.6795468926429749, 0.7745356559753418, 1.8200857639312744] [0.9618017224481674, 0.4180194373233089] 0.31863972544670105
pedestrian [425.06535323407485, 1115.563712680472, 1.8336794892930008] [-0.39195015807972844, -0.02084384086698099, -0.021223077319828726, -0.9195054044801829] [0.6764171719551086, 0.6436076164245605, 1.8543871641159058] [-0.0027850365809488856, 0.0219097883120013] 0.3070794939994812
pedestrian [372.86361479207864, 1129.4231574830305, 1.4591263960646024] [0.5973546873559669, -0.02882919550199014, 0.007332271116065376, -0.8014252883337559] [0.591269850730896, 0.6151992678642273, 1.663450002670288] [-0.0063459814334845994, -0.0006976646264069354] 0.30683571100234985
pedestrian [389.3489240105568, 1124.1709602363599, 1.2417464821638688] [0.15974746291787126, -0.02895709106509903, -0.006809668865592259, -0.9867096145159894] [0.5907270908355713, 0.6044725775718689, 1.69966721534729] [0.0, 0.0] 0.30054062604904175
traffic_cone [448.5828433782679, 1090.3529624752166, 0.04977933649194832] [-0.37881421349791705, -0.021143999384949763, -0.020924053216829167, -0.9249945442752315] [0.41926491260528564, 0.42403119802474976, 0.7729556560516357] [-0.00010291254377944161, 0.00011376903566120912] 0.29473310708999634
pedestrian [370.79104098415013, 1135.3459871527605, 1.3371068154994383] [0.7568179683270891, -0.026555493752015942, 0.013404867198077623, -0.6529484498061437] [0.6045929789543152, 0.6466799378395081, 1.6757694482803345] [0.1498191699814124, -0.38538705525243677] 0.29237931966781616
traffic_cone [437.7334495567669, 1087.1964141932144, 0.7005619559231162] [-0.9991272904048013, 0.012151734329784364, -0.027151796732256872, 0.029321883557312634] [0.45664674043655396, 0.4620729982852936, 1.0396335124969482] [0.0, 0.0] 0.2896718978881836
pedestrian [443.5657748465075, 1115.6777901510604, 1.707283036097659] [0.04527487534015337, -0.02798245811308985, -0.010092905972049215, -0.9985315723350577] [0.5672711133956909, 0.6079963445663452, 1.6489968299865723] [-0.3464962702480955, 0.04748019510275666] 0.2844644784927368
traffic_cone [446.4660894429777, 1089.8538743862848, 0.41012104779727904] [-0.1988260654617517, -0.02468943805777087, -0.01659265986522205, -0.9795832333089355] [0.51807701587677, 0.5382159352302551, 1.1093533039093018] [0.0, 0.0] 0.27266427874565125
pedestrian [390.28534033187367, 1109.0348509998983, 1.2644174788619178] [-0.9232142334727041, -5.637061315834878e-05, -0.02974695842208791, -0.3831326068091778] [0.6034730076789856, 0.6201755404472351, 1.6672897338867188] [-0.00016466688369181056, -0.00021661434863510536] 0.27203983068466187
pedestrian [402.498385170791, 1121.145936149637, 1.3849434108042258] [0.4058759143574962, -0.029736441267542615, 0.0007929525543459957, -0.9134439541818947] [0.5625964403152466, 0.582679808139801, 1.5150818824768066] [0.0, 0.0] 0.2651192843914032
traffic_cone [384.06923999280593, 1132.9580758593252, 1.0665265970662738] [0.9133994165079093, -0.02153958073817452, 0.020516607288611738, -0.405976133793601] [0.36937835812568665, 0.3539510667324066, 0.8021509647369385] [0.0, 0.0] 0.2495003044605255
pedestrian [396.83201757095185, 1106.270143493665, 1.317242241990134] [-0.7112296798692889, -0.011244186162183761, -0.027540025246205024, -0.7023300205459098] [0.6274960041046143, 0.6365127563476562, 1.5753130912780762] [0.0, 0.0] 0.24327988922595978
traffic_cone [446.9698367307433, 1090.3042486335155, 0.38976617726513907] [0.24642638919611543, -0.029446045595881095, -0.004220795159297151, -0.968704882817648] [0.5170474648475647, 0.534301221370697, 1.148087739944458] [-0.0007036702060148978, 0.001098326377529697] 0.23790082335472107
pedestrian [370.3859035247732, 1128.6591965560365, 1.5081202040057158] [0.752945117454967, -0.026634267020039078, 0.013247661428218708, -0.6574106520187477] [0.6188644170761108, 0.6388863921165466, 1.7047114372253418] [0.0, 0.0] 0.2322128415107727
traffic_cone [391.78140011290634, 1150.753254498713, 1.20128103156069] [0.8737468622390012, -0.023276113621711912, 0.01852315436637648, -0.4854704275385772] [0.43758338689804077, 0.43915876746177673, 0.8516954779624939] [-0.007291002259007609, -0.02083172132223979] 0.22827792167663574
traffic_cone [424.3787369216898, 1093.9085551547707, 0.6751663805683402] [0.9370239176421525, -0.020212879540946162, 0.021824853119200023, -0.34799611068737735] [0.4089418649673462, 0.4198964536190033, 0.7645581364631653] [0.0, 0.0] 0.22810757160186768
traffic_cone [424.6244418893789, 1092.1322090098724, 0.7220335407408959] [-0.997645463304696, 0.009628391035196736, -0.028145671054085705, -0.061795184557921434] [0.39750227332115173, 0.3968864381313324, 0.7841740846633911] [0.0, 0.0] 0.22596478462219238
pedestrian [393.4821495492553, 1113.5784137467547, 1.344626186006284] [0.838384791363237, -0.02449198365598939, 0.016882755983730957, -0.5442665311203791] [0.6347148418426514, 0.6802300214767456, 1.6459304094314575] [0.0, 0.0] 0.2243977040052414
pedestrian [371.6651695569935, 1134.2506736684325, 1.2847489756278874] [0.6664945154726939, -0.028059786615631258, 0.00987588416784522, -0.7449162208811189] [0.6276236772537231, 0.6639549136161804, 1.7251056432724] [0.1642383748130399, -0.5530386504000213] 0.21614763140678406
pedestrian [435.16087563112063, 1111.438663259552, 1.5919519953354824] [-0.26015617656595413, -0.02359484291679495, -0.018115410587210723, -0.9651082214350747] [0.61861252784729, 0.6112616062164307, 1.7038003206253052] [-0.0003975979865488769, -1.7967054136635237e-05] 0.21543791890144348
pedestrian [393.7869449638317, 1120.6034310720815, 1.165814241737309] [-0.9807430667445463, 0.005826530400127854, -0.029170811721785202, -0.19302370921597026] [0.6578305959701538, 0.7168679237365723, 1.768723726272583] [0.6543495029505567, 0.2684956509150944] 0.21538537740707397
pedestrian [394.8946569382391, 1120.305270711444, 1.2360798912640987] [-0.9625196499775054, 0.0035137538902497937, -0.02953875837963081, -0.2695756641356365] [0.6833374500274658, 0.7967934012413025, 1.8108172416687012] [1.0249421266738095, 0.5331604674590938] 0.21405893564224243
traffic_cone [390.49929179813, 1149.2424137537025, 1.180037270556046] [0.8001147082721254, -0.02556607296670934, 0.015207255704838689, -0.5991089791461988] [0.40282589197158813, 0.399272084236145, 0.8199225068092346] [0.0012319731138346476, 0.001095857631285082] 0.2081972062587738
pedestrian [448.1010895611204, 1118.518704893747, 1.8959722053153603] [0.46564522843039335, -0.029618124731734967, 0.0027661164810695443, -0.8844713881901415] [0.6020835638046265, 0.614348292350769, 1.763497233390808] [-0.018812061566798113, -0.03260142536232612] 0.2056565135717392
pedestrian [447.5266557933658, 1103.5125861095291, 1.8109956452371712] [-0.13766572339958125, -0.025671347123794805, -0.015028860564297189, -0.9900319509429274] [0.6045154333114624, 0.6252256631851196, 1.653016448020935] [-0.10214199505627926, 0.05510871632680144] 0.20517076551914215
traffic_cone [424.3645081762495, 1092.6576069252435, 0.7060184824658046] [-0.9995095808010586, 0.011080340038174081, -0.02760635393618454, -0.009783310987650423] [0.409679114818573, 0.4298095107078552, 0.7709222435951233] [0.0001429252641395563, 8.182117495328423e-05] 0.2047516107559204
pedestrian [392.0606666766297, 1109.8697035140726, 1.978863290911467] [0.011994589554029794, -0.027630800380135122, -0.011019236968346769, -0.9994854901940394] [0.6010215878486633, 0.6009401679039001, 1.8725781440734863] [0.00033331355315837296, 0.00039023256023852524] 0.20416149497032166
traffic_cone [397.472393325608, 1105.0647058255788, 1.0645632052109013] [-0.18326450450209592, -0.024949498246404536, -0.016198989174146392, -0.982613472672032] [0.3766290843486786, 0.3632645010948181, 0.8499202728271484] [0.0, 0.0] 0.2036283314228058
traffic_cone [461.4142003523956, 1085.025041066361, 0.24263237014547623] [-0.2099482171133832, -0.024499232910688715, -0.016872234582273972, -0.9772598740447191] [0.4167696237564087, 0.4109642505645752, 1.239111065864563] [-5.3282674679017844e-06, -3.097549231393336e-07] 0.20338451862335205
