car [646.7604278310325, 1622.1562686693937, 0.7936924946054474] [0.3433385901967567, 0.01604252130473625, -0.01598144359277327, 0.9389386792824045] [1.8625930547714233, 4.677465438842773, 1.540867805480957] [0.0, 0.0] 0.8678176403045654
car [650.7341266916635, 1603.2671917595585, 0.6868222197684318] [0.9421820073986914, 0.01613426600596861, 0.015888816493702607, -0.3343356037054004] [1.8429032564163208, 4.6211628913879395, 1.472408652305603] [0.0, 0.0] 0.8658236265182495
car [662.203002707692, 1617.9539543426415, 0.5729543036375215] [-0.49237012754742676, -0.0017692919235507976, -0.022575177412617786, 0.8700913104208161] [1.8496893644332886, 4.297187805175781, 1.6782695055007935] [0.0, 0.0] 0.7617588043212891
car [670.8330563922614, 1620.056130169355, 0.3910491530988542] [0.8758178843633473, 0.02259441217177576, -0.0015038509679558103, 0.4821102201781177] [1.7877088785171509, 4.028017044067383, 1.5455600023269653] [0.0, 0.0] 0.7524720430374146
car [670.2642677094927, 1604.484354941929, 0.6281619998644219] [0.36119672277326076, 0.016344622428445463, -0.01567234337275277, 0.9322146525499042] [1.9248981475830078, 4.816247940063477, 1.6100058555603027] [0.0, 0.0] 0.7371366024017334
car [664.0866109369751, 1596.0891422141262, 0.8223354289176359] [-0.9011970099694078, -0.014349545851281304, -0.017517407427581448, 0.4328177216717003] [1.8886799812316895, 4.5114240646362305, 1.749747633934021] [4.186625742809442, -5.201621111698435] 0.6941463947296143
car [619.4658346088962, 1635.1461730421984, 1.426412288891463] [0.9475800725472091, 0.01639471488281848, 0.01561993447595093, -0.31871497781294844] [2.014235734939575, 4.858312606811523, 1.8101718425750732] [0.0, 0.0] 0.6794590353965759
car [669.7268118594689, 1630.0889124482896, 0.6531852965099368] [-0.4980981607287971, -0.0019181494615753423, -0.02256301690299789, 0.8668249265275382] [2.052826404571533, 4.73793888092041, 1.8029735088348389] [0.0, 0.0] 0.6688867211341858
car [663.452006386978, 1605.2087371047774, 0.6749044644607716] [0.5264284871803429, 0.018947391231235067, -0.012400217524399598, 0.8499178071177812] [1.847599983215332, 4.590865135192871, 1.5318671464920044] [-0.45910387600335467, 0.8841005860735308] 0.6573915481567383
car [674.2987865127893, 1581.2169889009413, 0.9440737039072509] [-0.9230008551274095, -0.015263508841485017, -0.016727053744393216, 0.38413103546179805] [1.9795035123825073, 4.78024435043335, 1.7828313112258911] [0.0, 0.0] 0.6456655859947205
car [666.3104653550693, 1622.795661513259, 0.5522778284345213] [0.8611358152780999, 0.02253987873457368, -0.0021732224351463728, 0.5078703954910194] [2.0167925357818604, 4.66028356552124, 1.7791974544525146] [0.0, 0.0] 0.6042760014533997
car [677.3873459689214, 1597.8609641071946, 1.0210415622261608] [-0.9365445274198545, -0.01587024213144863, -0.016152536760865244, 0.3498164935088165] [1.8080646991729736, 4.326175212860107, 1.5648829936981201] [0.0, 0.0] 0.47103559970855713
car [671.6744300397488, 1570.137946820299, 1.3555095985149035] [-0.9342963805793845, -0.015766991274537883, -0.016253338588442575, 0.3557773239080092] [1.7865644693374634, 4.128252983093262, 1.5839933156967163] [0.0, 0.0] 0.4619249105453491
car [673.6348674874765, 1625.2104826180048, 0.5643067274944311] [0.8630655934870022, 0.022547999427104493, -0.0020872831521395584, 0.5045839992605897] [1.9858646392822266, 4.642113208770752, 1.7542885541915894] [0.0, 0.0] 0.45756882429122925
car [675.4157389389645, 1568.3281237882345, 0.9856791411998196] [0.8381941350769585, 0.02242381011270311, -0.003153057111969889, 0.5449016635077121] [1.8768949508666992, 4.369243621826172, 1.5972703695297241] [0.0, 0.0] 0.3060510456562042
car [673.0909526753376, 1562.484740603725, 1.3344378267627997] [0.361071977634253, 0.016342525127808587, -0.015674530346037652, 0.9322629768140382] [1.8988227844238281, 4.353650093078613, 1.6940295696258545] [0.0, 0.0] 0.29600733518600464
car [678.0484342386535, 1578.0217293867847, 0.8006163989514433] [-0.9332402687617972, -0.01571886151155988, -0.01629989024203267, 0.3585384661822088] [1.86468505859375, 4.501831531524658, 1.6056928634643555] [0.0, 0.0] 0.2635383605957031
car [659.1666406618626, 1585.245367568806, 0.8836376662234916] [0.9438012233313449, 0.016211557470711412, 0.01580994729579233, -0.32973698883980124] [1.8754616975784302, 4.434267044067383, 1.6550499200820923] [0.003867917111634601, -0.003191042107887934] 0.24588549137115479
car [686.7463635607196, 1570.7201664678187, 1.111140340509642] [-0.9139071814743467, -0.01487413825843688, -0.017074221510534955, 0.4052911232934887] [1.9538824558258057, 4.604351997375488, 1.732269525527954] [0.0, 0.0] 0.24476274847984314
car [675.1829827736974, 1599.8407067919723, 0.8336222091591813] [0.3635079185606226, 0.01638344652917601, -0.01563175322692694, 0.9313158562564079] [1.834909439086914, 4.368961334228516, 1.5761359930038452] [0.0, 0.0] 0.23107534646987915
car [618.6972554975755, 1620.320707174722, 1.138553742211432] [0.9209644737781282, 0.022628820671047854, 0.0008399429501266507, 0.38898800625399454] [1.8438702821731567, 4.297093868255615, 1.6222772598266602] [0.0, 0.0] 0.23085787892341614
car [670.1698894223064, 1570.1879286899532, 1.3597884332119086] [-0.7579037480756878, -0.009308887735027464, -0.020642520152795434, 0.6519732660345106] [1.7923051118850708, 4.133285045623779, 1.5795021057128906] [0.0, 0.0] 0.22394216060638428
car [616.6376133169861, 1633.696377490949, 1.423622522084808] [0.9426397824709638, 0.016156048056584986, 0.01586666758696441, -0.3330427472171952] [1.8919575214385986, 4.459711074829102, 1.6032155752182007] [0.46855629335141125, -0.37778829038655304] 0.17768505215644836
car [694.309776140992, 1582.4196775662365, 0.8539740981532935] [0.32520599918451654, 0.01573200231768082, -0.01628720762434112, 0.9453720373827874] [1.9358162879943848, 4.643131732940674, 1.7800421714782715] [0.0, 0.0] 0.1651424914598465
car [676.1433436640206, 1583.3536253433701, 0.8363029764548491] [0.9426940819839329, 0.01615863535104758, 0.015864032675010027, -0.3328890186884399] [1.8273494243621826, 4.3429951667785645, 1.5537954568862915] [0.13434754621027734, -0.13014192197159696] 0.15731820464134216
car [665.2837886920375, 1569.1546395451328, 2.0243875056161356] [0.9454079936979108, 0.016288947209046393, 0.015730201141206362, -0.32510145558421194] [2.3855528831481934, 6.010708808898926, 2.5258443355560303] [0.0, 0.0] 0.14220748841762543
car [671.0515881744574, 1561.9250689900339, 1.254858957778398] [0.8926822299793216, 0.022634021093002058, -0.0006856517216838071, 0.4501173927433019] [1.9698407649993896, 4.632411003112793, 1.7398693561553955] [0.0, 0.0] 0.13884976506233215
car [691.0924130504757, 1585.1257175337785, 1.1145414579400943] [-0.9234453791949038, -0.015282882458799793, -0.01670935465158424, 0.3830611734624939] [1.8623661994934082, 4.489502906799316, 1.6807777881622314] [0.0, 0.0] 0.13028976321220398
car [686.7133763139163, 1580.0235886442995, 1.034002145063097] [-0.931030603103203, -0.015618904848440043, -0.01639569579058133, 0.36423789898384895] [1.9084588289260864, 4.479153633117676, 1.6319488286972046] [5.135356224700217, -4.535007324410615] 0.12927168607711792
car [615.3556407006978, 1649.026711594714, 1.9173276476209407] [0.5338888711305941, 0.019055801066212828, -0.012232966723032987, 0.8452513852421553] [1.8906240463256836, 4.408204078674316, 1.7008864879608154] [0.0, 0.0] 0.12646619975566864
car [655.9464890815119, 1582.4164128164032, 1.0404634428329746] [-0.8292304493555266, -0.011668855149311572, -0.01940636103514245, 0.5584479320693325] [1.8991429805755615, 4.403294086456299, 1.7069964408874512] [0.0, 0.0] 0.12160447239875793
car [622.0544608047192, 1653.5137684565232, 0.8887155920177519] [0.25545575039789975, 0.014503393714653926, -0.01739024438815186, 0.9665555289581287] [1.9038187265396118, 4.39290189743042, 1.6812622547149658] [0.0, 0.0] 0.1192256286740303
car [679.8070885904725, 1576.4638725345544, 0.7213564239382738] [0.9415024207194091, 0.02254501961161425, 0.002119226234699635, 0.33624458768934085] [1.8709526062011719, 4.455363750457764, 1.6149022579193115] [0.0, 0.0] 0.11759807914495468
car [676.8250326729764, 1557.0117748265045, 1.533736898745536] [0.7889716326032294, 0.022075695789111307, -0.005043082841727232, 0.614012209909768] [1.9770562648773193, 4.83747673034668, 1.8324897289276123] [-0.0014923643613562, 0.0027251617419150106] 0.11574952304363251
car [619.7617053700584, 1651.421417352917, 1.6741381032180551] [0.7086309696286153, 0.02130057773085475, -0.0076846872059781945, 0.7052158391968312] [1.9784425497055054, 4.547085762023926, 1.721058964729309] [0.0, 0.0] 0.10220040380954742
truck [665.2700067677381, 1569.0884198675249, 2.100925633962726] [-0.9322553522328841, -0.0156741852548039, -0.016342856106568344, 0.36109166316051045] [2.5594167709350586, 6.375517845153809, 3.0916624069213867] [0.0, 0.0] 0.2487298548221588
construction_vehicle [696.4876274031482, 1581.0950953135648, 1.546736704025511] [0.32676190513927517, 0.015758794295702296, -0.016261286279616722, 0.9448353763067054] [2.880825996398926, 7.469967842102051, 3.408653736114502] [0.0, 0.0] 0.21437343955039978
construction_vehicle [622.1008927313354, 1648.7902851275041, 1.610524480839544] [0.9643358675328683, 0.017265594429937955, 0.01465156230928312, -0.2637111403799867] [1.848694920539856, 3.897362232208252, 2.3914761543273926] [0.0, 0.0] 0.2035570740699768
truck [673.6836881370444, 1625.3326828289535, 0.6737924845665849] [0.8620332856502859, 0.02254368956173354, -0.002133328400902308, 0.506345579028646] [2.0314393043518066, 5.01979923248291, 1.871567964553833] [0.0, 0.0] 0.16203099489212036
truck [677.8156509998809, 1597.5050665236072, 0.8920432798950177] [-0.9261965111244401, -0.015403544592477579, -0.01659818794656407, 0.37636053692144317] [2.048145055770874, 5.305261611938477, 1.8428237438201904] [0.0, 0.0] 0.15752500295639038
construction_vehicle [626.5829262282439, 1595.0684476479712, 0.8388022626278594] [0.9997150354772905, 0.020445904158996657, 0.009733140923824813, -0.007555052052902189] [1.8340249061584473, 3.160230875015259, 2.2884957790374756] [0.0, 0.0] 0.15049555897712708
truck [666.5884422046241, 1623.2874053187845, 0.4341651672881791] [0.8658075173660493, 0.022559058951681546, -0.001964150792700731, 0.4998645554981076] [2.177232265472412, 5.746499538421631, 1.859637975692749] [0.0, 0.0] 0.1398802250623703
construction_vehicle [619.1186822097654, 1620.635179790802, 0.7416227452532681] [-0.3513509876008233, 0.0017561747036110246, -0.022576201618791123, 0.9359699324672821] [1.6427786350250244, 3.125354290008545, 1.939812183380127] [0.0, 0.0] 0.1384402960538864
truck [669.7873251670085, 1630.208279015735, 0.6721572982984112] [-0.49979260103913214, -0.001962276020558185, -0.022559222104076473, 0.8658490555041458] [2.055403709411621, 4.918614864349365, 1.9136418104171753] [0.0, 0.0] 0.1320037841796875
truck [671.9206825008064, 1561.1684528067008, 1.2907868578977022] [0.7465218382964417, 0.02169271974707553, -0.006495763165075354, 0.6649754701621586] [2.229771375656128, 5.655383586883545, 2.087984085083008] [0.0, 0.0] 0.13168847560882568
construction_vehicle [657.075801522099, 1583.737364306657, 0.9745026003919134] [0.13541385597962102, 0.012269335448929598, -0.019032404912767854, 0.9905303218880344] [1.7898586988449097, 3.5880372524261475, 2.3429839611053467] [0.0, 0.0] 0.1138998344540596
truck [686.7887839703596, 1570.605926327163, 1.2441614796566645] [0.39354610244993826, 0.016882207048335415, -0.015091723370743455, 0.9190259496974745] [2.011956214904785, 5.128511428833008, 1.9750090837478638] [0.0, 0.0] 0.10837547481060028
truck [659.4941932635783, 1584.9009195281747, 0.977662605675522] [-0.9352829949120033, -0.01581216803748599, -0.016209391446819245, 0.35317552349974085] [2.084455966949463, 5.248966217041016, 1.9486117362976074] [0.0, 0.0] 0.1074262261390686
construction_vehicle [669.8949665346049, 1578.4498450135184, 1.2007596699678864] [-0.9142457878634572, -0.01488841142768515, -0.01706177699660515, 0.40452672389448985] [1.7249035835266113, 3.630642890930176, 2.216064214706421] [0.0, 0.0] 0.10703752934932709
truck [619.3397022042747, 1635.2565915516363, 1.312081072838232] [0.945954107731991, 0.01631541298022275, 0.01570274907163358, -0.323508975201393] [2.1170592308044434, 5.2046661376953125, 1.98388671875] [0.0, 0.0] 0.10685074329376221
truck [672.0243735773868, 1569.784891626587, 1.432775925694835] [0.6056323462689055, 0.020050871264723324, -0.010522907898836843, 0.7954223356957629] [1.9482536315917969, 4.8850932121276855, 1.7977983951568604] [0.0, 0.0] 0.10138002038002014
bus [665.6943273367486, 1568.6687139002336, 2.2140507934227287] [-0.9309939080224404, -0.015617253200437442, -0.01639726902857109, 0.364331681570497] [2.6581249237060547, 7.385415077209473, 3.041900873184204] [0.0, 0.0] 0.2017294019460678
trailer [626.1911555185163, 1595.386197906726, 1.408717604880443] [0.7578818476242379, 0.021801546384649956, -0.006120588563191167, 0.6519987239347587] [1.7416818141937256, 2.8388373851776123, 1.7753839492797852] [0.0, 0.0] 0.16519539058208466
bus [656.1965157725366, 1667.1912752809424, 2.836685854247805] [-0.412652759649845, 0.0002550104009440418, -0.02264296797721802, 0.9106069025239429] [2.9856607913970947, 10.657513618469238, 3.5065972805023193] [-0.4965274223143002, -0.6848690310738059] 0.10819947719573975
barrier [619.536076907074, 1620.2752911645512, 0.9342166508675226] [-0.9328188827346795, -0.01569972283276598, -0.016318325039544862, 0.35963337301272075] [2.7817063331604004, 0.5903503894805908, 0.9739084839820862] [0.0, 0.0] 0.20395219326019287
barrier [623.9155198297037, 1652.844661999752, 0.6500125740108581] [0.47161290788239196, 0.018125074434334407, -0.013573897961593334, 0.8815148870493321] [1.8661407232284546, 0.4249314069747925, 0.9662226438522339] [0.0, 0.0] 0.17908143997192383
barrier [624.1336842190664, 1653.1952582330107, 0.6952617158031147] [0.016354745919294977, 0.009912738804058165, -0.02035943610526652, 0.9996098005005741] [2.623931407928467, 0.4940524697303772, 0.9677426815032959] [0.0, 0.0] 0.17212256789207458
barrier [674.5128998006589, 1584.1284783765493, 0.28548203581402537] [0.8904554457037368, 0.022630371281616938, -0.0007970726303654259, 0.4545066888258542] [1.920730471611023, 0.5117272734642029, 0.9529823660850525] [0.0, 0.0] 0.1363760232925415
barrier [676.1489955529698, 1610.6694813830284, 0.16841497290460727] [-0.14217025550338136, 0.006563086815011825, -0.02167244611437593, 0.9895831695319934] [1.586437702178955, 0.4473027288913727, 0.9613330364227295] [0.0, 0.0] 0.1182844266295433
barrier [635.0427686890731, 1646.4796520876437, 0.9690119705972817] [0.9976910869395526, 0.02109019856452326, 0.008244546902704314, 0.0640291028537533] [2.0075840950012207, 0.47385373711586, 1.0693529844284058] [0.0, 0.0] 0.10141663253307343
bicycle [678.2065046835255, 1610.354712556645, 1.0714875324893944] [0.925225572368792, 0.022618103012688576, 0.001091075262902667, 0.37874116650520545] [0.5256403684616089, 1.623324990272522, 1.116457223892212] [0.0, 0.0] 0.37841784954071045
bicycle [688.131815959822, 1592.218330735872, 0.41976552554830093] [0.9464647619007277, 0.01634023658639297, 0.01567691606862187, -0.3220119337091114] [0.6481309533119202, 1.7573368549346924, 1.620362401008606] [1.388253130672936, -1.0731318417295117] 0.2622512876987457
bicycle [655.7315717600079, 1583.8424151938882, 0.8142211641383565] [0.3296897492800746, 0.015809135854979103, -0.016212348770018623, 0.9438177261476518] [0.5610565543174744, 1.8134984970092773, 1.1636873483657837] [0.0, 0.0] 0.25632670521736145
motorcycle [623.8322578252797, 1652.7535822585676, 0.8025142095413877] [0.8847026182581048, 0.022618635343660237, -0.0010799834778524031, 0.4656055285519456] [0.7304081916809082, 1.948144793510437, 1.2911977767944336] [0.0, 0.0] 0.2491530478000641
bicycle [681.2029728556992, 1633.043185866133, 1.5620895262958576] [0.9728476416142006, 0.02217366362667701, 0.004593220057094078, 0.2303360527068442] [0.6398729681968689, 1.7662084102630615, 1.226393699645996] [0.0, 0.0] 0.24299678206443787
motorcycle [635.0353104244165, 1646.5163046174862, 0.9574211190388242] [0.41763148335483824, 0.01727410388878549, -0.014641528743999252, 0.9083342859772054] [0.6988198161125183, 1.8925209045410156, 1.2888925075531006] [0.0, 0.0] 0.23770710825920105
motorcycle [622.4634511939413, 1648.201286647834, 1.6630053551071933] [0.18453189790983732, 0.013201132599276034, -0.01839834577396136, 0.9825656261159739] [0.7272534370422363, 1.8328299522399902, 1.4195289611816406] [0.0, 0.0] 0.2227286994457245
motorcycle [679.2468852895454, 1596.3498567298595, 0.6597068721478297] [-0.4912725029338309, -0.0017408219733271012, -0.022577390637075218, 0.8707115244626152] [0.7112753391265869, 2.0464065074920654, 1.3023473024368286] [0.0, 0.0] 0.20821808278560638
bicycle [673.251843665691, 1604.4010426131913, 1.0605936909268943] [0.5359259294276436, 0.01908524960115761, -0.012186971600173013, 0.8439612722974905] [0.5638434886932373, 1.618944525718689, 1.2182729244232178] [0.0, 0.0] 0.2022629976272583
motorcycle [674.5065028863439, 1584.1184435886541, 0.3072123808976487] [0.6629382898973155, 0.020775858039020986, -0.009007372084262824, 0.7483315139421199] [0.5957511067390442, 1.7051774263381958, 1.1322435140609741] [0.0, 0.0] 0.18448278307914734
motorcycle [632.2904749572085, 1645.19266288507, 1.1572697422381997] [0.8666784551842545, 0.02256245201888033, -0.001924782589705385, 0.4983529735943356] [0.7652268409729004, 2.064605474472046, 1.4022924900054932] [0.0, 0.0] 0.1720055341720581
bicycle [658.7505950305102, 1588.7392529415129, -1.213208984256921] [-0.9164219656445864, -0.014980543124852266, -0.01698094098706994, 0.3995722861448162] [0.5437864065170288, 1.5702292919158936, 1.096558928489685] [0.0, 0.0] 0.17134398221969604
bicycle [637.8659884593468, 1642.39348907104, 1.2292510796158398] [0.948583382354459, 0.016444036476255114, 0.015568002231805518, -0.31571632471548994] [0.7506213188171387, 1.775044322013855, 1.6790835857391357] [0.0, 0.0] 0.1685723215341568
motorcycle [619.6618146582385, 1620.3885973334336, 0.9488482601537629] [-0.3904034609910898, 0.0008051518267979604, -0.02263008527729655, 0.9203653451847592] [0.8189866542816162, 2.383366823196411, 1.3920515775680542] [0.0, 0.0] 0.16628766059875488
motorcycle [678.4630815818322, 1572.0280380051945, 1.0200976968807232] [0.5620800891092284, 0.019457361310891406, -0.01158361428654013, 0.8267727646686508] [0.7865803241729736, 1.9764381647109985, 1.4777038097381592] [0.0, 0.0] 0.16179640591144562
motorcycle [678.4151647470126, 1596.316405185775, 0.6546948426610943] [0.25050731373192814, 0.01441423189388031, -0.01746421907877229, 0.9678498420404354] [0.6641198992729187, 1.940040946006775, 1.2390884160995483] [0.0, 0.0] 0.15686039626598358
motorcycle [635.9499039974764, 1651.4404528046553, 0.9773523103617419] [-0.9192714079527416, -0.015102257695320337, -0.016872784050833103, 0.3929724029642112] [0.8926408290863037, 2.009390115737915, 1.5779495239257812] [0.0, 0.0] 0.14805670082569122
bicycle [651.1407208532867, 1629.9511841747617, 0.6484312447490947] [0.5472737947816719, 0.019248080497845207, -0.011928135909285287, 0.8366472521416364] [0.3751859664916992, 1.222640872001648, 0.9848489165306091] [0.0, 0.0] 0.1436491310596466
bicycle [611.1223925322112, 1634.533807015267, 1.784853100221362] [0.5740661783538693, 0.019624064706243456, -0.011298898774972721, 0.8184957262204036] [0.563850998878479, 1.6760504245758057, 1.1831061840057373] [0.021332405837386402, 0.019187009384744685] 0.14237557351589203
motorcycle [619.8774491552534, 1637.3504223601076, 0.961276131511273] [0.9241565667083969, 0.022621082573859714, 0.0010274494189645225, 0.3813421969578382] [0.7279161810874939, 2.022301435470581, 1.2945256233215332] [0.0, 0.0] 0.14030081033706665
bicycle [680.2470316182367, 1610.4050570897145, 1.3243413167690061] [0.8833530508524058, 0.022615419067113465, -0.001145360004867953, 0.46816088956749635] [0.6057000160217285, 1.6735873222351074, 1.1559462547302246] [0.0, 0.0] 0.13332301378250122
motorcycle [679.6733567390514, 1595.1578643797905, 0.4050289672011196] [-0.8735275341114637, -0.013269750759554905, -0.018348916695576395, 0.4862477538457409] [0.6929937601089478, 1.9559693336486816, 1.2700226306915283] [0.0, 0.0] 0.13026878237724304
bicycle [640.1258745028799, 1632.955667284386, 0.8202540373394499] [0.9997382739199752, 0.020487550250468004, 0.009645170493903083, -0.0032580101888897706] [0.448047935962677, 1.4749729633331299, 1.0898504257202148] [0.0, 0.0] 0.12759681046009064
bicycle [665.2651097543005, 1585.132304483198, 1.0445633334420468] [0.9404376371269354, 0.016051751536532988, 0.0159721727304497, -0.3392112640317081] [0.6578024625778198, 1.4181816577911377, 1.7777421474456787] [1.0701931326113676, -0.9061095654673696] 0.12613660097122192
motorcycle [626.5155186081396, 1595.6567347976213, 1.5106921286050654] [0.4503470332055735, 0.01779449318331521, -0.014004465054790879, 0.8925664012575314] [0.6896626949310303, 1.9066176414489746, 1.312219500541687] [0.0, 0.0] 0.12584726512432098
bicycle [611.3826886970871, 1634.857439482652, 1.744626800020675] [-0.8240693273132337, -0.011490225864098818, -0.019512655860079758, 0.5660361956203834] [0.5696653127670288, 1.6543294191360474, 1.1523656845092773] [-0.008101781229165128, -0.0033508033218009998] 0.12204346805810928
bicycle [674.0850171951377, 1578.9950758203292, 0.47260538052541623] [0.5533097245338385, 0.019333835875699663, -0.011788630940589281, 0.8326677486892176] [0.5719896554946899, 1.6439054012298584, 1.0480583906173706] [0.0, 0.0] 0.11140483617782593
motorcycle [672.4539719918697, 1563.689554522975, 0.8787758962740322] [0.9990829844790893, 0.020157171739640628, 0.010317822278976482, -0.03633759891954935] [0.6924511790275574, 1.920339822769165, 1.2917622327804565] [0.0, 0.0] 0.11118315160274506
motorcycle [649.4197288575745, 1628.1368036127353, 0.7738757571049503] [-0.43208002426964326, -0.00023048095812584768, -0.02264323094546915, 0.9015509323371735] [0.755966067314148, 1.9714796543121338, 1.3042960166931152] [0.0, 0.0] 0.10827736556529999
bicycle [629.8418514951935, 1647.0031344542786, 2.467341549399548] [0.9816225265954177, 0.021962371372196293, 0.005515729582896801, 0.18948468606014268] [0.5996477603912354, 1.6676139831542969, 1.206774353981018] [0.004809488582300756, -0.004544222981334149] 0.10390952229499817
motorcycle [625.8698420731236, 1594.8845150701131, 1.4037815582209545] [-0.7713949431892875, -0.009739263555197736, -0.020442988395151705, 0.6359536717347248] [0.7913668155670166, 2.3153252601623535, 1.4455602169036865] [0.0, 0.0] 0.10329572856426239
motorcycle [657.0372136556496, 1584.4667135423867, 1.207688189418125] [0.9674870339891039, 0.01744338291183471, 0.014439439799141208, -0.2519048829098973] [0.6193991899490356, 1.7190940380096436, 1.2969400882720947] [0.0, 0.0] 0.10167387872934341
motorcycle [675.1220913817954, 1584.0961565256432, 0.3438164928638421] [0.34931145833096605, 0.016143977186437928, -0.0158789492639054, 0.9367330121489134] [0.7268701791763306, 1.9739789962768555, 1.2630338668823242] [-0.0002150450520411323, 0.00012470557901648072] 0.10078806430101395
pedestrian [632.0561495537077, 1614.7895884664995, 1.2405408481415083] [-0.9297471847055471, -0.015561295187588114, -0.016450383618829598, 0.36750156938847434] [0.6481568217277527, 0.7671749591827393, 1.7626023292541504] [0.9752468317922497, -0.9232200420146472] 0.8655844330787659
pedestrian [632.0442452402597, 1613.7220978297157, 1.2372590532669665] [-0.9301242451347909, -0.015578187202788807, -0.01643438811141982, 0.3665462038861102] [0.6579234004020691, 0.7765675187110901, 1.786237120628357] [0.9477383988571051, -0.844157580816171] 0.8581289052963257
pedestrian [647.8351773854525, 1600.6257217063267, 0.8288327449642903] [0.33775160567641593, 0.01594724646187632, -0.0160765157732042, 0.9409628493377863] [0.6390693187713623, 0.7843527793884277, 1.6794250011444092] [-1.132767411088602, 0.9482538471974266] 0.8563880920410156
pedestrian [659.0928672598811, 1616.300411656839, 0.5137065256876671] [-0.8731337800525445, -0.013254898608044576, -0.01835964847191711, 0.4869544466395571] [0.62583327293396, 0.7311848998069763, 1.5909943580627441] [0.6959856569271776, -1.037707428742713] 0.8511930108070374
pedestrian [623.1456420080709, 1627.6774998236451, 1.3650824038883926] [0.8836060718974073, 0.022616035095131385, -0.0011331309269876234, 0.46768316270410704] [0.712818443775177, 0.8096030950546265, 1.8209500312805176] [0.7381753342102455, 1.1673447716266576] 0.797069787979126
pedestrian [622.5344914046161, 1623.188704436548, 1.3760095921151003] [0.5088713618552607, 0.018688860570809582, -0.012786536657232459, 0.8605446926537021] [0.6251741051673889, 0.6816142797470093, 1.7615677118301392] [-0.5165231633907807, 0.8465623570187228] 0.7861277461051941
pedestrian [665.2183401413796, 1611.9855312548277, 0.6547937485643929] [0.26060558949041845, 0.014595908676339139, -0.01731266816622666, 0.9651797540858562] [0.7156686782836914, 0.9118936061859131, 1.8192455768585205] [-1.2605108228719903, 0.7289990655410673] 0.7829653024673462
pedestrian [664.02678621302, 1613.1505032298994, 0.6705442916926615] [0.24621054151635344, 0.014336602052143148, -0.017528002473767373, 0.9689518048990395] [0.6765908598899841, 0.8386264443397522, 1.736046552658081] [-1.1688163395632523, 0.6334705376572215] 0.7822181582450867
pedestrian [622.0763505501075, 1624.4773281393311, 1.383030936425277] [0.5855953685523214, 0.019782046743341424, -0.011019966232532895, 0.8102871684168232] [0.6440858840942383, 0.7328935265541077, 1.830182433128357] [-0.2957211616302777, 1.0746879889382193] 0.7707846164703369
pedestrian [650.4611358881887, 1597.775990156653, 0.9710869324039987] [0.9502703211716614, 0.016527659657043867, 0.015479195566399265, -0.31060191189236075] [0.64715576171875, 0.7950690984725952, 1.7772071361541748] [1.1947643079009682, -0.8586607519618953] 0.7606603503227234
pedestrian [628.0065653169167, 1632.7128608790738, 1.4614734602701946] [-0.4278560156399027, -0.0001245076509784667, -0.022644061626986404, 0.9035632024665622] [0.716717541217804, 0.8074194192886353, 1.7928972244262695] [-0.9422071828934951, -1.1427034106161327] 0.7558355927467346
pedestrian [627.5068101802942, 1643.1938795925007, 1.6523874433777028] [0.28569886180968096, 0.015042635542448463, -0.016925960683487846, 0.9580518729857663] [0.6393473148345947, 0.6970651745796204, 1.7711479663848877] [-1.0602195158688963, 0.6821912496143872] 0.7257199287414551
pedestrian [623.1032282588969, 1626.270562901437, 1.2894622616514904] [0.8909891673751056, 0.022631292714370567, -0.0007704668704025999, 0.45345951813926977] [0.6709415912628174, 0.7490084171295166, 1.8001365661621094] [0.6449390659567846, 0.9088877509731005] 0.7105826139450073
traffic_cone [647.5117419553437, 1603.8362649304884, 0.43480725643583357] [0.9985119285850996, 0.02001829024585704, 0.010584757189210108, -0.04961007401876344] [0.3479328155517578, 0.35280880331993103, 0.8169857859611511] [0.0, 0.0] 0.6884331703186035
pedestrian [627.890861069353, 1644.0735574909452, 1.6500347796893122] [0.2812910572178864, 0.014964656949361207, -0.016994942527406368, 0.9593552898171388] [0.65830397605896, 0.7395466566085815, 1.8078947067260742] [-1.099916726441692, 0.702156579919047] 0.6397271156311035
pedestrian [623.2563563522849, 1624.191735161464, 1.3663244878389644] [0.5162618091262264, 0.018798260206390305, -0.0126251511806692, 0.8561314007841309] [0.6330283880233765, 0.6953843235969543, 1.7555515766143799] [-0.4534714136323774, 0.886188037585996] 0.6371338963508606
pedestrian [665.3098828945568, 1585.1071094539768, 1.056422124704364] [0.9410336769788905, 0.016079860587871316, 0.015943873826537037, -0.33755421751545556] [0.7007501721382141, 0.7741945385932922, 1.804836392402649] [1.094832787251221, -0.9074822497193155] 0.6293533444404602
pedestrian [608.8891780266947, 1634.726609135854, 2.341043371899426] [-0.9353830754187603, -0.015816762435357103, -0.01620490836707776, 0.3529103755785935] [0.6658651828765869, 0.7590627670288086, 1.8801648616790771] [0.8336184823149997, -0.6912743996539301] 0.6173694729804993
pedestrian [609.8118185780422, 1634.970184543705, 2.3539301967613033] [0.3897425100127784, 0.016819657527221595, -0.01516140329220512, 0.9206454295003162] [0.6896201372146606, 0.7924572229385376, 1.8990397453308105] [-1.0216034907673213, 1.0485703175664] 0.6121292114257812
pedestrian [658.5656927114568, 1616.2221820040686, 0.4487271635157416] [-0.8687468802020908, -0.013090284652454182, -0.018477377434030856, 0.4947384047251806] [0.5797646641731262, 0.6770519018173218, 1.5445890426635742] [0.5987721784098222, -1.0781973334150219] 0.6081408262252808
pedestrian [637.9826232822077, 1642.3153839408542, 1.307405571746342] [-0.7124824018551571, -0.007903829001951263, -0.021220238364114206, 0.7013245026502275] [0.6285209655761719, 0.6160945892333984, 1.7681195735931396] [0.0, 0.0] 0.5244560241699219
pedestrian [673.3235339724367, 1604.512572077967, 0.8320311179628027] [-0.2475858525727107, 0.004198499411128124, -0.022251778172017334, 0.9686012990785872] [0.6429271101951599, 0.7065011858940125, 1.6880745887756348] [-0.0003869703778211866, -0.00010704777435308515] 0.49978435039520264
pedestrian [629.4764033880324, 1615.3774512091807, 1.0175661202484272] [0.6703793083941026, 0.020864784396812105, -0.008799420503445461, 0.7416729830915557] [0.5876898765563965, 0.5621092319488525, 1.6190472841262817] [-2.5646613366492693e-05, 0.002730803183405217] 0.4777815639972687
pedestrian [608.3586567163119, 1633.7560978842073, 2.304579371994566] [-0.9393126169251067, -0.01599893244824746, -0.016025080019716743, 0.34231423963398044] [0.6529290676116943, 0.7002438306808472, 1.8249558210372925] [0.821576068709308, -0.6707930359081558] 0.46866053342819214
pedestrian [673.0367869508798, 1604.1470154114074, 0.822622433905049] [0.4585138202926065, 0.017922179789723207, -0.013840682812157331, 0.8883987323108704] [0.6401051878929138, 0.6782631874084473, 1.711774468421936] [0.013323842803126372, -0.020555965417160826] 0.3711718022823334
pedestrian [622.7776676459473, 1624.1033571059327, 1.3768857387182947] [0.5501580898221066, 0.019289133916873154, -0.011861633186827345, 0.8347534409477886] [0.6383755803108215, 0.7413955926895142, 1.7924613952636719] [-0.4551785156937259, 0.9845979845817403] 0.36806929111480713
pedestrian [687.917209034176, 1592.3541416129228, 0.7176293553574399] [-0.9390727270066005, -0.0159877091106772, -0.0160362772024644, 0.3429717836255177] [0.6331468820571899, 0.6983100175857544, 1.7162357568740845] [1.0066252934119293, -0.8464747001364041] 0.3678610920906067
pedestrian [636.2695515125132, 1650.9344641321911, 0.8906409915354021] [0.8189681286685255, 0.022302173856288767, -0.003921998266927234, 0.5733920431921391] [0.6255755424499512, 0.6257725358009338, 1.6197890043258667] [0.0, 0.0] 0.3305608928203583
pedestrian [631.7959573230615, 1614.1464486060465, 1.228508137778976] [-0.931898524730518, -0.0156580483082161, -0.016358317526551473, 0.36201156138439355] [0.6736475825309753, 0.8273069262504578, 1.7919946908950806] [0.9558198728839031, -0.878340511181526] 0.31424587965011597
pedestrian [637.2480964573683, 1642.3806778540813, 1.1874584428887016] [0.970679842353765, 0.017629609783011035, 0.01421147029763887, -0.23930707181141175] [0.6090588569641113, 0.6205438375473022, 1.5817805528640747] [0.0, 0.0] 0.31110674142837524
pedestrian [678.5601945167033, 1571.9404835147661, 1.2493961557753586] [0.8148386760278645, 0.022273499725691592, -0.004081695614757032, 0.579245339230312] [0.6252807378768921, 0.6324694752693176, 1.6583725214004517] [-3.064975327341841e-05, -3.017436101743041e-05] 0.3056258261203766
pedestrian [622.5101134789153, 1624.818391019047, 1.3669005928424443] [0.6180306969912506, 0.020213413019451915, -0.010207201537491169, 0.7858277728277308] [0.6655495762825012, 0.7621210217475891, 1.834929347038269] [-0.23200573715082853, 0.9940524296307067] 0.2935587465763092
pedestrian [622.2262427223957, 1648.0514078067133, 1.6486441086444388] [-0.5475571911433803, -0.0032241566364044462, -0.022413697666958915, 0.8364618062996386] [0.6242801547050476, 0.5965819358825684, 1.7051661014556885] [-6.215154656482762e-06, -0.003743270436388054] 0.2834247350692749
pedestrian [635.2502526619219, 1652.090666553918, 1.011973795660264] [0.9994391120663093, 0.020276249818553402, 0.010081801546227898, -0.02467168909883355] [0.6361750364303589, 0.6488453149795532, 1.6891796588897705] [-0.0012662247865027883, 0.0013105585849313415] 0.2797519862651825
traffic_cone [633.0144590736649, 1635.942510572268, 1.1551571524691615] [-0.3116445231503133, 0.002704853847459587, -0.022482277348742793, 0.9499289037403252] [0.39455926418304443, 0.39071595668792725, 1.0403345823287964] [0.0, 0.0] 0.27761614322662354
pedestrian [632.30424576227, 1614.3577631415847, 1.2457282036459045] [-0.9353664987301338, -0.01581600129831942, -0.01620565123817826, 0.3529543086919511] [0.6597709059715271, 0.8106382489204407, 1.7731289863586426] [0.9096455726931726, -0.854330617481347] 0.27258390188217163
pedestrian [631.9868727239984, 1644.5890290939853, 1.2893921431438748] [0.9732023932322849, 0.02216653975699876, 0.00462747710132678, 0.22883254309174555] [0.6118510961532593, 0.6573147773742676, 1.3221501111984253] [-2.037626521039729e-06, -1.1886623655100494e-05] 0.2568652927875519
pedestrian [678.06335666916, 1572.1972697091196, 1.2201206725625209] [0.8241657547444879, 0.0223370304172023, -0.0037183465764892582, 0.565895785173676] [0.5938684940338135, 0.6020092964172363, 1.5694580078125] [-0.000903291576308774, 0.0014167770454471449] 0.23714099824428558
pedestrian [608.7497007455061, 1633.88790296501, 2.2930146162103155] [0.9425078192149547, 0.016149763379146316, 0.015873064351897993, -0.33341601894562994] [0.6683178544044495, 0.7496913075447083, 1.8620256185531616] [0.9985383722395621, -0.7840879646927211] 0.23702795803546906
pedestrian [649.0390160894241, 1627.7329902769536, 0.750574722470569] [-0.4378045165292054, -0.0003744713033317082, -0.02264130739080434, 0.8987849777769493] [0.6662036776542664, 0.7084362506866455, 1.2503377199172974] [0.00010021071123684273, -8.389210061367416e-05] 0.2344668060541153
pedestrian [608.3450499122962, 1632.8834838177113, 2.2185004313728265] [0.9814080701003332, 0.018316524221190237, 0.0133144271216024, -0.19059231598577644] [0.63616943359375, 0.6477125287055969, 1.7874208688735962] [0.2940550589239603, -0.2401963205877703] 0.21997158229351044
pedestrian [636.5346820825913, 1651.4285183111976, 0.8685738540975979] [0.5466381183702674, 0.019239014314659315, -0.011942753339253235, 0.8370627207775388] [0.6105992794036865, 0.6105871796607971, 1.603516936302185] [0.0, 0.0] 0.20877699553966522
pedestrian [650.2083449729907, 1597.4015366333354, 0.9337405284960271] [0.9502661741040395, 0.01652745298601325, 0.015479416233082952, -0.31061459934226165] [0.6456725597381592, 0.7725074887275696, 1.7689541578292847] [0.9417834077669777, -0.7507646994689514] 0.20690053701400757
pedestrian [632.6058637934661, 1645.6477206812892, 1.0741287303611484] [-0.8854573554557511, -0.013726136083066685, -0.018010058782553847, 0.4641686144497386] [0.5591122508049011, 0.5948981046676636, 1.1235623359680176] [0.0, 0.0] 0.20516568422317505
pedestrian [622.9365115763928, 1627.152741937798, 1.3367457732917964] [0.8865500571143164, 0.022622757395000866, -0.0009898873515931488, 0.46207816135528934] [0.7077493667602539, 0.8216025829315186, 1.8177778720855713] [0.6439127643185227, 1.0313858824938418] 0.20306265354156494
pedestrian [622.9502031472131, 1625.4577874528761, 1.275080251771606] [0.8287338412494392, 0.022366488151277134, -0.003536839959722501, 0.559184630814217] [0.6584837436676025, 0.733741044998169, 1.8035964965820312] [0.3307776992490732, 0.6894768808344199] 0.1979093849658966
traffic_cone [655.0740466706924, 1584.3813742954353, 0.624677813912823] [0.988413648120578, 0.01884839469412525, 0.012550181137194052, -0.1500856128343188] [0.4058251976966858, 0.4002505838871002, 1.1631371974945068] [0.0, 0.0] 0.18974483013153076
pedestrian [669.1254458656366, 1579.5621854341023, 1.128263095691525] [0.9055855689795284, 0.022644397593319026, -1.6933918563393976e-05, 0.42355874235683777] [0.531514048576355, 0.5357494950294495, 1.512514352798462] [-5.668799032517508e-05, 7.346272340400858e-05] 0.1861530840396881
traffic_cone [678.7243817949367, 1595.570786164203, 0.6102393356174269] [-0.4054010626961502, 0.0004349973766869849, -0.022640225405330786, 0.9138584186490348] [0.3444945216178894, 0.3438877761363983, 0.777270495891571] [0.0, 0.0] 0.18376921117305756
traffic_cone [674.4753973295391, 1584.2307837487228, 0.4261605238267705] [-0.9209149781192415, -0.015173041769564983, -0.016809159187209412, 0.38910517093264047] [0.40203654766082764, 0.40490472316741943, 0.8182713985443115] [-3.9500960822477215e-05, -0.00032252337015043343] 0.18229728937149048
traffic_cone [692.2600140511744, 1582.9488234136886, 0.533354957652805] [0.9523828841511707, 0.01663366996406671, 0.015365222180248982, -0.30406261353014147] [0.432900071144104, 0.4317808151245117, 1.2546699047088623] [0.0, 0.0] 0.17806246876716614
pedestrian [635.8975556195844, 1642.0086854622077, 1.2134300638958786] [-0.9159443663978185, -0.014960263282830857, -0.01699881030043848, 0.4006658815459348] [0.6010055541992188, 0.6313262581825256, 1.481426477432251] [-0.00026535990794413356, -0.00039047664114551413] 0.17761147022247314
traffic_cone [679.3000854757057, 1595.3598230829502, 0.690951284805617] [-0.585681795040881, -0.004258003931360965, -0.022240468332353634, 0.8102247008877068] [0.39148738980293274, 0.39184898138046265, 0.8532422780990601] [0.0, 0.0] 0.16999146342277527
traffic_cone [677.4786595952174, 1596.424341080367, 0.7920596658139278] [-0.7767113043051589, -0.009910691690857686, -0.020360432690163407, 0.6294495855391924] [0.35678115487098694, 0.3498987555503845, 0.9309260845184326] [0.0, 0.0] 0.16921040415763855
traffic_cone [629.8031619876593, 1638.3740368704628, 1.6200474737741615] [-0.6166740493814801, -0.005117631277879464, -0.022058533025239465, 0.7868928439059096] [0.45888739824295044, 0.44862741231918335, 1.4495518207550049] [0.0, 0.0] 0.16586285829544067
traffic_cone [679.6344355325084, 1595.0781892141615, 0.7475795662973366] [-0.495538904297264, -0.0018515813708458659, -0.022568577171568585, 0.8682905189501666] [0.4142529368400574, 0.4173053205013275, 0.9215711355209351] [0.0, 0.0] 0.16570736467838287
pedestrian [622.0853293314784, 1648.4819639937264, 1.6230221061402825] [-0.5466681810852578, -0.003200341325470736, -0.022417110530181947, 0.8370430877558324] [0.6553729176521301, 0.6496213674545288, 1.7016270160675049] [4.731106884603145e-06, -1.5256485654949035e-05] 0.16551241278648376
traffic_cone [626.8303141771528, 1617.2797517003248, 0.7677491744904141] [0.5872499549200858, 0.019804524567181465, -0.010979518923423564, 0.8090888217107192] [0.35609564185142517, 0.35394996404647827, 1.1684715747833252] [-3.861518603609858e-05, -3.248559781737522e-05] 0.16401585936546326
pedestrian [662.6997734169469, 1569.8041338740613, 1.808997268144195] [0.5342491468671877, 0.019061014155576234, -0.01222484226821895, 0.8450237156687168] [0.6134667992591858, 0.5985269546508789, 1.8358547687530518] [0.0023003246260417296, -0.002355835622797553] 0.16315677762031555
traffic_cone [627.7790331733206, 1594.7740552670061, 0.6008719439335806] [0.9879931885731488, 0.02174193213086031, 0.006329092852769216, 0.15282895767473192] [0.37887105345726013, 0.375321626663208, 0.9409871101379395] [0.0, 0.0] 0.16280072927474976
pedestrian [623.3041023654877, 1624.8704633466555, 1.314305098633757] [0.6732238584547932, 0.020898437662044026, -0.008719193334682417, 0.7390919207907247] [0.6773207783699036, 0.7617034316062927, 1.7908422946929932] [-0.12198470441781833, 0.9375705088439189] 0.15759575366973877
pedestrian [629.7313116359621, 1615.0817390199445, 1.062268185648697] [0.891223869713097, 0.022631688662443306, -0.0007587472623642472, 0.4529980629368022] [0.5964703559875488, 0.5997893214225769, 1.6590677499771118] [-0.007792628537007142, 0.020258766308257844] 0.15354856848716736
pedestrian [637.5680877156667, 1642.6414153541607, 1.2934983482087044] [-0.8786657217600947, -0.013464764967307866, -0.018206293788057715, 0.4769001786272409] [0.6667793393135071, 0.7032907009124756, 1.7324568033218384] [-6.996073191890204e-06, 6.313251487439784e-06] 0.15237632393836975
pedestrian [611.333832223618, 1634.5247626434586, 1.9072867994706737] [0.367835364435071, 0.0164559697245108, -0.015555387798055507, 0.9296151761034245] [0.5814224481582642, 0.6200911402702332, 1.6134953498840332] [-0.1705020961407401, 0.21741389909313236] 0.1484755575656891
pedestrian [657.4040205620591, 1584.8520665595097, 0.9239600719746668] [-0.7567822775135272, -0.009273401862322814, -0.020658486077681927, 0.653274686033617] [0.5372822284698486, 0.5184251070022583, 1.5494704246520996] [0.0, 0.0] 0.1483098864555359
pedestrian [623.456219829459, 1627.199580806384, 1.305659445093985] [0.9164889350320113, 0.022636898181203628, 0.0005829835810125476, 0.39941865621772377] [0.6993540525436401, 0.81241774559021, 1.8080999851226807] [0.7016671420904012, 0.9704651651141264] 0.14717990159988403
pedestrian [687.7332939593151, 1587.8024876618604, 1.1273208479093968] [-0.6224441484847731, -0.005279710348113315, -0.022020301718231185, 0.7823365727025344] [0.6523274183273315, 0.6268506646156311, 1.693848967552185] [-4.582623343798852e-05, 0.0002566672088850607] 0.14673343300819397
traffic_cone [657.0545911446161, 1586.6170124352923, 0.7037493119063875] [-0.18379594484415135, 0.0056428432336397775, -0.02193005584494659, 0.9827035573507039] [0.3768678903579712, 0.3636263310909271, 1.228675127029419] [0.0, 0.0] 0.1441805064678192
traffic_cone [686.2768398972142, 1588.8052044590302, 0.7293402713598571] [0.009869340946497718, 0.009780446474105328, -0.02042331745552301, 0.9996948669870043] [0.47698819637298584, 0.4745304584503174, 1.2201987504959106] [0.0, 0.0] 0.14318636059761047
pedestrian [620.7130927386281, 1627.1939597179328, 1.5075138235315313] [0.9651958941397094, 0.022306052028577786, 0.003899881026427781, 0.2605458057745877] [0.5704072117805481, 0.5768129825592041, 1.7284550666809082] [0.0005945451106867723, -0.00039736081268233747] 0.14208893477916718
traffic_cone [685.8400327311623, 1589.2895226286294, 0.7104983268015688] [-0.42476743727184874, -4.7167067148521855e-05, -0.022644354801797443, 0.9050192568141235] [0.4542348384857178, 0.45510268211364746, 1.213234782218933] [0.0, 0.0] 0.14200952649116516
pedestrian [634.6926121102409, 1646.917153119293, 0.9694551678672415] [0.9962415996841608, 0.01964598846948256, 0.01126073559670365, -0.08360565788047372] [0.501427948474884, 0.5178096294403076, 1.2746257781982422] [0.0, 0.0] 0.13922609388828278
traffic_cone [685.6667248072622, 1572.4419141258747, 0.9382447825981898] [0.4574454334196244, 0.017905527217475938, -0.013862219309552806, 0.8889493272478552] [0.591618537902832, 0.5976672768592834, 1.2237499952316284] [0.0004208354170946825, -0.00034822298761779465] 0.13882917165756226
pedestrian [636.1265248341507, 1642.3467755656325, 1.179415054566826] [0.9752380261481951, 0.01790818300077334, 0.013858788212997665, -0.2199955075119826] [0.643966555595398, 0.6885116696357727, 1.5579266548156738] [-2.9562545984485703e-05, -6.489861328745508e-05] 0.13671550154685974
pedestrian [618.5801961724109, 1629.6718251875982, 1.1253562974243123] [0.9442741209722084, 0.02252656003032909, 0.0023071892687619236, 0.32838029087179643] [0.6087262630462646, 0.6511517763137817, 1.4498817920684814] [0.09178592398551168, 0.030231562916656494] 0.1339002400636673
traffic_cone [658.4944075007202, 1589.0257717068662, -0.8058217691711177] [0.5194662938511649, 0.0188454373958269, -0.01255462139938435, 0.8541908454926319] [0.3503148555755615, 0.36950618028640747, 0.8525780439376831] [-0.00023218765012531737, 0.00017394752575646861] 0.13291382789611816
traffic_cone [656.0443986528409, 1585.4637611557878, 0.6975427443112906] [0.9805005297189062, 0.01825368117132985, 0.013400453455661428, -0.19520743375144942] [0.4191216826438904, 0.40346404910087585, 1.2531605958938599] [0.0, 0.0] 0.13254719972610474
pedestrian [635.6559379875965, 1640.8284431186983, 1.1503548995831725] [0.9972041663378843, 0.019784490132102296, 0.011015578937788841, -0.07121152722170482] [0.6373757719993591, 0.6822391152381897, 1.4422662258148193] [-0.0009024528192475451, 0.0005345717212907883] 0.13095438480377197
pedestrian [622.9276084691858, 1647.8748309036682, 1.5811388777319006] [-0.3634472752318508, 0.0014635457832176194, -0.022597058721487102, 0.9313395240713378] [0.604589581489563, 0.5884518623352051, 1.672619342803955] [-2.444171302048468e-06, -0.0004250320259694058] 0.1296214461326599
traffic_cone [695.1592721742978, 1580.6736225015586, 0.4204334363059389] [0.39067923939986304, 0.016835078418606007, -0.015144278251580582, 0.9202483158761154] [0.5882993936538696, 0.5801867246627808, 1.4185625314712524] [-0.02522489487251687, 0.019183504531856205] 0.12539218366146088
traffic_cone [658.7615376953123, 1589.0697563939832, -0.9122086346172626] [0.9838424417015157, 0.021894055367670046, 0.0057809487698221845, 0.1775986511144778] [0.3533609211444855, 0.39484429359436035, 0.7982841730117798] [0.008697430675235252, -0.00834212667538588] 0.1245494931936264
pedestrian [656.9316895419408, 1584.5946510833, 1.062986557538048] [0.9930826739245282, 0.01927833036936236, 0.011879183780531022, -0.11521299285146414] [0.6146801114082336, 0.5983258485794067, 1.6289241313934326] [0.0, 0.0] 0.11928878724575043
traffic_cone [685.5484010416882, 1589.6663065862085, 0.7267237464956013] [-0.28970002952760365, 0.003221551337543385, -0.022414072278403196, 0.9568495826735716] [0.4429190158843994, 0.43924155831336975, 1.2278666496276855] [0.0, 0.0] 0.11907237768173218
