car [1856.8177847495701, 2505.5245630276536, 1.7992465750166358] [0.42474528518393007, -0.02772887984457688, 0.0037983672963344396, 0.9048801712616259] [1.9254298210144043, 4.420647621154785, 1.6923645734786987] [-9.445727880168272, 11.169267465083134] 0.7031987309455872
car [1820.7191197646077, 2560.774556810147, 0.4055720897916284] [0.8975950801102758, -0.003330617505738897, -0.027788943099429142, -0.439931533071085] [1.9699283838272095, 4.71697998046875, 1.750696063041687] [7.144498373995726, -9.593134268877584] 0.6869168281555176
car [1877.3377373004562, 2506.646230669449, 1.8235177229141175] [0.9480117060326669, -0.0069866875477566075, -0.027101744753112625, -0.3170023451860885] [1.930920124053955, 4.594386577606201, 1.6836763620376587] [0.0, 0.0] 0.677028477191925
car [1826.8161388771427, 2556.8648523158304, 0.45716219720207335] [0.9041707339817356, -0.003752129542769777, -0.027735174335978476, -0.42625340519387867] [1.9381319284439087, 4.52781343460083, 1.6316050291061401] [5.421189221550311, -6.76441702207606] 0.6700901985168457
car [1813.2725824728957, 2564.784473276005, 0.3975341185295296] [0.7086107549760055, 0.005776181754591764, -0.027385289771896994, -0.7050443103527488] [1.9120278358459473, 4.534699440002441, 1.6941258907318115] [-0.0024096668087041093, -0.07311687907735902] 0.6353756785392761
car [1852.345518153761, 2564.183241108802, -0.1351539407294418] [-0.3252025058248139, 0.02716124938093948, -0.006751659323400411, -0.9452301369686165] [1.913041114807129, 4.363056659698486, 1.6393879652023315] [0.0, 0.0] 0.41922563314437866
car [1822.1336077368082, 2565.311235194872, 0.012630832171518058] [0.886481255568049, -0.002644802775623614, -0.02786258045893988, -0.46191737914365477] [1.8264310359954834, 4.357669830322266, 1.5390386581420898] [0.07047982739084037, -0.1022998297773216] 0.26710090041160583
car [1853.3581485234797, 2566.7588779098373, 0.16729142088673457] [0.9925281512206079, -0.01232244319856423, -0.025129181545983606, -0.11876258107270077] [2.002962589263916, 4.650211334228516, 1.7719191312789917] [0.0, 0.0] 0.23822522163391113
car [1802.4277638340955, 2569.0174785708855, 0.4652102630065196] [0.43449775569684085, -0.027768302646289697, 0.0034985339353656975, 0.900237958499227] [1.8782188892364502, 4.45388126373291, 1.6720486879348755] [-3.975305251224288, 4.827007954392128] 0.2360067069530487
car [1805.4342376679065, 2569.181909606161, 0.02067491331948812] [0.5528118047723525, -0.027986133622526, -0.00030772782611387765, 0.8328359923374961] [1.9073350429534912, 4.513297080993652, 1.6701102256774902] [-2.0671917111090496, 4.652466044982647] 0.21226733922958374
car [1860.3053029009445, 2496.8553655269484, 2.0528638113319593] [0.44761452055715956, -0.027816489359014224, 0.0030921337766489586, 0.8937885223109725] [1.9357504844665527, 4.490156650543213, 1.671628475189209] [-5.883919736867631, 7.066144612145092] 0.20757126808166504
car [1873.3533369675188, 2494.5402414316727, 2.3722182708497668] [-0.39627104627711135, 0.027596692496282223, -0.004662717535781612, -0.917706891938211] [1.9718599319458008, 4.637485504150391, 1.7145870923995972] [-2.434809517970713, 2.6373457616367486] 0.20560406148433685
car [1804.4894896130684, 2567.646603542397, 0.3460239856349716] [0.45335475716482015, -0.027835804683577915, 0.002913133908790765, 0.89089064748962] [1.9293084144592285, 4.561124324798584, 1.6845099925994873] [-4.703695823562887, 5.435523926228909] 0.15489929914474487
car [1804.2600078784292, 2544.7369003383324, 1.5998120286405162] [0.9344837280809728, -0.022568067694018965, -0.016552966263211635, 0.3549039920602955] [1.922921895980835, 4.739349842071533, 1.9615527391433716] [0.0, 0.0] 0.12652207911014557
car [1879.4036771624774, 2497.800155778076, 2.3958699785013264] [0.9072560466315696, -0.003954348095133186, -0.02770706593443921, -0.4196464553393761] [1.992855429649353, 4.779816150665283, 1.8548318147659302] [7.562398507943626, -8.877302198700326] 0.11949115991592407
car [1862.6931251401936, 2494.086951515303, 2.225383788976129] [-0.4086740408087137, 0.02765735969131682, -0.004288219497410133, -0.9122511770326882] [1.9922378063201904, 4.653489112854004, 1.7429091930389404] [-1.3217811408828648, 0.9959109966935702] 0.1182793527841568
car [1815.6103147376705, 2562.925749160507, 0.34799020280888326] [0.7447622234746262, 0.004325766274491636, -0.027651512032641462, -0.6667427630755195] [1.7645230293273926, 4.0967254638671875, 1.542578935623169] [0.07004119195138722, -0.30404534960255286] 0.10805016756057739
car [1863.739297211649, 2484.6753577670133, 2.425731884407699] [0.5068798983709651, -0.027961704252146752, 0.0012089114394045718, 0.8615622149652847] [1.9840900897979736, 4.640407562255859, 1.75742769241333] [-0.0008922841249341707, 0.006709695843465601] 0.10453049093484879
car [1803.9259877083136, 2566.4218402517495, 0.46789152539270296] [-0.41046738722845544, 0.02766573990201948, -0.0042338170988662546, -0.9114456679639732] [1.8718348741531372, 4.40333366394043, 1.6424297094345093] [-5.753352738589751, 5.867091360502408] 0.10254687070846558
construction_vehicle [1807.4331713220045, 2534.6415852058963, 1.9511917444247895] [0.9406235867362609, -0.022271321696946657, -0.016950120985525674, 0.3382956542787084] [2.603646993637085, 4.218585968017578, 2.963311195373535] [0.0, 0.0] 0.16697832942008972
construction_vehicle [1804.4844871825517, 2545.4048566004612, 1.5518029620350247] [0.7551892900548296, -0.026887036118485537, -0.007772107842541744, 0.6549090149134684] [3.090463161468506, 5.745680809020996, 3.071352958679199] [0.0, 0.0] 0.16355518996715546
truck [1878.8634639883237, 2498.5348508730776, 2.242639012662806] [0.9047497285753286, -0.003789854139724479, -0.027730044665533055, -0.42502307028126945] [2.1063361167907715, 5.531556129455566, 2.24166202545166] [6.815001041358523, -7.6850362473423885] 0.1587628722190857
truck [1813.2574285419425, 2564.918578162958, 0.44634454960409986] [0.7049552168880295, 0.005917724671339546, -0.027355052664308002, -0.708699388888405] [1.9560133218765259, 4.9062700271606445, 1.8596757650375366] [-0.00762041595573256, -0.024291146662421725] 0.1451975405216217
truck [1873.7773843370417, 2494.173412633999, 2.2704404696102465] [-0.38822278466952365, 0.02755482045811196, -0.004904104512962536, -0.9211404621944952] [2.1307621002197266, 5.382307529449463, 2.1949594020843506] [-1.2537452956082291, 1.3180780050934673] 0.14231225848197937
truck [1852.332322258989, 2564.2473071047816, -0.18213584992236725] [0.9995976191958947, -0.015328971418680956, -0.02341668223293187, 0.004613168796648748] [1.9912631511688232, 4.59230375289917, 1.9173431396484375] [0.0, 0.0] 0.12350600957870483
construction_vehicle [1866.0809214273029, 2532.6092674941824, 1.5797009654204996] [-0.36716318022802485, 0.027436101566273817, -0.0055298012982341925, -0.9297353820917491] [2.872114658355713, 6.365072250366211, 3.237285614013672] [0.0, 0.0] 0.12123596668243408
truck [1879.1676044436983, 2526.529888167384, 1.1216634085419908] [0.9908346270716089, -0.011982118219390325, -0.025293224676371323, -0.13214924677921236] [2.93601393699646, 7.760307312011719, 3.5022716522216797] [0.0, 0.0] 0.12115928530693054
trailer [1804.0225268138472, 2545.056910748215, 1.4317484275523022] [0.31643670635031956, 0.01746099455427726, -0.021873089418926277, -0.9482006604630737] [2.2635746002197266, 4.501800537109375, 2.6412506103515625] [0.0, 0.0] 0.1670808047056198
bus [1879.2175454626474, 2526.510767783437, 1.1417215424675922] [0.9887089857536906, -0.01159584348680166, -0.0254726281600946, -0.14721149112197718] [2.791370153427124, 9.131404876708984, 3.1822140216827393] [0.0, 0.0] 0.13261908292770386
trailer [1839.5027743241615, 2557.196976394056, 1.047752577719586] [0.9438932171395709, -0.022104166955172887, -0.017167532576660163, 0.32906272390892055] [2.7432570457458496, 7.038015365600586, 2.983485698699951] [0.0, 0.0] 0.12895351648330688
trailer [1825.1671143448084, 2533.187863983805, 1.1508336281260296] [0.9911863518081315, -0.012050080117395603, -0.025260917258033054, -0.1294847389375854] [1.7487528324127197, 2.5227909088134766, 2.5531692504882812] [-0.0045413898409218615, 0.008109279194050146] 0.11816003173589706
barrier [1837.0579451268927, 2555.1412061122155, 1.4209438821260378] [0.3441518890219651, 0.016810976973457716, -0.02237653737178117, -0.9384967548750823] [2.910895347595215, 0.49686598777770996, 0.8758667707443237] [0.0, 0.0] 0.2271195352077484
barrier [1831.1384117889727, 2524.7507758447605, 0.8712138274101998] [0.19705187572400285, 0.020025848621976497, -0.019552078112633625, -0.979993489724345] [0.869114875793457, 0.6345829963684082, 1.129570722579956] [0.0, 0.0] 0.19547942280769348
barrier [1872.7456233467765, 2494.1992914953926, 2.3598521581276684] [0.38293827525521834, 0.015864490826947467, -0.023057239695040352, -0.9233498572984167] [3.08307147026062, 0.6096661686897278, 0.9854057431221008] [0.0, 0.0] 0.16258403658866882
barrier [1828.2015924034365, 2545.4079467630045, 0.5979356850697107] [0.23150702418290542, 0.019323508572248287, -0.02024649075793363, -0.9724305524727321] [2.391695499420166, 0.5161623954772949, 0.9897552728652954] [0.0, 0.0] 0.15240228176116943
barrier [1865.9896408822442, 2530.8853687425017, 0.5196565855855353] [0.43458846133573115, 0.0145339539140747, -0.02391824732659978, -0.900194173999304] [3.414442539215088, 0.5212687849998474, 0.9328230619430542] [0.0, 0.0] 0.12448026239871979
barrier [1873.4331508176977, 2492.9729254739, 2.467268490531119] [0.19857350802176604, 0.019995461294062794, -0.01958315345368262, -0.9796862985366169] [2.523470163345337, 0.5172610878944397, 1.0113502740859985] [0.0, 0.0] 0.10460373759269714
barrier [1804.4093885735465, 2566.815924180151, 0.5014732634983989] [0.38229690417610956, 0.015880500559663502, -0.023046216034901958, -0.9236155903219747] [2.2665855884552, 0.3209261894226074, 0.9304302334785461] [0.0, 0.0] 0.10265059769153595
bicycle [1813.0907938653654, 2542.56165966493, 0.897022891565703] [-0.3774361869526114, 0.02749565415902971, -0.005225645789744754, -0.9256125573948967] [0.6652029752731323, 1.944454312324524, 1.8178430795669556] [-2.1786569019008337, 1.9613777712097038] 0.7196561098098755
bicycle [1816.1573062516484, 2561.185722489728, 0.08085460347127726] [0.9501843893261517, -0.021762141167116424, -0.017599079049067927, 0.31042923172493886] [0.6388286352157593, 1.7758307456970215, 1.1672698259353638] [0.0, 0.0] 0.4003668427467346
bicycle [1855.3268854982712, 2493.60899183622, 1.8391437180178265] [0.5817688638398135, -0.027957983990016606, -0.0012920923987161776, 0.8128724812016828] [0.6641619801521301, 1.83943772315979, 1.8190042972564697] [-0.9954205190224046, 2.7230398372297397] 0.33486974239349365
bicycle [1868.3171561995225, 2519.269195174505, 0.8185610334283129] [-0.30867715710843874, 0.0270394373431192, -0.0072240708551602525, -0.9507550127703246] [0.6552316546440125, 1.755716323852539, 1.7813653945922852] [-1.5638926958129244, 1.0260155368081592] 0.27289873361587524
bicycle [1827.5493057430472, 2546.2005136510643, 0.5425870460699805] [0.8357597087376731, 0.00015911573188294578, -0.02798737311247185, -0.5483816106318368] [0.46747416257858276, 1.4992190599441528, 1.0277433395385742] [0.0, 0.0] 0.24687179923057556
motorcycle [1806.7628720683756, 2567.7778017631776, -0.40969052440865694] [0.3240167420141638, 0.01728534501369861, -0.022012160714256324, -0.9456372626557048] [0.7433967590332031, 2.0327608585357666, 1.497063159942627] [-1.1673730574879806, -0.35431537945740427] 0.23555052280426025
bicycle [1842.7342007734633, 2529.3655712676696, 0.6182969541585632] [0.933822013771208, -0.005839249664435257, -0.027371911422281736, -0.35664145612187775] [0.5722556710243225, 1.548387050628662, 0.7790919542312622] [0.0, 0.0] 0.23483383655548096
bicycle [1810.6801761515203, 2564.247057403751, -0.42399769180501823] [0.9995543672263328, -0.014976022901815711, -0.02364396560641079, -0.01038020169422793] [0.6431469917297363, 1.720353603363037, 1.1456718444824219] [0.0, 0.0] 0.2309982180595398
bicycle [1824.1361587059605, 2576.63696893951, 0.6709097370885394] [0.8487370201347426, -0.0005156412437309073, -0.02798307498579469, -0.5280740026561096] [0.7109144926071167, 1.976260781288147, 1.7563303709030151] [2.0523169182774392, -4.101046996989312] 0.2260465919971466
bicycle [1875.2439416774446, 2529.3922722275147, 0.22687545590573488] [-0.147064085721334, 0.025470899086219797, -0.01159964099842975, -0.9887309221013549] [0.6018171906471252, 1.6456561088562012, 1.2421948909759521] [0.0, 0.0] 0.19972750544548035
bicycle [1803.6459020296793, 2567.6093036115285, 0.365154414891967] [0.8632445539627963, -0.024986768183172144, -0.012608718702281418, 0.5040094460245963] [0.672385036945343, 1.7716069221496582, 1.4131625890731812] [-0.7882523266272274, 0.8273313428942725] 0.15847912430763245
motorcycle [1859.700822497266, 2506.6659388120834, 1.5986800518767217] [0.2607908619509418, 0.01870277528578947, -0.0208212528000144, -0.9649895377419033] [0.7001962065696716, 2.0471935272216797, 1.2201333045959473] [0.0, 0.0] 0.15807422995567322
bicycle [1809.8010814544023, 2542.878938661992, 0.5797481182114729] [0.615066392949003, -0.027880075689021247, -0.0024535181122811198, 0.7879784349163056] [0.6247918009757996, 1.735573172569275, 1.1474041938781738] [0.011083304522912953, 0.025027895442852385] 0.1410789042711258
bicycle [1855.1607750076057, 2494.6635676576248, 1.7931726842907088] [0.568379053902794, -0.02797539445062092, -0.0008340724698809626, 0.8222906619395678] [0.6470462679862976, 1.7844778299331665, 1.6657264232635498] [-1.1804509549337296, 3.228176598948889] 0.13166791200637817
bicycle [1844.841361431026, 2555.565772048002, 0.9261250108470969] [0.9080069886104822, -0.02364789136938842, -0.014969823156418703, 0.4180191266712224] [0.6530774235725403, 1.7889643907546997, 1.213073492050171] [0.0, 0.0] 0.12923263013362885
bicycle [1825.138709005009, 2533.1965226685875, 1.257228070736888] [0.5049463344900595, 0.012581584269856467, -0.025000442172356575, -0.8626968650189359] [0.8341917991638184, 1.7791105508804321, 1.7842293977737427] [0.0, 0.0] 0.12684990465641022
motorcycle [1876.7617286823229, 2516.4135563647787, 0.8728749478464232] [-0.32473416696713536, 0.027157901047364125, -0.006765115095430627, -0.9453911372720859] [0.6635438799858093, 1.7519431114196777, 1.2324724197387695] [0.0, 0.0] 0.12441319972276688
bicycle [1854.8248656567002, 2497.7177227213297, 1.948625811360657] [0.5603558431103057, -0.027982182577517126, -0.000561987323114977, 0.8277789624776568] [0.6738766431808472, 1.770452857017517, 1.3039880990982056] [-0.00032829828178347994, 0.004996368273860605] 0.12405584752559662
motorcycle [1800.0658168748928, 2564.550720358124, -0.6579529353701413] [0.8866301598760148, -0.0026537872370933796, -0.0278617261642757, -0.46163149938742243] [0.6536511182785034, 1.853745460510254, 1.3854053020477295] [0.12627890446309034, -0.1521728434160689] 0.12060151994228363
bicycle [1819.0918869901616, 2530.301951592251, 0.5482539877113844] [0.6228966678764449, 0.008884883663222475, -0.02654010576173063, -0.7818033146366608] [0.46837854385375977, 1.4677543640136719, 1.0035462379455566] [0.0, 0.0] 0.11955440044403076
bicycle [1827.629813177543, 2545.536809571061, 0.6076140730097135] [0.9598266903629564, -0.008054945184166584, -0.026803660750593684, -0.2791942085633956] [0.6014256477355957, 1.75343656539917, 1.1238478422164917] [0.0, 0.0] 0.1183169037103653
motorcycle [1815.689349242634, 2561.9538611193484, 0.07594537499267562] [0.4837384915298858, -0.027919553823282053, 0.0019536852002565476, 0.8747649704011005] [0.7960910201072693, 2.214420795440674, 1.432133436203003] [0.0, 0.0] 0.11366210877895355
motorcycle [1824.6555847359177, 2570.7100335937107, 0.25016685057083143] [0.7205937799179786, 0.005305843820379047, -0.027480290990209516, -0.6927923830210371] [0.6611617207527161, 2.047297477722168, 1.3007936477661133] [0.0, 0.0] 0.10627821087837219
motorcycle [1859.3025393318264, 2505.614540586268, 1.5168682282833057] [0.563736722766693, -0.027979650044522502, -0.0006764280737054777, 0.8254802172267464] [0.7662288546562195, 2.1158905029296875, 1.3423227071762085] [-0.0801963536486899, 0.3253450687025259] 0.10293665528297424
motorcycle [1867.262443470863, 2546.9432807271673, -0.050569111017019] [0.4390127864421725, 0.014416083407285295, -0.023989474999404188, -0.898044795635901] [0.8173717856407166, 2.079782247543335, 1.4971849918365479] [0.0, 0.0] 0.1016836166381836
pedestrian [1851.3685507845194, 2498.4425742808558, 1.8098237299904545] [-0.41392045609956435, 0.02768159480345462, -0.004128883709938922, -0.9098827054355831] [0.6508070230484009, 0.7473434805870056, 1.7617346048355103] [-0.917858719780811, 1.046822859468954] 0.6659905910491943
pedestrian [1868.7594601260057, 2519.2062867485292, 1.1749339686105964] [-0.34875830221148635, 0.02732172455385453, -0.0060697396118900605, -0.9367947097774458] [0.6804802417755127, 0.801770031452179, 1.7899351119995117] [-1.0536447655301244, 0.9499664451192982] 0.6550759077072144
pedestrian [1857.911813468154, 2534.232925960775, 1.0730414093174039] [-0.30529930793213217, 0.027013615942336817, -0.007320035879199708, -0.951845057876863] [0.6278595924377441, 0.7031728625297546, 1.7013121843338013] [-1.0649158789647848, 0.7878896202174732] 0.6465978026390076
pedestrian [1855.3061097079988, 2493.33307698759, 2.022916295239132] [0.5112840577824779, -0.02796752688618972, 0.00106574453932447, 0.8589559324470211] [0.6297600865364075, 0.7298408150672913, 1.7764228582382202] [-0.6393869941184672, 1.1506689908792989] 0.5033344030380249
pedestrian [1855.2951894740145, 2494.3831885294744, 1.940372638305741] [0.5144316279879378, -0.027971248299633197, 0.0009631407545690851, 0.8570745485394649] [0.5949095487594604, 0.6702256202697754, 1.7106549739837646] [-0.5129484069884152, 1.2151963755493755] 0.3638371527194977
pedestrian [1868.2097209808326, 2519.299598761654, 1.0494364147812172] [-0.3111743031104601, 0.02705832602579154, -0.007152996870879874, -0.9499406479944772] [0.6250490546226501, 0.7257499694824219, 1.7097461223602295] [-1.2033339632805382, 0.8669455208202728] 0.3456989526748657
pedestrian [1855.1622885202316, 2493.994671314224, 2.0046897161803225] [0.5012359762166665, -0.027953202451452726, 0.001391705522350945, 0.8648578945552691] [0.636993944644928, 0.7475990056991577, 1.7738157510757446] [-0.6280690003114526, 1.281286536153409] 0.27100199460983276
traffic_cone [1819.1575257080824, 2530.2742916402813, 0.6696416846754154] [0.917576644902162, -0.0046536502061891305, -0.02759822297379454, -0.39657254362668537] [0.3518882989883423, 0.35696908831596375, 0.7686589956283569] [0.0, 0.0] 0.24192164838314056
traffic_cone [1803.674083785908, 2567.4460579546367, 0.3990055465292257] [0.5016618177841107, -0.027953884412312224, 0.0013779396996720494, 0.8646109542482037] [0.5009654760360718, 0.5034042596817017, 1.3958011865615845] [-0.024212155078780263, 0.037124499332017766] 0.21277999877929688
pedestrian [1869.1349249834348, 2518.797049646184, 1.166561691555652] [-0.35705395934441475, 0.027374488378318546, -0.005827156903512016, -0.9336643678243935] [0.6741433143615723, 0.799560010433197, 1.7762484550476074] [-0.7510495709180907, 0.7224221320999937] 0.20468127727508545
pedestrian [1825.229195613726, 2533.223227738069, 1.0830758164884267] [0.040516035964204, 0.022850949241746736, -0.016160213188691517, -0.998786830338784] [0.7257238030433655, 0.7342841625213623, 1.8596550226211548] [0.00037750495486254843, -0.00033473020341188054] 0.19973334670066833
pedestrian [1797.1121074716107, 2557.5753051617157, 0.7899636476867591] [0.9772905814605745, -0.009945568517537532, -0.026161116918354446, -0.21004713998743169] [0.6373333930969238, 0.6459276080131531, 1.6870307922363281] [0.026677596810318314, -0.10678795936048842] 0.17732641100883484
pedestrian [1867.6037721924224, 2529.920763343441, 1.2054361009163708] [0.17441636722332649, 0.020471092987284428, -0.019085406033375323, -0.9842741551382244] [0.6625703573226929, 0.6086477637290955, 1.8417264223098755] [-6.0308188454727395e-05, 0.00022772511858729517] 0.17171689867973328
pedestrian [1817.568770805399, 2574.7789155237106, 0.6292936765551809] [0.3529829605445265, 0.016599306716368497, -0.02253400514974576, -0.9352110516849493] [0.6473836302757263, 0.6607635617256165, 1.7497072219848633] [-8.601557509181131e-05, 3.104861333117036e-05] 0.1571367084980011
pedestrian [1805.0093636492145, 2546.4940759296014, 0.596671205602223] [0.9745225018152646, -0.009609960744361476, -0.0262862516545185, -0.22253668255855127] [0.5730043053627014, 0.5614947080612183, 1.6069588661193848] [0.018402656990443935, 0.0093627097140958] 0.15289339423179626
pedestrian [1834.9241695916153, 2515.3394618130296, 0.9638351870434065] [0.8547823601484925, -0.025192081613399184, -0.012193334061555103, 0.5182314139527059] [0.5277312994003296, 0.5195003747940063, 1.1431055068969727] [-0.02362964561543006, 0.07132690843576832] 0.15195365250110626
pedestrian [1786.0188487827713, 2557.947145534722, 1.373733148320292] [0.5358210626095726, 0.011669043529728033, -0.025439178340782895, -0.8438675669158024] [0.6841439008712769, 0.7256348133087158, 1.8226350545883179] [-0.46318217601070455, -0.7697713274148499] 0.1464076042175293
traffic_cone [1861.7444553329071, 2532.8579813330975, 2.0637878563403826] [0.974162504961578, -0.0095675746387306, -0.02630170882443123, -0.22410733043662606] [0.39387789368629456, 0.3954475522041321, 1.3861339092254639] [0.0, 0.0] 0.144601970911026
traffic_cone [1818.2413560334032, 2527.361851287598, 0.9661188459881767] [0.8401084700792082, -0.02551997691991114, -0.011491264054056344, 0.5416958926645279] [0.3817169964313507, 0.3832431435585022, 0.8661016225814819] [0.0, 0.0] 0.1421600580215454
traffic_cone [1811.0812176187567, 2564.417761392192, -0.1756348857444776] [0.4628409936325701, 0.013770234579796207, -0.024365939570848275, -0.885999377111329] [0.4252276122570038, 0.4437551200389862, 0.8306441307067871] [0.0, 0.0] 0.1322481781244278
pedestrian [1824.084100421858, 2567.0717056122394, 0.6836979350675092] [0.63856938712359, 0.008346703994344017, -0.02671424533808968, -0.7690551472144569] [0.6549679040908813, 0.6447610855102539, 1.8001257181167603] [-0.001391430133133489, -0.007122569013786464] 0.12726156413555145
traffic_cone [1827.623291995283, 2546.075271116782, 0.44750928450737193] [-0.24307344433780984, 0.026483392684957863, -0.009052529118824496, -0.9696040337613088] [0.3814592957496643, 0.4288936257362366, 0.7947595715522766] [-0.001719129163666064, 0.000759318289258296] 0.12726105749607086
pedestrian [1798.5347736735032, 2563.2342064502404, 0.7896043685939385] [0.9977526180964748, -0.01662294890174449, -0.022516570373012773, 0.06088016680395825] [0.7379196882247925, 0.7410019636154175, 1.8507120609283447] [0.05108817289229992, -0.026142192962238107] 0.12437030673027039
pedestrian [1869.1549931899876, 2519.4903708492084, 1.1154952169780508] [0.44002361995989514, -0.027789284659502367, 0.0033277664680670446, 0.8975499403965427] [0.7212268114089966, 0.8213183283805847, 1.8126823902130127] [-0.7586568200428725, 0.8707447693695232] 0.12212290614843369
traffic_cone [1810.6164709303719, 2564.198134568248, -0.23954397067370625] [0.4746514099353849, 0.013443064438879411, -0.024547961016039208, -0.8797287767686122] [0.41818132996559143, 0.4460587501525879, 0.7786868214607239] [0.0, 0.0] 0.11814609169960022
pedestrian [1850.855180361875, 2498.091630181916, 1.6990809365230017] [0.42063647164746076, -0.027711365584700765, 0.003924103589854253, 0.9067974637968629] [0.60556560754776, 0.6874164938926697, 1.7078644037246704] [-0.6063701770935919, 0.6641684942750853] 0.11757691204547882
pedestrian [1796.8487953012807, 2558.7884832521286, 0.6567580260834687] [0.9987314168836621, -0.014223836678686185, -0.024103959045992968, -0.041859748661458085] [0.6042618155479431, 0.6159266233444214, 1.5943670272827148] [0.0012201036843920402, -0.00012279943246199033] 0.11646556854248047
traffic_cone [1809.2655309363004, 2535.207063124214, 1.3449216747045947] [0.9995998146508115, -0.015317182427351464, -0.023424395275867434, 0.004110009551237748] [0.38254496455192566, 0.37992095947265625, 1.0129077434539795] [-7.79252966993504e-05, -0.0005965744348571968] 0.113921158015728
traffic_cone [1844.252586042446, 2545.9921532787957, 0.5554629801504143] [0.1629422624927757, 0.02069196224673949, -0.018845717548885005, -0.9862385617700126] [0.3928380608558655, 0.39147478342056274, 1.304761290550232] [0.0, 0.0] 0.11231695860624313
traffic_cone [1802.0481211909491, 2544.3808256641805, 1.0880622366064987] [0.9813124958350857, -0.010469043807417944, -0.025956068525707216, -0.19037454437598084] [0.451074481010437, 0.4293733239173889, 1.4631786346435547] [-0.0013137634902149618, -0.0035856608418918367] 0.11012229323387146
pedestrian [1855.606966278115, 2493.8575694750784, 1.9814878084497154] [0.53070779165089, -0.027984541668001302, 0.00042871807139889745, 0.8470926286478258] [0.6598148941993713, 0.7578973770141602, 1.7562406063079834] [-0.4220430955935648, 0.9340778239519211] 0.10793657600879669
pedestrian [1824.8342706521298, 2532.976893153923, 0.9329104453647155] [0.48727849598061457, 0.013087947354419977, -0.024739118933397287, -0.8727980001027258] [0.651046633720398, 0.6670114994049072, 1.7562391757965088] [-0.002914379137461166, -0.001957919509378083] 0.1058938056230545
pedestrian [1809.598045918159, 2543.4323099312282, 0.6549322753039877] [0.9892344357999135, -0.011687805389299378, -0.02543056383045231, -0.1436381309265558] [0.564920961856842, 0.6061723232269287, 1.3686192035675049] [2.0128630061630508e-05, -0.0018113889301178434] 0.10575439035892487
pedestrian [1811.7690608145474, 2541.4703381943878, 0.9989214440831926] [0.612764923379246, -0.02788711494713979, -0.0023721702042343684, 0.7897694792181287] [0.6052603721618652, 0.658746063709259, 1.4241585731506348] [-0.01008852709937309, 0.014210778347127756] 0.1049201488494873
pedestrian [1854.8595409403256, 2493.508505180298, 1.9492000020015823] [0.46503906345162255, -0.027871729441955505, 0.002546579955013356, 0.884847642869938] [0.6552346348762512, 0.7572466731071472, 1.7620017528533936] [-0.5995247405873941, 0.9506723734442258] 0.10434079170227051
traffic_cone [1847.9301882444674, 2552.2944278145255, -0.09366739895652193] [-0.2893698471026013, 0.026887676661349714, -0.0077698915891764335, -0.9568081172399534] [0.3710113763809204, 0.38135826587677, 0.9268293976783752] [0.0, 0.0] 0.10373179614543915
traffic_cone [1831.4366566626177, 2525.0536336521277, 0.67720106750088] [0.44745874073769426, -0.02781595002716995, 0.003096981698174706, 0.8938665207769472] [0.4020980894565582, 0.3565865159034729, 0.8444492816925049] [-0.010861297741993977, 0.010238529126826348] 0.10361062735319138
pedestrian [1876.3960283216181, 2526.394223434703, 0.4649142712466776] [0.7817650248872527, 0.0027332401068537273, -0.027854044052365738, -0.6229447226612331] [0.6342640519142151, 0.6140873432159424, 1.8305827379226685] [0.00010023809064885574, 1.1785177090447669e-07] 0.10332420468330383
pedestrian [1867.8505453122568, 2519.618696520424, 0.8894946377257604] [-0.3020741425464715, 0.026988671805672104, -0.007411475272748626, -0.9528734931948005] [0.5722277760505676, 0.6314343214035034, 1.5506491661071777] [-0.6879111099860751, 0.5201389275603017] 0.10173923522233963
pedestrian [1872.0122767949206, 2519.314317964351, 1.170311203015478] [0.03345502397699063, 0.022964608045241496, -0.01599828581071342, -0.9990482686032476] [0.583440363407135, 0.5808196067810059, 1.7253388166427612] [-0.0003682774368301455, 0.0014139143216431419] 0.10161484777927399
pedestrian [1852.8657293479623, 2495.484546567513, 1.7259760004216522] [0.9895641281924278, -0.018388989640146375, -0.021098896453782462, 0.14134892225697365] [0.5461097359657288, 0.5522702932357788, 1.5491833686828613] [0.016688919269885402, -0.022060813166962318] 0.10153767466545105
pedestrian [1816.2767963772608, 2561.273731453341, 0.1920252906525789] [0.9995552308768737, -0.015461868421278724, -0.02332914478663778, 0.010296701176945033] [0.6012581586837769, 0.6625620126724243, 1.1951254606246948] [-4.095835617846741e-05, -0.0003130716195926114] 0.10061036050319672
