car [1813.0677533294856, 2564.5715897140644, 0.5706339948924646] [0.7318855264050909, -0.023920066230850086, -0.019690142827416716, -0.6807229281768689] [1.920058250427246, 4.492097854614258, 1.7314311265945435] [0.0, 0.0] 0.7903999090194702
car [1842.332957044876, 2522.4907353768403, 1.3692922045617058] [-0.41793755150763706, 0.011229662869260755, -0.028875005885628337, -0.907947317715488] [2.0297505855560303, 4.849545955657959, 1.7074894905090332] [-9.76138565411703, 11.566977219788695] 0.7454063296318054
car [1819.9176599459897, 2562.1392418410555, 0.3708496428553041] [0.8994618245336533, -0.02864612248149789, -0.011801311784176614, -0.43589970740244754] [1.9210976362228394, 4.762172698974609, 1.5955559015274048] [8.085711413131502, -10.01800037365112] 0.7091646194458008
car [1834.5579590767854, 2543.425360959135, 0.8891714773970514] [0.9037486722377146, -0.028761970257068305, -0.01151609135009978, -0.42694082275593637] [1.8866976499557495, 4.499711513519287, 1.6117604970932007] [8.539632685450227, -10.556262337969565] 0.6441948413848877
car [1836.9803840562527, 2544.639720138503, 0.8331821419230332] [0.9066817080269718, -0.028840979516408904, -0.011316766039218383, -0.4206761331906539] [1.8742263317108154, 4.452783107757568, 1.6666359901428223] [6.8628509862811695, -8.026535301541799] 0.5615248084068298
car [1793.0193382888438, 2517.94065334873, 3.2980189448312207] [0.9336663790805544, -0.028219043006655554, 0.012788936814327016, 0.35680137511163607] [2.0045418739318848, 4.656118869781494, 1.7511919736862183] [3.82596276688369, 3.4922016632952095] 0.5610386729240417
car [1810.282104355423, 2573.973198944797, 0.4446600863179728] [0.9204366481329387, -0.029208442711881992, -0.010331416524321948, -0.3896620400818491] [1.9040589332580566, 4.43707799911499, 1.6686815023422241] [8.18939473479958, -8.018197335021657] 0.519712507724762
car [1846.5754679390834, 2513.338259133173, 1.6435655746903435] [0.4563636968206814, -0.012453595084747077, 0.028368631664524958, 0.8892537910692925] [1.9174193143844604, 4.394718647003174, 1.6119048595428467] [-7.443006557332687, 8.859049818039104] 0.4404236078262329
car [1858.2072551585711, 2504.18294538063, 1.7649351085521372] [0.4805682906623544, -0.013226551768040041, 0.02801659546375472, 0.8764098622886501] [1.8423734903335571, 4.2784104347229, 1.6119403839111328] [-0.03115913366304885, 0.0452023001604664] 0.3355024456977844
car [1834.882099884871, 2571.3006278141365, -0.07784828580728442] [0.9634905869190766, -0.02931205315018017, 0.01003368492495839, 0.2659436361812046] [1.842003345489502, 4.258272647857666, 1.5863733291625977] [0.0, 0.0] 0.18793180584907532
car [1793.073095714516, 2581.331269428072, 0.45717884959646726] [0.9243463514090167, -0.02931185601533466, -0.01003426080927807, -0.3802945586565582] [2.012176275253296, 4.783038139343262, 1.7636148929595947] [0.9964087857958789, -0.7677127168773931] 0.1857883781194687
car [1805.3979388972896, 2579.1331102214835, 0.6318554305703605] [-0.4054916348877019, 0.010834043955859022, -0.02902576070691067, -0.91357356723093] [1.9730379581451416, 4.750889778137207, 1.711824655532837] [-0.8074866081696257, 0.8499678653109677] 0.16087625920772552
car [1879.3670451523851, 2546.8978470550655, 0.4590896094176813] [-0.26059676236177154, 0.006254729074828117, -0.030343856993678708, -0.9649504941464666] [2.035609245300293, 4.777105331420898, 1.8218907117843628] [0.0, 0.0] 0.149593323469162
car [1791.0498721911467, 2581.9132055347995, 0.32344199604066626] [-0.41708035474942473, 0.011202402777152485, -0.028885592690314855, -0.9083414040926693] [1.9560166597366333, 4.6414289474487305, 1.7073450088500977] [-3.766124500501872, 3.812727387184055] 0.14141082763671875
car [1808.1378565485202, 2575.910012831595, 0.8860963822671328] [0.9144014479393378, -0.02904787059895427, -0.010774623275026037, -0.4036212589958446] [1.996577262878418, 4.775261878967285, 1.7321324348449707] [5.292568145958655, -5.874029125376389] 0.13829809427261353
car [1799.2575241431493, 2536.9066694790276, 0.8293794913169006] [0.8372160737490169, -0.024880362383186246, 0.018461821706799567, 0.5459939327164989] [1.8378088474273682, 4.217577934265137, 1.5968209505081177] [0.002494439967564436, 0.005530042003476129] 0.13218197226524353
car [1802.9840939813485, 2582.681640106878, 0.4336071028623658] [0.4425575575449463, -0.012013408678926415, 0.028557823883577343, 0.8962047405402404] [1.9014527797698975, 4.480264663696289, 1.6446456909179688] [-5.363512644018134, 7.5644030086231915] 0.13189394772052765
car [1844.568841701032, 2515.494988736879, 1.5927303792747187] [-0.4017315980438598, 0.010714598618210832, -0.02907006483485992, -0.9152332226487817] [1.9033715724945068, 4.534675598144531, 1.6328177452087402] [-7.793973594726621, 7.999787534786258] 0.11132757365703583
car [1761.6339465795113, 2530.010506740995, 0.5144911022311309] [0.14458016121833844, -0.006326515954082874, -0.03032897111566859, -0.9890079401546921] [1.9554598331451416, 4.414779186248779, 1.693873643875122] [-0.11011617026369211, -0.11263087448748894] 0.10915696620941162
car [1811.06828672768, 2571.4258627566683, 0.35211098339189817] [0.8457373120690841, -0.02716527071047254, -0.014896958088115426, -0.5326992844758743] [1.8237086534500122, 4.286871910095215, 1.545851469039917] [1.9320170139392616, -5.2271924629085085] 0.10365111380815506
car [1812.3367126752203, 2572.5524962914974, 0.26657902033982084] [0.8950147851467072, -0.02852550684216324, -0.012089944269930392, -0.4449591701220922] [1.8301827907562256, 4.292691707611084, 1.5433292388916016] [6.087009960702285, -6.508184227099432] 0.10001858323812485
construction_vehicle [1776.1019315756716, 2570.015448581532, 2.502227522514025] [-0.14444219418790283, 0.002615792267282942, -0.03087116654528538, -0.9890280993203033] [2.6079959869384766, 6.868312835693359, 3.227931499481201] [-0.04481861990358879, 0.005987858790165227] 0.16590100526809692
truck [1836.99097910201, 2544.6060113394474, 0.8423792990899627] [0.9069915799734097, -0.028849314288393227, -0.011295501677297698, -0.42000762203117864] [1.9067893028259277, 5.022067070007324, 1.8218410015106201] [6.317933385799031, -7.33266218144861] 0.14581918716430664
construction_vehicle [1865.9200338309986, 2533.0291885745005, 2.4664598749340225] [-0.3996475400353889, 0.01064840909240947, -0.02909437534735908, -0.9161451699652244] [2.976566791534424, 6.843135833740234, 3.557530164718628] [0.0, 0.0] 0.14437603950500488
construction_vehicle [1788.7244747373968, 2576.255084422275, 1.9636349737990493] [-0.36794491906469573, 0.009642822378407887, -0.02944294940441261, -0.9293313000439737] [1.404329538345337, 2.672581195831299, 2.176936388015747] [0.0, 0.0] 0.13882677257061005
construction_vehicle [1787.2855840471987, 2578.0915859024635, 2.3385456118520116] [0.9169141356861328, -0.02911485534563559, -0.010592284515393234, -0.39788012828727687] [2.962067127227783, 7.142837047576904, 3.6648266315460205] [0.0, 0.0] 0.13603967428207397
construction_vehicle [1798.8434273944556, 2498.0829016348325, 6.769877460051694] [0.5273441414865112, -0.014724993900103761, 0.027258867322290405, 0.8490867359385624] [2.780674934387207, 5.394261837005615, 3.1276772022247314] [0.0, 0.0] 0.12105485796928406
truck [1879.4071549323605, 2546.883537948093, 0.4343066780865541] [-0.1958308881809854, 0.004222396751930534, -0.030692713446706064, -0.9801481479558047] [2.126208543777466, 5.406379222869873, 1.9709017276763916] [0.0, 0.0] 0.1099933385848999
truck [1858.5821851768776, 2503.6839606219314, 1.7165739845573462] [0.44082246234515016, -0.011958123278349352, 0.028581017838980545, 0.8970594659212434] [1.9989359378814697, 5.284532070159912, 1.9654924869537354] [-0.02953502883706974, 0.023703125117833092] 0.10158326476812363
trailer [1876.9484614579733, 2522.6633046402535, 1.1483490032781618] [-0.29040681228106807, 0.007193070407304644, -0.030135212479222427, -0.9564015956112245] [3.0650265216827393, 9.144540786743164, 3.682837963104248] [0.0, 0.0] 0.18643121421337128
barrier [1798.3855546335824, 2557.384265848324, -0.1520879974631308] [0.9508633544284982, -0.028842454888895076, 0.011313005305151107, 0.30805682902985904] [2.1071126461029053, 0.5082978010177612, 0.9905484914779663] [0.0, 0.0] 0.11882612854242325
barrier [1767.3077828680637, 2544.956389075042, 1.9929348256359978] [0.7765892114179452, -0.022848572056454013, 0.020924006500509258, 0.6292450440140167] [2.5660202503204346, 0.46323031187057495, 0.9445929527282715] [0.0, 0.0] 0.1115950495004654
motorcycle [1810.4691278209777, 2544.596759779886, 0.8186612777604418] [-0.36770383869354883, 0.009635184570246378, -0.029445449756280016, -0.9294267134728679] [0.7150541543960571, 2.079131841659546, 1.654896855354309] [-2.360409908859717, 2.3106051653395294] 0.5736368298530579
bicycle [1809.251624017225, 2584.6735603118914, -0.004516495172087742] [-0.07876051776060339, 0.000569766461510627, -0.03097655015058427, -0.9964120179669801] [0.6602100729942322, 1.6174993515014648, 1.250415325164795] [-0.00048767288967284644, 0.00025917414177756905] 0.27632561326026917
bicycle [1814.290354233672, 2527.8946115491067, 1.8178464762424391] [0.9539284916821722, -0.028955328678181916, 0.011020899881170342, 0.2984301617865118] [0.5698877573013306, 1.6788568496704102, 1.1713520288467407] [0.0, 0.0] 0.27619099617004395
bicycle [1825.1363798759407, 2549.280126534016, 0.10066283266329334] [0.997823273426473, -0.03076355116933005, 0.00367085991347211, 0.05821377599353905] [0.7527724504470825, 1.7588508129119873, 0.9522536396980286] [0.0, 0.0] 0.18370509147644043
bicycle [1800.9969989987715, 2537.5426668207065, 0.8721541863573627] [0.7643904717570377, -0.024856973463869718, -0.018493300496904314, -0.644008800711606] [0.5151616334915161, 1.572818636894226, 1.112731695175171] [0.0, 0.0] 0.17960819602012634
bicycle [1825.4417337703892, 2574.917754407335, 0.4806143775615441] [-0.29977973396643154, 0.00748849563021545, -0.030063162279583444, -0.9535052384806091] [0.606529712677002, 1.6902308464050293, 1.4339268207550049] [-0.2167868978439212, 0.3538100993280164] 0.16343586146831512
motorcycle [1829.8190162550663, 2545.5400980235895, 0.4200473096592691] [0.9628102870557417, -0.030292253517433455, -0.006500051529631536, -0.2683961248725251] [0.7247967720031738, 1.9048576354980469, 0.967778205871582] [0.001481485984192856, -0.0009383348436732322] 0.16081248223781586
bicycle [1785.3090936095673, 2580.226580005328, 1.082604314577685] [0.858158629051862, -0.0275116407684965, -0.014247137090571065, -0.5124489204699101] [0.7363603711128235, 1.8940680027008057, 1.3173472881317139] [0.03930542483210495, 0.014180741713519048] 0.14795862138271332
bicycle [1839.0090605839648, 2527.5009515132406, 2.1124213156442373] [-0.3680477252225065, 0.009646079481615001, -0.029441882475254373, -0.9292905900015808] [0.6278774738311768, 1.7675937414169312, 1.4079269170761108] [-0.008000173587530135, 0.005791899728879837] 0.14528493583202362
bicycle [1794.96269490256, 2524.5491586417784, 2.8181341866876366] [0.9840830071566223, -0.030119615602141797, 0.007258102302361216, 0.1749878959600546] [0.6470025777816772, 1.680591344833374, 1.2284095287322998] [0.0, 0.0] 0.13540145754814148
motorcycle [1777.8537211290495, 2550.345637647303, 1.4347255475545186] [0.9981008733548201, -0.03078145510788397, 0.0035175722442685837, 0.05324260808124637] [0.955783486366272, 2.0486087799072266, 2.025202751159668] [4.080769146489687e-05, -5.132877847120679e-05] 0.1352207213640213
motorcycle [1825.711111987422, 2569.596016038964, 0.38130804321837175] [0.8655215319349644, -0.027715958209400093, -0.013845466896681823, -0.49991259882493494] [0.6133970022201538, 1.7576402425765991, 1.5860669612884521] [0.46167403283607944, -0.6678913342690871] 0.1253432333469391
bicycle [1794.0108674792405, 2555.4051571285795, 0.4238801410724019] [0.10393964514010778, -0.005078642476937563, -0.03056270085649778, -0.994100939983006] [0.6593834757804871, 1.7412426471710205, 1.379611849784851] [-2.698436981692969, -0.7955740468412682] 0.11887674033641815
bicycle [1843.632256804132, 2551.7284755101027, -0.6777008155745363] [0.7887716046894144, -0.023254239118559835, 0.020472216686748066, 0.613905110210555] [0.48210906982421875, 1.439767599105835, 1.0794450044631958] [0.0, 0.0] 0.11819563806056976
bicycle [1780.3331105742163, 2575.975258772184, 1.3470579618004515] [0.9755177834081793, -0.030590479702435454, -0.004908548118049719, -0.21772731331034317] [0.7047480940818787, 1.815354824066162, 1.2399232387542725] [0.0, 0.0] 0.11763115227222443
bicycle [1868.3111015829766, 2519.179042844373, 0.8989175491262129] [0.917615419360696, -0.029133517440154, -0.010540846959166399, -0.39626010505530535] [0.6075764298439026, 1.6660268306732178, 1.3875834941864014] [0.03167807940119972, -0.02848271922605831] 0.11550313979387283
bicycle [1830.108212312333, 2559.949592739582, 0.19674742121911892] [0.476362681581474, -0.016385170345930393, -0.026294438305222798, -0.8787028646268629] [0.5252900719642639, 1.5123093128204346, 1.0455901622772217] [0.0, 0.0] 0.1143796518445015
bicycle [1833.2672431037838, 2570.4921107388186, 0.13709352482710724] [0.9198652164015716, -0.029193286744354334, -0.010374165128540707, -0.39100909498557385] [0.5831809639930725, 1.597388744354248, 1.2043113708496094] [-0.0002613160164478779, -0.0038236978091428873] 0.11053716391324997
motorcycle [1793.3708556790475, 2580.0925309211007, 0.25509059204635776] [0.9462822942425533, -0.029881047267272635, -0.008185005025248491, -0.32185392386919465] [0.7545170783996582, 2.2154009342193604, 1.4067326784133911] [0.5635026600350194, -0.5682133640674387] 0.10693410784006119
motorcycle [1814.9734227833367, 2583.4138319240396, 0.33873681431151637] [0.3593745499729936, -0.01286670058176826, -0.028183670967271972, -0.9326789702457412] [0.7633266448974609, 2.025136709213257, 1.3170804977416992] [0.0, 0.0] 0.10390232503414154
bicycle [1852.9410994241032, 2499.8448395280047, 1.5777390451296918] [0.9442145415547765, -0.028599613886255832, 0.011913579588411181, 0.32787044426640694] [0.656298041343689, 1.686588168144226, 1.342430591583252] [0.024460751232868925, -0.019261951759191535] 0.10316397249698639
pedestrian [1867.1170754162933, 2520.686791314853, 1.6290007896752645] [-0.3569237962236612, 0.009293793639082816, -0.02955497746313586, -0.9336195865534519] [0.6788854598999023, 0.7512331008911133, 1.8086693286895752] [-1.0651423457355376, 0.9555701703522793] 0.6444970369338989
pedestrian [1791.7239125578965, 2567.344977964588, 0.3620062694671058] [0.867051024996913, -0.027758301085430676, -0.013760378406966239, -0.49725511436158243] [0.5934948325157166, 0.6382091045379639, 1.7162197828292847] [0.5371958664004872, -0.8947975724251521] 0.6152586340904236
pedestrian [1856.324360809853, 2535.86272139702, 1.3533322485452133] [-0.2855372726573935, 0.007039661646154406, -0.030171417881166725, -0.9578666893834054] [0.6422309279441833, 0.7088198065757751, 1.7844330072402954] [-1.0587947828390327, 0.719685581951544] 0.5772215723991394
pedestrian [1792.4147368694123, 2567.5852321158122, 0.37126768797592313] [0.8813107207746742, -0.028151274049247842, -0.012937428742082775, -0.4715204578325015] [0.5884199738502502, 0.6293269395828247, 1.688016653060913] [0.543504140148575, -0.9169684822351376] 0.5158007144927979
pedestrian [1825.78951775308, 2569.224302613407, 0.49367950945768246] [0.8741480249771266, -0.027954300744710704, -0.013357707996755704, -0.48467036131327085] [0.6275510191917419, 0.6768878698348999, 1.6991318464279175] [0.570806162815296, -0.9303313834843078] 0.4716065227985382
pedestrian [1850.0548444889316, 2499.8727633912586, 2.110047872556879] [-0.38558689555124265, 0.010202118856116126, -0.029253855539022617, -0.9221512211595791] [0.6417223215103149, 0.7046595811843872, 1.784423589706421] [-0.9368894555209485, 0.9462944526907644] 0.4114150106906891
traffic_cone [1824.6132694228515, 2549.0879566310655, 0.17039913368678694] [0.24396388005016284, -0.00936449736986695, -0.02953265111807742, -0.9692893035300749] [0.320210725069046, 0.33438950777053833, 0.6454436779022217] [0.0, 0.0] 0.23975348472595215
pedestrian [1825.277172745978, 2533.212458687154, 1.2556745791210884] [0.5590638323677148, -0.015744890665836075, 0.026682760557580856, 0.8285455690819132] [0.7611628770828247, 0.7699164152145386, 1.885172963142395] [-0.001405136499806337, -0.0003171577392083011] 0.23670703172683716
traffic_cone [1822.7513320297144, 2533.8564273581273, 0.24750791173973274] [0.6942598141471314, -0.02013301136549282, 0.02354852747857627, 0.71905732676007] [0.32751724123954773, 0.36673465371131897, 0.5957197546958923] [0.0, 0.0] 0.2194979339838028
traffic_cone [1813.6170153289122, 2527.564383916349, 1.5085040565813026] [0.5815131854468056, -0.016468702218619142, 0.026242201513721624, 0.8129468272024051] [0.33107203245162964, 0.3286249041557312, 0.8183555603027344] [0.0, 0.0] 0.2113536298274994
traffic_cone [1857.0005737800918, 2505.6316160071724, 1.5832184361159027] [0.477650752149117, -0.013133297292193357, 0.02806043113152739, 0.8780033528855857] [0.6169560551643372, 0.6368786096572876, 1.5229806900024414] [-0.11871311593395359, 0.19769775970725154] 0.20754098892211914
traffic_cone [1796.2179104364384, 2553.797958854832, 0.18527855543254135] [0.9842411289381784, -0.030778623843431118, -0.0035422602045724998, -0.17409632050519505] [0.3827957212924957, 0.38005781173706055, 1.149742841720581] [0.0, 0.0] 0.18357577919960022
pedestrian [1809.5935147450662, 2584.496880885413, 0.19384741410305217] [0.1972922797002606, -0.007940277094701857, -0.029947008076128035, -0.9798550326847446] [0.6184865236282349, 0.6250802874565125, 1.7055943012237549] [-0.0057805798780299344, 0.0040857790986919724] 0.172200009226799
pedestrian [1850.4187354782666, 2499.488530607783, 2.196629371120849] [-0.39588485554604513, 0.01052893327355272, -0.02913782519635601, -0.9177773748879599] [0.6721794009208679, 0.7431639432907104, 1.8011181354522705] [-0.7603050711980559, 0.7585394195941658] 0.16688582301139832
pedestrian [1868.2819369035333, 2519.2446850470774, 1.2978945665534511] [0.9033506607304558, -0.028751232589257707, -0.011542873024110174, -0.4277823190184427] [0.5911824703216553, 0.6253712773323059, 1.636518955230713] [0.2075237350556653, -0.21777441985609655] 0.16524864733219147
traffic_cone [1815.6400906095662, 2583.902649605549, 0.716711275830219] [-0.044265569453676545, -0.000501492631333349, -0.030977730681782407, -0.998539277178364] [0.4687535762786865, 0.47476819157600403, 1.456557273864746] [2.169342080093981e-05, 7.216784321782598e-05] 0.15838542580604553
pedestrian [1794.7792936399812, 2567.996893872091, 0.3870390127335558] [0.9595677901443971, -0.029164778893609515, 0.01045404061304497, 0.27976737626883175] [0.6456210613250732, 0.6626993417739868, 1.6711244583129883] [0.0, 0.0] 0.15474911034107208
pedestrian [1824.8155178049637, 2533.076340978305, 1.2722491070894468] [0.6966166653542514, -0.020210210305106724, 0.02348230594459757, 0.716774267295967] [0.7225635051727295, 0.7449514269828796, 1.820361614227295] [-0.008620916061508697, -0.00034827291258456033] 0.15221482515335083
pedestrian [1784.1399911158687, 2548.3345638457704, 1.0047512212351521] [0.8059631565439239, -0.026044192633603143, -0.0167800871009687, -0.5911543952308076] [0.6277806758880615, 0.6090239882469177, 1.8342500925064087] [0.00773229876108664, -0.004725773237661615] 0.1493585854768753
pedestrian [1789.2274647946826, 2551.8771306258077, 0.6918605472764724] [0.6799706320347664, -0.022410998946450784, -0.021392017653192662, -0.7325845127199917] [0.626736044883728, 0.6590081453323364, 1.6460111141204834] [0.008143024775678567, 0.00023847209854158837] 0.1464436799287796
pedestrian [1789.521776019444, 2573.3431678806087, -0.1704210936867283] [-0.08634782671004848, 0.000805695933785332, -0.030971311678949065, -0.995783200063849] [0.6454850435256958, 0.6944042444229126, 1.6695115566253662] [-0.4162226646117069, 0.0859189810096003] 0.14481069147586823
pedestrian [1794.8723681386177, 2524.4792714321215, 2.845397353635088] [0.9864425248636816, -0.030218537215799268, 0.006834566671682947, 0.1611560543309271] [0.5469409823417664, 0.5651054382324219, 1.4433908462524414] [0.0007796664168965622, 0.000859287938131816] 0.1407388597726822
traffic_cone [1800.2991306760591, 2514.363416970598, 2.6699208177804867] [0.9029341379220724, -0.027133537499364653, 0.014954679395523553, 0.4286607881319118] [0.3526380658149719, 0.3558177053928375, 0.7651309967041016] [0.0, 0.0] 0.13204634189605713
traffic_cone [1838.733033260657, 2527.771906038502, 2.143064276540535] [0.4460561448867679, -0.012124908125962343, 0.028510662847245363, 0.8944685820730108] [0.4294011890888214, 0.42705273628234863, 1.4582767486572266] [-0.006114914157340778, 0.005396077960627498] 0.12962785363197327
pedestrian [1791.253442923173, 2567.724271917579, 0.3454637315686454] [0.8770699177060837, -0.028034758307902363, -0.013188010451536052, -0.47936258527547937] [0.6355600357055664, 0.7038185000419617, 1.742078185081482] [0.413316051517437, -0.6709150089873951] 0.12884320318698883
pedestrian [1872.2096486677647, 2519.2238839159, 1.703539199697321] [0.5397742979353393, -0.018276925380287246, -0.025016500388658214, -0.8412394641214589] [0.7018923759460449, 0.7178935408592224, 1.880927562713623] [0.094453879982278, 0.011573200677782784] 0.1287396252155304
pedestrian [1849.6913715631508, 2499.318185206692, 2.1418827302014645] [-0.3847937253191823, 0.010176957478432143, -0.0292626182959507, -0.9224824755310711] [0.6602324843406677, 0.7191159129142761, 1.778822660446167] [-0.7443787339184409, 0.6791262964074605] 0.1282847821712494
pedestrian [1791.3486471979086, 2567.1196784498397, 0.3289830019606056] [0.8908456683921562, -0.028412046881215715, -0.0123542253934403, -0.4532484129193178] [0.6291682720184326, 0.6857554912567139, 1.7228548526763916] [0.2835124486621931, -0.6192203308676911] 0.1262076497077942
pedestrian [1780.3058308787977, 2576.0121191723624, 1.5964671455306214] [0.9781357768457063, -0.030648843490182712, -0.004529865976671899, -0.20564661621673908] [0.612898051738739, 0.6292241215705872, 1.6612184047698975] [-0.0012591982220248607, 0.0013140476208038186] 0.12301144748926163
traffic_cone [1847.9167967276387, 2539.0199412977513, 0.8801950689188212] [0.9985789621495158, -0.03081476318945465, 0.0032127344475003533, 0.04336110076259014] [0.4402923285961151, 0.4369872808456421, 1.2213797569274902] [-7.327082822111617e-05, -3.92580997594517e-05] 0.11604303121566772
pedestrian [1852.693919373851, 2499.732629821844, 1.891569155044143] [0.6808491768891372, -0.019694269026536395, 0.0239166690942266, 0.7317680828215536] [0.6533181667327881, 0.6649734973907471, 1.667305827140808] [-0.010148162762385312, 0.022518576645179283] 0.112700454890728
pedestrian [1867.9732193409434, 2519.592928860799, 1.4437775281018213] [-0.25877374646122986, 0.006197405932308528, -0.03035561649452226, -0.9654409753316704] [0.6243504285812378, 0.6794748902320862, 1.7197437286376953] [-0.14800129869851922, 0.09677189364585176] 0.11244333535432816
pedestrian [1868.6276376325713, 2518.80712090783, 1.1813231416611458] [0.8985969515345151, -0.028622698961142678, -0.011858009834374676, -0.43767984577750885] [0.5773013234138489, 0.615358293056488, 1.5274055004119873] [0.2187180426331327, -0.1809338789051176] 0.1112971305847168
traffic_cone [1802.444580012981, 2541.0342228010286, 0.30615087944097735] [0.9537441705509551, -0.028948522970731853, 0.01103876400985794, 0.2990187048447278] [0.3330686688423157, 0.35122907161712646, 0.8187655210494995] [0.0, 0.0] 0.11061340570449829
traffic_cone [1800.9980178670512, 2537.501525187387, 0.6826691270914069] [0.9168638277756617, -0.029113516020992904, -0.010595965173013462, -0.39799604272342914] [0.4242272675037384, 0.4439257085323334, 1.0930278301239014] [0.004942692309983281, -0.07855656796156328] 0.10779764503240585
pedestrian [1867.6084503554084, 2520.489274434761, 1.5641707621477385] [-0.3835861621775574, 0.010138653383579395, -0.02927591161040009, -0.9229852571373175] [0.7111907005310059, 0.8012619614601135, 1.7915129661560059] [-0.7310482008511575, 0.7682816458498238] 0.10636372119188309
pedestrian [1776.1880256033187, 2572.445841497369, 1.8634015869664005] [0.8826383667767128, -0.026429941682768437, 0.01616568822221263, 0.46903053440120995] [0.6143693923950195, 0.6081461906433105, 1.6599304676055908] [0.00039938828933738676, -0.00025301091636968783] 0.10497137159109116
traffic_cone [1819.1864541657517, 2530.2249305261084, 0.9641313663460318] [0.9069483940441787, -0.02727377813118929, 0.014697357568725937, 0.4201008679443936] [0.3424229025840759, 0.34126466512680054, 0.7615983486175537] [-0.0010760437837641474, -0.0003659055723939389] 0.10116845369338989
