car [1797.8827229411195, 2586.710960546359, 1.0827088308646506] [0.8985605096219202, 0.012585608838256022, -0.026173248353624133, -0.4378876272159155] [1.8140795230865479, 4.286323547363281, 1.5714329481124878] [6.464057301076921, -8.160266452664898] 0.8057352900505066
car [1795.00849153943, 2579.0034634378717, 0.939650104007083] [0.4279866259743932, -0.026309975053766366, -0.012297222933665454, 0.9033183334283902] [1.9244437217712402, 4.695272445678711, 1.6329102516174316] [-9.23960631444157, 11.222315730028672] 0.7680824398994446
car [1777.900244365626, 2604.9228187200897, 1.0651759719348513] [0.42542623445642425, -0.026344701738272504, -0.012222649857192923, 0.9045269938244062] [1.8410264253616333, 4.579138278961182, 1.5448087453842163] [-0.255283367550635, 0.32005224682468714] 0.7547128796577454
car [1786.9468011204015, 2627.4829323306835, 1.1349000420290758] [0.34255998849139646, 0.027230798978787062, -0.010095546849327468, -0.9390469731624524] [1.9196900129318237, 4.395282745361328, 1.6392358541488647] [-0.00393294628960585, -0.0025819082608448643] 0.6611444354057312
car [1805.1273066917158, 2562.9894162983915, 1.2555848264560776] [0.4405152650184548, -0.026136306245538435, -0.012662147331693187, 0.8972752447306847] [1.9190194606781006, 4.498003005981445, 1.613669753074646] [-8.456406871270723, 10.408617521768665] 0.6353796124458313
car [1773.191352586599, 2612.242441287965, 1.1729598497229077] [0.5739438822481077, -0.023864381585977465, -0.01655076344852212, 0.8183794862719618] [1.9418525695800781, 4.559493064880371, 1.7327040433883667] [-0.7534728851522043, 2.1430103178007993] 0.5992981195449829
car [1772.8579750239483, 2627.599451548224, 1.1412151877761043] [0.999532194365027, 0.00012654019402866777, -0.029041702201995173, -0.00958936643491859] [1.9406969547271729, 4.5853590965271, 1.6895644664764404] [6.685056051731486, -0.006798738817527493] 0.5330546498298645
car [1812.9337143861887, 2564.85497077729, 1.515755282090343] [0.6945404151290011, 0.020780184826076957, -0.02028843014637055, -0.7188672862728033] [1.9937736988067627, 4.631197929382324, 1.8305599689483643] [0.0, 0.0] 0.528754711151123
car [1805.616007187234, 2566.462758845425, 1.2539715091740498] [0.4376536836568172, -0.026176523968739093, -0.012578794541771642, 0.8986744776071078] [1.8952831029891968, 4.407236576080322, 1.6367360353469849] [-8.488567059682852, 11.18428884850476] 0.44447457790374756
car [1824.7856203322651, 2592.9068814273096, 0.8734648902461362] [-0.2862752557940682, 0.027868619796640133, 0.008171689534018887, -0.9577071793825241] [1.979041576385498, 4.694126605987549, 1.7326850891113281] [0.0, 0.0] 0.15973089635372162
car [1782.6313685442306, 2521.497168549264, 3.658770999088053] [0.9975904787080021, -0.001982348390150797, -0.028974243287274007, 0.06300635136181537] [2.001600742340088, 4.725336074829102, 1.7530786991119385] [3.0176479576593556, 0.42646183436670254] 0.13343369960784912
car [1798.522594809884, 2624.0739921414124, 1.2974703497981686] [0.5250056374610115, -0.024793155906965934, -0.01512401730305002, 0.8506031061282026] [1.9033724069595337, 4.365736961364746, 1.6637368202209473] [0.0, 0.0] 0.10632909834384918
truck [1813.0195229192068, 2564.2256504770253, 1.4867898724529576] [0.7230935129185724, -0.020161205567111994, -0.020903642488588642, 0.6901393591846996] [2.2507433891296387, 6.054679870605469, 2.0238585472106934] [0.002085023553869177, 0.010441335812602976] 0.2816188931465149
construction_vehicle [1790.265920766518, 2644.7758361478623, 4.830186454236934] [0.9062315244915702, 0.01211654364605259, -0.02639367062921296, -0.4217831048518587] [2.8576419353485107, 5.616315841674805, 3.314188003540039] [0.16176859733429197, -0.18255811404961078] 0.161427304148674
construction_vehicle [1804.0561533490313, 2569.146269106737, 1.488682774095854] [0.464438559906601, -0.025787051591856375, -0.013359058702207039, 0.8851290231331654] [1.8244986534118652, 3.881162166595459, 2.018629550933838] [-0.8348991237573866, 1.107073623064075] 0.15782545506954193
truck [1772.9007294283304, 2612.657066159453, 1.1516495802236772] [0.561549286421405, -0.024111021892889856, -0.016189351515445646, 0.8269334691741533] [2.0412566661834717, 5.4446892738342285, 1.8474225997924805] [-0.7984831790663083, 1.9415698776410413] 0.11741963028907776
truck [1787.3186925662276, 2627.927471072487, 0.9800157491735388] [0.35009683009868425, 0.02714877294434137, -0.010314097479986994, -0.9362631964760991] [2.099334478378296, 5.2450995445251465, 1.903651237487793] [-0.0001306105723845525, 2.1752808653680206e-05] 0.11372371017932892
construction_vehicle [1814.693106664741, 2634.6510021041163, 4.468893615224367] [0.8812684726718129, -0.013839432797793682, -0.025532461280601774, 0.4717228451066153] [2.764259099960327, 4.763300895690918, 3.0283124446868896] [0.0, 0.0] 0.11320270597934723
truck [1772.7686211775776, 2627.649223191561, 1.1069106976638177] [0.9994418798158167, 0.00032754769881640847, -0.029040130711053568, -0.01650734354814104] [1.9925557374954224, 5.03835916519165, 1.8483394384384155] [6.904782730387765, -0.15483053077328637] 0.10753463953733444
truck [1781.9437831109483, 2521.4174736903556, 3.741890842503283] [0.9521781444282533, -0.008981879559227458, -0.027618151980058476, 0.30416006442982896] [2.143925428390503, 5.151679515838623, 1.9981420040130615] [1.2275753698330187, 0.007627439374522341] 0.10681678354740143
trailer [1763.0474020545291, 2637.410771000403, 2.503714997201382] [0.6246624402936989, 0.02257726005237862, -0.018267561625387903, -0.7803546624497805] [1.7807397842407227, 2.206796169281006, 2.7929582595825195] [0.0, 0.0] 0.12460014969110489
motorcycle [1774.1112523107954, 2627.0372663471526, 0.8518860796042216] [0.9986718886204483, -0.00138835494620769, -0.029008773668554432, 0.04255610884534261] [0.8894290328025818, 2.2282650470733643, 1.760751485824585] [7.958904205342904, 1.07357908560078] 0.33988162875175476
bicycle [1760.751077346035, 2625.3297043931716, 0.9167157068834486] [0.559563122380011, 0.023979542499390424, -0.016383467909145626, -0.8282787426906006] [0.6481550931930542, 1.819662094116211, 1.189118504524231] [-0.027209744908747162, -0.04417862432865726] 0.2924637496471405
motorcycle [1804.3070018494939, 2568.5624971874167, 1.7264456244607573] [0.6078741832746324, 0.022961796910880204, -0.017781798610758383, -0.7935020736135401] [0.7343798279762268, 2.0658140182495117, 1.4009488821029663] [-0.40850695002239823, 0.4051685889183399] 0.23296570777893066
bicycle [1764.0312351237167, 2604.2999945055562, 0.5004899357757298] [0.6349934486443984, -0.02252533749985712, -0.01833154793593838, 0.771971426737728] [0.6249694228172302, 1.7703293561935425, 1.1177210807800293] [0.0002544925933685495, 0.0006355927963407514] 0.1922921985387802
motorcycle [1803.7048279691776, 2568.6991525104145, 1.700600241199832] [0.58457078409677, 0.023468574871288173, -0.017107380650491694, -0.8108227684896849] [0.6935396790504456, 1.9840247631072998, 1.295166015625] [0.005699933030572222, -0.007688924651423076] 0.18897780776023865
bicycle [1753.8954364141034, 2633.7999092366244, 1.3494225261867054] [0.46496721569255817, -0.02577906685420566, -0.013374460412909043, 0.8848514292534649] [0.6604089140892029, 1.8344426155090332, 1.67982816696167] [-1.2991042382697127, 2.089287757069806] 0.1719554364681244
motorcycle [1773.8853332142526, 2610.3445945749777, 1.1809695899086647] [0.20377707165825665, 0.028400687103608234, -0.006069386398394563, -0.9785864645432079] [0.7179837822914124, 2.075157880783081, 1.3864827156066895] [0.47476838686918266, -0.075032156471338] 0.1484616994857788
bicycle [1772.6897642694976, 2637.022302028346, 1.4740345375279504] [0.14583655274244944, 0.02870863649377744, -0.004387558532740775, -0.9888823304139822] [0.6823556423187256, 1.9287655353546143, 1.6030285358428955] [-0.3088835454324879, -0.14998031724125394] 0.14090436697006226
motorcycle [1823.1898762320616, 2593.770119149358, 0.4535132797276902] [0.29761509975430545, 0.0276791718614258, -0.008792037549722497, -0.9542441070915891] [0.752536416053772, 1.9276821613311768, 1.336319088935852] [0.0, 0.0] 0.1404602825641632
bicycle [1768.8972388262316, 2631.3180879798474, 2.561556483647027] [0.7485722564944604, -0.019359637924314527, -0.02164811536022291, 0.6624168931477983] [0.7056987285614014, 1.7787830829620361, 1.5620397329330444] [-0.004652814225247508, 0.023751791536387873] 0.13458038866519928
bicycle [1766.2252454466625, 2600.864125697241, 0.952789601535628] [0.4722117385326364, -0.025668462129804028, -0.013585526530130978, 0.8810066046930491] [0.5876996517181396, 1.639327883720398, 1.089272379875183] [0.0, 0.0] 0.12730157375335693
bicycle [1785.184354353782, 2572.0960567539214, 0.14452509224962795] [0.6386885281250587, -0.02243716015508157, -0.01843936884454824, 0.7689171135839256] [0.5524263978004456, 1.5490028858184814, 0.9409813284873962] [-0.24369408408956797, 1.2580469509478514] 0.12417581677436829
bicycle [1809.7817613302857, 2595.8212325960217, 0.9846658844070194] [-0.32143661984664185, 0.027547940396104687, 0.009194969230113816, -0.9464856380011031] [0.5523878335952759, 1.6359859704971313, 1.120497703552246] [0.0, 0.0] 0.11263693124055862
bicycle [1757.7438472552165, 2636.0125994707932, 0.5762287679052267] [0.9098856949856454, 0.011885246554467394, -0.026498630031561953, -0.4138412564997338] [0.6558123230934143, 1.8824384212493896, 1.3081883192062378] [0.0, 0.0] 0.11238828301429749
bicycle [1759.2417726990163, 2609.8711781823704, 1.0105441047362007] [-0.40285341678641967, 0.02663984333143394, 0.011565259464738813, -0.9148036336308993] [0.6173410415649414, 1.6285579204559326, 1.136748194694519] [-0.01320753756504262, 0.005644824791296034] 0.10903748869895935
motorcycle [1834.0806061857772, 2571.5624496705304, 0.8867582132666993] [-0.015229836106410877, 0.029040525661833513, 0.00029042812271809146, -0.999462163172254] [0.6267664432525635, 1.9071800708770752, 1.2912557125091553] [0.0, 0.0] 0.10841935873031616
motorcycle [1817.5933898153853, 2602.2508453503874, 1.3348498019191979] [0.9100290155741644, -0.012152966926224057, -0.02637691934438479, 0.41352600200459827] [0.8318352103233337, 2.262737274169922, 1.4365644454956055] [0.0, 0.0] 0.1071506142616272
motorcycle [1803.6863874443043, 2569.449197827663, 1.9815528928048836] [0.35970596152605316, 0.027041277150182185, -0.010592724356704046, -0.9326136310195168] [0.712855875492096, 2.0265023708343506, 1.359842300415039] [0.010084695533041399, -0.015975195800605635] 0.1016680896282196
pedestrian [1796.087010690376, 2562.9481573030794, 1.0986232301336045] [0.9022703240792226, 0.012361445769991666, -0.02627986182775, -0.4301916152213618] [0.6032199859619141, 0.648917019367218, 1.72926926612854] [0.6937740938251816, -0.8546643412661541] 0.6596311330795288
pedestrian [1795.532923598732, 2562.461034299396, 1.0304305787059902] [0.8936322648347796, 0.012876073501246615, -0.026031581019995136, -0.44785928456050994] [0.5969259738922119, 0.6583450436592102, 1.7419695854187012] [0.7089217698038452, -0.8843296702791474] 0.6525158882141113
pedestrian [1829.1223242552126, 2565.2666709684763, 1.5104362899210484] [0.7047697188473724, 0.020487339676840754, -0.02058410532852527, -0.7088414540054674] [0.7364048957824707, 0.7784098386764526, 1.8858150243759155] [0.016285529272029906, -0.581339642378995] 0.356472909450531
traffic_cone [1803.9532395152457, 2567.7134171958423, 0.8172192134762228] [-0.3914886815323571, 0.02678108466602733, 0.01123432166715695, -0.9197245107926864] [0.3684024512767792, 0.3732277452945709, 0.847384512424469] [0.00017005726415808805, -0.00052946237523132] 0.3382287919521332
pedestrian [1828.6659743102134, 2565.2278495425553, 1.4324988572229058] [0.6101262519118056, 0.02291118204360277, -0.01784696659309279, -0.791771760199138] [0.6894574165344238, 0.7244549989700317, 1.819131851196289] [-0.273387450361929, -0.39241482712951165] 0.30349838733673096
traffic_cone [1809.723923080929, 2595.815898020937, 1.0398370481356558] [-0.1949868375595933, 0.02851334145577608, 0.005515962131523153, -0.9803757936114592] [0.3652084767818451, 0.3691747188568115, 1.174060344696045] [0.0, 0.0] 0.2551127076148987
traffic_cone [1822.6920108238899, 2593.462743308609, 0.5276482133739893] [0.17141573678447353, 0.028585284462688, -0.005130106372901424, -0.9847706376123455] [0.37259963154792786, 0.373151570558548, 1.1315336227416992] [0.0, 0.0] 0.1813018023967743
pedestrian [1768.8510106811577, 2631.175079821117, 2.3598934096093718] [0.10759358338910119, 0.0288564803274805, -0.003277197326955923, -0.9937706900157007] [0.6806949377059937, 0.7193872928619385, 1.8543357849121094] [-0.0015547353655655603, -0.0008798995668512551] 0.17599570751190186
traffic_cone [1803.9462686606455, 2569.059383295998, 2.1194393705154075] [0.3476531404973488, 0.02717558770142075, -0.010243237393151906, -0.9371733337132039] [0.41151708364486694, 0.41487836837768555, 1.3195680379867554] [0.004544341365186972, -0.0002734506898423505] 0.15829706192016602
traffic_cone [1803.9424058772656, 2567.961397791542, 1.0191806245654413] [-0.10522986650760047, 0.02889621174286783, 0.0029061015332268354, -0.9940237616453551] [0.4161079525947571, 0.418342649936676, 1.0087534189224243] [-0.00010637625779862445, 0.00010152027871879994] 0.15625770390033722
pedestrian [1830.1381935168545, 2566.219602933528, 1.38985748066272] [0.81188997568099, 0.01681741285436621, -0.023677227542427227, -0.5830876700029859] [0.6771555542945862, 0.688544511795044, 1.7842578887939453] [0.03310592135665673, -0.020158243671384232] 0.1438305377960205
pedestrian [1767.3618750637127, 2640.4324587462525, 2.18526765865786] [0.6607796150160443, 0.02169036620448846, -0.01931228865580828, -0.7500179090528691] [0.6225844621658325, 0.6260955929756165, 1.7870384454727173] [-0.0025306045334954424, -0.021852510937258433] 0.13803620636463165
pedestrian [1831.9312330916262, 2564.2170476476476, 1.3114107994070938] [0.9979320774235854, -0.0018178361746044626, -0.02898502977145919, 0.05734223896776891] [0.6717402935028076, 0.7048011422157288, 1.5711007118225098] [-0.0009457827698385755, -0.0002651119950102883] 0.12968793511390686
traffic_cone [1774.5470594551198, 2588.171514674332, 0.4150739729629393] [0.8623327755651304, -0.014818152024831934, -0.02497716656826882, 0.5055084051793086] [0.350918173789978, 0.3463973104953766, 0.8225839138031006] [-0.00010691984675473944, 0.00015645851907682295] 0.12807032465934753
pedestrian [1829.5440483775374, 2565.5820660353306, 1.5323169319503094] [0.8576913842265558, 0.014784123346136973, -0.024997323378639642, -0.513343990852454] [0.7519680261611938, 0.7968083620071411, 1.8924654722213745] [0.16801633761428605, -0.27505607286027406] 0.12740829586982727
pedestrian [1797.0813826609788, 2650.7326870059296, 4.376293490679054] [0.7554543193290506, 0.018902467421086373, -0.02204842861985508, -0.6545573580121686] [0.6387671232223511, 0.6620171666145325, 1.764420509338379] [-0.05908499421177485, -0.26234512724776143] 0.1264941245317459
pedestrian [1795.3903391859985, 2561.9989553211603, 1.0053480427703965] [0.9229442509950103, 0.011011507144097973, -0.026873466274851023, -0.38383651868477675] [0.6246062517166138, 0.695504367351532, 1.7425792217254639] [0.42446782240790354, -0.6312161518416197] 0.11761374771595001
traffic_cone [1801.3768987548822, 2558.916484802953, 1.1227191527309175] [0.9338526095919031, -0.01049909977230011, -0.027077765476149686, 0.35647702181091845] [0.4102771580219269, 0.4032028913497925, 1.2235231399536133] [0.0, 0.0] 0.10573381185531616
pedestrian [1816.7687949806054, 2601.3107012450523, 2.1524381831688046] [0.4669560994807936, 0.02560683773508007, -0.01370132622848444, -0.8838034649617938] [0.6029495000839233, 0.612739086151123, 1.6892712116241455] [-0.0012972029448707527, 0.0006129036824030549] 0.10274425894021988
pedestrian [1798.1052463923806, 2622.363699130226, 1.113839591985148] [0.375916837671544, 0.026852417800314898, -0.011062736437582146, -0.9261981940577381] [0.5029037594795227, 0.5169447064399719, 1.3938952684402466] [0.0041359787018628484, -0.0014494386838519704] 0.1024533212184906
pedestrian [1753.677880780336, 2634.11930433589, 1.7926334492262572] [0.503824419399405, -0.025159342255340056, -0.014506687302369774, 0.8633177386904789] [0.6870744824409485, 0.7545351982116699, 1.7902379035949707] [-0.5873513822977388, 1.1171898282844266] 0.10121838003396988
pedestrian [1769.1379602800073, 2631.7265711666446, 2.0904821631332218] [0.4084370135940638, 0.026444382638175185, -0.01200546151115629, -0.9123243773171645] [0.5995593070983887, 0.6270949840545654, 1.6827120780944824] [0.0013046685489876246, 0.005299384752340399] 0.10106459259986877
