car [697.0789611182215, 1799.146486824111, 0.6603783583954288] [-0.9278509022280548, -0.0035860606906791504, 0.014190760462678824, -0.37266401184015424] [1.7432628870010376, 4.178184509277344, 1.4503328800201416] [0.0, 0.0] 0.8723812699317932
car [693.6479304543434, 1802.5309396535515, 0.738103438510234] [-0.9272444770266092, -0.0035630103451309595, 0.01419656546728301, -0.3741703386291647] [1.947080373764038, 4.6330718994140625, 1.6288120746612549] [0.0, 0.0] 0.7603456974029541
car [690.8455965987757, 1793.9416859894861, 0.5434275011009078] [0.370485202878826, 0.014182304439913614, 0.0036193583077624766, -0.9287230356430537] [1.7924294471740723, 4.294333457946777, 1.5793818235397339] [0.0, 0.0] 0.7391961812973022
car [688.187053807687, 1779.399269100023, 0.026885892097768066] [0.3474370365447078, 0.014088597693059748, 0.003968492009501127, -0.9375890721010166] [1.8516759872436523, 4.421882152557373, 1.59049391746521] [0.0, 0.0] 0.731421709060669
car [688.5691411952924, 1807.5726133296064, 0.9058339199080934] [-0.9260278439258133, -0.0035170153290344603, 0.014208030016919986, -0.37717130691546935] [1.8244365453720093, 4.427976608276367, 1.5792484283447266] [0.0, 0.0] 0.6745055913925171
car [690.3305501003125, 1806.0087762431638, 0.8493608221573106] [-0.9355668769085376, -0.0038870597188242068, 0.014111282029945296, -0.3528461156337406] [1.806389331817627, 4.277647495269775, 1.5522657632827759] [0.0, 0.0] 0.6579903364181519
car [695.4338167793136, 1800.824455171746, 0.6747522957612224] [-0.9281615098978451, -0.0035978994427581434, 0.01418776350895952, -0.3718897336985338] [1.8031560182571411, 4.1709513664245605, 1.5510172843933105] [0.0, 0.0] 0.630655825138092
car [694.2879946423088, 1790.383874562811, 0.4797945438394725] [-0.933376370321359, -0.003800091059000663, 0.014134950361768728, -0.35860049332361355] [1.8243334293365479, 4.324710845947266, 1.5476080179214478] [0.0, 0.0] 0.6147147417068481
car [684.728112764987, 1782.542445080642, 0.004525356726934132] [-0.8103488262641759, -5.1845773314095935e-05, 0.014636762818401892, -0.5857649206452075] [1.780545711517334, 4.156761646270752, 1.561707854270935] [0.0, 0.0] 0.5623575448989868
car [686.6135553369649, 1809.3923218733648, 1.0394663482396298] [-0.926824746088301, -0.0035471049826436294, 0.01420054787775695, -0.37520881189621574] [2.0955440998077393, 5.121255397796631, 1.9115324020385742] [0.17317999496702224, 0.17497977666210235] 0.53916335105896
car [682.8423643709101, 1802.7501464799147, 1.1854519331736835] [-0.9305610898366229, -0.0036901176253641864, 0.014164058235454247, -0.3658439839170382] [1.7604987621307373, 4.187721252441406, 1.5197715759277344] [0.0, 0.0] 0.47277700901031494
car [680.8136953834157, 1804.210929900008, 1.2187022045538303] [0.3176087145582259, 0.013956031812220195, 0.00441210718848269, -0.9481088898026877] [1.7957873344421387, 4.2319841384887695, 1.5682352781295776] [0.0, 0.0] 0.44514989852905273
car [683.0207425456279, 1784.5532736929063, 0.4232567324306383] [-0.8841229439913585, -0.002092653698302618, 0.014486487299733607, -0.46702503401238227] [1.9541873931884766, 4.6481733322143555, 1.7793606519699097] [0.0, 0.0] 0.44485002756118774
car [687.0694213918853, 1797.1443892382147, 0.802443478663753] [0.3964755339862318, 0.014278546622272473, 0.00321879172080986, -0.917928599312902] [1.8833173513412476, 4.343997955322266, 1.6735538244247437] [0.0, 0.0] 0.4348244369029999
car [689.1106197481961, 1795.6937301766, 0.5066449637296473] [0.4591495395290704, 0.014467318185212179, 0.0022213100445889304, -0.8882384042791981] [1.7998805046081543, 4.257413864135742, 1.5233209133148193] [0.0, 0.0] 0.38243988156318665
car [686.2200141573006, 1780.965292143265, -0.033964462103133] [0.4433587944736645, 0.014425742888854334, 0.002476985242392717, -0.8962247161560948] [1.8761451244354248, 4.448611259460449, 1.5958746671676636] [0.0, 0.0] 0.33552372455596924
car [662.7381915194733, 1804.517636337427, 1.9713352883239739] [0.5244653180605772, 0.01459315788076997, 0.0011301578886527466, -0.8513059923657482] [2.1403589248657227, 5.2812628746032715, 2.0438690185546875] [0.0, 0.0] 0.3103677034378052
car [696.2465905874219, 1817.3845187711204, 0.9554530011330854] [0.25441420512716645, 0.013634806187139102, 0.005322553337028763, -0.9669845783236286] [1.8568538427352905, 4.317361831665039, 1.6288584470748901] [0.0, 0.0] 0.21712377667427063
car [684.1382651736595, 1800.7801607333001, 1.1923722278654125] [-0.9724801578620086, -0.005628922036052848, 0.013511208328584136, -0.23252549333545475] [1.803773045539856, 4.172760009765625, 1.5657790899276733] [0.0, 0.0] 0.21405749022960663
car [686.0420663752425, 1827.739169850144, 1.2403783169360019] [0.3722518332699807, 0.01418916617153649, 0.0035923637264184795, -0.928016344205937] [1.9526845216751099, 4.470470428466797, 1.7338618040084839] [0.0, 0.0] 0.14606142044067383
car [690.9981787989406, 1773.7130022086496, 0.015202652451405008] [-0.9158565166106722, -0.003144571034049118, 0.014295075613587428, -0.4012388359418607] [1.776403546333313, 4.087574005126953, 1.5419398546218872] [0.011010558028854379, 0.006128124113672643] 0.138504758477211
car [677.7619159447331, 1807.7919208354383, 1.2273349365560389] [-0.9560015564578284, -0.004771363556524695, 0.013837326461344716, -0.292996222734054] [1.9784759283065796, 4.521356582641602, 1.7263236045837402] [0.0, 0.0] 0.13685885071754456
car [701.1111194741536, 1811.736399500256, 0.9302678877419415] [-0.62973385732481, -0.01461718075652608, 0.0007586438673095304, 0.7766730531085971] [1.9338271617889404, 4.542299270629883, 1.6966557502746582] [0.0012713788375924163, -0.002519447826321219] 0.11467140913009644
car [692.8657568606043, 1821.9700216411538, 0.9890204056505705] [-0.8360938371655426, -0.000715950608571477, 0.014619334065286586, -0.5483911541409223] [1.9680219888687134, 4.483346462249756, 1.6628810167312622] [0.0, 0.0] 0.11341536045074463
car [691.4817215974499, 1821.878113701127, 1.0274630166913448] [-0.8164996856034954, -0.0002066699385104443, 0.014635395495950181, -0.5771603121279277] [1.9919945001602173, 4.618927001953125, 1.7417923212051392] [0.0, 0.0] 0.10116291046142578
truck [706.116548409382, 1806.9446302604497, 1.4211903657366827] [0.37594683585740063, 0.014203368364057741, 0.0035357942390991147, -0.9265256278673691] [2.3153247833251953, 5.773674011230469, 3.0054211616516113] [0.0, 0.0] 0.6178267002105713
truck [662.7465767011792, 1804.5351540911945, 1.913047663532703] [-0.9040680841748252, -0.0027365203088863957, 0.01437876804129669, -0.4271377549019461] [2.169769525527954, 5.676707744598389, 2.0940470695495605] [0.0, 0.0] 0.2408493012189865
truck [682.7192990632141, 1784.1171893543383, 0.7084502226346299] [-0.8783590727065737, -0.0019157516659620037, 0.0145109410218885, -0.4777772513214309] [2.1228179931640625, 5.502317428588867, 2.087996006011963] [0.0, 0.0] 0.2330137938261032
truck [686.6598683411715, 1809.4259146666875, 1.176916748121775] [-0.9224748694590834, -0.0033845353355640073, 0.014240169744377395, -0.385779571391048] [2.067145586013794, 5.524147033691406, 1.908260464668274] [0.16073933395303006, 0.17209622977673153] 0.23091594874858856
truck [693.9830623762298, 1790.029129779712, 0.42993040969080976] [-0.9259301547193134, -0.003513336431438912, 0.014208940175322255, -0.3774110637854726] [1.9826090335845947, 5.207476615905762, 1.8105077743530273] [0.0, 0.0] 0.1600714921951294
construction_vehicle [680.1095458293091, 1788.8786510981608, 2.597474572926859] [-0.6695798829079118, 0.0030170269435687343, 0.014322536863563766, -0.7425958139467532] [3.4803905487060547, 7.103882789611816, 3.709096908569336] [0.0, 0.0] 0.1351512223482132
truck [688.4686755492922, 1807.512806928731, 0.8866986964450798] [-0.9282978149133947, -0.003603101680183393, 0.014186443249406185, -0.37154936322544063] [1.8611751794815063, 4.910935878753662, 1.7301510572433472] [0.0, 0.0] 0.12874437868595123
construction_vehicle [653.7200285178033, 1767.2936336655177, 2.424773605616935] [-0.9301694894400893, -0.0036749748541918736, 0.014167994692525124, -0.3668384977084298] [2.3942103385925293, 4.965473651885986, 2.9172627925872803] [0.0, 0.0] 0.10976577550172806
truck [690.0586375571969, 1772.9583102019305, 0.1108012969521405] [-0.8972544357660903, -0.0025105619512791394, 0.014419937325631904, -0.4412711637806045] [2.181906223297119, 5.695209980010986, 2.0345115661621094] [0.0, 0.0] 0.104731984436512
bus [709.937038517747, 1819.2731249348826, 1.600844390231837] [-0.9338781126900679, -0.012275603642402653, 0.007971641549956535, 0.3572918038867537] [3.0193569660186768, 12.76329231262207, 3.3747081756591797] [3.9575944968521393, -3.6590773559171383] 0.9136720895767212
barrier [737.861246462105, 1808.37100456416, 0.9659240183009943] [-0.5821069924927668, -0.01463638052827249, -0.00011780839515322921, 0.8129804498124417] [2.3978922367095947, 0.5335276126861572, 1.0833584070205688] [0.0, 0.0] 0.21868573129177094
barrier [728.2420750808727, 1786.4962606344357, 0.6438210044128795] [-0.23134703631178083, 0.009517083576699678, 0.011120370226771948, -0.9727611789519407] [2.670462131500244, 0.44114071130752563, 0.9588639140129089] [0.0, 0.0] 0.11813335120677948
barrier [699.4132861090367, 1773.9673800252954, -0.015745031885514467] [-0.7470197761342567, 0.0014272368073857174, 0.014567103654536345, -0.6646406672409828] [2.0834712982177734, 0.43887102603912354, 1.0149937868118286] [0.0, 0.0] 0.11455337703227997
barrier [699.0700912728763, 1774.4580441406677, 0.013817114976781092] [-0.943679286326795, -0.004220945559678151, 0.014015032371300326, -0.3305376938322837] [2.4684834480285645, 0.4713935852050781, 0.9894546866416931] [0.0, 0.0] 0.11084609478712082
motorcycle [701.0200499249084, 1774.3504816632146, 0.20516145490729984] [-0.9378239389344223, -0.003978023671466637, 0.014085909322994162, -0.34680256926346226] [0.7505527138710022, 2.2864551544189453, 1.3942396640777588] [0.0, 0.0] 0.6507512331008911
motorcycle [699.4649587288949, 1775.7905125797297, 0.25037466374511486] [0.4238243574210987, 0.014368650996877494, 0.002789154408829689, -0.9056261240394994] [0.7424781322479248, 2.2241110801696777, 1.393556833267212] [0.0, 0.0] 0.6265073418617249
motorcycle [698.6407804611188, 1776.4553496820697, 0.27564078059457253] [0.3907471000605268, 0.014258209103680804, 0.0033077162729104412, -0.9203816959721126] [0.6825302839279175, 2.0576894283294678, 1.288231611251831] [0.0, 0.0] 0.6167433857917786
motorcycle [698.91515275794, 1776.0240169336118, 0.2730635155321182] [0.47743249999394294, 0.014510188062177578, 0.001921446378799597, -0.8785465101152854] [0.7546689510345459, 2.175201892852783, 1.3869661092758179] [0.0, 0.0] 0.5672929286956787
motorcycle [703.6056913860746, 1779.7884995218135, 0.5460637820431533] [-0.9195891923434374, -0.0032788601007275892, 0.014264872597616125, -0.39260855799556676] [0.6236540079116821, 2.0308942794799805, 1.274888277053833] [0.0, 0.0] 0.49149855971336365
bicycle [734.2010382125166, 1813.0913141495598, 0.9876325732744872] [-0.9452418412534165, -0.004287604415667304, 0.013994783391003697, -0.32604236539147] [0.5846105813980103, 1.7187325954437256, 1.1173362731933594] [0.0, 0.0] 0.46540841460227966
bicycle [733.1892131247242, 1814.7680127846468, 1.0418740816236434] [-0.9396922991862005, -0.004054412339259791, 0.014064112285161147, -0.3417076898993734] [0.5511306524276733, 1.6622898578643799, 1.110385775566101] [0.0, 0.0] 0.4573671817779541
bicycle [732.4438888128982, 1815.9120530200544, 0.867413917090497] [-0.8726435563637541, -0.001743895221491298, 0.014532595887962432, -0.488138285758281] [0.6024339199066162, 1.6789259910583496, 1.104554295539856] [0.0, 0.0] 0.4427170753479004
bicycle [737.9866010230398, 1805.3994347635837, 1.083118356199554] [-0.9935387446588309, -0.009893639633168413, 0.01078672371924682, 0.11254565894768476] [0.6314510107040405, 1.7580991983413696, 1.1796681880950928] [0.0, 0.0] 0.43246546387672424
bicycle [734.0826467700027, 1813.7635053244805, 0.9966584381788777] [-0.9380033206426928, -0.00398531409978895, 0.014083848384315492, -0.3463170988407814] [0.5780884027481079, 1.6661670207977295, 1.1937156915664673] [0.0, 0.0] 0.4198670983314514
motorcycle [700.1053438504905, 1776.0584306447781, 0.2849440245032743] [-0.6793346728531904, -0.01453591074917747, 0.001716045593307373, 0.7336826049087322] [0.7272830009460449, 2.1719799041748047, 1.3731639385223389] [0.0, 0.0] 0.4161362946033478
bicycle [733.5677700889247, 1814.5695957681369, 1.0435793178945407] [-0.9390625823762879, -0.004028552750784302, 0.014071541369747344, -0.3434344608029185] [0.5654752254486084, 1.6795907020568848, 1.1405932903289795] [0.0, 0.0] 0.36112821102142334
motorcycle [700.5021257634199, 1774.6100792961765, 0.20524243949749185] [-0.8801633477250961, -0.001970728494145012, 0.014503576903258302, -0.47444519578931926] [0.7704898118972778, 2.3074722290039062, 1.4149315357208252] [0.0, 0.0] 0.3194444179534912
bicycle [734.2449272713582, 1814.3171016950014, 1.0360322590968838] [-0.9707339644000011, -0.00552884840945652, 0.013552466530178659, -0.2397109360176779] [0.5487463474273682, 1.604770541191101, 1.1890809535980225] [0.0, 0.0] 0.29551634192466736
bicycle [732.6788028893446, 1815.0748143183089, 0.9542801471620381] [-0.9410286259872578, -0.004109680933290991, 0.014048061660346852, -0.33801018854281223] [0.5910037755966187, 1.6831920146942139, 1.104841947555542] [0.0, 0.0] 0.25884976983070374
motorcycle [691.2191274715341, 1774.5200999831627, -0.14932651041059003] [0.510945682912728, 0.014573474162121425, 0.001360648607224492, -0.8594883778149999] [0.6812970042228699, 1.9927983283996582, 1.2538796663284302] [0.0, 0.0] 0.25847384333610535
bicycle [704.95917071274, 1779.976891745689, 0.7071875411938555] [-0.744358740806633, 0.0014854173898154266, 0.014561285965339621, -0.6676195229851936] [0.5437706708908081, 1.585862398147583, 1.127042293548584] [0.00012307024452411976, 6.698549371905209e-05] 0.24855956435203552
bicycle [717.6697475673997, 1769.4525001365541, -1.1189767048942805] [-0.8450605333639507, -0.013606774059597471, 0.005393812517823369, 0.5344702587018745] [0.5089914202690125, 1.5193371772766113, 1.1525604724884033] [0.0, 0.0] 0.24409735202789307
motorcycle [699.8000320156959, 1774.9907935991973, 0.19754735920464694] [-0.08744862955831156, 0.011032850731616502, 0.0096184051963011, -0.9960614939222312] [0.7341206073760986, 2.1885838508605957, 1.3867911100387573] [0.0, 0.0] 0.223830908536911
motorcycle [704.0711733540021, 1779.681304690937, 0.5869733791284005] [-0.8835544185750964, -0.0020750375322891937, 0.01448902112035019, -0.46809972431378016] [0.6668564677238464, 1.959681749343872, 1.2612507343292236] [0.0, 0.0] 0.21939228475093842
motorcycle [720.6481205263723, 1763.8248238092663, 1.158460023936901] [0.4202408089310011, 0.014357512273603521, 0.0028459365944600674, -0.9072945635212589] [0.9501029253005981, 2.3008272647857666, 1.8831186294555664] [-1.9950902686317862, -2.2013861908542443] 0.21743474900722504
bicycle [713.9229441537161, 1779.6984562069003, 0.5619328276422193] [-0.6406898091184384, 0.003562578190297259, 0.014196673921182422, -0.767660296601298] [0.5678881406784058, 1.7545313835144043, 1.1810237169265747] [-0.011087365262952877, 0.016354713212614537] 0.21495449542999268
motorcycle [691.7356108207842, 1774.2067232924567, -0.17649380938257164] [-0.7264818865576007, -0.014390158838639235, 0.0026759750344679542, 0.6870297162349842] [0.7765299081802368, 2.1579272747039795, 1.3445155620574951] [0.0, 0.0] 0.2054118514060974
bicycle [739.8984679954104, 1793.629928054809, 1.4089626580302785] [-0.1811936424515906, 0.010074445622542448, 0.010618053455544386, -0.9833385105960912] [0.6960960030555725, 1.7252777814865112, 1.828153371810913] [-1.541630208818944, 0.6298007543303497] 0.19879311323165894
bicycle [742.132107426002, 1809.2196038978375, 2.7050259977312177] [-0.9148996189914572, -0.0031105627049657645, 0.01430251423508604, -0.40341597595472134] [0.5077692866325378, 1.6785322427749634, 1.1023318767547607] [-9.376537997787326e-05, -5.674494104037329e-05] 0.16109254956245422
bicycle [733.4637764017659, 1813.5207583680851, 0.9093547259649493] [-0.8971660963130065, -0.0025076757159880605, 0.014420439531782882, -0.44145074256670436] [0.572564959526062, 1.6998584270477295, 1.1365846395492554] [0.0, 0.0] 0.15699832141399384
motorcycle [699.4804739705575, 1773.8738742266864, 0.07366568731860877] [-0.23678138101982632, 0.009454769430468631, 0.011173399160642146, -0.9714526957544343] [0.7101380228996277, 2.0480880737304688, 1.2993661165237427] [0.0, 0.0] 0.15370729565620422
bicycle [717.4002162956526, 1817.7062592210314, 0.5990926843511116] [-0.7780356385982762, 0.0007269718737531947, 0.014618790157914386, -0.6280496059684988] [0.5492299199104309, 1.575387954711914, 1.0846375226974487] [0.0, 0.0] 0.15193986892700195
bicycle [737.7605779928189, 1804.8916767067665, 1.1476322618351311] [-0.9812492291863077, -0.010730129875147553, 0.009954990037605697, 0.19218666110708804] [0.6026807427406311, 1.6750317811965942, 1.1661823987960815] [0.0, 0.0] 0.14753124117851257
bicycle [732.0035835256274, 1794.721823256207, 0.7969995411416945] [0.39544394752347445, 0.01427492114514282, 0.0032348323119316567, -0.9183734789579159] [0.4522443413734436, 1.4175875186920166, 1.0443147420883179] [0.0, 0.0] 0.14040151238441467
bicycle [704.4512803580155, 1779.0484858364132, 0.6422478019214533] [0.11607553709213214, 0.01275207425571252, 0.0071848532318452216, -0.9931325350500742] [0.5931116938591003, 1.7249178886413574, 1.1920368671417236] [0.0, 0.0] 0.13867488503456116
motorcycle [694.5138285073848, 1839.7720821152025, 2.6262040852798934] [-0.8354444564112202, -0.013700333962865909, 0.0051515398758337876, 0.5493799438803483] [0.7004035711288452, 2.018993854522705, 1.407793641090393] [0.007432385945952141, -0.006591512279835564] 0.1341577172279358
motorcycle [701.8604816897891, 1775.267642527745, 0.16537642795570348] [-0.5883428500264546, -0.014636853707302385, -5.2285171095890065e-06, 0.8084790988695766] [0.6724125146865845, 1.9481247663497925, 1.2536424398422241] [0.0, 0.0] 0.12219536304473877
motorcycle [699.7591748478985, 1773.1491139970594, 0.11875350570504589] [-0.10548570425798343, 0.010856726226096609, 0.009816771844040627, -0.9943130938911602] [0.708094596862793, 2.051830768585205, 1.3378957509994507] [0.0, 0.0] 0.11915050446987152
motorcycle [692.290739604022, 1773.9027209870474, -0.27900022073892866] [-0.5667044786955195, -0.01463157151565873, -0.0003932286466252835, 0.823791112062186] [0.7147347331047058, 2.0480551719665527, 1.3055555820465088] [0.0, 0.0] 0.1188698261976242
bicycle [737.64637755711, 1805.8272947984021, 0.982540295784502] [-0.9953799480561072, -0.007454884428932149, 0.012596118923606101, -0.09489215717874405] [0.6670753955841064, 1.792386531829834, 1.1749851703643799] [0.0042947463323445645, 0.011633899786846386] 0.11518407613039017
motorcycle [699.0926508320745, 1774.5872391952264, 0.06822186112777916] [-0.23022204885574377, 0.00952993603010428, 0.011109357904419274, -0.9730280420968747] [0.7370400428771973, 2.194409132003784, 1.3491246700286865] [0.0, 0.0] 0.11358290165662766
motorcycle [734.9915366385358, 1809.6469617390271, 0.6882024468948266] [-0.10168797012883135, 0.010894134192624793, 0.009775241888538927, -0.9947086604716437] [0.6064520478248596, 1.7552940845489502, 1.2699238061904907] [0.0, 0.0] 0.1066809818148613
bicycle [689.7900622768923, 1800.5933292781888, 1.7854124311094597] [-0.7627517484165357, -0.014223431064963663, 0.0034542036023647, 0.6465257402251913] [0.6464767456054688, 1.805206537246704, 1.2177883386611938] [0.0007263239161947595, -0.00045711103542146796] 0.1036335676908493
pedestrian [710.1570923406804, 1783.9381633060673, 1.0614103456822663] [-0.37381771303080674, 0.007752415231533429, 0.012415215337006895, -0.9273866938395392] [0.6430684328079224, 0.6124830842018127, 1.724682092666626] [0.0, 0.0] 0.8368123769760132
pedestrian [696.6464133631986, 1780.1071327402512, 0.6295538295263469] [-0.9814941187964373, -0.010717394646992093, 0.009968699301663577, 0.190932074974895] [0.755852222442627, 0.9058825969696045, 1.8763902187347412] [1.3800840500559957, -0.549582231421179] 0.8345355987548828
pedestrian [715.6223227128411, 1789.4104485417618, 0.8798248233809091] [0.31444127796451515, 0.013941222315188052, 0.004458680762833931, -0.9491640770690051] [0.6688399910926819, 0.8206038475036621, 1.7763782739639282] [-0.9258965002220902, -0.7516666121562362] 0.8319945335388184
pedestrian [711.256229764268, 1784.8537546488117, 1.137709157575845] [-0.2699465614025289, 0.009066153276524786, 0.011490969434861515, -0.9627640502600647] [0.6338207125663757, 0.5907658338546753, 1.820565938949585] [0.0, 0.0] 0.8275213241577148
pedestrian [707.17671437047, 1782.7424267508852, 0.9566808360504225] [-0.5025699250561257, 0.005897710179492252, 0.013396063915384854, -0.8644126519870552] [0.598096489906311, 0.5720095038414001, 1.6598001718521118] [0.0, 0.0] 0.7744125127792358
pedestrian [724.4763585409358, 1812.136441103309, 1.314379243088334] [-0.8520759202789967, -0.013534028057176555, 0.005573831566698132, 0.523213521009267] [0.7032729387283325, 0.8385034203529358, 1.7611384391784668] [0.5330159436114095, -1.0964810231851878] 0.7557327747344971
pedestrian [708.943568370596, 1782.9941564743976, 1.0564942509391828] [-0.45077841016925363, 0.006676573571194851, 0.013025393626865375, -0.8925158751593687] [0.6288231611251831, 0.5945848226547241, 1.7380706071853638] [0.0, 0.0] 0.7482340335845947
pedestrian [707.0475855617495, 1781.5686984462354, 1.0091498162296255] [-0.5652047809176373, 0.004889457875149619, 0.013796039847488848, -0.8248207793903227] [0.6382005214691162, 0.6078159213066101, 1.754059076309204] [0.0, 0.0] 0.747357964515686
pedestrian [712.6799157787776, 1784.8837945867613, 1.090478293166605] [-0.3406356159182347, 0.008188581715305052, 0.012131967823817147, -0.9400814537337809] [0.6308770179748535, 0.6351114511489868, 1.6592278480529785] [0.0, 0.0] 0.7407063245773315
pedestrian [715.5827166606094, 1790.3143608572875, 0.9037446806428656] [0.34753840929339463, 0.014089026695276743, 0.0039669686873155426, -0.9375515007465087] [0.6784862279891968, 0.8603768348693848, 1.7735176086425781] [-1.0613038025291512, -0.9226487168785501] 0.7107479572296143
pedestrian [710.9483814324695, 1784.1875134956033, 1.087560691257096] [-0.3798836055436143, 0.007670935623505381, 0.012465723422505362, -0.9249184876114206] [0.5915502309799194, 0.554296612739563, 1.750362753868103] [0.0, 0.0] 0.6947495341300964
pedestrian [713.725037378241, 1784.0649346996688, 1.097788941658177] [-0.35982674844765894, 0.007938273593290199, 0.012297208062988698, -0.9329043217757108] [0.6437358260154724, 0.606873095035553, 1.787933111190796] [0.0, 0.0] 0.6911664009094238
pedestrian [731.9837797389098, 1797.466689993105, 1.1133501880743735] [-0.15321241229614996, 0.010371739554031733, 0.010327852265098315, -0.9880848744943972] [0.5751953125, 0.5448415279388428, 1.6310611963272095] [0.0, 0.0] 0.672048807144165
pedestrian [708.6817509618209, 1780.903603163386, 0.9099050700598508] [-0.573968305409932, 0.0047420626969036025, 0.013847395248385092, -0.8187466927390087] [0.6356115341186523, 0.6494206190109253, 1.4668982028961182] [0.0, 0.0] 0.6665339469909668
pedestrian [723.4234042007491, 1790.52417237469, 0.9123119504699466] [0.18725337838305045, 0.013236119150223493, 0.006248412888682182, -0.9822025935469465] [0.7546889185905457, 0.934600830078125, 1.829643726348877] [-1.3380533584945948, -0.5367665615147124] 0.6168511509895325
pedestrian [721.5501233956339, 1815.981883546343, 1.2682848916760894] [-0.8845517885969685, -0.013139392434850516, 0.006449331766110017, 0.4662122861702789] [0.6314165592193604, 0.7094547152519226, 1.7103073596954346] [0.7340200246494962, -1.068627788966398] 0.6161952018737793
pedestrian [710.3581467394393, 1782.8830736226325, 0.9917496773985396] [-0.4398487348005761, 0.006835093630020758, 0.012942913460856192, -0.8979525894948721] [0.5751249194145203, 0.5669011473655701, 1.590247631072998] [0.0, 0.0] 0.6132371425628662
pedestrian [739.8848619753327, 1793.6341647300228, 1.4791779085368537] [-0.16458675838529446, 0.010252055651799976, 0.010446667827530405, -0.9862540045294794] [0.7121768593788147, 0.7546860575675964, 1.8564101457595825] [-1.4687081271455957, 0.5487806893473042] 0.5268737077713013
pedestrian [711.3568670423543, 1783.1890368718184, 1.0038395959049662] [-0.426021987762189, 0.007032839344105624, 0.012836537093249204, -0.9045943999546799] [0.586194634437561, 0.5690250396728516, 1.6883935928344727] [0.0, 0.0] 0.4689742624759674
pedestrian [712.2757394996223, 1783.793767603341, 1.0830220656273968] [-0.3888261567696375, 0.0075498108472662855, 0.012539452538163822, -0.9211948666259313] [0.6040711402893066, 0.5647026300430298, 1.8365576267242432] [0.0, 0.0] 0.39650648832321167
traffic_cone [702.7610594366739, 1780.8919731063909, 0.3570477434037143] [-0.9555658973943885, -0.004750833115424329, 0.01384438870068846, -0.29441395724909303] [0.3857807517051697, 0.382495641708374, 1.097879409790039] [0.0, 0.0] 0.37215304374694824
traffic_cone [702.0313336820759, 1780.2634163961288, 0.36601783473800337] [-0.9992065864861701, -0.008172428398654983, 0.01214285501252569, -0.0370399785214523] [0.3957829475402832, 0.39269372820854187, 1.2315901517868042] [0.0, 0.0] 0.336658775806427
pedestrian [711.6614159305591, 1784.491651913935, 1.1111796515542425] [-0.3685460156086414, 0.007822783454136652, 0.0123709972442018, -0.9294942694095585] [0.585935652256012, 0.5556423664093018, 1.8056461811065674] [0.0, 0.0] 0.33249399065971375
pedestrian [737.5183391656885, 1799.7244679795829, 1.5074997672613106] [0.40040955475718476, 0.014292223003591436, 0.0031575109504124524, -0.9162193792675241] [0.5749840140342712, 0.5559041500091553, 1.7155709266662598] [0.0, 0.0] 0.29716968536376953
pedestrian [710.851735520811, 1783.7219370434675, 1.0456850478963042] [-0.35051532207666514, 0.008060384183103203, 0.01221751695751401, -0.9364426151535958] [0.6138525605201721, 0.5986658334732056, 1.734270453453064] [0.0, 0.0] 0.28344765305519104
traffic_cone [697.9033173606662, 1792.9812537666146, 0.6466535635082382] [-0.27605552768244757, 0.008992992534656602, 0.011548315853749987, -0.9610302326785454] [0.4544093906879425, 0.45039570331573486, 1.1141208410263062] [-2.1908972949366933e-06, 5.684625899317036e-06] 0.28228139877319336
traffic_cone [731.7700357165888, 1794.5785331513814, 0.8921779726549997] [-0.2725458696410775, 0.009035084686714193, 0.01151541395218884, -0.9620314503319538] [0.3591156005859375, 0.34787338972091675, 0.8157050013542175] [0.0, 0.0] 0.26795703172683716
pedestrian [711.5008600470909, 1783.9574036034364, 1.0810812806564343] [-0.35100634592512386, 0.008053976188874278, 0.012221742156313432, -0.9362586755841069] [0.6040118932723999, 0.5947864651679993, 1.8081084489822388] [0.0, 0.0] 0.26340872049331665
pedestrian [712.0818877461072, 1784.9300396839799, 1.1255513331940772] [-0.3957802109419539, 0.007454784040974281, 0.012596178336654253, -0.9182286137520198] [0.5893650054931641, 0.5896631479263306, 1.7022781372070312] [0.0, 0.0] 0.2590484023094177
pedestrian [713.1819924752249, 1784.9983179837118, 1.010805624246477] [-0.35798567653556845, 0.007962517262802175, 0.012281524035148898, -0.9336123488266342] [0.619438886642456, 0.6497693061828613, 1.5818389654159546] [0.0, 0.0] 0.2512549161911011
traffic_cone [703.8280267899302, 1778.7596384164945, 0.6157364522415911] [-0.2860282203009474, 0.008872489868466664, 0.011641152748775314, -0.9581093985958422] [0.38188472390174866, 0.3723049759864807, 1.145831823348999] [0.0, 0.0] 0.23420041799545288
traffic_cone [691.4700859862284, 1775.0534173628573, -0.1764556453852516] [0.21325405073580123, 0.01339728344936433, 0.0058949393519994245, -0.9768871338752428] [0.3798064887523651, 0.3973422348499298, 0.8817133903503418] [-0.001147969741019949, -0.0003513703034756962] 0.22103062272071838
traffic_cone [703.1343259073624, 1781.3032533849491, 0.39313846664819324] [-0.8196252564714915, -0.00028622978354636043, 0.014634055702277948, -0.5727130183959986] [0.4004036784172058, 0.4005981385707855, 1.0416507720947266] [0.0, 0.0] 0.21751436591148376
pedestrian [705.0426416001325, 1779.9561527177486, 0.7125464806349692] [-0.4844326026648677, 0.006175812918215946, 0.013270148777823093, -0.8747061312015346] [0.5956729650497437, 0.649270236492157, 1.2361503839492798] [0.0, 0.0] 0.21315997838974
pedestrian [709.3898439396216, 1783.2916189387536, 1.0571680035356088] [-0.47514002077971773, 0.006316031686254522, 0.013203986425492552, -0.8797884536294298] [0.6108036637306213, 0.5947145223617554, 1.6880192756652832] [0.0, 0.0] 0.20804814994335175
pedestrian [712.8799929752582, 1783.9972782336718, 1.0930546783187471] [-0.5090673134453894, 0.00579662986182101, 0.013440111459039603, -0.860602250094495] [0.6250566244125366, 0.5971893072128296, 1.8145923614501953] [0.0, 0.0] 0.20756536722183228
traffic_cone [703.3690849226103, 1781.3915263429274, 0.41425260624751453] [-0.6438088135535212, 0.0035047694551258463, 0.014211055726186552, -0.7650463868792671] [0.38553935289382935, 0.3875039517879486, 1.0198553800582886] [0.0, 0.0] 0.20733162760734558
traffic_cone [702.2912516978766, 1780.3857124750998, 0.3285003587632888] [-0.9779359677617874, -0.0059615168806022925, 0.013367790777411823, -0.20839147162019422] [0.3988479673862457, 0.39930200576782227, 1.1544339656829834] [0.0, 0.0] 0.18742430210113525
pedestrian [734.7055397158006, 1814.0398928590405, 1.1068385689053044] [0.3052703048853763, 0.013897561870382765, 0.00459296068405183, -0.9521532457758064] [0.5893254280090332, 0.6247774362564087, 1.4340527057647705] [-4.495903281004042e-06, -1.7311206078349576e-05] 0.18144318461418152
traffic_cone [709.5088804909038, 1811.233474236913, 0.8653461529963263] [0.4540794747325532, 0.014454422607467352, 0.0023037319442807316, -0.8908409471464714] [0.47025787830352783, 0.47450369596481323, 1.3345494270324707] [0.0, 0.0] 0.18101835250854492
traffic_cone [717.6726595531093, 1769.8573279430918, -1.0534179669218728] [-0.9844208240099581, -0.006409941952768493, 0.013158653348595409, -0.1752181604222815] [0.3902468979358673, 0.39617839455604553, 0.8815401196479797] [-0.000100204217578213, -0.0037402833205993453] 0.17491863667964935
pedestrian [709.3216092024234, 1781.35171742551, 0.860910300364543] [-0.47420803608088996, 0.006330011500485716, 0.013197290183597589, -0.8802911455890712] [0.5993767380714417, 0.6248025894165039, 1.4062689542770386] [0.0, 0.0] 0.17304609715938568
pedestrian [716.2279067063229, 1789.7697326693783, 0.7836319433053124] [0.3600954478833334, 0.01414102055994935, 0.0037774397823727842, -0.9328006383466488] [0.6057673692703247, 0.7194888591766357, 1.6585516929626465] [-0.5900208439791295, -0.5313410654388406] 0.15741923451423645
pedestrian [707.5275164024422, 1779.6979187123864, 0.8547826223296108] [-0.45375543806255947, 0.00663305290686874, 0.013047609854722163, -0.891006040896956] [0.6085176467895508, 0.625495433807373, 1.4782745838165283] [0.0, 0.0] 0.15300360321998596
pedestrian [711.5869008967071, 1782.6522808018467, 1.0017371205693537] [-0.40658896524850546, 0.0073056132908343825, 0.012683277503514095, -0.9134939385810741] [0.608216404914856, 0.6022436618804932, 1.6672747135162354] [0.0, 0.0] 0.15147314965724945
traffic_cone [731.7978848739467, 1785.8858603249714, 1.204053023144569] [-0.14363685585910257, 0.010471265635046073, 0.010226930614151336, -0.9895222160846744] [0.4279622435569763, 0.4164339303970337, 1.1243774890899658] [0.0, 0.0] 0.15030017495155334
pedestrian [706.7732741660435, 1779.9058464157551, 0.7931153282097902] [-0.5030569437662783, 0.005890160530543412, 0.01339938516167034, -0.8641293154469101] [0.6072511672973633, 0.6315153241157532, 1.4220904111862183] [0.0, 0.0] 0.14153283834457397
pedestrian [704.9698949298274, 1780.5217864757171, 0.6642171719305225] [-0.5736475405143928, 0.004747486658499697, 0.01384553661703764, -0.8189714657715506] [0.5161501169204712, 0.5392272472381592, 1.1109039783477783] [0.0, 0.0] 0.1391829252243042
pedestrian [711.4615171699553, 1782.0238097415295, 1.0617246067462052] [-0.39014491016422626, 0.007531846596494253, 0.01255025101873427, -0.9206371226271302] [0.6188493967056274, 0.6083842515945435, 1.707395315170288] [0.0, 0.0] 0.13604368269443512
pedestrian [704.7421546092905, 1779.5929099506443, 0.6640946814224429] [-0.34885116413820044, 0.00808207607206154, 0.012203178280750184, -0.937063833346286] [0.5665240287780762, 0.5997547507286072, 1.2939373254776] [0.0, 0.0] 0.13149505853652954
traffic_cone [734.8434818071686, 1809.7875107699238, 0.6160058636536663] [0.016055275453450535, 0.011968613558062445, 0.008425544687682012, -0.9997639674524821] [0.47991257905960083, 0.5950063467025757, 0.5691995620727539] [0.0, 0.0] 0.1310030072927475
pedestrian [706.3708641787969, 1780.120865199474, 0.7737862180097932] [-0.47536410547348384, 0.006312668156034108, 0.013205594819551133, -0.8796673972096548] [0.5756875276565552, 0.592596709728241, 1.339881181716919] [0.0, 0.0] 0.12716495990753174
pedestrian [721.6428193118378, 1816.483733055601, 1.2675752653112031] [-0.8712439106538024, -0.013313671270398245, 0.006081420154054077, 0.4906320521886878] [0.6872941255569458, 0.7776836156845093, 1.7399771213531494] [0.6098669434423536, -0.7615026896489855] 0.12245184183120728
pedestrian [707.611802286202, 1780.1729008415184, 0.8253607449668219] [-0.49584180149494317, 0.006001565231182589, 0.013349858746901519, -0.8682895083878781] [0.606861412525177, 0.6123156547546387, 1.5541459321975708] [0.0, 0.0] 0.11902761459350586
pedestrian [710.9708567472456, 1782.209337092722, 1.0372226202599473] [-0.415861085927062, 0.0071762056564178885, 0.012756942665198376, -0.9093103538934211] [0.6286532878875732, 0.6359431743621826, 1.6869347095489502] [0.0, 0.0] 0.11847300827503204
traffic_cone [736.7161531474968, 1808.8138552138098, 0.955007445800825] [0.23485937714837302, 0.013524682290418352, 0.00559647056005899, -0.971919150676481] [0.36575350165367126, 0.3658227324485779, 0.8543652892112732] [-4.921463205286772e-05, 0.00012410258760120834] 0.11080928891897202
pedestrian [734.4227412828793, 1814.3288838672477, 1.00328576047737] [0.4257345033789274, 0.01437450479295354, 0.002758826878170943, -0.9047297359537334] [0.5397358536720276, 0.5712195038795471, 1.344935655593872] [0.0, 0.0] 0.10820391774177551
traffic_cone [687.8358454668469, 1775.6521981139824, -0.5141217488836995] [-0.9458299892522308, -0.0043129089608732445, 0.013987005758259416, -0.32433222768842845] [0.35572752356529236, 0.3626784682273865, 0.7629907727241516] [8.25178535991425e-06, -2.3386373794501177e-05] 0.10562480986118317
pedestrian [749.9837135230546, 1790.1791842596763, 2.1737073325411638] [-0.7385722059428947, -0.014340349740683, 0.0029311914132747795, 0.6740154739283515] [0.6738067269325256, 0.6920467019081116, 1.629124641418457] [0.0002203997448717954, -0.0006018783867733699] 0.10425406694412231
pedestrian [708.6635867424011, 1782.644494161552, 1.0314218997104023] [-0.4473548969915338, 0.006726439060981247, 0.012999712740875023, -0.8942367464066258] [0.6449882388114929, 0.64344322681427, 1.730172872543335] [0.0, 0.0] 0.1030808687210083
traffic_cone [717.9209783838874, 1821.7607880105854, 0.8873081174211461] [0.3185825823292061, 0.01396055720571252, 0.00439776719397366, -0.947782095590895] [0.3683377802371979, 0.36780616641044617, 0.96604984998703] [0.0, 0.0] 0.10002205520868301
