car [697.0971469154008, 1799.033060236377, 0.6918484664852653] [-0.9323363596436313, -0.008302250822192443, 0.02218606147006705, -0.3608154151282804] [1.701890230178833, 4.083605766296387, 1.4653867483139038] [0.0, 0.0] 0.9029800891876221
car [690.4011591791227, 1805.8257740317192, 0.8029137250526344] [-0.9356765897292154, -0.008509789764344933, 0.022107287722261157, -0.35206273693822976] [1.7659815549850464, 4.1568756103515625, 1.508824110031128] [0.0, 0.0] 0.8200422525405884
car [690.8689053333992, 1793.820287964316, 0.4645972743801173] [0.3618304788972632, 0.022195089140848355, 0.008278086149466206, -0.9319428930190459] [1.8112555742263794, 4.243550777435303, 1.5321972370147705] [0.0, 0.0] 0.7958375215530396
car [702.7279875317299, 1809.7027344678368, 0.9868009792273426] [0.39724908439228135, 0.022495779529602883, 0.0074221691993438706, -0.9174050448178416] [1.9029370546340942, 4.568149089813232, 1.618306040763855] [0.0, 0.0] 0.7911661863327026
car [695.269378740886, 1800.5672803354616, 0.7386285303037802] [-0.9390718914958938, -0.008725391493185483, 0.022023084151835667, -0.342903534408813] [1.8629131317138672, 4.628920555114746, 1.539980411529541] [0.0, 0.0] 0.7825603485107422
car [677.0404142361874, 1790.4169088289657, 0.5546214180441122] [-0.9258708699502826, -0.007912223322099675, 0.022328130561455675, -0.3770967826503416] [1.8705713748931885, 4.408928871154785, 1.5898633003234863] [0.0, 0.0] 0.7769656777381897
car [688.5874727593691, 1807.4526437555617, 0.9015527284808095] [-0.92541474900169, -0.007885250335785014, 0.022337670411441544, -0.3782147453998469] [1.7990169525146484, 4.318747520446777, 1.5163373947143555] [0.0, 0.0] 0.7718808650970459
car [693.6720929839063, 1802.5312252378385, 0.7903770778250291] [-0.9365596781698979, -0.008565401194527358, 0.022085800747199055, -0.34970676363780695] [1.8214035034179688, 4.418622970581055, 1.5726139545440674] [0.0, 0.0] 0.7569336891174316
car [687.1857759691082, 1797.008388258124, 0.7168650679053337] [0.3789308571860557, 0.022343766513511207, 0.007867959726503698, -0.9251217524088235] [1.8861467838287354, 4.470223426818848, 1.6524972915649414] [0.0, 0.0] 0.7547821998596191
car [673.0268357477903, 1794.3957594338008, 0.7778347525194463] [0.4049266558670488, 0.02255721642637304, 0.0072333034888600704, -0.9140422608807868] [1.9181020259857178, 4.566841125488281, 1.7414474487304688] [0.0, 0.0] 0.7532510161399841
car [700.9151882265746, 1811.8310041932707, 1.1216907826540816] [0.39330978738116734, 0.02246373162944654, 0.00751860715481212, -0.9191007901519359] [1.895486831665039, 4.563601970672607, 1.6000075340270996] [0.0013516727017702467, 0.004625754335520142] 0.7455231547355652
car [689.0645881109496, 1795.5543864696585, 0.5684682059258777] [0.36575328694387566, 0.022229765488661284, 0.008184510894812987, -0.9304103311966623] [1.8298099040985107, 4.447132110595703, 1.5313152074813843] [0.0, 0.0] 0.7422968149185181
car [694.2983211690904, 1790.169488068537, 0.44384296856353955] [-0.9266877594093481, -0.00796070249962579, 0.02231089213771248, -0.37508485422449955] [1.8148720264434814, 4.487765789031982, 1.516242504119873] [0.0, 0.0] 0.7280049920082092
car [682.8931883590533, 1802.5694625007052, 0.9266481645728433] [0.3273964756416191, 0.021876447148559255, 0.009086789995619047, -0.9445900693132331] [1.7857414484024048, 4.219055652618408, 1.5353546142578125] [0.0, 0.0] 0.7159075736999512
car [683.0038004088902, 1784.29733963321, 0.2925878774552153] [-0.9192363709654429, -0.007526353473274978, 0.022461137452575962, -0.3929928060435896] [1.8996115922927856, 4.625250339508057, 1.6778223514556885] [0.0, 0.0] 0.7029032111167908
car [686.449711882339, 1809.0228430884704, 1.3791406524183474] [-0.9248115113488071, -0.007849681888206013, 0.022350194328509973, -0.37968739745278174] [1.9374229907989502, 4.784543514251709, 1.876186728477478] [0.0, 0.0] 0.6945853233337402
car [690.5410388040269, 1822.1626723536262, 1.5857034839403752] [0.3928349882621665, 0.022459845017763894, 0.00753020942910723, -0.9193038253508985] [1.8919837474822998, 4.432188987731934, 1.6402305364608765] [0.0, 0.0] 0.6655783653259277
car [697.3254823457273, 1815.1397623319776, 1.277619260580332] [0.40293255583779686, 0.022541390039756498, 0.007282473985106685, -0.914923060565069] [1.7940056324005127, 4.142210960388184, 1.5718945264816284] [0.0, 0.0] 0.6606308221817017
car [684.266172625218, 1800.6287065081704, 0.8378732253023744] [0.33845268866717193, 0.0219815178817959, 0.008829584581421501, -0.9406851911461634] [1.7625858783721924, 4.079905986785889, 1.5682140588760376] [0.0, 0.0] 0.6505944728851318
car [685.0613181413516, 1811.5946775075454, 1.335650936412531] [0.3465933450685902, 0.02205722242844652, 0.008638728552873098, -0.9377163240884191] [1.9429595470428467, 4.554190635681152, 1.7312352657318115] [0.0, 0.0] 0.6443195939064026
car [696.0003908049866, 1816.8035480147619, 1.3395403176764655] [0.3821177661792897, 0.022370756867284, 0.007790887590836796, -0.9238099718437127] [1.8024828433990479, 4.273993015289307, 1.5746970176696777] [0.0, 0.0] 0.6376595497131348
car [684.4783356504291, 1782.291067674287, 0.06690908356561776] [-0.9236369558399382, -0.007780763257383867, 0.022374280220841383, -0.382535782789615] [1.8091020584106445, 4.30853271484375, 1.509822964668274] [0.019800409047814223, 0.014501819112761561] 0.6095658540725708
car [686.5129062041111, 1780.9200069595024, -0.03814735473190711] [-0.9263660178948598, -0.007941581903103966, 0.02231770528402238, -0.3758787732731814] [1.7655187845230103, 4.0796332359313965, 1.494445562362671] [0.0, 0.0] 0.5933325290679932
car [688.2179523485592, 1779.231889233978, 0.010258984096267243] [0.3729341453299969, 0.022292365131801765, 0.008012437150993295, -0.9275553754653768] [1.9572495222091675, 4.7569427490234375, 1.5788167715072632] [0.0, 0.0] 0.5893948078155518
car [699.1554207937577, 1813.562259817582, 1.170645672541577] [0.37541848917516396, 0.022313756988291893, 0.007952668818430948, -0.9265526478798543] [1.776918888092041, 4.1326069831848145, 1.5258705615997314] [-0.001672831232039079, -0.0013039632934330899] 0.5732768774032593
car [693.0632040435905, 1820.6086540214678, 1.6046078552094125] [0.41065974685350737, 0.022602203685862195, 0.00709147945149575, -0.9114808959171581] [1.8546710014343262, 4.333991050720215, 1.6293259859085083] [0.0, 0.0] 0.5103484392166138
car [672.7997429631578, 1812.528678887384, 1.4433299451218404] [0.35974040649926076, 0.022176476147521162, 0.008327820720129228, -0.9327516771571511] [1.9545090198516846, 4.490005970001221, 1.6891028881072998] [0.0, 0.0] 0.49581095576286316
car [676.8914941544972, 1834.7889395756547, 2.376298034893315] [-0.44129666207683427, 0.008924697100722766, 0.021943073484098338, -0.8970485535062058] [1.998856782913208, 4.599996089935303, 1.8280901908874512] [0.0, 0.0] 0.4578607976436615
car [662.7610118843627, 1804.4479576102053, 1.911162138735946] [-0.9226233356053126, -0.007721638545639287, 0.02239475363648117, -0.3849740665346933] [2.3276634216308594, 5.543217182159424, 2.450523614883423] [0.0, 0.0] 0.44436579942703247
car [681.0906492636234, 1804.2281716577531, 1.0919329394110295] [0.36870639625668233, 0.022255647124266687, 0.00811386858091188, -0.9292440178269333] [1.7975599765777588, 4.2112603187561035, 1.5512735843658447] [0.0, 0.0] 0.4443635046482086
car [677.512811393396, 1809.2605283374608, 1.3761763944135421] [-0.37702031301926914, 0.010448016466448298, 0.02126000103915835, -0.9259020114885723] [1.9435553550720215, 4.458486557006836, 1.7387709617614746] [0.0, 0.0] 0.4308968484401703
car [694.2118586458494, 1818.921219087934, 1.5475027410650826] [0.4021429766262727, 0.02253509806282172, 0.007301920813539248, -0.9152703849999152] [1.906531572341919, 4.458840370178223, 1.6545054912567139] [0.0, 0.0] 0.42320114374160767
car [685.3656244993489, 1827.1415855401917, 1.805113367207639] [-0.96155928750713, -0.010306750652023154, 0.021328843927067617, -0.27357373396675366] [1.8440030813217163, 4.268229007720947, 1.5750670433044434] [0.0, 0.0] 0.41119760274887085
car [675.1069436986161, 1821.5596357142406, 1.7825115720687161] [-0.4668221120418745, -0.023001218057230585, -0.005665038406923518, 0.8840339173450842] [1.894897222518921, 4.479860782623291, 1.6988722085952759] [0.0, 0.0] 0.40546199679374695
car [691.8794848785541, 1803.9854657715916, 0.7401902034583266] [-0.9372334683056073, -0.008608048922935775, 0.022069213533982883, -0.34789693473150085] [1.7691059112548828, 4.105349063873291, 1.509820580482483] [0.00029192905290397863, 0.0003205680691222021] 0.1729576140642166
car [674.3323821076634, 1791.8844551151872, 0.3945148304088075] [-0.8856303399204903, -0.005743920222605545, 0.022981646432414973, -0.46378632183371715] [1.7530444860458374, 3.9823474884033203, 1.51055908203125] [0.9257712634852686, 0.8464210674553502] 0.15893638134002686
car [693.7304757018985, 1827.9362420205816, 2.0399413741329884] [-0.7090860070824592, -0.02364429459589229, 0.0014477656339502826, 0.7047239784962525] [1.886687159538269, 4.362061023712158, 1.6550949811935425] [0.0, 0.0] 0.1376889944076538
car [674.8208923002295, 1823.7869226426578, 1.8998436673843793] [-0.3175694868912133, 0.011774667540842512, 0.020554948225933792, -0.9479390657122341] [2.0402257442474365, 4.726742744445801, 1.7902085781097412] [0.0, 0.0] 0.12465127557516098
car [688.7325038396154, 1822.6647557207639, 1.5820642626309724] [-0.7583183656070521, -0.023477080989614332, 0.0031583794064801965, 0.6514538415657559] [2.021585464477539, 4.790083408355713, 1.705542802810669] [0.0, 0.0] 0.12376075983047485
car [716.1448297530103, 1825.9265873212105, 1.5688078318622267] [-0.9354088503450946, -0.008492991943773585, 0.02211374640605218, -0.3527734882382746] [1.8627172708511353, 4.292479991912842, 1.6429648399353027] [0.0, 0.0] 0.11997988075017929
car [685.5531428339324, 1798.956374781417, 0.785993574054328] [0.35554627217771567, 0.022138838566165765, 0.008427367276287432, -0.9343584428088942] [1.8647550344467163, 4.369518756866455, 1.5698106288909912] [-0.0069574426117218514, -0.010489847078564868] 0.11424385011196136
car [653.6217881613479, 1809.3451213955243, 1.9571427761037241] [-0.9265619035443925, -0.021241641880730446, 0.010485291721215356, 0.3753956448973851] [1.9945363998413086, 4.569222927093506, 1.8024401664733887] [0.01131756362367798, -0.017428182998212943] 0.10680241137742996
truck [706.0370768415249, 1806.8266852233987, 1.541001373926711] [0.3788796852448252, 0.02234333127800601, 0.007869195617689728, -0.9251427108379084] [2.3573052883148193, 5.765563011169434, 2.9767839908599854] [0.0, 0.0] 0.8141966462135315
truck [662.8128994955725, 1804.4759696286774, 1.7004524676143662] [-0.9224281281932181, -0.007710288818636766, 0.022398663768211573, -0.38544156447597605] [2.3662986755371094, 5.537283420562744, 2.5482466220855713] [0.0, 0.0] 0.3401584327220917
construction_vehicle [680.47035863115, 1789.119362454908, 2.2459791301348844] [-0.6300662120093121, -0.023664101246928818, -0.0010765706866207193, 0.7761800176453708] [2.6966447830200195, 6.373595237731934, 3.3104758262634277] [0.0, 0.0] 0.172574982047081
construction_vehicle [677.1919072509056, 1834.479327968812, 2.3182466109285227] [-0.4172060587295421, 0.00950696748717451, 0.021697148694379075, -0.9085031402626484] [2.033262014389038, 4.011707782745361, 2.0372238159179688] [0.00011110701774864644, 0.0006316247282190594] 0.16641417145729065
construction_vehicle [714.9202516888887, 1825.4110638025302, 1.3531012909939992] [-0.38000628149505983, 0.01037935498915446, 0.02129360660567635, -0.9246805271725091] [1.5901167392730713, 2.509065866470337, 2.006678342819214] [3.412719982541946e-06, -0.00046785123392507715] 0.16392184793949127
truck [686.4635599376295, 1809.0287394000811, 1.3683346028126384] [-0.923494089390308, -0.007772410309583146, 0.02237718325097407, -0.3828805533960918] [1.9178998470306396, 4.962484836578369, 1.8458023071289062] [0.0, 0.0] 0.15644969046115875
truck [678.2485778171739, 1808.1348019883474, 1.250847142668864] [0.330638657084488, 0.021907525918335242, 0.009011603653382598, -0.9434600838133524] [2.1293351650238037, 4.89338493347168, 1.9569129943847656] [0.0, 0.0] 0.1367105096578598
truck [690.8296688782426, 1822.4696253627733, 1.7076902607327715] [0.39713829657079086, 0.022494883071773122, 0.0074248857132917494, -0.9174530095348659] [2.057767152786255, 5.288644313812256, 1.848034381866455] [-0.00022171469206752568, -0.0003177771618268221] 0.12926658987998962
construction_vehicle [706.3030445271598, 1731.5971647890592, 2.181469902856339] [0.20913148121618003, 0.02059751290161734, 0.011700049339036823, -0.9776005702085377] [1.8509418964385986, 2.681079387664795, 1.986480712890625] [0.0, 0.0] 0.1265152394771576
construction_vehicle [685.7262953483827, 1771.7907466918227, -0.5671491945229727] [-0.9420950684716602, -0.020762681535462204, 0.01140437406108576, 0.33450819611649174] [2.3016738891601562, 5.078577041625977, 2.3459694385528564] [0.0, 0.0] 0.12029395252466202
construction_vehicle [737.3027217879124, 1811.0943284200484, 1.677726671444372] [-0.30867958061103773, 0.011966616691258328, 0.02044379556815922, -0.9508710574107961] [1.6063687801361084, 2.992818832397461, 2.1394693851470947] [0.0, 0.0] 0.11815182119607925
truck [674.5268699275629, 1823.484092337776, 1.9711980544167547] [-0.4031611278876858, 0.009840082340047547, 0.0215481199135626, -0.9148223632312782] [2.0864081382751465, 4.884454727172852, 1.8738057613372803] [0.0, 0.0] 0.10498721897602081
truck [672.4195779215604, 1814.297529874932, 1.678795272865061] [-0.6540649577579667, 0.0030774021210083413, 0.023487832774732587, -0.7560673794978864] [2.0885822772979736, 5.006938934326172, 1.8517030477523804] [0.0, 0.0] 0.10120159387588501
bus [716.539568008638, 1809.113418077439, 1.8263132296445501] [-0.8325132702590672, -0.02291224265482242, 0.006014800810893481, 0.5534984247044296] [2.9875130653381348, 12.595783233642578, 3.247734308242798] [1.7156210724684318, -4.207542549869143] 0.842137336730957
trailer [743.2493839638818, 1818.4699168712016, 2.5225909125206054] [-0.3890732664682847, 0.010169636422088995, 0.02139455975968447, -0.9209021905867261] [3.0968539714813232, 15.89016056060791, 3.7642405033111572] [-0.002105847023727244, 0.0026375456210574397] 0.44072410464286804
trailer [760.1365077829686, 1795.3893408214458, 1.6458879332881367] [-0.5099976028005992, 0.007183961746744037, 0.022572979109756586, -0.8598495778014745] [2.996913433074951, 10.262886047363281, 3.678039312362671] [0.0, 0.0] 0.15544991195201874
bus [661.0638776660244, 1800.3526214824922, 1.6370598617408523] [-0.922238570201768, -0.02135935893837258, 0.010243362631965753, 0.3858948962346232] [3.0385305881500244, 12.235513687133789, 3.5817439556121826] [2.53473817715806, -2.5705961984569776] 0.1341574788093567
trailer [693.6425517199641, 1840.2122531283417, 4.967190907136852] [-0.8655184602611404, -0.022490941785309138, 0.007436815842685929, 0.5003165460535126] [2.8944084644317627, 11.749035835266113, 3.9790844917297363] [0.0, 0.0] 0.11839382350444794
trailer [734.0363644103531, 1829.8606147231271, 2.31885212979036] [-0.872481570831376, -0.022383931234648595, 0.007752955226925529, 0.48807249447940265] [2.9479494094848633, 16.440685272216797, 4.14539909362793] [0.0, 0.0] 0.10792693495750427
trailer [712.7671258152624, 1751.825602869231, 1.1855361226477732] [-0.8252557491824377, -0.0030144099831123173, 0.023496000185603966, -0.5642621728851449] [3.144583225250244, 15.386028289794922, 4.2191057205200195] [-0.0011061447487899655, 0.006241474351142199] 0.10523209720849991
barrier [737.9102028076152, 1808.3479278708942, 1.015515303794741] [-0.5466717605424065, -0.023426947587956597, -0.0035109569891019063, 0.8370118502943655] [2.6830155849456787, 0.54764723777771, 1.0082931518554688] [0.0, 0.0] 0.283681184053421
barrier [676.2513119219262, 1822.0210688459947, 1.8935995332834683] [-0.9520542778368617, -0.0203974994730733, 0.012045360414456818, 0.3050106610600084] [2.095996856689453, 0.47925901412963867, 1.0803306102752686] [0.0, 0.0] 0.14166590571403503
barrier [689.4519187386601, 1829.636485425586, 2.6887642155225753] [-0.5839621955202591, -0.023561748453924208, -0.002447999604205271, 0.8114351517594556] [2.0941739082336426, 0.522865355014801, 1.0378832817077637] [0.0, 0.0] 0.1291940063238144
barrier [686.3040865898884, 1770.508732495825, -0.972168340473015] [-0.5273389572370222, 0.006724477186944315, 0.022714094717387577, -0.8493247173419021] [1.99009370803833, 0.532400369644165, 1.0196353197097778] [0.0, 0.0] 0.11038701236248016
barrier [678.175967829214, 1784.6243967346088, 0.681727131521304] [-0.9291732741279185, -0.008109599272412761, 0.02225720314660113, -0.3688846404421517] [2.1519663333892822, 0.5421651005744934, 1.0789884328842163] [0.0, 0.0] 0.10584242641925812
barrier [729.2228273511558, 1787.9838759388476, 0.7906033777998165] [-0.31000703566595106, 0.011938058176427655, 0.0204604853130227, -0.9504391033334758] [2.2812321186065674, 0.37761616706848145, 1.0232304334640503] [0.0, 0.0] 0.10186900198459625
motorcycle [700.9424910868729, 1774.188381141166, 0.11934314914876842] [-0.9317748032057153, -0.008267780599985803, 0.022198930069232785, -0.36226311904288866] [0.7549051642417908, 2.2666103839874268, 1.3652578592300415] [0.0, 0.0] 0.763764500617981
motorcycle [699.7020895985885, 1775.7567808750753, 0.13432833729141558] [0.3608776396735976, 0.022186615523740457, 0.008300770076921054, -0.9323122762740738] [0.7183679342269897, 2.235747814178467, 1.3547911643981934] [0.0, 0.0] 0.7388390302658081
bicycle [705.1959194240661, 1778.1160851877153, 0.3448838499251681] [0.3715251236316138, 0.022280171687254935, 0.008046281243818943, -0.9281206461544995] [0.4257725179195404, 1.6185871362686157, 1.0067853927612305] [0.0, 0.0] 0.6512002944946289
motorcycle [698.7537388736333, 1776.3503754276203, 0.018811274081201257] [0.3633602301892399, 0.022208651738721222, 0.008241630919689606, -0.9313475153907668] [0.6478949785232544, 2.1225719451904297, 1.2366807460784912] [0.0, 0.0] 0.6225138902664185
motorcycle [703.7231711013549, 1779.7074151017725, 0.3981718506990219] [-0.9153420331474539, -0.007305936497002109, 0.02253379648816332, -0.4019798672336928] [0.604188084602356, 1.8872801065444946, 1.201682686805725] [0.0, 0.0] 0.5475257635116577
motorcycle [691.4494174141373, 1774.6857428519581, -0.1671550876498314] [0.4096442013845769, 0.022594290526200482, 0.007116651451759879, -0.9119377608037315] [0.5904996395111084, 1.8698570728302002, 1.179336667060852] [0.0, 0.0] 0.46322184801101685
bicycle [734.0640797000291, 1792.674036504928, 0.9073010043981572] [-0.9212669288569406, -0.007643016331863279, 0.02242170808879333, -0.38820883181894816] [0.5699322819709778, 1.5842891931533813, 1.2999224662780762] [0.36189954863133833, 0.41971877633878885] 0.4538342356681824
motorcycle [698.1632623613673, 1773.0703056383018, 0.17840310693848038] [0.366849634960912, 0.022239396492797416, 0.008158304719997834, -0.9299786000961405] [0.7327619194984436, 2.2158284187316895, 1.3681843280792236] [0.0, 0.0] 0.44919145107269287
motorcycle [704.1504024894045, 1779.2388395547646, 0.4207782525374919] [-0.9223117912764097, -0.007703530371810017, 0.02240098908706465, -0.3857198607541905] [0.6088771820068359, 1.8421603441238403, 1.2972804307937622] [0.0, 0.0] 0.38115522265434265
bicycle [731.8947280942256, 1794.3882922588186, 0.89155993151928] [-0.8035992651927731, -0.002134514224548344, 0.023592213573409973, -0.5946991443489447] [0.564116895198822, 1.6125894784927368, 1.1136155128479004] [0.0, 0.0] 0.34686389565467834
bicycle [704.0865567087815, 1775.887569797675, 0.2650477048657273] [-0.8850748117945575, -0.0057164198642386185, 0.02298850226099837, -0.46484559676795956] [0.49156254529953003, 1.575057029724121, 1.0724337100982666] [0.0, 0.0] 0.3284057080745697
motorcycle [699.2504722487123, 1773.1826829860295, 0.1898158780636614] [-0.49793239451799665, 0.007498691829275844, 0.02247038747146432, -0.8668922550105671] [0.813041627407074, 2.3974721431732178, 1.4248242378234863] [0.0, 0.0] 0.30662673711776733
motorcycle [699.9160377617079, 1774.988793920866, 0.15120547670538187] [0.4238392987376403, 0.02270270065269401, 0.006762845210586737, -0.905427578635264] [0.7151364684104919, 2.232886791229248, 1.351837158203125] [0.0, 0.0] 0.27175000309944153
motorcycle [700.4647012132505, 1775.8107700272737, 0.2533758061815512] [0.21317672989821082, 0.020645771907563542, 0.011614680133738035, -0.9767264372062614] [0.7154940366744995, 2.066192388534546, 1.29603111743927] [0.0, 0.0] 0.2557038366794586
bicycle [675.1550215543551, 1792.7862590259392, -0.012081702947916217] [-0.9417821072103859, -0.008901103085722593, 0.021952654876472882, -0.33538830308479317] [0.7495163083076477, 1.8813612461090088, 1.6673659086227417] [4.430908208167199, 3.7325603093047643] 0.22671854496002197
bicycle [704.906798927342, 1779.885301103253, 0.5252615471222286] [-0.7686048216156718, -0.0007940602697192271, 0.02367526474099587, -0.6392851316094197] [0.5274688601493835, 1.6177611351013184, 1.1252789497375488] [0.0, 0.0] 0.2163444459438324
motorcycle [698.9926956324164, 1774.9209247901802, 0.10241342579898172] [0.1510575725852949, 0.01987092211247013, 0.012895547552094662, -0.988241094608178] [0.7023706436157227, 2.1568222045898438, 1.3370598554611206] [0.0, 0.0] 0.1980169415473938
bicycle [733.741172234704, 1813.162657989894, 1.2042123160506726] [-0.9221129142803561, -0.007691986519706337, 0.02240495560470596, -0.3861950603323667] [0.5003495216369629, 1.5148444175720215, 1.0861711502075195] [0.0, 0.0] 0.19053152203559875
motorcycle [698.2501385771734, 1775.618985489025, 0.0857612261330854] [0.1411977502551589, 0.019741371827651885, 0.013093010755001362, -0.9896979572731336] [0.652898907661438, 2.021873950958252, 1.3215841054916382] [0.0, 0.0] 0.18918265402317047
motorcycle [704.5809708117606, 1778.7952236218728, 0.39712439368236774] [0.10592732765933399, 0.019263472687477277, 0.013786490209150619, -0.9940916721121266] [0.5809535980224609, 1.7704987525939941, 1.2386395931243896] [0.0, 0.0] 0.1885054111480713
motorcycle [686.3173985362419, 1770.5105938491035, -0.9652325431222197] [-0.7281476213908895, -0.023595692260250562, 0.002095709671624544, 0.6850108705491625] [0.7534382343292236, 1.9581413269042969, 1.2821279764175415] [0.0, 0.0] 0.18651695549488068
bicycle [685.3935922576098, 1774.303885784942, -0.7396694314742878] [-0.44320052109654806, -0.022842801556391967, -0.006273365071752614, 0.8961094516896247] [0.5139234662055969, 1.551283597946167, 1.0767786502838135] [0.0, 0.0] 0.17704755067825317
bicycle [685.127225326716, 1773.8845797236233, -0.7261987199925967] [-0.3643941300567738, 0.010736164590622436, 0.02111595278814702, -0.9309434834015965] [0.5294154286384583, 1.6015739440917969, 1.102023959159851] [0.0, 0.0] 0.16026729345321655
motorcycle [701.6893243286605, 1773.4549130047915, 0.23400127371126944] [-0.772527316083101, -0.0009398505456017095, 0.02366992550094151, -0.6345395158799586] [0.7227709293365479, 2.1514346599578857, 1.2858997583389282] [0.0, 0.0] 0.14444676041603088
motorcycle [677.9746805003269, 1833.11811114531, 2.507865751929294] [0.35332694435973416, 0.02211876816886913, 0.008479904890976695, -0.9351999367499685] [0.8033040761947632, 2.2376058101654053, 1.5154156684875488] [2.0403447675883527e-05, 0.0007455194090460256] 0.1423298865556717
bicycle [732.6922900491098, 1816.0927564902022, 1.16957369829818] [-0.9096616779874755, -0.006991770518997798, 0.02263324628235778, -0.4146739477092117] [0.6108165979385376, 1.6642837524414062, 1.149367094039917] [0.0, 0.0] 0.1405407190322876
motorcycle [704.2053312556294, 1778.3749588798626, 0.4163795090241109] [0.02838230256910418, 0.018134270928665486, 0.01524128964864676, -0.9993164144597084] [0.6030589938163757, 1.7832316160202026, 1.277312994003296] [0.0, 0.0] 0.13603933155536652
bicycle [703.7668322561778, 1775.017715218533, 0.3179046996651782] [-0.5226401418695243, -0.023317591022483056, -0.004175959910775802, 0.8522242271927826] [0.5458377599716187, 1.682080626487732, 1.1107977628707886] [4.323404907024378e-05, 9.882537109319756e-06] 0.13444095849990845
bicycle [728.8951288749719, 1787.541338744201, 0.8633852046498762] [-0.5119518164274485, 0.007132606053973179, 0.022589259021645974, -0.8586874803817555] [0.5149379372596741, 1.5662457942962646, 1.089866042137146] [0.0, 0.0] 0.13171780109405518
motorcycle [700.4876742619078, 1772.9486822949611, 0.14092960888487205] [-0.8727686707166653, -0.005120535792886709, 0.023128527957091326, -0.48755891820701736] [0.7460631132125854, 2.117877721786499, 1.3430750370025635] [0.0, 0.0] 0.12596866488456726
bicycle [728.5643182305054, 1787.1460237304677, 0.8259936486892219] [-0.40917530870422714, 0.009698002662924152, 0.021612437081877302, -0.9121482434640393] [0.48319464921951294, 1.5302430391311646, 1.0954127311706543] [0.0, 0.0] 0.12265409529209137
bicycle [709.1691867215422, 1771.0768513781823, 0.47571652961870375] [-0.9684608933725107, -0.010867461847278525, 0.021048680843847065, -0.24803699182954522] [0.6482734084129333, 1.6315550804138184, 1.3366329669952393] [0.050312633817999414, 0.056851919485049064] 0.11637827008962631
bicycle [697.4294340084596, 1768.9756006302146, 0.327831604886062] [-0.8291566517494554, -0.0229481362468928, 0.005876370909178029, 0.5585141879732011] [0.5909826755523682, 1.6452441215515137, 1.1224756240844727] [0.0003658473065582555, -0.0008335652761686341] 0.11438928544521332
motorcycle [714.9388876250563, 1824.560720123003, 1.354161801285561] [0.015723154811705164, 0.017939777361668782, 0.01546974726625956, -0.9995957351402109] [0.8079428672790527, 1.956466555595398, 1.645102858543396] [-0.5251112986856948, -0.13925766760739064] 0.11267589777708054
motorcycle [685.070905113567, 1825.7637034848458, 1.5259291549348202] [0.37864134548252104, 0.022341303343122745, 0.007874951250564116, -0.9252402838176242] [0.6060590744018555, 1.7717199325561523, 1.2217092514038086] [0.0, 0.0] 0.10674963891506195
bicycle [688.1118457282356, 1774.557519029583, -0.4506535184417155] [-0.21758210614690654, 0.01384222101768674, 0.019223465076975598, -0.9757545174850117] [0.5687586069107056, 1.675105094909668, 1.0896648168563843] [0.0, 0.0] 0.10595150291919708
bicycle [700.7243654242998, 1771.0911211643838, 0.20761922355891937] [-0.8220750030812264, -0.002882457035800469, 0.0235125526837252, -0.5688862281833981] [0.5745477080345154, 1.6247470378875732, 1.0851821899414062] [-0.0018501731723250434, -0.0012300789774828738] 0.10525785386562347
bicycle [711.0632559728635, 1821.5778896551199, 0.24567192786252884] [-0.673807228257796, 0.002455929799174847, 0.023560923179911986, -0.7385273660842084] [0.6228048801422119, 1.754499912261963, 1.125679850578308] [0.0, 0.0] 0.10380392521619797
motorcycle [701.0482795535727, 1775.317099545267, 0.29893124766062945] [-0.9719799273526246, -0.019452232362440806, 0.013518851592713025, 0.23386721046636344] [0.72166508436203, 2.1218345165252686, 1.3094360828399658] [0.0, 0.0] 0.10182702541351318
pedestrian [711.2773987057454, 1784.8103571547701, 1.1302733320274903] [-0.14211225785902676, 0.015275674686341289, 0.018105315659917694, -0.9895670555722546] [0.6516781449317932, 0.5907448530197144, 1.8643584251403809] [0.0, 0.0] 0.8642315864562988
pedestrian [712.5379830020593, 1783.819707349129, 1.089496591948891] [-0.5509161036995307, 0.006085768859788241, 0.02289349492002959, -0.834224369095185] [0.6001965403556824, 0.5484697818756104, 1.783084511756897] [0.0, 0.0] 0.8630325794219971
pedestrian [708.9655140976879, 1782.915747719008, 1.049858929416942] [-0.49579372736903504, 0.0075540654051531285, 0.022451832622814055, -0.8681171759671908] [0.6563971638679504, 0.6089800596237183, 1.8274362087249756] [0.0, 0.0] 0.8580086827278137
pedestrian [707.2190426772648, 1782.6819526732097, 0.9235076536691029] [-0.4978837198349106, 0.007499953475229516, 0.022469966402680303, -0.8669202113407463] [0.6003372669219971, 0.5582612752914429, 1.6932389736175537] [0.0, 0.0] 0.8420165181159973
pedestrian [708.5756715727247, 1780.9575842695237, 1.0397006808818297] [-0.5785773621204902, 0.005314742482206435, 0.023084674669919415, -0.8152834398842079] [0.6399549841880798, 0.5964330434799194, 1.7453954219818115] [0.0, 0.0] 0.8299883604049683
pedestrian [710.3736326948533, 1783.8697237754197, 1.0452256411078094] [-0.5504544347742901, 0.006098435125341517, 0.022890124099492988, -0.8345290687238212] [0.6168038249015808, 0.5531926155090332, 1.7754826545715332] [0.0, 0.0] 0.8261340856552124
pedestrian [720.4868198157186, 1788.9936593034956, 0.875084832405961] [0.2354663285744043, 0.020906087072419626, 0.01113930947539379, -0.9715937728368901] [0.7625912427902222, 0.8714835047721863, 1.836708426475525] [-1.0693768897210376, -0.5549644645987735] 0.8156235218048096
pedestrian [713.8060819381138, 1784.0968105275383, 1.0577399700674541] [-0.4068249189027208, 0.009753628482403156, 0.021587390386414072, -0.9131989578769384] [0.5951985716819763, 0.5518906116485596, 1.7349841594696045] [0.0, 0.0] 0.7775927782058716
pedestrian [713.2973767260681, 1787.9903969222319, 1.0223032530247047] [0.30552801354354303, 0.021661096963164192, 0.009588825299304807, -0.9518883780401294] [0.6717602014541626, 0.824471116065979, 1.7832424640655518] [-0.9223275427499386, -0.6629730822285043] 0.7689583897590637
pedestrian [709.3381400506735, 1781.5698913812084, 1.060275640581692] [-0.36149392389875695, 0.010801855882674552, 0.021082424001004206, -0.9320734918942881] [0.6285068392753601, 0.5754125118255615, 1.8014616966247559] [0.0, 0.0] 0.7630261182785034
pedestrian [707.3323227125699, 1781.450253417142, 1.010670066122628] [-0.6156222596064793, 0.004242656029081009, 0.02330554788214796, -0.7876852701331569] [0.6403120756149292, 0.5994381308555603, 1.7742539644241333] [0.0, 0.0] 0.7433855533599854
pedestrian [712.661945369969, 1784.7958468489546, 1.0397439819607166] [-0.3944716665213869, 0.01004388898827318, 0.021453880447588815, -0.9186027191444468] [0.5974729657173157, 0.5784263610839844, 1.6099648475646973] [0.0, 0.0] 0.7354097366333008
pedestrian [700.0289350293792, 1779.2094865764873, 0.4481718068556773] [-0.9974692463431492, -0.016901035467575806, 0.016598303901059694, 0.06703695926398834] [0.6926661729812622, 0.8065907955169678, 1.6848753690719604] [1.245142795953416, -0.18144765337545443] 0.7285811305046082
pedestrian [713.597258004665, 1787.174668983356, 1.0500626926304468] [0.32938568398659723, 0.021895541426766495, 0.009040683486160833, -0.9438982585493065] [0.6649419069290161, 0.7961726188659668, 1.8041036128997803] [-0.8660505934793382, -0.7392449106845876] 0.7209625244140625
pedestrian [711.2659558897903, 1783.19233670957, 1.0548018544582354] [-0.5641986857083584, 0.00571854032908984, 0.02298797487324105, -0.8252991544601829] [0.5511481761932373, 0.5079890489578247, 1.7596288919448853] [0.0, 0.0] 0.7205318808555603
pedestrian [710.9795542683567, 1783.8167496146916, 1.0520573389260266] [-0.4665812419678482, 0.008298255148099034, 0.02218755628196212, -0.884161069009189] [0.5738400220870972, 0.5250645875930786, 1.770707130432129] [0.0, 0.0] 0.7056251764297485
pedestrian [731.944425027244, 1797.5509176844218, 1.1682017452266764] [-0.2201313635756314, 0.013791935862618754, 0.01925957417570803, -0.9751825644862939] [0.6000198721885681, 0.579168975353241, 1.6968774795532227] [-9.042316739612276e-05, 0.000487785032968659] 0.6607337594032288
pedestrian [724.8677683016884, 1809.481900860774, 1.283361899506044] [-0.7755143071169646, -0.02338394767054092, 0.003786777470302779, 0.6308854180947806] [0.7020763754844666, 0.7722450494766235, 1.7610373497009277] [0.2260098704991246, -1.1569448024682059] 0.6596190929412842
pedestrian [736.1266262758628, 1795.3465106165224, 1.4577408817832662] [-0.3369334244303599, 0.011350862571786156, 0.020791984300316625, -0.9412304281149024] [0.6359648704528809, 0.6687017679214478, 1.717376470565796] [-0.9491142048559815, 0.6977988292049189] 0.5610387921333313
pedestrian [711.0713045598089, 1784.3840234996196, 1.0725481250826863] [-0.33278880456393717, 0.011442236203617662, 0.020741839911849917, -0.9427038044182474] [0.6132421493530273, 0.5513671636581421, 1.8003544807434082] [0.0, 0.0] 0.5008794665336609
pedestrian [703.930781324237, 1778.6402454640954, 0.5621544292574254] [-0.5170144584563596, 0.00699906519549089, 0.022630991552679634, -0.8556488187655078] [0.5709494948387146, 0.5809652805328369, 1.5130701065063477] [0.0, 0.0] 0.41220760345458984
pedestrian [711.7680080660646, 1827.3279028274371, 1.4168778885978126] [-0.8917121310129934, -0.02204813523038863, 0.008661895008061724, 0.4519826619595023] [0.6118707656860352, 0.6382649540901184, 1.7177340984344482] [0.6745330085355095, -0.916138644066829] 0.39241892099380493
traffic_cone [702.0839223751447, 1780.1579140340386, 0.31684342596425713] [-0.47991716415547786, 0.007961302985532277, 0.022310677870489362, -0.8769939377536744] [0.40246787667274475, 0.40508073568344116, 1.1439017057418823] [0.00039169110477955363, 7.541623210708931e-07] 0.36974862217903137
traffic_cone [702.7991727901465, 1780.8496486431095, 0.3242677301420568] [-0.5946250603592635, 0.004856090016999259, 0.023185492921544475, -0.8036540853504535] [0.4382799565792084, 0.4408544898033142, 1.1520576477050781] [0.0, 0.0] 0.36087483167648315
pedestrian [710.5865319907349, 1782.5579655464699, 1.0315600376894347] [-0.5164183905827116, 0.007014825535848703, 0.022626111353252768, -0.856008701577089] [0.5979475378990173, 0.5855427384376526, 1.6990150213241577] [0.0, 0.0] 0.36062896251678467
traffic_cone [703.3985167069054, 1781.3971940554773, 0.3623187435697321] [-0.5253633620958388, 0.006777255668489733, 0.022698402980652906, -0.8505481697558865] [0.4200012683868408, 0.4163271188735962, 1.1135568618774414] [0.0, 0.0] 0.3386547267436981
pedestrian [709.4466263739257, 1781.0400969060522, 1.017787146378647] [-0.41504615308881504, 0.009558496045085726, 0.02167449758643253, -0.9094919142652714] [0.5582171082496643, 0.5431709289550781, 1.6637262105941772] [0.0, 0.0] 0.33545225858688354
pedestrian [710.5709591778625, 1783.022590092028, 1.0286736246643853] [-0.5104200546930164, 0.007172868953803929, 0.022576506444526457, -0.8595988710293363] [0.5774340629577637, 0.5553801655769348, 1.7264935970306396] [0.0, 0.0] 0.32216477394104004
pedestrian [712.8524282931248, 1784.3304712192073, 1.068047506854075] [-0.5135157966724437, 0.0070914286425782565, 0.022602219627182847, -0.8577530984354396] [0.5941610932350159, 0.5719536542892456, 1.707044243812561] [0.0, 0.0] 0.2766830325126648
pedestrian [708.3626175746596, 1780.632827627221, 1.022552528512768] [-0.5196399261180329, 0.006929526895639288, 0.02265238065349425, -0.8540569058861225] [0.6465762853622437, 0.6315587759017944, 1.7225064039230347] [0.0, 0.0] 0.27592647075653076
pedestrian [713.2428537501319, 1784.791071934254, 1.0123444371104504] [-0.33882695881980734, 0.011308995927876571, 0.020814785691221034, -0.9405504469642509] [0.5888964533805847, 0.5907210111618042, 1.6122305393218994] [0.0, 0.0] 0.27017754316329956
pedestrian [733.9984614759035, 1792.6042346719444, 1.0355275093088283] [-0.6826929598482361, 0.0021706990652061464, 0.023588911756087905, -0.7303212812737874] [0.6027008891105652, 0.6606131196022034, 1.4955418109893799] [0.24599208982976176, 0.30828029216543584] 0.26000458002090454
traffic_cone [728.5921627243365, 1787.2639778154191, 0.8238468013233936] [-0.33122650449660157, 0.011476584956823173, 0.02072285429174777, -0.943253865100321] [0.38197144865989685, 0.3865172266960144, 1.0574610233306885] [-0.0008195808031947694, 0.00031556598600772525] 0.24277785420417786
pedestrian [715.9331782297262, 1782.7800919395436, 0.5061089769126886] [-0.660884723402631, 0.002864581389812438, 0.02351473720306755, -0.7501134805352851] [0.5071021318435669, 0.5271947979927063, 1.2791510820388794] [0.0, 0.0] 0.23107989132404327
pedestrian [709.5691786011658, 1811.1487246521758, 0.9720192588966119] [-0.7604511568920217, -0.02346659470918091, 0.003235370925138497, 0.6489629336790488] [0.6277838945388794, 0.6281591057777405, 1.6338832378387451] [0.0, 0.0] 0.22332161664962769
pedestrian [737.3197327587405, 1810.9018034525823, 1.4617266202234782] [0.31433838085719423, 0.021749049606231533, 0.009387626616662434, -0.9490154022078933] [0.6205173134803772, 0.6323670744895935, 1.626792311668396] [-0.0001532683606791136, -9.045885127846857e-05] 0.22186973690986633
pedestrian [711.7037662475001, 1783.654017479007, 1.084760437881169] [-0.5788454762653683, 0.005307149681631371, 0.023086421431762635, -0.8150931026053716] [0.5769858956336975, 0.5454767942428589, 1.8137098550796509] [0.0, 0.0] 0.211745023727417
pedestrian [711.6574483515385, 1783.0121619647523, 1.0810228522823484] [-0.5930381480723738, 0.0049018297302859115, 0.023175865842800222, -0.804825823541107] [0.5797442197799683, 0.5552328824996948, 1.7805887460708618] [-0.0007389606494367834, -0.0011723916862776806] 0.21059496700763702
traffic_cone [702.5639688170877, 1780.6065578423802, 0.3283761035763546] [-0.4383670373364273, 0.008996254862878512, 0.021913833318484552, -0.8984838295064721] [0.44270485639572144, 0.45039045810699463, 1.1782910823822021] [0.0, 0.0] 0.19561287760734558
pedestrian [712.183621465212, 1784.9010039622692, 1.0506687139779278] [-0.43050468392106717, 0.009187265413143688, 0.021834441749141256, -0.902277434290448] [0.6177191734313965, 0.6271343231201172, 1.653977632522583] [0.0, 0.0] 0.19486267864704132
pedestrian [709.9631085303556, 1783.8878404968377, 1.043389268305027] [-0.5192233534237887, 0.006940573302022886, 0.022648998532108125, -0.8543102250161163] [0.644012987613678, 0.6356889605522156, 1.7242796421051025] [0.0, 0.0] 0.19260050356388092
pedestrian [706.4697131510809, 1780.084095215314, 0.7455777256795412] [-0.5844760608195879, 0.005147150541997255, 0.023122619522152034, -0.8110650933411876] [0.5417014360427856, 0.5277758836746216, 1.4520732164382935] [0.0, 0.0] 0.18902668356895447
traffic_cone [685.1913640302497, 1774.0183235590277, -0.7246745200538574] [-0.9915788464925078, -0.01336827817254881, 0.01955601776869575, -0.1273194505812813] [0.3692724406719208, 0.3718160092830658, 0.817686140537262] [-7.511646072012534e-05, 0.00012836691509595375] 0.1883600652217865
traffic_cone [699.6270380462225, 1802.0714638277263, 0.2306254102988639] [-0.877793075521903, -0.005360843429804347, 0.023074012438007233, -0.47845393495458916] [0.380459725856781, 0.36672595143318176, 0.518333911895752] [0.0, 0.0] 0.18429479002952576
traffic_cone [719.6341517422161, 1770.6299426078722, 0.3157170272779738] [-0.39306739456323175, 0.010076663142153462, 0.021438506295629715, -0.9192044792313648] [0.5209851264953613, 0.5153025984764099, 1.1596544981002808] [-0.0002503934624824745, -0.0007646197674814146] 0.1831403374671936
pedestrian [709.1106682410232, 1780.6579447128452, 1.0046457193667684] [-0.4740781788525765, 0.00810940100961805, 0.0222572753843186, -0.8801640367815287] [0.6318423748016357, 0.6477704644203186, 1.6997828483581543] [0.0, 0.0] 0.17266859114170074
pedestrian [711.4660555982293, 1782.4633929322206, 1.0934508988091056] [-0.5548918312335488, 0.005976421995118538, 0.022922283315683287, -0.8315851771995522] [0.5969424247741699, 0.5852745771408081, 1.7782392501831055] [-0.00038787528546194085, -0.0014500794927152921] 0.1705949902534485
pedestrian [693.8623140721506, 1827.0691533363092, 2.193727103803319] [-0.5472254175682421, -0.023429265350170304, -0.0034954566825377772, 0.8366499827735581] [0.6318085193634033, 0.6519132256507874, 1.7173373699188232] [0.00590238800828451, 0.0203773317996474] 0.1672796607017517
pedestrian [704.6886553747803, 1779.5753762357074, 0.5844887462895039] [-0.015504054369957387, 0.017447871869585234, 0.016022498540824562, -0.9995991574655438] [0.533784031867981, 0.5579379200935364, 1.3832712173461914] [0.0, 0.0] 0.16383253037929535
pedestrian [711.0442981139349, 1781.9711126657278, 1.122075311088082] [-0.5060072189720282, 0.007288497339784836, 0.02253944317848465, -0.8622038886805867] [0.6118342876434326, 0.594550609588623, 1.7809892892837524] [0.0014489857715442437, -0.0007447986184105276] 0.16327343881130219
traffic_cone [732.3709076334509, 1794.9313060588818, 0.9989987132225817] [-0.2704307806258608, 0.012774105630884021, 0.01994920844542976, -0.9624479436301057] [0.3864647150039673, 0.3779863119125366, 1.0143892765045166] [-0.00011771933533884353, 5.703344746363475e-06] 0.16111595928668976
pedestrian [707.4564995320416, 1780.21762042912, 0.7772653202501079] [-0.5363062475941882, 0.0064834899952078105, 0.022784052531326142, -0.8436909742904525] [0.5545209646224976, 0.5405187606811523, 1.429163932800293] [0.0, 0.0] 0.15843704342842102
pedestrian [709.1108483854422, 1771.0122906389454, 0.4098234601168108] [-0.9980681664307978, -0.014707412941359958, 0.01856988682896335, -0.05743506302945306] [0.6114237904548645, 0.635590136051178, 1.6771256923675537] [0.2042963924366772, 0.04623542690745589] 0.1570274978876114
pedestrian [736.3055256508097, 1812.5466631596819, 1.6896456650375504] [0.41692739837747994, 0.022650506843893435, 0.006935649355534467, -0.9086310559241951] [0.634994387626648, 0.6483929753303528, 1.5975711345672607] [-0.0015055240305810122, -0.012510485985822833] 0.151433527469635
traffic_cone [698.0689914663666, 1792.774274755607, 0.5354168081950461] [0.1254653979490536, 0.01953099060499207, 0.01340481623357443, -0.9918151467008444] [0.3828020691871643, 0.3679826259613037, 0.9943658709526062] [-0.000244555499908824, -0.0007954821133827652] 0.14742495119571686
pedestrian [714.9759839949684, 1824.565926866644, 1.3087828277221165] [0.09497007826824849, 0.019110433135884057, 0.013997858322868312, -0.9951982393179032] [0.6935246586799622, 0.7383607625961304, 1.7406020164489746] [-0.5360454273057403, -0.16749925737382798] 0.14648601412773132
pedestrian [704.8816754818831, 1779.8888598493565, 0.6121538048207402] [-0.6247921830035814, 0.003969806123860854, 0.02335357213805087, -0.7804316622007021] [0.5073730945587158, 0.5231436491012573, 1.3683290481567383] [0.0, 0.0] 0.1402040421962738
pedestrian [737.5147693427357, 1811.2965805839117, 1.5950090615108508] [0.3804410093111379, 0.022356584536880435, 0.00783146347201514, -0.924501752157374] [0.618669867515564, 0.6330532431602478, 1.7103450298309326] [0.00032366117437059337, 0.00038783265424048027] 0.13727183640003204
traffic_cone [686.7499948222285, 1771.0761609630324, -0.9642986030369461] [-0.7198254232938419, 0.0009384306094669509, 0.02366998183901721, -0.6937508279545135] [0.43845003843307495, 0.4401116967201233, 0.8420145511627197] [0.0, 0.0] 0.13543389737606049
pedestrian [709.6531617019164, 1783.1028972587378, 0.999925659401659] [-0.5466778017305933, 0.006201807198382849, 0.022862333208626708, -0.8370079046238081] [0.6167169213294983, 0.6014966368675232, 1.7386715412139893] [0.0, 0.0] 0.13432930409908295
pedestrian [736.5505154192186, 1812.2171039821628, 1.6473378676140717] [0.3964900773003089, 0.022489632265611945, 0.007440775015126791, -0.9177333326790122] [0.6204957365989685, 0.6385167837142944, 1.6090670824050903] [-0.0008806628739884403, -0.006853771467616131] 0.1327378898859024
pedestrian [708.6434580748398, 1781.4447377166766, 1.0618272681366248] [-0.5078137451563478, 0.007241226652380602, 0.02255467421261149, -0.8611411333445962] [0.6819732785224915, 0.6543407440185547, 1.7786439657211304] [0.0, 0.0] 0.12530256807804108
pedestrian [712.9693355825932, 1783.6356826045005, 1.0524719476429352] [-0.5873281642636119, 0.005065704857755455, 0.023140599096875207, -0.8090021500406952] [0.6262153387069702, 0.6177894473075867, 1.7788057327270508] [0.0, 0.0] 0.12463263422250748
pedestrian [710.2928102181861, 1781.9201136039267, 1.021395498617426] [-0.4716162885644427, 0.008171577915526166, 0.022234522856105412, -0.8814856366773268] [0.6088260412216187, 0.5936059355735779, 1.7039508819580078] [0.0, 0.0] 0.1235969215631485
pedestrian [704.1373344774192, 1778.9367842503204, 0.5369182196221827] [-0.5564103107295854, 0.005934530262476347, 0.0229331646929058, -0.8305699352983698] [0.5668737292289734, 0.596564769744873, 1.4638636112213135] [0.0, 0.0] 0.12321832776069641
pedestrian [707.8784389960839, 1780.7440858202526, 1.0137960309478187] [-0.6174394716207633, 0.004188829605121187, 0.02331528251614055, -0.7862616296070948] [0.6418924331665039, 0.6427748799324036, 1.7222594022750854] [0.0, 0.0] 0.12186308205127716
pedestrian [737.1065809397793, 1811.8163964189855, 1.5810759884399563] [0.2579450589210113, 0.021158904532623653, 0.010651265241627744, -0.965869141181127] [0.599444568157196, 0.6173207759857178, 1.6490379571914673] [0.00021378283920189012, 0.0005394363778849641] 0.11802640557289124
pedestrian [734.5640545821536, 1792.9282568886056, 1.0670985607573344] [-0.6214229306191054, 0.004070416854034809, 0.02333624646130089, -0.7831171001890422] [0.5661563873291016, 0.6146366000175476, 1.4529157876968384] [0.17774652303700766, 0.1989204085733858] 0.11639951169490814
pedestrian [680.0245832325058, 1770.6218777455783, 2.0777605881279464] [0.19727489410433213, 0.020454284327138427, 0.011948679631355437, -0.9800619712364399] [0.6623247861862183, 0.69406658411026, 1.79591965675354] [-0.6699367469056139, -0.21030095297307225] 0.1152026355266571
pedestrian [707.0689626163856, 1779.9029022507664, 0.6976887908038308] [-0.5069465578589302, 0.0072639292759778, 0.022547372878936066, -0.8616519243770735] [0.5324093699455261, 0.5354124307632446, 1.3031175136566162] [0.0, 0.0] 0.11390707641839981
pedestrian [731.9341372204213, 1785.9808238449111, 1.3686445587642884] [-0.10895775050886242, 0.015872288376105027, 0.017584628343355745, -0.9937640866482247] [0.5462915897369385, 0.5332176089286804, 1.436811089515686] [-5.7995549693311285e-05, -0.0002401213460004816] 0.11250530183315277
traffic_cone [710.9146119919207, 1821.6276675024037, 0.3550516106495604] [-0.8457302085104779, -0.02275916003407822, 0.006570336887207973, 0.5330846703109697] [0.35430702567100525, 0.3753373324871063, 0.8096453547477722] [0.0, 0.0] 0.11078017950057983
pedestrian [695.5806095895763, 1769.6856735809163, -0.10176374409909744] [-0.7702491779904429, -0.0008550491297498724, 0.02367314054480104, -0.6373029539495161] [0.5979758501052856, 0.636147677898407, 1.093050241470337] [0.0029850552876692095, -0.0010340029295352127] 0.1097935363650322
pedestrian [709.0385308172935, 1782.1797108824646, 1.0747936685502404] [-0.3795038498929498, 0.010390922195216642, 0.021287964397779864, -0.9248868467137812] [0.6629161834716797, 0.6511814594268799, 1.823695182800293] [0.0, 0.0] 0.10794524103403091
traffic_cone [686.8008538256485, 1771.4002081051726, -0.9716545311117913] [-0.8673546770725153, -0.004865903520426628, 0.023183435362303162, -0.4971264582258367] [0.39016100764274597, 0.3945111036300659, 0.7754948139190674] [0.0, 0.0] 0.10602371394634247
pedestrian [705.1359907352003, 1779.637918631909, 0.6257997622712784] [-0.4494267998861962, 0.008725008914587329, 0.022023235722948627, -0.8930030251078576] [0.49380362033843994, 0.5024524927139282, 1.4197767972946167] [0.0, 0.0] 0.10498765856027603
pedestrian [709.7476988530063, 1782.2140016211424, 1.02611467354807] [-0.48126246916409776, 0.007927054747761262, 0.022322869333806186, -0.8762564048734864] [0.6348106265068054, 0.6280369758605957, 1.7435626983642578] [0.0, 0.0] 0.10294432193040848
pedestrian [738.5647896803385, 1809.979385061328, 1.26214919102281] [-0.15972484667031445, 0.014950592438074135, 0.01837466946692618, -0.986877309833333] [0.5076512098312378, 0.5022772550582886, 1.5195746421813965] [-0.00021035415310409036, -0.002018845744045899] 0.10198532044887543
