car [688.2235688445869, 1779.1895319433638, 0.6339268397694793] [-0.3843789992090955, -0.018896432945001148, 0.014008912928443584, 0.9228756471743802] [1.791695475578308, 4.320838928222656, 1.4926427602767944] [0.0, 0.0] 0.870749831199646
car [682.9159140774968, 1784.2441263471762, 0.7607819764401089] [-0.9269974677249935, 0.013802775469674587, 0.019047525004981303, -0.3743292267669822] [1.9134193658828735, 4.589756965637207, 1.6244471073150635] [0.0, 0.0] 0.8482177257537842
car [687.0332993364663, 1796.9713133455787, 0.7341684147376888] [-0.38926947047411464, -0.01882184937883717, 0.014108961883923472, 0.9208235197568095] [1.9012130498886108, 4.385532855987549, 1.6442084312438965] [0.0, 0.0] 0.8456106781959534
car [693.8631624397682, 1790.0166064836767, 0.6272217662849369] [-0.3659250494626479, -0.01917165306455912, 0.013629839993698363, 0.9303469962096269] [1.8588687181472778, 4.618434906005859, 1.4930680990219116] [0.0, 0.0] 0.8440306186676025
car [684.4427452579391, 1782.2224586899492, 0.5498002403419183] [-0.9210334304183055, 0.014098803806362494, 0.01882945965000953, -0.3887725494841493] [1.7829020023345947, 4.188529014587402, 1.5095105171203613] [0.0, 0.0] 0.8166526556015015
car [694.6562193961963, 1800.123346367604, 0.8666438310404331] [-0.9203342073813284, 0.014132574796152063, 0.018804125853461154, -0.39042492479899243] [1.815791130065918, 4.293817043304443, 1.5244088172912598] [0.0, 0.0] 0.8032604455947876
car [686.3516638263911, 1780.7443547763305, 0.5764807376253394] [-0.9246181835902965, 0.013922631305591652, 0.0189600938027795, -0.3801682387505532] [1.753043532371521, 4.091622352600098, 1.485054612159729] [0.0, 0.0] 0.786026120185852
car [688.7251977112313, 1795.2259779746676, 0.6241102182361598] [-0.4133811441511047, -0.018443813359070617, 0.01459967699154357, 0.9102541979254148] [1.847726821899414, 4.430380821228027, 1.485184907913208] [0.0, 0.0] 0.77385413646698
car [676.8937147744276, 1790.2731877882536, 0.8609283922056946] [-0.9254406654386595, 0.013881470501419295, 0.01899025002994601, -0.3781616716868168] [1.8324646949768066, 4.244535446166992, 1.6154613494873047] [0.0, 0.0] 0.7355345487594604
car [683.9620929443544, 1800.3210627569424, 0.8944174580642226] [-0.3660188740813568, -0.019170278383267805, 0.013631773405894543, 0.9303100875497013] [1.9139904975891113, 4.394109725952148, 1.6141338348388672] [0.0, 0.0] 0.7323450446128845
car [682.2415428233822, 1802.2870950414913, 1.0969221554889255] [-0.3493054589593673, -0.01941124722098124, 0.01328639532783767, 0.9367136016529828] [1.972449541091919, 4.600590705871582, 1.728963017463684] [0.0, 0.0] 0.7068027257919312
car [685.7716320926787, 1808.6272450798792, 1.4974263758351387] [-0.37168266029893526, -0.019086831532820828, 0.013748370140469562, 0.9280617841575114] [1.9212933778762817, 4.402312278747559, 1.7513856887817383] [0.0, 0.0] 0.6953467726707458
car [693.0731269396833, 1801.9704775522007, 0.7724580392332067] [-0.9169324951189659, 0.014294237732660111, 0.018681530641888912, -0.39834843362993694] [1.8231464624404907, 4.305301666259766, 1.5460505485534668] [0.0, 0.0] 0.6809681057929993
car [671.2094755941832, 1796.2754814354157, 0.8773248408934108] [-0.9136826955662984, 0.014444773344570356, 0.01856538021441059, -0.4057469741146813] [1.9168285131454468, 4.579906463623047, 1.602595567703247] [0.0, 0.0] 0.6586254239082336
car [672.844575168257, 1794.2708966819487, 1.077647185074115] [-0.3854293964868201, -0.018880472274015438, 0.014030416465371683, 0.922437453437534] [1.863755702972412, 4.38339376449585, 1.713910460472107] [0.0, 0.0] 0.6468153595924377
car [696.6393113691022, 1798.766384954718, 0.878635677882607] [-0.9204113332408133, 0.014128859024400694, 0.018806917933309797, -0.39024306889730365] [1.778687834739685, 4.0891900062561035, 1.493310809135437] [0.0, 0.0] 0.6291939616203308
car [702.4369042545487, 1809.6488714201416, 0.9656590322401954] [-0.37676552914742056, -0.01901116390946604, 0.01385281438152747, 0.9260099412137976] [1.9694271087646484, 4.497722148895264, 1.6609716415405273] [0.0, 0.0] 0.6289383769035339
car [690.4640210836029, 1793.5722506375512, 0.7458179722693015] [-0.37580229204894056, -0.019025560301409537, 0.013833035628489792, 0.9264012696835425] [1.7877764701843262, 4.147744655609131, 1.5811455249786377] [0.0, 0.0] 0.5931831002235413
car [677.1586634414369, 1807.4532624424694, 1.23678563991559] [-0.4208521557007082, -0.01832313716949709, 0.014750846204521037, 0.9068242046960281] [1.9184693098068237, 4.431919097900391, 1.6829575300216675] [0.0, 0.0] 0.5797119140625
car [689.6605000316063, 1805.472301933985, 0.9744837470464865] [-0.9173999633914519, 0.014272275097703317, 0.0186983149780165, -0.3972706663596995] [1.9179103374481201, 4.3485894203186035, 1.6559312343597412] [0.0, 0.0] 0.5633394122123718
car [674.6984146819369, 1821.8137803622105, 1.588292832179885] [-0.4096966549966773, -0.018502704290141003, 0.014524969997670775, 0.9119184865244537] [1.9811298847198486, 4.6216888427734375, 1.745516300201416] [0.0, 0.0] 0.5043320059776306
car [662.4726993831291, 1804.109891051944, 1.782476542493513] [-0.919152480318136, 0.014189224701977431, 0.018761415773827728, -0.3931989230727055] [2.1169300079345703, 5.369619369506836, 2.2340331077575684] [0.0, 0.0] 0.43528616428375244
car [687.8891321068436, 1807.093857215706, 1.027242298038611] [-0.8988281695902205, 0.01508957102334779, 0.01804521171427427, -0.43766950628483453] [1.814577341079712, 4.090558052062988, 1.571984887123108] [0.0, 0.0] 0.40900224447250366
car [667.0125617307956, 1817.4445456619567, 1.732889152776453] [-0.4491717659909126, -0.01785001888490901, 0.01531997536845377, 0.8931357118697705] [1.9267276525497437, 4.426146984100342, 1.6828789710998535] [0.0, 0.0] 0.3840938210487366
car [672.1910192314034, 1811.8409252804224, 1.2992941105683466] [-0.39710537292651316, -0.018700886095309503, 0.014268906010339342, 0.9174715243392635] [1.8913748264312744, 4.478940963745117, 1.6870163679122925] [0.0, 0.0] 0.36702483892440796
car [663.2443251327791, 1820.968229433181, 1.739193892458414] [-0.4365975087525117, -0.018063190411556414, 0.015068044718459492, 0.899349370673943] [1.9160045385360718, 4.415805816650391, 1.690329670906067] [0.0, 0.0] 0.32624655961990356
car [700.6672661393085, 1811.8161353284067, 0.967454918752608] [-0.38763063710612744, -0.01884692054283222, 0.01407545400808824, 0.9215146034421887] [2.0429654121398926, 4.8269195556640625, 1.8074464797973633] [0.0, 0.0] 0.3096385598182678
car [693.697729050134, 1818.3512902816321, 1.05409127073966] [-0.5085125979409718, -0.016773703527671855, 0.01649144291587026, 0.8607331833476857] [1.8967596292495728, 4.427051067352295, 1.6064778566360474] [0.0, 0.0] 0.28914809226989746
car [680.7628333845164, 1804.4567084372811, 1.1522317403877442] [-0.38070078825019976, -0.018952070732151594, 0.013933550676161525, 0.924399039920636] [1.8576622009277344, 4.3691558837890625, 1.6094040870666504] [0.0, 0.0] 0.22877386212348938
car [699.1567602860339, 1813.9143702252866, 0.8515029714310014] [-0.2823067542981878, -0.02030076932392026, 0.011882911442008502, 0.9590357509801912] [1.8959803581237793, 4.394164085388184, 1.6296274662017822] [0.0, 0.0] 0.18969503045082092
car [685.5670393384867, 1798.8639718177076, 0.7774232414790803] [-0.3765767561525505, -0.019013987381366712, 0.013848938708177825, 0.9260867248298831] [1.7943406105041504, 4.175200462341309, 1.518432378768921] [-0.009050160307250364, -0.00715568335738819] 0.18454810976982117
car [660.3410521259149, 1805.5316192608752, 1.690600160317211] [-0.89442902492874, 0.015268367451958333, 0.0178941827092946, -0.44659085810788846] [1.9214868545532227, 4.596404075622559, 1.6923688650131226] [0.0, 0.0] 0.17607787251472473
car [694.8013932976353, 1817.6467061355704, 1.0948311063335006] [-0.5523208801583231, -0.015898904497360734, 0.01733636799521287, 0.8332996582992532] [1.906088948249817, 4.362256050109863, 1.633743405342102] [0.0, 0.0] 0.14859096705913544
car [665.2785197894888, 1818.0378423928787, 1.7800955444584556] [-0.8288203835645642, -0.008068076738204793, 0.02209594888725255, 0.559020077428714] [2.0768699645996094, 5.039540767669678, 1.8013055324554443] [0.0, 0.0] 0.1294034719467163
car [660.9463455582144, 1821.2114526960645, 1.6766097846576828] [-0.9545882090153264, -0.001371556451609596, 0.023482837400571645, 0.296998360920441] [2.0573601722717285, 4.955496788024902, 1.8074464797973633] [0.0, 0.0] 0.12465788424015045
car [665.4729646856584, 1824.8670710471006, 2.2297714291574025] [-0.40708351980414836, 0.023159108690606844, 0.004120740726895699, -0.9130879930676903] [1.8962702751159668, 4.4146881103515625, 1.741621732711792] [0.0, 0.0] 0.12259061634540558
car [655.913549731711, 1825.6532635793128, 1.4933796225993832] [-0.993199857826116, 0.0030258592125619855, 0.02332743010936679, 0.11402068932741861] [1.9379032850265503, 4.5825090408325195, 1.7006100416183472] [0.27166895356358667, -0.09395421405051006] 0.1195925921201706
car [691.5748495123812, 1803.5406763782198, 0.8049421481162141] [-0.9318403323901272, 0.013551075828554911, 0.019227406569019993, -0.3621053301341671] [1.7831737995147705, 4.1459574699401855, 1.4973111152648926] [0.0, 0.0] 0.11753203719854355
car [669.1043209901604, 1798.2281044922756, 1.0075367518760343] [-0.8480848318570835, 0.016895328525660114, 0.016366816840536036, -0.529338070758621] [1.8779853582382202, 4.392998695373535, 1.5868890285491943] [0.0, 0.0] 0.11365880072116852
car [670.589853504706, 1812.556094002205, 1.4271514703753503] [0.04498999147053376, -0.023061990683957014, 0.004633508948380091, 0.9987104564627319] [1.951023817062378, 4.730264663696289, 1.7161355018615723] [0.0, 0.0] 0.10967615991830826
car [679.2829842520836, 1805.8703440094662, 1.2487164156193185] [-0.37294508759614753, -0.019068107083842652, 0.013774327995250735, 0.9275551934081436] [1.8394904136657715, 4.302728652954102, 1.5758856534957886] [-0.001628710139881507, -0.0004588859526539776] 0.10846737027168274
car [656.4833096211031, 1808.598542035043, 2.252136995756465] [-0.4304700074271271, -0.018165265822742842, 0.014944829777241667, 0.9022983142432475] [1.9438467025756836, 4.486344814300537, 1.7462780475616455] [0.0, 0.0] 0.10804399847984314
truck [705.8635001687085, 1806.9141898570974, 1.712453014812112] [-0.3750447989464387, -0.019036862964824996, 0.01381747690210166, 0.9267081924552852] [2.367255210876465, 5.972690582275391, 2.9823994636535645] [0.0, 0.0] 0.7691915035247803
truck [662.4813013456559, 1804.1090909490842, 1.695945095653566] [-0.9163771865461056, 0.014320224801367834, 0.01866161785912272, -0.3996242324463832] [2.0929222106933594, 5.469567775726318, 2.2882652282714844] [0.0, 0.0] 0.5336927771568298
truck [677.60673732216, 1807.852191457654, 1.2776509604631239] [-0.3901876185582359, -0.01880776908385201, 0.014127725987225934, 0.9204348415310938] [2.10505747795105, 5.366243839263916, 1.9367015361785889] [0.0, 0.0] 0.2001473307609558
truck [672.7738165973717, 1812.24211978843, 1.3438988669484002] [-0.3097104710905679, -0.019951423886369172, 0.012460557948505197, 0.9505398988350648] [2.192631959915161, 5.5103302001953125, 2.062218189239502] [0.0, 0.0] 0.19813960790634155
truck [667.483083567269, 1817.8973090568309, 1.7532900084057168] [-0.4241654672967279, -0.01826907293444969, 0.014817752650027473, 0.9052791456415339] [2.039632797241211, 5.191680431365967, 1.8870786428451538] [0.0, 0.0] 0.18156275153160095
truck [700.7404552613322, 1811.8584197681973, 0.9750803124696757] [-0.38369151674599894, -0.018906861816078816, 0.013994834609574323, 0.9231616841906252] [2.1025772094726562, 5.3138322830200195, 1.9243364334106445] [0.0, 0.0] 0.16030174493789673
truck [674.9151121427152, 1822.2184114528138, 1.642494665488117] [-0.47613110671921083, -0.01737575991804318, 0.01585584393061948, 0.8790596364268222] [2.2141566276550293, 4.916173458099365, 1.9931280612945557] [0.0, 0.0] 0.1362757384777069
construction_vehicle [712.1555780230398, 1828.384041393418, 1.3298976456437026] [-0.9076468279378646, -0.0044254265494074, 0.023102822756915192, 0.4190750659665274] [1.902524709701538, 2.9979805946350098, 2.6418702602386475] [0.0, 0.0] 0.11835776269435883
construction_vehicle [727.3792481230341, 1782.0883209467365, 1.3289101204102678] [-0.12258380142426326, 0.02335266331731617, -0.002824523936827997, -0.9921793622167787] [1.9690825939178467, 4.608891487121582, 2.3726420402526855] [0.0, 0.0] 0.11532509326934814
truck [686.2133821524388, 1809.1049421521454, 1.3886410357476042] [-0.016162772991264673, -0.022735508662998685, 0.006035019910186738, 0.9995926370025691] [2.013852119445801, 5.476513862609863, 1.8187329769134521] [0.0, 0.0] 0.1139986515045166
truck [663.7556592088182, 1821.4063364083395, 2.0471251747270034] [-0.3929699758081387, -0.01876494932924288, 0.01418455132010123, 0.9192503866161099] [2.1635875701904297, 5.809691429138184, 2.0000555515289307] [0.0, 0.0] 0.11304832994937897
construction_vehicle [723.7337827014416, 1769.833153730319, 2.030651353131655] [-0.8524217138643804, 0.016759768236494603, 0.016505604749315464, -0.5223254702893874] [2.738788366317749, 6.491898059844971, 3.1627838611602783] [0.0, 0.0] 0.1121845468878746
construction_vehicle [644.7991913606638, 1821.7448519673858, 2.0096768028405667] [-0.9868974699138985, 0.009239219446064685, 0.021632421119909317, -0.1596247445042995] [2.166003465652466, 4.216236591339111, 2.5819003582000732] [0.0, 0.0] 0.10803211480379105
truck [687.2930969726821, 1806.6544466974785, 0.9624376107918975] [-0.8741813609428112, 0.016031400421310484, 0.01721391936815217, -0.4850295077216349] [1.8849987983703613, 4.920584678649902, 1.691650390625] [0.0, 0.0] 0.10432584583759308
construction_vehicle [646.8211348334713, 1829.3673903991255, 2.4682118021434087] [-0.9897798280000533, 0.0023983436742075056, 0.023400272799735205, 0.14065051462650946] [2.4852023124694824, 4.034267425537109, 2.7950172424316406] [0.0, 0.0] 0.10350605845451355
bus [712.3902256066435, 1793.204078223524, 2.2275507118837066] [-0.49258425877471995, -0.01707439492030178, 0.01617992143328302, 0.8699467933085773] [3.1487786769866943, 12.97815990447998, 3.503162384033203] [-1.5491799596209503, -2.5611239255177987] 0.902510404586792
trailer [638.1573425149874, 1768.6870528961113, -1.228086108118216] [-0.9548802617819875, -0.0013484273756507433, 0.023484176866439967, 0.2960580362693779] [2.802879810333252, 11.39379596710205, 3.7269182205200195] [0.0, 0.0] 0.2705766260623932
trailer [729.6593304141948, 1827.763447964324, 1.413948657054976] [-0.8621917982365416, -0.00666894270445266, 0.022557704286703603, 0.5060355503659361] [2.976386785507202, 16.486268997192383, 4.251186370849609] [0.0, 0.0] 0.13068974018096924
trailer [731.612024087812, 1828.667257013061, 1.2935794966351208] [-0.7989354068357957, -0.009195152970181648, 0.021651188912773317, 0.6009566464268773] [2.956115245819092, 16.839420318603516, 4.279399394989014] [0.0, 0.0] 0.10791701078414917
barrier [726.2590588513478, 1782.2996574987633, 0.9074667508834015] [-0.7200722088235479, 0.019918602595095564, 0.012512956890371298, -0.6935003166981929] [1.9321585893630981, 0.463813453912735, 1.016016960144043] [0.0, 0.0] 0.22068914771080017
barrier [667.4656584533964, 1794.9622532614392, 1.0685439713714882] [-0.8987647162335027, 0.015092186671552106, 0.018043024163167977, -0.4377997944657217] [2.531263828277588, 0.429007887840271, 0.9359116554260254] [0.0, 0.0] 0.17676401138305664
barrier [687.0923015322005, 1775.664839913377, 0.15855638055631308] [-0.9215945434182097, 0.014071566007981914, 0.018849823595053786, -0.38744054088633834] [2.215033531188965, 0.3780200183391571, 0.9365039467811584] [0.0, 0.0] 0.1666356325149536
barrier [691.690852681911, 1770.8929664611333, 0.4059153146052804] [-0.9205103924446645, 0.014124083195622193, 0.018810504867354867, -0.39000934935189296] [2.999749183654785, 0.46951818466186523, 0.8838282227516174] [0.0, 0.0] 0.16048148274421692
barrier [705.2724999327345, 1779.7850718745829, 1.2214815159962047] [-0.8796921292465449, 0.01583271956265015, 0.01739683335357655, -0.4749615067794409] [2.1830837726593018, 0.40464919805526733, 0.9988116025924683] [0.0, 0.0] 0.11746913939714432
barrier [716.6051694650976, 1782.436010883661, 1.0166319217835067] [-0.741659485435417, 0.019512613280739083, 0.013137075109702436, -0.6703639928010674] [2.1009254455566406, 0.37734225392341614, 1.0354362726211548] [0.0, 0.0] 0.10766953229904175
motorcycle [691.0867376129851, 1774.5360722430803, 0.665544512831005] [-0.35106378858377796, -0.01938626402264166, 0.013322822025609594, 0.9360560301209119] [0.6360591650009155, 2.0238146781921387, 1.2079718112945557] [0.0, 0.0] 0.9132888317108154
motorcycle [700.816652345893, 1774.177185770488, 1.160826393734124] [-0.944913823713178, 0.01281146155634446, 0.01972793127197949, -0.32647287932730046] [0.803229808807373, 2.3899407386779785, 1.3250792026519775] [0.0, 0.0] 0.7968325018882751
motorcycle [697.9628077580221, 1773.1028493965962, 1.0240802404948353] [-0.9379181691526096, 0.013219064181929831, 0.01945716221949281, -0.3460580632696393] [0.754875898361206, 2.240391254425049, 1.3132156133651733] [0.0, 0.0] 0.7727882266044617
motorcycle [698.6187128451448, 1776.2774892754758, 0.9087426582911954] [-0.4382054003612605, -0.01803621058393509, 0.015100328713428268, 0.898567027146414] [0.6804317831993103, 1.9097962379455566, 1.282950758934021] [0.0, 0.0] 0.6315420269966125
motorcycle [704.941034216973, 1777.9618037706655, 1.1221069019541634] [-0.7917107000215299, -0.009452742157603541, 0.0215399741221642, 0.6104431526783932] [0.6132091283798218, 1.7375307083129883, 1.2093144655227661] [0.0, 0.0] 0.6229694485664368
motorcycle [699.2127846397102, 1775.709814317599, 0.9714250523691227] [-0.4075676685784117, -0.018536546491189406, 0.014481756235402259, 0.9128719903196039] [0.6923662424087524, 1.9397022724151611, 1.380981206893921] [0.0, 0.0] 0.5471959710121155
bicycle [722.6864054239343, 1804.6659273119733, 1.0387285528926204] [-0.5230711495316367, -0.01649093343282021, 0.016774204422145663, 0.8519643465005852] [0.6909830570220947, 1.80181884765625, 1.8086962699890137] [-1.5460251381724655, -3.3637643905442154] 0.5082331299781799
motorcycle [703.4212460490535, 1779.555254993813, 1.0961213355432742] [-0.9503325309755486, 0.012473900017813363, 0.019943084962643926, -0.31034618694310534] [0.6201547980308533, 1.7545959949493408, 1.2233730554580688] [0.0, 0.0] 0.434205025434494
motorcycle [703.9842807273166, 1778.811245279984, 1.1005530840505513] [-0.38948746420786157, -0.018818508559607865, 0.014113417554710267, 0.9207313345408891] [0.6396500468254089, 1.8261277675628662, 1.3627164363861084] [0.0, 0.0] 0.4125877022743225
motorcycle [682.6699407078877, 1733.2615743945025, 1.9004203032956444] [-0.8777519304886561, -0.005952789151912709, 0.022757177346817616, 0.4785375886008899] [0.761358916759491, 2.027679920196533, 1.694254755973816] [3.142723068152121, -6.083209230026027] 0.4004462659358978
bicycle [708.6884105508033, 1770.7178281331578, 0.9777989668599347] [-0.9779708420911873, 0.010279909702520448, 0.02115770015832686, -0.20741192636868955] [0.5579739212989807, 1.5563523769378662, 1.0931065082550049] [0.0, 0.0] 0.37032550573349
motorcycle [662.7124810909031, 1818.5542894217617, 1.183374420745466] [-0.6734143781661821, -0.013056560051549194, 0.019566580158574678, 0.738890892121138] [1.0500249862670898, 2.280552864074707, 1.9726260900497437] [0.0, 0.0] 0.3109726905822754
bicycle [672.0952594719473, 1811.031642142376, 1.2594908559274396] [-0.8441985656046757, -0.00744411942872697, 0.022313894895613542, 0.5355141987020744] [0.6615920662879944, 1.8411033153533936, 1.2583290338516235] [0.0, 0.0] 0.29023054242134094
bicycle [704.7571489234431, 1780.6255552958232, 1.701283860489106] [-0.9982429529399007, 0.004416320304277122, 0.023104565229661176, 0.05438457581285467] [0.582974374294281, 1.5135762691497803, 1.706404209136963] [0.6812128215201979, -0.14124102437083716] 0.2768048644065857
bicycle [704.6195906224561, 1779.7799794007722, 1.3101129068459767] [-0.9879841857312095, 0.0021117547978095957, 0.023427874661513078, 0.15275445631979367] [0.5208978056907654, 1.6123061180114746, 1.2611277103424072] [0.1432828211046283, -0.10510586584744151] 0.24729417264461517
bicycle [671.5778012673869, 1810.701300748194, 0.7085112811339375] [-0.6026688845738841, -0.014799286145511839, 0.018284035360524212, 0.7976445892419676] [0.6714047193527222, 1.8714003562927246, 1.196934700012207] [0.0, 0.0] 0.19404534995555878
bicycle [709.3333590362283, 1777.9004989203017, 1.2005517874050877] [-0.9986800498028667, 0.00670345781561674, 0.02254747153886407, -0.04565997488239086] [0.4558001756668091, 1.4604454040527344, 1.0114754438400269] [0.0, 0.0] 0.1828954666852951
motorcycle [657.7345409229708, 1809.5586125250363, 2.5446127885752072] [-0.9921389791547058, 0.008430500921530023, 0.02196022480972633, -0.12291021610254864] [0.7413190603256226, 1.914711356163025, 1.454500436782837] [0.0, 0.0] 0.17291419208049774
motorcycle [699.5707970268722, 1775.266849091709, 1.0270854298383825] [-0.10571736409217858, -0.02210287063139183, 0.008049094938786274, 0.9941179578450027] [0.6201625466346741, 1.8665623664855957, 1.269223928451538] [0.0, 0.0] 0.16939125955104828
motorcycle [666.811550057898, 1816.1440987230574, 1.5218609295941599] [-0.9247599893234715, -0.003432052132894195, 0.023271137437579945, 0.37982316586402387] [0.7514312863349915, 1.9810688495635986, 1.4641207456588745] [0.0, 0.0] 0.16189627349376678
motorcycle [700.2412259694382, 1776.200867325953, 0.9883554756808774] [-0.1767976437583044, 0.023472398032671496, -0.001539918854186069, -0.9839660910529533] [0.6291104555130005, 1.751403570175171, 1.2954747676849365] [0.0, 0.0] 0.14758627116680145
motorcycle [675.9350183887592, 1822.193220980339, 1.5733052428159222] [-0.922487556713607, 0.014027961628182803, 0.018882296259720883, -0.38530946379381426] [0.6835634112358093, 2.0436010360717773, 1.449352502822876] [0.0, 0.0] 0.1428903341293335
bicycle [726.2243660345399, 1782.3292987942486, 0.9747922471472816] [-0.9992793373161493, 0.004983832753378386, 0.022988828386152942, 0.029790622576817714] [0.6468507051467896, 1.8041048049926758, 1.1570079326629639] [0.0, 0.0] 0.14051932096481323
motorcycle [723.865440558357, 1771.1503329153895, 3.029547984612207] [-0.029987720032534956, -0.022649856424008213, 0.006348923015240637, 0.9992734419705985] [0.7043039202690125, 1.9711437225341797, 1.4495841264724731] [0.0, 0.0] 0.14000694453716278
bicycle [679.4085960107335, 1781.5799916668213, 0.8642815806021643] [-0.3165885524027637, -0.019860629517192786, 0.012604769520401762, 0.9482712500482335] [0.5205469131469727, 1.6493877172470093, 1.1289057731628418] [-0.01005269737645274, -0.011273697288373729] 0.13811025023460388
bicycle [727.8569467474116, 1811.2128750762765, 1.21971349602796] [-0.9689580813497191, -0.00012784704446209898, 0.023522509955675664, 0.24610345744744877] [0.7092610001564026, 1.8308677673339844, 1.8771555423736572] [1.4035717879518885, -0.7913845872235099] 0.1349146068096161
bicycle [713.1218495373809, 1780.6091743418951, 1.2857852429654546] [-0.42994072670026023, -0.018174027985570298, 0.014934173102697922, 0.9025506338732299] [0.5374075770378113, 1.5951727628707886, 1.100837230682373] [1.548984301875942e-05, -1.1997466081667388e-05] 0.1314217448234558
bicycle [672.96000843807, 1797.2119185347813, 0.6125976466903187] [-0.7951919316093196, -0.009329291599168614, 0.02159372912998865, 0.6059013674550966] [0.5697349905967712, 1.6246743202209473, 1.0896631479263306] [0.0, 0.0] 0.12687227129936218
bicycle [672.5313913893984, 1789.2317521433968, 0.9984772806678217] [0.06730195327420804, -0.02315979724038792, 0.004116869109621857, 0.9974553234436083] [0.567058265209198, 1.6138147115707397, 1.3255634307861328] [-0.6887399160443195, 0.0741169246923288] 0.12280432879924774
bicycle [715.9099231913036, 1782.5649724983473, 1.0907995270301907] [-0.8603227604747536, 0.016504966450674, 0.016760396831333207, -0.5092066603940061] [0.4846307337284088, 1.5749133825302124, 1.0689129829406738] [0.0, 0.0] 0.12180684506893158
motorcycle [700.248133679844, 1775.6846912467772, 1.0085015842601561] [-0.9650381738290944, -0.0004914307648014996, 0.023517723429044846, 0.2610517156295347] [0.6563403606414795, 1.8569633960723877, 1.2520267963409424] [0.0, 0.0] 0.12128812074661255
bicycle [705.7608120572366, 1779.6821023746559, 1.3372030114072808] [-0.9949888193431714, 0.003420583876993589, 0.023272825901082362, 0.09717985677391526] [0.49941039085388184, 1.5772820711135864, 1.1069045066833496] [-0.00021819201444267278, -0.025796880376272337] 0.11702193319797516
motorcycle [707.3988771342688, 1761.9858648722407, 2.868612572393891] [-0.2792971755282658, 0.02350418305315833, 0.0009371224494500471, -0.9599165395608361] [0.7167938351631165, 1.9065799713134766, 1.366729497909546] [0.0, 0.0] 0.11456739902496338
bicycle [635.410906334932, 1755.7584193377436, 1.0056911901925711] [-0.9967064090925831, 0.003877269704799056, 0.023201112023303667, 0.07760804890141944] [0.7288596630096436, 1.9401336908340454, 1.658708095550537] [0.5859421831778107, -0.10646059040131663] 0.11215564608573914
motorcycle [722.225517408987, 1767.5175950364894, 3.2022085730936505] [-0.497811362374609, 0.02262011969881062, 0.006454068816887391, -0.8669662753944082] [0.6383516192436218, 1.765160322189331, 1.3499237298965454] [0.0, 0.0] 0.10995607823133469
bicycle [715.3428647775113, 1782.6120706930396, 1.3774535043862557] [-0.9993584635140316, 0.006281318413956268, 0.022668697767276626, -0.02700623230646608] [0.5446023941040039, 1.6337615251541138, 1.1499296426773071] [0.0, 0.0] 0.10834559053182602
bicycle [704.9964540040488, 1779.1525918735367, 1.2034327255881654] [-0.9849689292707013, 0.009490853909753186, 0.021523208672160413, -0.1711224227032949] [0.5182628631591797, 1.62041175365448, 1.150328516960144] [0.0, 0.0] 0.10664749890565872
bicycle [725.534574110324, 1777.4462406499044, 0.6893244773044231] [-0.933357180096031, -0.0028890093532932507, 0.02334477338588281, 0.35817739954344097] [0.5913580656051636, 1.7588670253753662, 1.1831451654434204] [0.0, 0.0] 0.10642053186893463
bicycle [691.6434445795451, 1799.1028841999623, 0.39697539147731065] [-0.9871162775547664, 0.001980971120699024, 0.023439295486438895, 0.1582660095122712] [0.49328476190567017, 1.4595633745193481, 1.0168850421905518] [0.0, 0.0] 0.10555464029312134
bicycle [712.5543590233942, 1784.6445037827084, 1.4276819911130467] [-0.09595667345241883, 0.023268603496125605, -0.0034491898790483745, -0.9951075278584032] [0.5544461011886597, 1.6164953708648682, 1.2333261966705322] [0.0, 0.0] 0.10531876236200333
motorcycle [703.0382674894965, 1815.1513936219242, -0.018730022998148216] [-0.9970669775784908, 0.0073147664672453885, 0.022356632371877946, -0.0728293718427547] [0.6260640621185303, 1.8508267402648926, 1.198987603187561] [0.0, 0.0] 0.10210879147052765
motorcycle [720.5245992293343, 1764.0974020242968, 2.4795304396254436] [-0.27664371726209686, 0.023506682734473393, 0.0008721733213353361, -0.9606846146784729] [0.6463515162467957, 1.758827567100525, 1.4285178184509277] [0.0, 0.0] 0.10160984843969345
bicycle [711.1571643455933, 1783.0823028275918, 1.5406728719035314] [-0.9490350342178203, -0.0017979477670302599, 0.023454044497882864, 0.31429155096454275] [0.5023382902145386, 1.5815266370773315, 1.257442593574524] [0.0, 0.0] 0.10030747950077057
pedestrian [706.9166655184124, 1782.596135016907, 1.615969182764276] [-0.6032620168919313, 0.02162453661887745, 0.009257658208233158, -0.7971960951710665] [0.5696532130241394, 0.5231825113296509, 1.74285089969635] [0.0, 0.0] 0.8758211135864258
pedestrian [708.7175021293104, 1782.8282501717147, 1.6821559551554102] [-0.44495755882320803, 0.022966264121959575, 0.005086799756431427, -0.8952426743775167] [0.5519025325775146, 0.4966599941253662, 1.7839754819869995] [0.0, 0.0] 0.8678522706031799
pedestrian [710.0181376872014, 1783.7993645523795, 1.6753268069106317] [-0.5466945100841887, 0.02221291598310128, 0.007740231457089774, -0.8370016653653239] [0.5221807360649109, 0.4879050850868225, 1.7501118183135986] [0.0, 0.0] 0.8228805661201477
pedestrian [706.7139592155357, 1781.5629614684217, 1.7138133698416498] [-0.6240632391857712, 0.02137303132585557, 0.009824375370761997, -0.781019685204848] [0.586035966873169, 0.5559841394424438, 1.814207673072815] [0.0, 0.0] 0.7988969683647156
pedestrian [707.8340810443405, 1782.014980314539, 1.6771491698342722] [-0.5672430050755662, 0.0220145390840798, 0.008287634668417851, -0.8232144607411596] [0.5583746433258057, 0.5184963345527649, 1.8153965473175049] [0.0, 0.0] 0.7646380662918091
pedestrian [711.4659828344985, 1785.8738637113267, 1.655115889389055] [-0.5591923911044379, 0.022094270920209116, 0.00807267068485023, -0.8287041359323716] [0.5623139142990112, 0.5258036851882935, 1.7981808185577393] [0.0, 0.0] 0.753088653087616
pedestrian [704.7343273195929, 1780.8288623130409, 1.6364247498854745] [-0.9968904603293706, 0.007368061307333616, 0.022339124693080786, -0.07520694971086393] [0.711337149143219, 0.8379535675048828, 1.8009459972381592] [1.0414372473598827, 0.043808132256851665] 0.7286057472229004
pedestrian [708.4544895613434, 1782.165852661344, 1.6767702643733886] [-0.5036412822862026, 0.02257612173980206, 0.0066063262613403565, -0.8635925740519232] [0.5278952717781067, 0.4900621473789215, 1.7761638164520264] [0.0, 0.0] 0.7090534567832947
pedestrian [711.9940301429574, 1786.8234556127607, 1.660183209393729] [-0.33932785028647167, -0.019551393313831253, 0.01307929046124112, 0.9403740134651101] [0.6295956969261169, 0.5909081697463989, 1.8525185585021973] [0.0, 0.0] 0.6842536926269531
pedestrian [710.9779661963712, 1784.450662111848, 1.7062853226861823] [-0.40539905006780846, 0.02316666815562117, 0.004078027225137983, -0.9138371219121249] [0.49953287839889526, 0.48256951570510864, 1.815399408340454] [0.0, 0.0] 0.68208909034729
pedestrian [710.0709074583485, 1782.895043413809, 1.6679872318070488] [-0.5399563872315787, 0.022274348245353827, 0.007561628774698042, -0.8413642344836976] [0.5223026275634766, 0.49493932723999023, 1.7726658582687378] [0.0, 0.0] 0.6662288904190063
pedestrian [710.6393601121401, 1783.93743308023, 1.6732256378132822] [-0.45003029929963845, 0.022937030195359864, 0.005217036064547399, -0.8927034249361847] [0.4997362494468689, 0.4650562107563019, 1.7815353870391846] [0.0, 0.0] 0.6654579043388367
pedestrian [710.0225629250823, 1783.242653165573, 1.6908445079103251] [-0.5774755083615121, 0.0219093638669785, 0.008561810230668243, -0.816069061062316] [0.4952279031276703, 0.47825324535369873, 1.7526596784591675] [0.0, 0.0] 0.6324731111526489
pedestrian [711.1067054545734, 1783.133734505616, 1.6359139594273895] [-0.47654996553593826, 0.022770590539819023, 0.005901273248167968, -0.8788326379511704] [0.5310382843017578, 0.5273807048797607, 1.7290763854980469] [0.0, 0.0] 0.6228204369544983
pedestrian [716.1195529767522, 1786.5182467918103, 1.3701055004320775] [-0.2496514495872063, -0.020691720607348193, 0.011188275907801014, 0.9680500136354131] [0.6347836256027222, 0.6968415975570679, 1.7333674430847168] [-1.0695507296362854, -0.5813776561916111] 0.558388888835907
pedestrian [713.5553466259873, 1783.9701935211665, 1.6110604061930214] [-0.33942913889521914, 0.023397908548406336, 0.0024213002791996572, -0.9403374579635584] [0.5872414708137512, 0.5640153884887695, 1.7925219535827637] [-0.0005802165207639367, 8.062697085117958e-05] 0.5412198901176453
pedestrian [727.8173305870974, 1811.2352056967666, 1.3359444359373098] [-0.9763953769730296, 0.0006313108814271854, 0.023514384237156412, 0.21470617831402128] [0.6788327693939209, 0.743126630783081, 1.8225994110107422] [1.204503973576102, -0.5988429494601313] 0.5309418439865112
pedestrian [710.9804562170904, 1784.7871308315844, 1.694946459445321] [-0.3632835246616181, 0.02332860175548157, 0.0030168128241209284, -0.9313816381537422] [0.5361204147338867, 0.5107895135879517, 1.8202447891235352] [0.0, 0.0] 0.5227363705635071
pedestrian [712.422511474492, 1784.6395846723417, 1.5296808445436103] [-0.4465782439981496, 0.022957013518657733, 0.005128386665005334, -0.8944353230771055] [0.5762348771095276, 0.5715474486351013, 1.7435874938964844] [0.0, 0.0] 0.47598642110824585
traffic_cone [708.722075263137, 1770.82040437007, 1.0065963439442758] [-0.5950386426509198, 0.021718521323398937, 0.009034968234958234, -0.8033527798748616] [0.3809249699115753, 0.38703468441963196, 0.8781217932701111] [0.0, 0.0] 0.47515153884887695
pedestrian [707.365616568623, 1782.3696430934135, 1.6391640096033133] [-0.5782324133907022, 0.021901410740016447, 0.008582134179720726, -0.8155329247092854] [0.5697661638259888, 0.5351488590240479, 1.7986581325531006] [0.0, 0.0] 0.4300622344017029
pedestrian [710.4595853936843, 1783.1260199980356, 1.682727664095606] [-0.5261108661599329, 0.022395147705956964, 0.007195983512349721, -0.8500906020471948] [0.5075681805610657, 0.49886655807495117, 1.7525962591171265] [0.0, 0.0] 0.36416828632354736
pedestrian [704.6306360122655, 1779.6934499599763, 1.3428664581029695] [-0.9994979787098413, 0.006150067766588729, 0.0227046578029268, -0.021224178086765674] [0.5341182947158813, 0.5485183000564575, 1.534865379333496] [0.0308185365776058, 0.0166860989373976] 0.3571820855140686
pedestrian [711.0283245852737, 1783.755615243707, 1.6379859750994394] [-0.46998877548679313, 0.02281392740355645, 0.005731451465980893, -0.8823588986897233] [0.5240475535392761, 0.5176296830177307, 1.8238229751586914] [0.0, 0.0] 0.3521692752838135
traffic_cone [703.1376097301736, 1781.3290140667775, 0.9994932710162521] [-0.30821487150171184, 0.023465064814132824, 0.0016478934280420537, -0.9510259029940773] [0.36848849058151245, 0.36280083656311035, 1.134517788887024] [-0.0008875326971812457, 0.0010464558109421801] 0.33196818828582764
pedestrian [722.7585899531093, 1804.8989695747375, 1.150778810098144] [-0.5626370035756492, -0.0156821665287006, 0.017532668720070574, 0.8263693347335269] [0.6430174708366394, 0.7042738199234009, 1.7788722515106201] [-0.33926390653125016, -1.1145022553769943] 0.29587385058403015
pedestrian [703.8193213060098, 1778.5740937391495, 1.1282773635684187] [-0.7365159035311644, 0.019612417884456647, 0.01298760502198475, -0.6760110938632512] [0.5574749112129211, 0.5991116762161255, 1.33502197265625] [0.0, 0.0] 0.2880500555038452
traffic_cone [715.8368531689953, 1782.6640365686942, 1.1552053801821143] [-0.7116550617782749, 0.02006808067162169, 0.012271795208482025, -0.702135135302227] [0.40663397312164307, 0.41022467613220215, 1.242121934890747] [0.0004491576737952845, -2.3391009875933025e-05] 0.2755017578601837
pedestrian [709.6911759499084, 1783.8878188908652, 1.6706453830518921] [-0.5266383340657357, 0.022390677540516307, 0.0072098806341198895, -0.8497639320852488] [0.5484714508056641, 0.5390348434448242, 1.74802827835083] [0.0, 0.0] 0.2698419690132141
pedestrian [705.972400477997, 1780.1591808690412, 1.457426682836103] [-0.8914306605514616, 0.015387370493057967, 0.017791954608502338, -0.45254618837120036] [0.5003217458724976, 0.49604523181915283, 1.429684042930603] [0.024648194856338672, -0.012649898873662855] 0.2637394368648529
pedestrian [712.0488985237182, 1784.3708259566877, 1.5934345846805296] [-0.46805307794685586, 0.0228264387513292, 0.005681418257218448, -0.8833872261952803] [0.5375956296920776, 0.5350635647773743, 1.782248616218567] [0.0, 0.0] 0.2541675269603729
pedestrian [710.3273357494147, 1782.045614676118, 1.628930020905126] [-0.5184431745302526, 0.0224589682738906, 0.0069942521797554435, -0.8547884825870731] [0.5181833505630493, 0.5037474632263184, 1.671975016593933] [0.0, 0.0] 0.24858224391937256
pedestrian [700.0072672062594, 1776.3564055294019, 1.011703006671332] [-0.2741128938063675, -0.020401428713326664, 0.011709249588965505, 0.9614097964081789] [0.5702295303344727, 0.593540370464325, 1.2693631649017334] [-0.003742416488690504, -0.0037415866524745456] 0.23929835855960846
pedestrian [711.0464993421992, 1782.7795165057603, 1.6277801730998571] [-0.48893505871354137, 0.022684826929686028, 0.006222816617242562, -0.8720029722089845] [0.5515750050544739, 0.5545229315757751, 1.7023124694824219] [0.0, 0.0] 0.23337122797966003
traffic_cone [708.4204494057863, 1770.6614540425185, 0.913739683132516] [-0.6149474723792575, 0.021485725526793398, 0.009575406940122027, -0.7882171537050431] [0.38693398237228394, 0.39855819940567017, 0.8310394287109375] [0.0, 0.0] 0.2251458466053009
traffic_cone [701.8534294248724, 1780.1008983808538, 0.9538419488688802] [-0.4079014621557677, 0.023155407306329027, 0.004141489099302667, -0.9127228891354177] [0.3623364567756653, 0.357311487197876, 1.1608315706253052] [0.0, 0.0] 0.22299474477767944
pedestrian [710.1813823759737, 1784.291224275909, 1.671464806733963] [-0.5706054521623276, 0.02198045603246133, 0.00837761135925228, -0.8208873815226684] [0.5459603667259216, 0.5424055457115173, 1.7585816383361816] [0.0, 0.0] 0.2167905867099762
pedestrian [651.207169433615, 1763.2324331840512, 1.0617388759717978] [-0.9992403773902753, 0.006373450442661985, 0.02264296687575571, -0.03106997543380502] [0.6459833383560181, 0.6613023281097412, 1.7594985961914062] [0.014611426310957019, -0.013900436100836222] 0.21556952595710754
traffic_cone [708.8433967103714, 1771.102074020613, 1.158437006286173] [-0.5664111214033495, 0.022022899848957694, 0.008265391807072283, -0.8237870578803221] [0.3900206983089447, 0.39886218309402466, 0.9702043533325195] [2.342774779642336e-09, -6.872859890030652e-08] 0.21115782856941223
pedestrian [705.2034073781035, 1780.3953613619137, 1.5854480104129869] [-0.9944060869571202, 0.007988031224898561, 0.022125012466249233, -0.10297188646977996] [0.6258524656295776, 0.6797990202903748, 1.6838772296905518] [0.5273584310779912, -0.09350436685435949] 0.2068529725074768
traffic_cone [691.7523594803354, 1799.0318530353302, 0.4250007733499499] [-0.4557370341553091, -0.017736711715248786, 0.015451015403907756, 0.889803591181694] [0.33955666422843933, 0.34061044454574585, 0.746084451675415] [-0.0009141176801647076, 0.00019867040850314014] 0.196920245885849
pedestrian [711.4844741911135, 1783.1028560845762, 1.6129397807395862] [-0.4985619131907489, 0.022614522406372926, 0.006473653976951155, -0.8665348774839344] [0.5893304347991943, 0.5962594747543335, 1.7327908277511597] [0.0, 0.0] 0.19515635073184967
pedestrian [707.1573186159878, 1780.0431184101321, 1.5609316263548956] [-0.5516543071823174, 0.022166569298631894, 0.007871977198302117, -0.8337410872373475] [0.5349154472351074, 0.5055667161941528, 1.5252580642700195] [0.0002564861966100068, -6.91237663629879e-05] 0.19093668460845947
pedestrian [709.8292596731773, 1781.5521708006813, 1.634843803023513] [-0.5311824592096528, 0.02235173728835073, 0.007329710749694693, -0.8469308532628284] [0.5289342403411865, 0.5087085366249084, 1.660430669784546] [0.0, 0.0] 0.1874544620513916
pedestrian [734.3063232343271, 1813.9683504629736, 1.2213098365409003] [-0.11797814449801937, -0.022001850017838123, 0.008321262841311709, 0.9927375446719647] [0.624539852142334, 0.6465604305267334, 1.720676064491272] [-0.3082704792392874, 0.07581386857946404] 0.17779092490673065
pedestrian [713.1728036183642, 1784.63215503256, 1.6100718988926013] [-0.29839797192486933, 0.02348080072223067, 0.0014059932163883494, -0.9541516260697992] [0.6029891967773438, 0.5970609188079834, 1.8008447885513306] [0.0, 0.0] 0.16811241209506989
pedestrian [708.294591540122, 1782.8304577742615, 1.6694576055386359] [-0.5081810935058918, 0.022541026702798922, 0.006725097372183134, -0.8609289467683572] [0.5885021686553955, 0.5692410469055176, 1.7975616455078125] [0.0, 0.0] 0.1664470136165619
pedestrian [706.2841110860807, 1779.63968354243, 1.4472133266071312] [-0.7222913821629904, 0.019878392569625182, 0.012576737586890676, -0.691188711158967] [0.4605675935745239, 0.45079225301742554, 1.1990070343017578] [0.0, 0.0] 0.16227516531944275
pedestrian [708.7853796297421, 1783.2122303565782, 1.67446982637171] [-0.5133393657343307, 0.022500255615046528, 0.006860270894010359, -0.857863258781953] [0.5826018452644348, 0.5823337435722351, 1.757049322128296] [0.0, 0.0] 0.1605507880449295
pedestrian [714.856876286829, 1782.6654519913188, 1.593974633896006] [-0.5315823105604504, 0.02234827379526141, 0.007340264154216152, -0.8466799408747852] [0.5701230764389038, 0.5817718505859375, 1.6807122230529785] [0.0, 0.0] 0.15825331211090088
pedestrian [704.2675189011759, 1780.5455845263998, 1.4305633974375618] [-0.9940282210498035, 0.008067779506186847, 0.022096057415774195, -0.10655782907454438] [0.6151426434516907, 0.6727491617202759, 1.6463780403137207] [0.35418034923080116, 0.021001714903403346] 0.15766388177871704
pedestrian [705.0585688236223, 1779.8053108745582, 1.3211014727601305] [-0.9524438688779597, 0.01233648549163022, 0.020028378496434393, -0.3038047922882406] [0.5250937938690186, 0.5326286554336548, 1.4500677585601807] [0.005588623503398425, 0.004914515381214131] 0.15747396647930145
pedestrian [713.6644462458528, 1784.3703121762267, 1.6375772586223256] [-0.2780088894964997, 0.02350541934279836, 0.0009055832379407565, -0.9602904417630325] [0.642313539981842, 0.6382193565368652, 1.8255140781402588] [-0.00010054286592954259, 7.359570651515144e-05] 0.1531725823879242
pedestrian [711.7783041001524, 1783.6666423657184, 1.5872043502976232] [-0.4510686394249561, 0.02293094474086585, 0.00524371936443925, -0.8921792183792648] [0.5430250763893127, 0.540946364402771, 1.7729548215866089] [0.0, 0.0] 0.1524784117937088
traffic_cone [671.4487279596799, 1810.4758833857784, 0.8151719605267388] [-0.8609053277514402, -0.006726144975583199, 0.022540714124647324, 0.5082211052580387] [0.3851633369922638, 0.3991115093231201, 0.8186695575714111] [0.0, 0.0] 0.15105387568473816
pedestrian [715.4168066595082, 1782.6783219913823, 1.3586072338947495] [-0.6060150322263813, 0.021592395307366327, 0.00933237828059188, -0.79510531119857] [0.5012941956520081, 0.5045986771583557, 1.493634819984436] [-4.836823324288624e-06, -4.888217603497982e-07] 0.14957648515701294
pedestrian [711.146696982218, 1785.6046640465809, 1.6850618723218402] [-0.4221286981328334, 0.023087791585557058, 0.004503187669142731, -0.906230675597111] [0.575295627117157, 0.5689857006072998, 1.8055181503295898] [0.0, 0.0] 0.14735712110996246
pedestrian [704.0112842307055, 1779.9176517905614, 1.2195011339082626] [-0.8156838642808514, -0.008576415774164785, 0.02190365065349372, 0.5780194708938224] [0.5730751156806946, 0.5961605310440063, 1.4748748540878296] [0.00648756562071552, 0.02625404045853825] 0.14592774212360382
pedestrian [713.2201372949806, 1785.189163289569, 1.5477916338268152] [-0.2936158756015718, 0.023487547434585355, 0.0012883846435522636, -0.9556340265892792] [0.5880006551742554, 0.5740534067153931, 1.7839702367782593] [0.0, 0.0] 0.14576907455921173
traffic_cone [725.8196403472995, 1780.2536518334293, 1.6293573267725387] [-0.694487176334478, 0.020358653288406366, 0.011783465354644154, -0.7191204607626462] [0.4321839213371277, 0.4164445996284485, 1.366155982017517] [-1.226146997010556e-06, -2.7784588470008088e-05] 0.14554020762443542
pedestrian [709.4641796393064, 1783.4033755384855, 1.6949312086838775] [-0.5338293012300469, 0.02232869849442523, 0.007399597490856578, -0.8452650189903501] [0.5397291779518127, 0.5435116291046143, 1.785860300064087] [0.0, 0.0] 0.14216160774230957
pedestrian [723.5116436228104, 1771.1754435278754, 2.7156404798467624] [-0.12627193859342045, -0.021931527137107384, 0.008504877242850772, 0.9917167300718369] [0.7026843428611755, 0.725618302822113, 1.743091344833374] [-0.018335219047514548, -0.010491809129296438] 0.14031779766082764
traffic_cone [702.377080925052, 1780.6415556743975, 0.9735739632696379] [-0.3191170440108494, 0.023444591188980228, 0.0019172802255353976, -0.947423341174522] [0.37745630741119385, 0.3740760087966919, 1.182295799255371] [0.0, 0.0] 0.13997621834278107
pedestrian [712.6889008270781, 1785.191437774336, 1.5453698325265013] [-0.38529694884655197, 0.023250389225252906, 0.003569904810479139, -0.9224927839230259] [0.5999156832695007, 0.6030666828155518, 1.7924680709838867] [0.0, 0.0] 0.1371810883283615
traffic_cone [708.3154941851484, 1770.4241096309518, 0.9226255853475274] [-0.4627542544863374, 0.022860054284636964, 0.005544613384636462, -0.8861744608909191] [0.3898445963859558, 0.40567290782928467, 0.8607466816902161] [0.00026814280995190207, -0.00040491122409190604] 0.13412883877754211
pedestrian [705.9706681433483, 1779.8101643204034, 1.3828363349892434] [-0.8681520853499153, 0.016241825621902354, 0.017015519972935142, -0.4957404884444184] [0.4806109666824341, 0.4945712685585022, 1.2586851119995117] [-0.00207902737532636, -0.0023608903427777238] 0.13020749390125275
pedestrian [672.4598289065333, 1811.111631990708, 1.2781556900560893] [-0.5521124537341052, -0.015903239844596073, 0.017332391119718314, 0.8334377682900039] [0.5160278677940369, 0.5167669057846069, 1.4509191513061523] [0.00031320895155856153, 0.0003092643460560917] 0.1272907704114914
pedestrian [707.4987579360774, 1780.0366488971329, 1.5355855764184272] [-0.5140933736110024, 0.022494215586037907, 0.006880049756396221, -0.8574116154973499] [0.5372081995010376, 0.5182551741600037, 1.513155460357666] [-2.4934332426171546e-05, -9.948149541494078e-05] 0.12612253427505493
pedestrian [709.9634492165883, 1782.0615422111784, 1.6639460729913693] [-0.5203523772524263, 0.02244327965227577, 0.007044431696835645, -0.8536275995235074] [0.5495525002479553, 0.5465186238288879, 1.7415534257888794] [0.0, 0.0] 0.1255575716495514
traffic_cone [707.27286659369, 1762.085911944331, 2.8366911058988156] [-0.8487831362561095, 0.0168736997726781, 0.016389114541767086, -0.5282176282440408] [0.43592262268066406, 0.4338790774345398, 1.322718858718872] [-2.6672733300476163e-05, 0.00023993877458619977] 0.12187745422124863
pedestrian [711.9519302458567, 1786.0804138402818, 1.6303122633698222] [-0.3608430779823923, 0.023336422502645997, 0.0029557070659380303, -0.9323298494914286] [0.6137601137161255, 0.6079132556915283, 1.8444774150848389] [0.0, 0.0] 0.12124160677194595
pedestrian [722.2368529000654, 1767.530612337876, 3.0498227390923627] [-0.6768121448671532, 0.020638908192383114, 0.011285401548373002, -0.7357798554872512] [0.6082524061203003, 0.6175627708435059, 1.7290515899658203] [0.008447488142518592, 0.12282543973072178] 0.12119357287883759
pedestrian [635.4679646413367, 1755.7273516489302, 0.9617317481282088] [-0.9973219708046422, 0.004071626938881887, 0.023167793886173314, 0.06924999444664995] [0.6751952171325684, 0.6993739604949951, 1.79920494556427] [0.5039716465660599, -0.07059509575826518] 0.11935056746006012
pedestrian [704.0625347385028, 1779.286807326498, 1.172829964129277] [-0.07654282178489442, -0.022329230645334937, 0.0073979915023655975, 0.9967887798394014] [0.5931332111358643, 0.6617490649223328, 1.4105069637298584] [-0.00021525673709433938, 0.003770695424073782] 0.11903427541255951
pedestrian [711.9640754273585, 1785.43675414302, 1.594570950360802] [-0.47167141099261517, 0.022802950593641937, 0.005774968719011653, -0.8814605806459824] [0.5785923004150391, 0.576427698135376, 1.8138169050216675] [0.0, 0.0] 0.11892308294773102
pedestrian [708.9232335254821, 1782.2901684936812, 1.6641670699170605] [-0.5978418433632636, 0.02168682150341783, 0.009110795385724148, -0.8012688721674716] [0.561486005783081, 0.552664041519165, 1.8281617164611816] [0.0, 0.0] 0.1135266125202179
pedestrian [710.9305660787768, 1781.9649987075443, 1.6161833314504186] [-0.5146279416099185, 0.02248992092527482, 0.006894075446100396, -0.8570908685167841] [0.5863469243049622, 0.5768089890480042, 1.7245445251464844] [0.0, 0.0] 0.11191077530384064
pedestrian [699.1085997969697, 1775.6154711732006, 1.0186336740180018] [-0.717887399725887, 0.019957860726970714, 0.012450245567235955, -0.6957617095639292] [0.6006600856781006, 0.6557019352912903, 1.2543519735336304] [-0.00021526435114301698, -0.0004308326799409231] 0.11072993278503418
pedestrian [713.1875497572861, 1783.6564097579526, 1.6281432584929965] [-0.3739864034103052, 0.023292309015620277, 0.0032852945381644134, -0.9271358289079014] [0.6138619780540466, 0.6182624101638794, 1.7740135192871094] [-0.000737458073976166, -0.004120007824730173] 0.10944756120443344
pedestrian [720.537236794346, 1764.0754982079097, 2.3004916702849467] [-0.6498498676932811, 0.021032296385889188, 0.010534103104571889, -0.7596985090412789] [0.5144904851913452, 0.5127109885215759, 1.578749418258667] [-3.3278351935776795e-05, -0.003193278857345326] 0.10939033329486847
pedestrian [713.9589103649834, 1785.7418705877706, 1.5418171603350852] [-0.2792946580459937, 0.02350418551077893, 0.0009370608072736334, -0.9599172720435278] [0.6421283483505249, 0.6210650205612183, 1.8231065273284912] [-4.190753458663144e-05, -5.8553015499756406e-05] 0.10844334959983826
traffic_cone [698.275756406949, 1789.4320449791248, 0.5269601411421316] [-0.19985118574593647, 0.023502082895660185, -0.000988392152516086, -0.9795438625893482] [0.4055675268173218, 0.31824004650115967, 0.45515456795692444] [0.0, 0.0] 0.1050691157579422
traffic_cone [707.6635810451696, 1775.219110430002, 1.1414745182996056] [-0.6064902120395345, -0.014711362074302507, 0.018354853456249993, 0.7947429130736288] [0.38290196657180786, 0.3873928487300873, 0.8076909780502319] [-9.448771880899219e-05, 5.368523181001258e-05] 0.10434195399284363
