car [690.5469881788297, 1793.6806753971596, 0.8785576442014343] [-0.3660188110977422, -0.0033169195825708585, 0.007378591586073308, 0.930572288623127] [1.8327323198318481, 4.283999919891357, 1.6002801656723022] [0.0, 0.0] 0.8858558535575867
car [687.0650689328232, 1796.9738082754927, 0.9903751757267611] [-0.392744280473104, -0.0031024162169978053, 0.007471317348889877, 0.9196121381247384] [1.8511652946472168, 4.3156890869140625, 1.5696017742156982] [0.0, 0.0] 0.8211917281150818
car [693.8353390982412, 1789.9992014142538, 0.6723067187494193] [-0.35080948742791984, -0.003436690274014353, 0.007323573531535611, 0.9364119061402675] [1.832226037979126, 4.386618614196777, 1.486325979232788] [-0.0016189186559547836, -0.0009579123637806423] 0.8206149339675903
car [682.9699465183176, 1784.387828729344, 0.9504814191932169] [-0.9268844548244081, 0.007411228648835887, 0.0032433407508290074, -0.3752595925963104] [1.903120756149292, 4.537939071655273, 1.7023922204971313] [0.0, 0.0] 0.7986094951629639
car [683.9902644710138, 1800.4292445430933, 1.021220807385712] [-0.35877033236082384, -0.0033742053316972165, 0.007352571501920937, 0.9333908093871467] [1.7897347211837769, 4.24868631362915, 1.4801480770111084] [0.0, 0.0] 0.7860667109489441
car [684.5235088117853, 1782.4302341166504, 0.7279264283014785] [-0.9248397430683575, 0.007428675031292643, 0.0032031791381006295, -0.3802709613840417] [1.6996915340423584, 3.9194769859313965, 1.454453945159912] [0.0, 0.0] 0.7854544520378113
car [688.7734102179675, 1795.3007452201384, 0.8553728603341666] [-0.3949597813693921, -0.0030843982700311055, 0.00747877373792943, 0.9186627920686301] [1.8594168424606323, 4.496438980102539, 1.4930906295776367] [0.0, 0.0] 0.7828184962272644
car [694.8785219352026, 1800.1545301301617, 0.9136161831615222] [-0.930935079522665, 0.0073752961317281734, 0.00332424070738406, -0.36509510013805757] [1.7921230792999268, 4.233603000640869, 1.4719706773757935] [0.0, 0.0] 0.7793179750442505
car [672.8836271902712, 1794.5306393162784, 1.3619102788923327] [-0.37679467139549444, -0.0032310579228092213, 0.007416591805591407, 0.9262614803815661] [1.8811137676239014, 4.439986228942871, 1.638386845588684] [0.0, 0.0] 0.7750550508499146
car [696.8197613716981, 1798.801669625349, 0.8956768938717526] [-0.924607835034982, 0.007430625662396228, 0.003198651524729204, -0.3808344861256824] [1.7629477977752686, 4.169156074523926, 1.4692184925079346] [0.0, 0.0] 0.7680270671844482
car [688.1272302077967, 1779.285804531016, 0.8016503769335187] [-0.37722559584741133, -0.0032276068269283566, 0.007418094329548479, 0.9260860674193596] [1.8343284130096436, 4.357326507568359, 1.5410696268081665] [0.0, 0.0] 0.7495061159133911
car [672.3160828786329, 1812.3260646738586, 1.6245816161174682] [-0.388597091671924, -0.0031360458583024036, 0.007457263954423108, 0.9213722672051786] [1.854702115058899, 4.235434532165527, 1.6055397987365723] [0.0, 0.0] 0.707212507724762
car [671.3241923808292, 1796.6565325863046, 1.2278210677267656] [-0.9296777873195972, 0.007386650770289761, 0.0032989331167957176, -0.3682848981362482] [1.8267043828964233, 4.217519283294678, 1.4833236932754517] [0.0, 0.0] 0.699500322341919
car [677.4514722954075, 1807.440694697969, 1.4143254496059712] [-0.375139000783413, -0.003244304931978942, 0.007410806624089645, 0.9269332686455436] [1.7801828384399414, 4.086862087249756, 1.5986648797988892] [-0.0006152792164377733, -0.0003864024712372189] 0.6871264576911926
car [682.3603726092618, 1802.238818858002, 1.2067110603014963] [-0.3485359134419491, -0.003454453443656207, 0.007315211597549701, 0.9372605141964933] [1.9144165515899658, 4.5393967628479, 1.6380585432052612] [0.0, 0.0] 0.685944676399231
car [676.9698709861041, 1790.446000648532, 1.0936848213768129] [-0.9290883676138723, 0.00739191048654355, 0.0032871307656132803, -0.36976933295674896] [1.788467526435852, 4.194770336151123, 1.5264530181884766] [0.0, 0.0] 0.6749863624572754
car [685.8836005668801, 1808.7417776467273, 1.5723791453252471] [-0.9209802024475894, 0.0074604204230834135, 0.0031285294344394034, -0.3895253793147323] [1.9784259796142578, 4.466472625732422, 1.801540732383728] [0.0, 0.0] 0.6624535918235779
car [688.0669128444197, 1807.175177572183, 1.0916283471637478] [-0.9259417458096255, 0.007419328048206307, 0.0032247698560382634, -0.3775797105217804] [1.6996043920516968, 3.9170076847076416, 1.4795784950256348] [0.0, 0.0] 0.6435503959655762
car [686.2374410251339, 1780.931179081772, 0.7605889287501861] [-0.92848201648709, 0.007397279796969574, 0.0032750299108038096, -0.3712892396646531] [1.788741111755371, 4.113056659698486, 1.5217207670211792] [0.0, 0.0] 0.6205457448959351
car [689.9320673608081, 1805.6665050214744, 1.0127335751129793] [-0.9328716769213344, 0.007357437076013678, 0.003363582760065988, -0.3601180206941419] [1.8168091773986816, 4.223659038543701, 1.5357617139816284] [0.0, 0.0] 0.6088682413101196
car [693.3001599962942, 1802.0532299769118, 0.8671125989472837] [-0.936711312906921, 0.00732063438372026, 0.003442946634963507, -0.3500092437391923] [1.865081787109375, 4.289833068847656, 1.5470176935195923] [0.0, 0.0] 0.5499532222747803
car [667.6907324490682, 1817.8472232790307, 2.040177957067481] [-0.3563857864494374, -0.0033929688302533952, 0.00734393163286824, 0.9343038722211873] [1.8866044282913208, 4.501715660095215, 1.6415342092514038] [0.0, 0.0] 0.4619426131248474
car [662.3221961616161, 1821.4790711129226, 2.043563559964847] [-0.41967673299026276, 0.007625424572421421, -0.002701567952435296, -0.907637589689469] [1.862715482711792, 4.406399250030518, 1.6418534517288208] [0.0, 0.0] 0.43519076704978943
car [702.788437213995, 1809.8115648566138, 0.7293007511435621] [-0.3910702952214489, -0.003116005961685809, 0.007465659793886426, 0.9203252569749989] [2.0304713249206543, 4.69850492477417, 1.6998432874679565] [0.0, 0.0] 0.2412305474281311
car [662.6704102813849, 1804.4929821388432, 2.097928192070452] [-0.38167864124052076, -0.003191864848979596, 0.007433543441533271, 0.9242596871288278] [2.0988290309906006, 5.201747894287109, 2.3126931190490723] [0.0, 0.0] 0.17796599864959717
car [693.545070446499, 1818.6429339666113, 1.1357905643199542] [-0.35461758562129764, -0.0034068563776029712, 0.007337499501444603, 0.9349764287931599] [2.0329346656799316, 4.607625484466553, 1.7083983421325684] [0.0, 0.0] 0.17756377160549164
car [663.850326610213, 1820.721525280664, 1.9686596688987656] [-0.579728258601602, -0.0014386672980011544, 0.007960892268896487, 0.8147697224427541] [1.7838588953018188, 4.167762279510498, 1.5536677837371826] [0.0, 0.0] 0.16263456642627716
car [667.1273417919019, 1829.189302056139, 2.2695899816109955] [-0.9990767480667809, 0.005891607145951868, 0.005543873605078197, -0.04219248633341133] [1.9132473468780518, 4.508601188659668, 1.6942001581192017] [0.0, 0.0] 0.15305539965629578
car [673.5769529135567, 1823.954653816418, 2.1739848279294134] [-0.3351213933142454, -0.0035585231196452703, 0.007265155367799364, 0.9421402263855457] [1.924149990081787, 4.421835899353027, 1.6480764150619507] [0.0, 0.0] 0.14582835137844086
car [702.6415133313902, 1718.1678488966124, -1.8061218930867655] [-0.9500558184586445, 0.007175935410393388, 0.0037351733958647894, -0.31197515324711955] [1.9740571975708008, 4.626038551330566, 1.740943193435669] [0.008889219653671291, 0.001751368778438922] 0.14052560925483704
car [699.1349263147576, 1813.2907504280345, 0.4336502764526178] [-0.4280732903902393, -0.0028106647661808835, 0.00758589038171942, 0.9037078136683132] [1.9188251495361328, 4.479254722595215, 1.6411329507827759] [0.0, 0.0] 0.13373568654060364
car [691.0988045696986, 1822.5564204221953, 0.8313442792877381] [-0.31534328513842536, -0.003709694989514927, 0.007189139892649306, 0.9489431842575164] [1.9535222053527832, 4.520920753479004, 1.6850239038467407] [0.0, 0.0] 0.1294148564338684
car [691.7995451659835, 1821.3740836723605, 0.7721832385313547] [-0.43183990123428406, -0.002778991403895632, 0.007597550663759211, 0.9019139948646172] [1.9982185363769531, 4.559419631958008, 1.7180376052856445] [0.0, 0.0] 0.12716081738471985
car [717.1549059102824, 1760.804671114618, -0.18356192529447304] [-0.5757122940451168, -0.001477820208093044, 0.007953717165191736, 0.8176123218958956] [1.8955425024032593, 4.359368324279785, 1.6256053447723389] [0.0, 0.0] 0.12083734571933746
car [652.4408747583226, 1826.4458161884038, 2.033010718163227] [-0.9443109710177678, 0.0034339409316563757, 0.007324863069655893, 0.3289549276818472] [1.917564868927002, 4.343222618103027, 1.6830041408538818] [0.015613413721252403, -0.016937799282986617] 0.11654676496982574
car [675.2057171127052, 1822.097592507407, 2.1212030796565187] [-0.4801960095938448, -0.002362174338049361, 0.007737292918584309, 0.8771239061847744] [1.8664636611938477, 4.430960655212402, 1.648544430732727] [0.0, 0.0] 0.11651423573493958
car [649.7420165660803, 1759.9992901166825, 0.2898327061468141] [-0.8097390344223808, 0.007973005187733804, 0.0013699480237161187, -0.5867343952449007] [1.9054248332977295, 4.377288818359375, 1.6400641202926636] [0.0, 0.0] 0.11446867883205414
car [691.7271049226679, 1803.8043258976288, 0.8820580534755796] [-0.921907716221888, 0.007452928603752895, 0.0031463350963741536, -0.387325079489092] [1.8370943069458008, 4.245629787445068, 1.5528446435928345] [0.0, 0.0] 0.10734507441520691
truck [706.1444828880731, 1806.8076807078576, 1.4429776499194422] [-0.3742307396655651, -0.003251563459182833, 0.007407624746315164, 0.927300333182326] [2.350102186203003, 5.879168510437012, 2.8517959117889404] [0.0, 0.0] 0.6875934600830078
truck [662.667432730217, 1804.4542462295242, 2.030977593772605] [-0.9122854785509454, 0.007526735004528418, 0.0029654391720149, -0.40947498098877955] [2.1329050064086914, 5.274526596069336, 2.219944477081299] [0.0, 0.0] 0.619322657585144
construction_vehicle [686.2248252464793, 1758.4245307408494, 1.7315195957346818] [-0.9117066704581966, 0.007530912687178454, 0.0029548135997738397, -0.4107620983887368] [2.542285919189453, 4.563834190368652, 2.27734375] [0.03971712069917689, 0.047251049069296946] 0.42820900678634644
construction_vehicle [673.8158372424708, 1845.1129286185017, 3.9446796241303317] [-0.9405017771938013, 0.003350263243752388, 0.007363511764700015, 0.3396924513821144] [3.260702610015869, 6.8884782791137695, 3.769528865814209] [0.0, 0.0] 0.31326115131378174
construction_vehicle [674.2373038253573, 1753.0908163286758, 2.452319413946178] [-0.9580503828183398, 0.003757404905353012, 0.007164319764537521, 0.28648563386725273] [1.9273611307144165, 3.1359078884124756, 2.2675983905792236] [-0.008500557107290727, 0.0002098968620227076] 0.21109209954738617
truck [731.0782201680786, 1798.0512536302733, 4.192500327767481] [-0.8161412602501523, 0.0079574605973388, 0.0014575287829454034, -0.5777958097355692] [2.9629781246185303, 6.550493240356445, 3.1836228370666504] [0.0, 0.0] 0.15833789110183716
construction_vehicle [703.0660801995598, 1717.8595213135777, -2.00267200942863] [-0.9816675643559957, 0.006651152464747399, 0.0046051862288075205, -0.19042937673073457] [3.04720139503479, 5.743713855743408, 2.8678369522094727] [0.0056651559809881135, 0.0022354071209069646] 0.14864540100097656
truck [677.7302862072253, 1807.8331014239623, 1.33854048947106] [-0.3766788389470146, -0.0032319853463891384, 0.007416187702050138, 0.9263085915180849] [1.9753847122192383, 5.043133735656738, 1.8258345127105713] [0.0, 0.0] 0.14423717558383942
truck [705.6809376354973, 1777.7276601779263, 1.7637652332486868] [-0.9108400883315975, 0.00276016484577965, 0.007604410518602743, 0.41268012784574026] [2.2312815189361572, 5.971064567565918, 2.3006439208984375] [0.0014217517545584669, -0.0009336919617490805] 0.1374569535255432
truck [668.0417204046558, 1818.2184985486108, 2.1459500629932617] [-0.3614271979475909, -0.003353251337603235, 0.007362151504701325, 0.9323652369186883] [2.0779030323028564, 5.439145088195801, 1.9465086460113525] [-4.6681366177069985e-05, -7.151547625802231e-05] 0.13266709446907043
construction_vehicle [657.4915397117438, 1760.4700076571828, 2.2805378481813383] [-0.7310774378507956, 0.00018385979893648704, 0.008087754007488658, 0.6822465348363487] [1.8157387971878052, 4.160942077636719, 2.127418041229248] [0.13282376755643419, -0.4214278749620833] 0.12210320681333542
construction_vehicle [694.6076124725115, 1737.0407006413984, 0.6519705154113988] [-0.5274827950467287, -0.001935157824999834, 0.007854981445150318, 0.849527195185875] [1.962789535522461, 3.4450483322143555, 2.29909610748291] [0.0, 0.0] 0.12112925946712494
construction_vehicle [690.5087858128445, 1748.0369398528442, 2.147255453521259] [0.12141614043162219, -0.006431025700873624, 0.0049078995248493795, 0.9925687257179613] [2.888457775115967, 8.034010887145996, 3.4181137084960938] [0.0, 0.0] 0.12018775194883347
construction_vehicle [736.9435278266332, 1811.420128019925, 1.0463963455725662] [-0.8337554283728769, 0.007908160287927578, 0.0017048666140666493, -0.5520746689438392] [1.915355920791626, 3.037916898727417, 2.7045180797576904] [0.0, 0.0] 0.11591120064258575
truck [664.4280523748639, 1821.5155352272018, 2.169317459221462] [-0.3758880617745306, -0.0032383141701494127, 0.007413426376967898, 0.9266297639543399] [1.9635727405548096, 5.151763916015625, 1.8842681646347046] [0.0, 0.0] 0.11506671458482742
construction_vehicle [707.0830104170849, 1762.028742970287, 2.540458532223316] [-0.9999596446721604, 0.005675011445079021, 0.0057653980269826936, -0.003906847554681792] [1.5747851133346558, 3.128079414367676, 2.37579607963562] [0.0, 0.0] 0.11360583454370499
truck [661.9680030158958, 1821.8576877410521, 2.1707145953554883] [0.2625131492738235, -0.007068424048509808, 0.003934838088379503, 0.9648945024659578] [2.0063817501068115, 5.259294509887695, 1.8395568132400513] [0.0, 0.0] 0.10253787040710449
bus [710.3473271154244, 1790.4810741671436, 1.9753433587444589] [-0.4488309764625429, -0.002634712687320054, 0.007648781495544802, 0.8935800518131374] [2.9713196754455566, 12.462461471557617, 3.3620893955230713] [-1.7195605049039346, -2.264653764407733] 0.932527482509613
bus [732.2404599032751, 1800.8578583282172, 4.868557248668471] [-0.6152425226600517, -0.0010846982415336631, 0.00801679481065392, 0.7882963863557824] [3.17932391166687, 12.535320281982422, 3.6071701049804688] [-0.06499692312789442, -0.12925541223786222] 0.321596622467041
bus [649.3022387632443, 1755.0323546044945, 2.1824797931913005] [0.012135907097686638, -0.005855699682679516, 0.005581787396307819, 0.9998936314376671] [2.9631989002227783, 12.398621559143066, 3.7336058616638184] [-3.357830363588082, 0.32642209390907234] 0.1399313062429428
trailer [706.9185318088464, 1778.402316034343, 2.2485647929363664] [-0.9135723340983487, 0.0028108235715366345, 0.007585831540510761, 0.40659580027440545] [1.58447265625, 4.67291259765625, 2.6393847465515137] [0.0, 0.0] 0.11508411169052124
bus [654.2489213749533, 1749.507437720677, 2.4451869376679847] [-0.692014525635144, -0.00026609385765898833, 0.0080854661813794, 0.7218382441660012] [3.130958080291748, 14.046318054199219, 3.9215221405029297] [-0.5172908213353173, -3.43088733885214] 0.10984870791435242
trailer [631.1526827310793, 1770.9420407857526, 2.148505058411706] [-0.7180376495079077, 0.008086802178424113, 0.0002218103657381093, -0.6959572460430654] [3.2451272010803223, 17.110557556152344, 4.381494522094727] [0.009778449204267224, 0.0071251863110110124] 0.10794728249311447
barrier [668.2267834104501, 1794.6725808733834, 1.4144169536814606] [-0.895536772009683, 0.0076371716115113866, 0.0026681789834339022, -0.4449139741671034] [1.8293280601501465, 0.31412947177886963, 0.981459379196167] [0.0, 0.0] 0.22424092888832092
barrier [705.3895820679663, 1779.502605919196, 1.2601915109982211] [-0.93333903379369, 0.007353058279185547, 0.00337314441644806, -0.35890500474046083] [2.192028045654297, 0.3278746008872986, 0.9893975257873535] [0.0, 0.0] 0.15277507901191711
barrier [702.4983150765212, 1718.944341418342, -1.77622100699994] [-0.8605463568345467, 0.001916619124197085, 0.007859525459216723, 0.5093078854381479] [3.486927032470703, 0.5300672054290771, 0.9210498332977295] [0.0, 0.0] 0.14577704668045044
barrier [707.1992058718963, 1777.5938489821813, 1.7917955202141014] [-0.5644986482949681, -0.0015862469304626873, 0.00793280467343748, 0.825394348480678] [2.306185245513916, 0.31082218885421753, 0.991658627986908] [0.0, 0.0] 0.10738258063793182
motorcycle [697.9147739689508, 1773.153748522156, 1.1337030521572853] [-0.9429215243792428, 0.0072568118267732, 0.003575507155931648, -0.3329167362765257] [0.8170924782752991, 2.365891456604004, 1.4308313131332397] [0.0, 0.0] 0.8835898041725159
motorcycle [691.013867768997, 1774.5973009995637, 0.8321338026340158] [-0.37233492407206326, -0.0032666949167263794, 0.007400964371779388, 0.9280631760537317] [0.7824603915214539, 2.163831949234009, 1.3156752586364746] [0.0, 0.0] 0.8055918216705322
motorcycle [700.6908704791728, 1774.033285379826, 1.2636305233115575] [-0.9340539672383212, 0.007346306866711017, 0.003387823007689213, -0.35704025083601165] [0.8384236693382263, 2.3481500148773193, 1.3613719940185547] [0.0, 0.0] 0.7387385368347168
motorcycle [699.1851058665621, 1775.762821589357, 1.0211751621878336] [-0.4253666986676766, -0.0028333557161544405, 0.00757744447007359, 0.9049849314188887] [0.7162280678749084, 1.9611210823059082, 1.3917924165725708] [0.0, 0.0] 0.5636458396911621
motorcycle [698.6580612787026, 1776.1542274763021, 0.9854343651511015] [-0.4636678026314764, -0.0025068134964302165, 0.007691648419255079, 0.8859721910046541] [0.7123967409133911, 1.8767591714859009, 1.331777811050415] [0.0, 0.0] 0.5134950280189514
motorcycle [704.1737621669237, 1778.7844517699618, 1.1323486745672] [-0.3563882367576301, -0.0033929495700145314, 0.0073439405312578625, 0.9343029375590532] [0.7090840339660645, 2.0029313564300537, 1.353196144104004] [0.0, 0.0] 0.5058873891830444
motorcycle [703.4020585709852, 1779.5108245175397, 0.9599169064952461] [-0.47953128008171225, -0.0023680361617371658, 0.007735500891863371, 0.8774874961239523] [0.6601711511611938, 1.8871660232543945, 1.268957257270813] [0.0, 0.0] 0.5007355213165283
motorcycle [703.7561935666512, 1779.1717366690623, 1.0319298508975616] [-0.5549104918500463, -0.0016779286263477267, 0.00791391968851066, 0.83187072340925] [0.7198948860168457, 2.0157032012939453, 1.3729647397994995] [0.0, 0.0] 0.45613837242126465
motorcycle [705.0353430198516, 1777.9910748546863, 1.1237087202223066] [-0.43253196538549954, -0.0027731596983462644, 0.007599681216918373, 0.9015823053667624] [0.6082407236099243, 1.71262526512146, 1.2053709030151367] [0.0048905709498428184, -0.002507543098997262] 0.3913170397281647
motorcycle [699.7930772503566, 1775.9054288318482, 1.0382994219714174] [-0.4852199889557789, -0.00231774819313965, 0.007750716910358148, 0.8743546858960858] [0.6268975138664246, 1.8018087148666382, 1.2605592012405396] [0.0, 0.0] 0.374194860458374
motorcycle [704.6831934130338, 1778.2992168593476, 1.1380598266239483] [-0.2508978950890121, -0.0041841590354893075, 0.006923754940568523, 0.9679797522007327] [0.6769479513168335, 1.8727858066558838, 1.260389804840088] [0.0, 0.0] 0.3313768208026886
motorcycle [657.7403025343201, 1760.7494093917626, 2.7266261739882154] [-0.8583982219160137, 0.0018835699446976334, 0.00786751126943874, 0.5129201176032339] [0.7439870834350586, 1.9692051410675049, 1.7172942161560059] [2.046754694978574, -3.964167893915765] 0.32267487049102783
motorcycle [667.2325712334246, 1816.6143646517107, 1.9489868398188839] [-0.9299411864945528, 0.0073842873307137895, 0.003304220018215138, -0.36761929232807194] [0.7107680439949036, 2.1240406036376953, 1.3807787895202637] [0.0, 0.0] 0.3133390247821808
bicycle [668.2884294838929, 1794.6379877349818, 1.5112404889547517] [0.09318420821597762, -0.006289077963058589, 0.005088523134062047, 0.9956160192412787] [0.49421072006225586, 1.5831663608551025, 1.0818299055099487] [0.0001551597828741739, 0.000416257894294992] 0.2595559358596802
bicycle [729.3238634628857, 1810.2457136968626, 0.7904989891039893] [-0.9398679079909757, 0.0033365523729281497, 0.007369734566049266, 0.3414423376784954] [0.6571390628814697, 1.7643119096755981, 1.7851710319519043] [1.1428830811378297, -0.9982393578326578] 0.2520948648452759
bicycle [693.9274490493624, 1750.935951026884, 1.6389623580315968] [-0.4828062359248837, -0.0023391197233057284, 0.00774429391431885, 0.8756898383461661] [0.6869869232177734, 1.7505338191986084, 1.3289358615875244] [-0.004754141517719431, -0.002582284023522798] 0.20171093940734863
motorcycle [663.571776822428, 1819.9784738535586, 1.9933233096600067] [-0.9427951136566973, 0.007258168219050647, 0.0035727529183078094, -0.33327455362770225] [0.6626073122024536, 1.9828428030014038, 1.3255231380462646] [0.010462810508652824, 0.0058348074497383] 0.18526658415794373
motorcycle [707.1032840954266, 1762.0452605423893, 2.766826862309691] [-0.9218129577325629, 0.002967633266721969, 0.007525870189257781, 0.38755054558990476] [0.713603138923645, 1.9085590839385986, 1.3733713626861572] [0.0, 0.0] 0.17135800421237946
motorcycle [674.5627159467133, 1824.0644906335385, 2.0287135046940645] [-0.9843650038239689, 0.004545872656735027, 0.006691831670033449, 0.17595480578070818] [0.656152069568634, 1.9020787477493286, 1.3025338649749756] [0.0, 0.0] 0.16923028230667114
bicycle [689.430411705117, 1800.4831212836873, 1.6468375975320129] [-0.983190302547848, 0.004501903801054601, 0.006721490272057527, 0.18240445007334588] [0.5753480195999146, 1.6641950607299805, 1.1126000881195068] [0.0, 0.0] 0.1610158085823059
bicycle [723.6429876541297, 1771.0231044159907, 2.7278752603117167] [-0.04929823422687374, -0.005501824085616333, 0.0059308937810625, 0.9987513396901159] [0.7039061784744263, 1.6218503713607788, 1.4112035036087036] [0.0, 0.0] 0.15230685472488403
bicycle [713.1222025954812, 1780.0453765844854, 1.2983480549008277] [0.16653296569746506, -0.006648052038118521, 0.004609660877958595, 0.9860027006893519] [0.6153461337089539, 1.6149741411209106, 1.477768063545227] [-0.21496565929381423, 0.12095976687286586] 0.1513274908065796
bicycle [674.4970587979645, 1753.5196716398098, 2.659073090095281] [-0.9578225104017632, 0.003751712735209898, 0.0071673022026267135, 0.2872465717782424] [0.8532071113586426, 1.9692143201828003, 1.7262201309204102] [0.9884578045032051, -0.6781329150331844] 0.1462123543024063
bicycle [708.6802353728558, 1770.550356686184, 1.5531401326871292] [-0.9496083696454555, 0.003554291840587635, 0.007267226350076485, 0.31333448378687756] [0.5031717419624329, 1.5046439170837402, 1.0879504680633545] [0.0, 0.0] 0.1437680572271347
motorcycle [705.6473105220165, 1809.884846382914, 0.05141544589086661] [-0.8259324306743481, 0.00793128799296138, 0.0015938130643273294, -0.5637110735040176] [0.743401825428009, 1.9768950939178467, 1.3110921382904053] [0.0, 0.0] 0.13742366433143616
bicycle [722.5553191653207, 1803.357646559298, 0.9533064316976722] [-0.6149712823349165, -0.001087456259416024, 0.00801642115879466, 0.7885080065123227] [0.6559272408485413, 1.6465073823928833, 1.7690808773040771] [-0.197414977101267, -1.2010490623108372] 0.1287796050310135
motorcycle [702.9606727574571, 1779.6939044602805, 0.904176544096842] [-0.3690718133051325, -0.00329267853966556, 0.007389440935939585, 0.9293656713341366] [0.6130834221839905, 1.8035740852355957, 1.2086665630340576] [0.0, 0.0] 0.12218332290649414
bicycle [715.6029894103207, 1782.4861687634084, 0.9286400290463603] [-0.9930242447643736, 0.00629401990493725, 0.005082409147989516, -0.11763249440879159] [0.5341925024986267, 1.7134424448013306, 1.144030213356018] [0.0, 0.0] 0.12177206575870514
bicycle [667.1695063872062, 1827.1260042575275, 1.9191898950466213] [-0.9942165299434004, 0.005000135575871022, 0.0063595765216107585, 0.10708896310074623] [0.6561403274536133, 1.7886571884155273, 1.2967365980148315] [0.0, 0.0] 0.11839159578084946
motorcycle [699.2666701965982, 1775.0855549672726, 0.9989542814364282] [-0.10732149259263918, -0.005147448891874679, 0.006240940571488562, 0.9941914562388762] [0.621013879776001, 1.851886510848999, 1.2866504192352295] [0.0, 0.0] 0.11595363169908524
bicycle [676.7494133153697, 1785.6956910256383, 0.7734945512926779] [-0.3068045079967955, 0.007242641518150249, -0.003604124463844185, -0.9517381721374493] [0.4976672828197479, 1.509106993675232, 1.0159085988998413] [0.0, 0.0] 0.11526753753423691
motorcycle [720.8821632604175, 1764.092522817259, 2.8932423747790037] [-0.009705884329827108, -0.005732389773301563, 0.005708351495682575, 0.9999201719337724] [0.7857779860496521, 2.015371561050415, 1.565687894821167] [-0.11942237932184939, -0.06614968521167751] 0.1139395534992218
bicycle [704.2752227318351, 1775.8085636336268, 1.0656143638721969] [-0.3753878311372634, -0.0032423153149861925, 0.007411677320925394, 0.9268325256834433] [0.6283606886863708, 1.7968389987945557, 1.1644238233566284] [-0.008538359051366802, 0.00010415863348447327] 0.10653312504291534
bicycle [676.8495794578653, 1775.237014467082, -0.6958296456514051] [0.2429126816018401, -0.006987262551130652, 0.004077221033115691, 0.9700144244018704] [0.5864275097846985, 1.6960721015930176, 1.1866217851638794] [0.0, 0.0] 0.10638435930013657
motorcycle [705.1817019316244, 1777.4261052685981, 1.0628792087006018] [-0.41204232967343557, -0.002944232324307676, 0.00753505576169252, 0.9111287905603558] [0.6712116003036499, 1.882490873336792, 1.2581697702407837] [0.0, 0.0] 0.10494161397218704
bicycle [676.5948488542841, 1774.8640793688471, -0.7259387066778425] [0.1076164047796945, -0.006362228323689075, 0.004996760957716742, 0.9941595766540611] [0.5868450403213501, 1.7004936933517456, 1.19845449924469] [0.0, 0.0] 0.10350961983203888
bicycle [683.1108212863188, 1779.0791521600663, 0.6567144476788588] [-0.9291119413088755, 0.0031121471529941425, 0.007467269206974146, 0.36971009581554776] [0.7008407711982727, 1.7419984340667725, 1.0610308647155762] [0.005723085606449069, -0.0016870658760400029] 0.1032320037484169
motorcycle [700.3229992596885, 1775.5931477260158, 1.0407655103884417] [-0.839526575323368, 0.0016013062299807023, 0.007929778538467443, 0.5432583950170546] [0.6499624252319336, 1.945683240890503, 1.2398756742477417] [0.0, 0.0] 0.10084028542041779
pedestrian [705.6716421479231, 1780.836121691395, 1.6196452481212669] [-0.9998789664731104, 0.005575028698704108, 0.0058621347920309215, 0.013289350448899728] [0.7022645473480225, 0.7854240536689758, 1.8424851894378662] [0.7417006768914577, -0.0748735328093921] 0.8280935287475586
pedestrian [706.7218972532955, 1781.5018012158032, 1.6448912226500507] [-0.6951689344267169, 0.008089746306235174, -3.9673820942442116e-05, -0.7188008813563824] [0.57044517993927, 0.5623531937599182, 1.8417834043502808] [0.00862477019567995, 0.003822360852145886] 0.826544463634491
pedestrian [707.8616302417454, 1781.955962083613, 1.617794162810824] [-0.5021772254313976, 0.007843414210026808, -0.001981520335818775, -0.8647268867617752] [0.5183629393577576, 0.5051182508468628, 1.8318777084350586] [0.0, 0.0] 0.7976160645484924
pedestrian [706.8693587524008, 1782.5422276373033, 1.5614565177945599] [-0.7179373378870606, 0.008086834062639584, 0.00022064486091005493, -0.6960607252950919] [0.5467610359191895, 0.5335007905960083, 1.7480442523956299] [0.0, 0.0] 0.7950813174247742
pedestrian [708.7535544427213, 1782.8316145113833, 1.588475969389333] [-0.4493733264314742, 0.007710349486231605, -0.002448689468160844, -0.8933074319194937] [0.5149868130683899, 0.5067775845527649, 1.8017756938934326] [0.0, 0.0] 0.7496165037155151
pedestrian [709.957009192583, 1783.701336726956, 1.5661704102179594] [-0.5158804156895296, 0.007873966831220441, -0.0018563985703921892, -0.8566224087301751] [0.46487778425216675, 0.45773735642433167, 1.7854069471359253] [0.0, 0.0] 0.6909922957420349
pedestrian [722.5699229036054, 1803.4097917086601, 1.0615333160674043] [-0.5933491342672691, -0.001304576833879678, 0.00798396196107035, 0.8049045653336617] [0.7014196515083313, 0.76930171251297, 1.778709888458252] [-0.3741145439394772, -1.3313904710161908] 0.6667410135269165
pedestrian [709.8851313818495, 1782.889016383023, 1.5330446249173988] [-0.549283190638276, 0.007941091840688861, -0.0015442246238998457, -0.8355971104024502] [0.48425930738449097, 0.47932693362236023, 1.8131392002105713] [0.00029699231232588417, 2.745952641398228e-05] 0.6566390991210938
pedestrian [710.6778041033372, 1783.897690948241, 1.513219864171765] [-0.30451237658000063, 0.007233943855221927, -0.0036215501668223162, -0.9524740242863786] [0.4679829180240631, 0.4604008197784424, 1.811686396598816] [-4.13111239787466e-06, -4.5708793911250546e-05] 0.6033779978752136
pedestrian [710.9828599016574, 1784.2994939291748, 1.5330130898781722] [0.12971478603644535, -0.006471855551920067, 0.004853931914066701, 0.9915183451223725] [0.4819034934043884, 0.4831748902797699, 1.8371330499649048] [-0.012208261734302046, -0.025064968976598198] 0.5764273405075073
pedestrian [710.2154666193061, 1783.8871444288231, 1.5486891243938194] [-0.4925755659936137, 0.007821002072349256, -0.00206821079574169, -0.8702320760675051] [0.4738057553768158, 0.46270304918289185, 1.7801570892333984] [0.0, 0.0] 0.5409519076347351
pedestrian [711.0599471018037, 1782.9972978505164, 1.5030324355494205] [-0.4544514731856695, 0.007724164467567452, -0.002404756243215145, -0.8907347601559421] [0.5022345781326294, 0.5087507963180542, 1.7931122779846191] [-0.007689352715656321, -0.00624183264035022] 0.5304896831512451
pedestrian [712.4936097761441, 1784.5342975756762, 1.454150069947586] [-0.5301589181107605, 0.007903961843301192, -0.0017242263456265466, -0.8478597030041687] [0.5333660840988159, 0.5372591018676758, 1.716696858406067] [-6.56773469978644e-05, 4.31021347775554e-05] 0.44697660207748413
pedestrian [711.1140015870636, 1784.7176198830214, 1.5718602834528657] [-0.2363562072630262, -0.004287500585481911, 0.006860241106608871, 0.971632799836917] [0.5230291485786438, 0.5221091508865356, 1.8474329710006714] [-0.007108574386257169, -0.08353981456338942] 0.44128185510635376
pedestrian [713.5645227822902, 1783.8465695099624, 1.487087246114211] [-0.41598141906928376, 0.007614372785765641, -0.00273256223912749, -0.90933712858312] [0.5637826919555664, 0.5651125311851501, 1.744421124458313] [-0.03230017043291784, 0.005016016354631836] 0.4301154613494873
pedestrian [729.2608252425192, 1810.2782283767824, 0.9559770557066866] [-0.9364083292626445, 0.0032627270050362427, 0.007402714488748101, 0.3508190349998584] [0.6671939492225647, 0.7246708869934082, 1.8045066595077515] [1.0233972177339594, -0.8728566946366775] 0.42208337783813477
pedestrian [707.5531303624231, 1782.1730826387836, 1.6009863406049707] [-0.5147658794251735, 0.007871545790024102, -0.001866637668876226, -0.8572926243764822] [0.5383418798446655, 0.5290829539299011, 1.829498529434204] [0.0, 0.0] 0.4154677987098694
pedestrian [708.566900057091, 1782.5623929968178, 1.6214974221915757] [-0.3861871879839799, 0.007521474209448163, -0.0029787572959071307, -0.92238495774146] [0.5025680661201477, 0.50180584192276, 1.8102123737335205] [0.0, 0.0] 0.40745794773101807
traffic_cone [715.7896290985723, 1782.5267285159716, 1.03278292813055] [-0.5813273410931902, 0.007995083621529155, -0.0012345878648642615, -0.8136295698462602] [0.3752981126308441, 0.37820762395858765, 1.2695199251174927] [-2.1899146727481007e-05, -2.161559528286155e-05] 0.39148369431495667
pedestrian [705.9393719461589, 1780.3034035048095, 1.6078121528808422] [-0.9933395309736138, 0.0062802168717585845, 0.005099455397882471, -0.1149396825983528] [0.6202201843261719, 0.6702104806900024, 1.7314660549163818] [0.3312657116334921, -0.035833757874106975] 0.38401901721954346
pedestrian [712.3585995472893, 1784.1983227811081, 1.4600559744011097] [-0.5101866851216035, 0.007861479223488519, -0.0019085894608249845, -0.8600256395918199] [0.5110090374946594, 0.5096142888069153, 1.7403059005737305] [-8.299434806411062e-06, 5.080879382637305e-06] 0.37201350927352905
traffic_cone [708.6191022183006, 1770.7194102261003, 1.601038918850227] [0.19388914191312454, -0.006773674751754841, 0.004422996684234888, 0.9809900891848405] [0.3872733414173126, 0.38534659147262573, 0.9005907773971558] [-4.4514605803888094e-05, -2.2276941102514666e-06] 0.3694356381893158
pedestrian [705.8816224508092, 1779.9408820916888, 1.559616191031151] [-0.9768179073038034, 0.006759690305712, 0.0044443398027352796, -0.21391898092807715] [0.5189867615699768, 0.5361963510513306, 1.5228686332702637] [0.09080051290621789, -0.017563661813059194] 0.35255274176597595
pedestrian [710.1960016075608, 1783.3395964419724, 1.5297104344238694] [-0.5388300909900564, 0.007921236451941427, -0.0016430405910227044, -0.8423756213675325] [0.459073543548584, 0.46044111251831055, 1.806861400604248] [-0.0004639237396776547, -0.0001681118908437029] 0.343210905790329
traffic_cone [677.1670118104865, 1774.89733477103, -0.7492356316195856] [-0.7982978485590309, 0.007997892244166254, 0.0012162602361415614, -0.6022085182199863] [0.3251875042915344, 0.3349742293357849, 1.1195430755615234] [5.0782261238238245e-05, 3.946889739688644e-05] 0.34314990043640137
pedestrian [707.085378371258, 1781.7473359379917, 1.6201765272180355] [-0.6108727416264952, 0.008035098134606143, -0.0009395569586580447, -0.7916874686190366] [0.5077153444290161, 0.5015547871589661, 1.8169074058532715] [0.00021829398706230485, 2.6133930987145857e-05] 0.3104631006717682
pedestrian [710.7507107682461, 1784.5710781066482, 1.5852015569951894] [-0.18778680376171547, -0.004623069266248121, 0.0066387348094938915, 0.9821764967477322] [0.5191015601158142, 0.5102493762969971, 1.839639663696289] [-0.020203947122038518, -0.029924112246104716] 0.30900460481643677
pedestrian [703.7909550032992, 1778.4429255124755, 1.1149698375890231] [-0.6038816246843798, -0.001199481967244228, 0.008000425758768703, 0.7970329590419978] [0.6262248754501343, 0.6752815246582031, 1.3153715133666992] [-0.004850364685340691, -0.00809703526738817] 0.3070107102394104
pedestrian [713.0617398269918, 1784.9803980128393, 1.398414039622446] [-0.307543808292219, 0.0072454393294346464, -0.0035984966631630337, -0.951499532533678] [0.5492525100708008, 0.5439350008964539, 1.6987513303756714] [-0.00013375772075387274, 9.862443187931506e-05] 0.3057791590690613
traffic_cone [668.7936760906374, 1794.25328329609, 1.5387785610827296] [-0.7662628693282654, 0.008049868775942846, 0.0008032322213496323, -0.642476279343839] [0.35948750376701355, 0.36281266808509827, 1.1239533424377441] [-0.00029550510278981675, 0.0002429444442332598] 0.29740387201309204
pedestrian [711.4226709064694, 1783.074655689368, 1.4745559907488686] [-0.5065885010729316, 0.007853435297497937, -0.0019414230191607674, -0.8621500130553669] [0.5362855195999146, 0.5501307249069214, 1.780592441558838] [-0.00011262256179840091, 0.000539527829913723] 0.2772224247455597
pedestrian [708.3532464091443, 1781.8494431135193, 1.6099846664931297] [-0.4901121659129799, 0.007815120904601614, -0.002090324031764614, -0.8716218327088742] [0.5237997770309448, 0.528928279876709, 1.8019862174987793] [0.0, 0.0] 0.2740444540977478
pedestrian [712.019110171354, 1783.6330791419025, 1.4209621573528477] [-0.46795660222350627, 0.007759872193390368, -0.002286909017333397, -0.8837144181612745] [0.5063013434410095, 0.5088427066802979, 1.7673048973083496] [0.0, 0.0] 0.25268182158470154
pedestrian [711.4445361435019, 1783.8941268866565, 1.4804627205723098] [-0.3992751625951325, 0.007563105183959131, -0.0028714124203402715, -0.9167954509951057] [0.48538991808891296, 0.4918045997619629, 1.8208246231079102] [-6.685047114708352e-05, -0.0006851600029879054] 0.24154828488826752
pedestrian [705.3170497288743, 1780.343485376038, 1.5582166169510878] [-0.9999615857709014, 0.005632885055210789, 0.005806563119961479, 0.003373635017768939] [0.5823156237602234, 0.6431748270988464, 1.6122509241104126] [0.16535077608871646, -0.03501340740033274] 0.21883362531661987
pedestrian [709.7767149400572, 1782.4793998599857, 1.5390590260523254] [-0.48625499404411693, 0.007805805780203485, -0.0021248448021104257, -0.8737795117750502] [0.5017156600952148, 0.5087632536888123, 1.795274257659912] [0.0, 0.0] 0.21846944093704224
pedestrian [646.5631432455172, 1763.8781031288859, 0.5422884979006567] [-0.3650712549503509, -0.0033244296178956915, 0.007375210981861585, 0.9309444308011433] [0.6824700832366943, 0.7234400510787964, 1.804553747177124] [-0.5293471163274646, -0.5739662490955724] 0.21509957313537598
pedestrian [710.3699024026598, 1782.4782767842873, 1.5076659515708937] [-0.5148524378672603, 0.007871734224804746, -0.0018658428672724404, -0.8572406439575925] [0.5017918944358826, 0.513569712638855, 1.765509009361267] [-0.0036697587612706866, -0.004951715217999927] 0.21255362033843994
traffic_cone [697.9736612935772, 1792.808696519173, 0.8502319917432531] [-0.07948075904744317, -0.005319940386745013, 0.006094571649656207, 0.9968035731135454] [0.3777705430984497, 0.3777461647987366, 1.2007441520690918] [0.0, 0.0] 0.20790453255176544
traffic_cone [701.9829966732989, 1780.1727906482577, 0.9366796087011858] [-0.8406269678061403, 0.007886112547760489, 0.0018041059268702631, -0.5415541112647408] [0.3746129274368286, 0.37337204813957214, 1.2028745412826538] [0.0, 0.0] 0.20319904386997223
pedestrian [709.5897167650737, 1783.85002025989, 1.5211536605700133] [-0.4545946031579921, 0.007724550798030668, -0.002403514984342229, -0.890661720975094] [0.5299618244171143, 0.5434711575508118, 1.8051687479019165] [0.0, 0.0] 0.1999114751815796
pedestrian [650.1452722473117, 1760.3080780760724, 0.4336379797323835] [-0.3088990502948611, -0.0037583758353719925, 0.007163810465904698, 0.9510604245565167] [0.6635082960128784, 0.70534348487854, 1.788016676902771] [-0.6129944468342631, -0.5911908130762852] 0.1946561634540558
traffic_cone [702.5595319329065, 1780.7018805985654, 0.9458981693825148] [-0.6511610692886503, 0.008073047947595285, -0.0005210241329740763, -0.7588964463439991] [0.37853720784187317, 0.37761521339416504, 1.2246155738830566] [0.0, 0.0] 0.19419114291667938
pedestrian [646.2534628468336, 1764.386317202802, 0.5588344034865378] [-0.3387930060694492, -0.0035301633863682198, 0.007278977660142877, 0.9408261547539561] [0.7143210172653198, 0.766128420829773, 1.8436506986618042] [-0.6986408215315414, -0.5550805775359061] 0.18535012006759644
pedestrian [711.3224534338027, 1785.5585504878193, 1.6148091418346695] [-0.6785859628700656, -0.00041514682564166606, 0.008079184514817908, 0.7344764430711139] [0.6020328998565674, 0.6025209426879883, 1.8529856204986572] [-0.011709577942484633, -0.07319144427194908] 0.18190212547779083
pedestrian [709.0366265261484, 1783.2163534053568, 1.5512721430071856] [-0.5586951837833457, 0.00795804300918002, -0.0014543454800544668, -0.8293336156505309] [0.5258287787437439, 0.54398113489151, 1.7958309650421143] [0.0, 0.0] 0.17736300826072693
pedestrian [649.6984505626949, 1760.7562401919672, 0.4274904862618876] [-0.33307383263566265, -0.003574298042539576, 0.007257407444426113, 0.9428660437432665] [0.6524844169616699, 0.6924470663070679, 1.7699345350265503] [-0.6089539975815719, -0.4866820501746586] 0.17404714226722717
traffic_cone [703.0413579896256, 1781.2300177046038, 1.0034652303102254] [-0.6338137927682164, 0.008059183645536205, -0.0007036535218668269, -0.7734433596117154] [0.3768678903579712, 0.3739709258079529, 1.2208577394485474] [0.0, 0.0] 0.17357170581817627
pedestrian [667.2384365295118, 1827.1484668904452, 2.1821736274998678] [-0.15734896762702572, -0.0048259914058740245, 0.006492717170934208, 0.9875099274525793] [0.5588658452033997, 0.569930374622345, 1.5782408714294434] [-0.002127530342946265, 0.0006467447277039014] 0.16783174872398376
pedestrian [703.760811459692, 1778.9651962189357, 1.0890542455644168] [-0.19563264429216437, -0.0045698493103228655, 0.006675481000816005, 0.9806438818031469] [0.6024789810180664, 0.6645877361297607, 1.3964289426803589] [-0.0016192553849971047, -0.0033646551579042715] 0.16726671159267426
pedestrian [710.1059246737055, 1781.976730912464, 1.4670132008534675] [-0.5027241889165158, 0.007844666236683008, -0.0019765578530261865, -0.8644090144768969] [0.5037283301353455, 0.49676066637039185, 1.6939492225646973] [0.0, 0.0] 0.16618061065673828
pedestrian [704.6864165864905, 1780.5146885724375, 1.2961831732947233] [-0.9862395948608959, 0.0065305375415619284, 0.0047746883384744716, -0.16512424400827613] [0.46429121494293213, 0.4802989363670349, 1.317684292793274] [0.08784620038624964, -0.01028913230656827] 0.16210395097732544
pedestrian [713.4639200886686, 1784.7179774840263, 1.4459890015398633] [0.297631959619049, -0.0072076245781979124, 0.0036736517596352505, 0.9546464115283803] [0.5721786022186279, 0.58956378698349, 1.7440721988677979] [-0.0024812200102832228, -0.0012320349557889377] 0.15260297060012817
pedestrian [706.39395590474, 1781.0967023584724, 1.6547291942079878] [-0.8923746820113183, 0.0076558109654856965, 0.002614216473833566, -0.4512227624310276] [0.6102693676948547, 0.6669403910636902, 1.7988121509552002] [0.17859989165719678, 0.011969213819119955] 0.14951163530349731
traffic_cone [707.0922784080232, 1762.0715626276963, 2.755393545868703] [-0.9839625843983213, 0.006593295624003425, 0.004687645691155755, -0.1781914333935995] [0.4594431221485138, 0.45120343565940857, 1.4276864528656006] [0.0, 0.0] 0.14933645725250244
pedestrian [698.8481694161087, 1775.3931220937302, 1.0609618581452098] [-0.5059323166611406, -0.0021322615394891477, 0.007803783059422475, 0.8625352429834856] [0.5762659311294556, 0.6192642450332642, 1.2974257469177246] [0.0, 0.0] 0.14790186285972595
pedestrian [704.4470139163051, 1777.7688353211122, 1.037632547180305] [-0.07435490660404348, -0.005351203705814435, 0.006067140035485557, 0.9971990284264184] [0.5666332840919495, 0.6055391430854797, 1.1122989654541016] [-0.00030616222657138466, 0.0007818786824162305] 0.14331233501434326
traffic_cone [698.3714636596131, 1763.5474516294137, 0.2388200007267155] [-0.9216431163166247, 0.007455074531705193, 0.0031412470514167483, -0.38795427639977054] [0.36370861530303955, 0.383303165435791, 0.9441273212432861] [0.0045193437425969495, -0.0021158316935158787] 0.1420997530221939
pedestrian [713.9395948721515, 1784.2420151294039, 1.4794727695481906] [-0.37693624211330384, 0.0074912848800546454, -0.0030538860746888554, -0.9262038781025427] [0.6040167808532715, 0.6279452443122864, 1.7705174684524536] [-0.0020816231635054465, 0.004677384050977194] 0.141100212931633
traffic_cone [674.6636237478449, 1823.9844549608613, 2.1097023080104313] [-0.7733452248476271, 0.008040459679820998, 0.0008925118758238721, -0.633933527774058] [0.40029942989349365, 0.4057600796222687, 1.0883312225341797] [-0.0014599406033904722, 0.0013757809616321854] 0.13433344662189484
pedestrian [712.9719043109162, 1783.7679207445835, 1.4709106536393186] [-0.5064893186008066, 0.007853211910123427, -0.0019423264416697263, -0.8622082837539777] [0.535545825958252, 0.5451208353042603, 1.7440264225006104] [-0.02169963986263315, -0.00046758891680963793] 0.13196004927158356
traffic_cone [708.589577300403, 1771.0121799342007, 1.5839466785274554] [-0.39744714234277684, 0.007557367268774564, -0.0028864804305882103, -0.917589408981081] [0.4106435179710388, 0.42174962162971497, 0.9057134389877319] [-0.0006280786856819624, 0.00021016289452588686] 0.12982530891895294
pedestrian [709.8637216196696, 1784.2616176458987, 1.468634281165585] [-0.42366314515572084, 0.007637228435286908, -0.0026680163302646655, -0.9057836904401908] [0.5577196478843689, 0.5728331804275513, 1.8063108921051025] [-0.00013074724456930303, -0.0007620024651496532] 0.12874016165733337
pedestrian [713.0221211804883, 1780.0700032663572, 1.3796359731600105] [0.05675978202481857, -0.006099037188021268, 0.00531482028769059, 0.998355087919716] [0.6787745952606201, 0.7394825220108032, 1.6212553977966309] [-0.49283164303038657, 0.10489200604048243] 0.12843437492847443
pedestrian [736.3873652963102, 1811.8370149289262, 1.200799457395483] [-0.326654977852124, -0.0036235632101399105, 0.007232935709200958, 0.9451090306811788] [0.6170598864555359, 0.5818132162094116, 1.7688031196594238] [0.0005512864574437553, -2.883940630402249e-05] 0.12726040184497833
pedestrian [707.8601873984536, 1782.7231566397013, 1.5900369378207917] [-0.4575219355100367, 0.007732415260978752, -0.0023780924168536263, -0.889161533669692] [0.5525771379470825, 0.5755698680877686, 1.7853204011917114] [0.0, 0.0] 0.12494626641273499
pedestrian [711.5843587228778, 1785.2439825217236, 1.5798850716507058] [-0.8011518155998534, 0.0010652065298878263, 0.008019407980642846, 0.5984064862547427] [0.5853473544120789, 0.6051651239395142, 1.8606840372085571] [0.034025687932646424, -0.07171311949596859] 0.12387257814407349
traffic_cone [707.6611544082405, 1775.0834347174887, 1.2067826302919702] [-0.051776680063859215, -0.005487088465228589, 0.0059445293746493676, 0.9986259208693984] [0.3516741991043091, 0.35116690397262573, 0.908019483089447] [-0.0002491112150608878, 0.0009289416548213503] 0.12214336544275284
pedestrian [707.2177522788613, 1781.2408287453277, 1.6403777305115967] [-0.5432535044616831, 0.007929769210144537, -0.0016013524237835672, -0.8395297399858976] [0.5888768434524536, 0.5959485769271851, 1.8270052671432495] [0.0020396843056095064, 0.001128955339918972] 0.11935696005821228
pedestrian [737.2494105916005, 1810.6896276921832, 1.2125459578571511] [-0.33325872158386316, -0.0035728748014399753, 0.007258108222157415, 0.9428007100755589] [0.6414090394973755, 0.6111483573913574, 1.8180952072143555] [-0.0018736295423061676, 0.0009403837626476595] 0.11702808737754822
pedestrian [722.4157889916697, 1760.1566049017636, 1.2805355366397404] [0.16388817487090052, -0.006635666271688821, 0.0046274725760489625, 0.9864457514573085] [0.5590085983276367, 0.5639773607254028, 1.6043927669525146] [-0.003960009767734924, 0.014252966923540706] 0.11604607105255127
pedestrian [661.893033628518, 1829.966974412214, 2.512833059621149] [-0.5114806651391142, 0.007864343231319496, -0.0018967537666531925, -0.8592567041458206] [0.7002407312393188, 0.7306799292564392, 1.807856559753418] [-0.18420914881757008, 0.42090688651298913] 0.11415652185678482
pedestrian [712.6539967360876, 1785.1710890760976, 1.4331890145497883] [-0.339527874036575, 0.0073629254117056776, -0.003351551684365413, -0.9405612033158142] [0.6045929789543152, 0.6262977123260498, 1.7673672437667847] [-0.0007482032095615874, 0.0029912233932552715] 0.11194738745689392
pedestrian [704.4648851700264, 1779.2030439245982, 1.2030243536248548] [-0.3484947964076973, -0.0034547743514853763, 0.007315060047028503, 0.9372758032230675] [0.5462073087692261, 0.5693756937980652, 1.4269059896469116] [-0.004711557099695656, 0.0037489095518012934] 0.11176690459251404
traffic_cone [703.218094870729, 1781.3968484960844, 0.9921139372127132] [-0.6242232961375788, 0.008049889040048877, -0.0008030291116857503, -0.781204090484571] [0.3718048930168152, 0.3708697557449341, 1.1134076118469238] [0.0, 0.0] 0.10994561016559601
pedestrian [704.7846100579261, 1778.3658445585393, 1.1539841404339108] [-0.33742828208177966, -0.0035407155058140806, 0.007273850632106874, 0.9413164764743194] [0.5983414053916931, 0.6546236872673035, 1.2241336107254028] [-0.0007302261076737972, 0.0005639206894021574] 0.10703122615814209
pedestrian [736.8795514695607, 1811.5029166949898, 1.2213005077485066] [-0.36634581856433696, -0.003314326326844365, 0.0073797567920968875, 0.9304436015423583] [0.6160025000572205, 0.5907910466194153, 1.7825632095336914] [0.0023141648233245744, 0.00042583306319708046] 0.1066577211022377
pedestrian [708.310296799326, 1783.1397246427273, 1.5450405994322118] [-0.3993445609404377, 0.007563322522176971, -0.0028708399009426556, -0.9167652240775596] [0.5724703669548035, 0.5997581481933594, 1.8068612813949585] [0.0, 0.0] 0.10593870282173157
pedestrian [709.7998088829507, 1781.5592940681327, 1.485873595279832] [-0.43301975759556777, 0.007664446097044193, -0.0025887903230694146, -0.9013481258440409] [0.5166901350021362, 0.5096234083175659, 1.647752046585083] [0.0, 0.0] 0.10561206936836243
pedestrian [705.2002371315615, 1778.1670533962158, 1.1758169219989534] [-0.34029500473336216, -0.003518534889400432, 0.007284605791900186, 0.9402839274305448] [0.573145866394043, 0.6995594501495361, 1.058950424194336] [0.0, 0.0] 0.10525026172399521
pedestrian [645.4714513956351, 1755.7836650325148, 0.3280633515808937] [-0.7449414810246793, 0.008071750655129785, 0.0005407501019193163, -0.6670807629361278] [0.6468414664268494, 0.6487319469451904, 1.8540000915527344] [-0.026609119994251477, 0.17860777482772855] 0.10373446345329285
pedestrian [708.205659431536, 1780.3257890845748, 1.5298379725279667] [-0.5312037083535661, 0.007906081365524151, -0.0017144814822638338, -0.847205509107506] [0.5347201824188232, 0.5295676589012146, 1.5113825798034668] [-7.537129738932911e-05, 2.9452300496820994e-05] 0.101157046854496
pedestrian [704.0651035377203, 1779.5679980210311, 1.0783937727064246] [-0.2920363981869016, -0.003884441751390696, 0.007096244189102193, 0.9563729902944301] [0.5243699550628662, 0.5492743253707886, 1.3773653507232666] [-0.00017291279241804684, 0.00013042462354724075] 0.1004442423582077
