car [672.9072243984531, 1794.4609751786388, 0.7751741341833853] [-0.387699819430417, 0.0019363340846072444, -0.0010851291927508116, 0.9217830130342886] [1.8864561319351196, 4.430233478546143, 1.6661039590835571] [0.0, 0.0] 0.8891291618347168
car [682.2664306912052, 1802.259117293447, 0.8094284571489434] [-0.35525216630617434, 0.0019730703616666137, -0.0010168030291480184, 0.9347678703505589] [1.9207409620285034, 4.4932403564453125, 1.7113378047943115] [0.0, 0.0] 0.8856428265571594
car [688.6649525071747, 1795.2030970285562, 0.4566705759219249] [-0.38432298773142515, 0.001940293282748357, -0.0010780338719601577, 0.9231960323821481] [1.8116692304611206, 4.251495361328125, 1.4695158004760742] [0.0, 0.0] 0.8588482737541199
car [687.0025430376071, 1796.9777658347907, 0.6427984988331441] [-0.3729858858897928, 0.0019533526019438908, -0.0010541862570963602, 0.9278343613123821] [1.8119574785232544, 4.216326713562012, 1.57264244556427] [0.0, 0.0] 0.8547120690345764
car [683.9522841718181, 1800.5552780873788, 0.7158963109140102] [-0.360262405976853, 0.0019675864621094673, -0.0010273745988174637, 0.9328483649257893] [1.880679726600647, 4.458438396453857, 1.5789062976837158] [0.0, 0.0] 0.8526806831359863
car [684.9645465388144, 1811.238195571768, 0.8563496216138461] [-0.38216907728005084, 0.001942801949659817, -0.0010735062349934493, 0.9240897518509033] [1.8527381420135498, 4.369246959686279, 1.5650384426116943] [0.0, 0.0] 0.8482139110565186
car [672.5332178682963, 1812.234876498062, 1.0593499746427983] [-0.36793995925883877, 0.0019590506029095144, -0.001043559192097727, 0.9298469011001506] [1.848111629486084, 4.518189907073975, 1.5055837631225586] [0.0, 0.0] 0.8458040356636047
car [680.814444628131, 1804.1710179558122, 0.8225016618348138] [-0.36988960142096516, 0.001956857317940021, -0.0010476662108688953, 0.9290730627165922] [1.7773364782333374, 4.109536647796631, 1.5526046752929688] [0.0, 0.0] 0.8319714665412903
car [686.3808367971785, 1780.8337386694936, 0.3954880122915271] [-0.9158974746377098, -0.0011138911176249919, -0.0019199327150314256, -0.40140613978514944] [1.7785868644714355, 4.138125419616699, 1.5036470890045166] [0.0, 0.0] 0.8173128366470337
car [663.7256407794235, 1821.0472882979707, 1.4857033699455306] [-0.40387633090934266, 0.0019169197631021696, -0.0011190682168662116, 0.9148108998236502] [1.8642807006835938, 4.367013454437256, 1.5708993673324585] [0.0, 0.0] 0.8014322519302368
car [688.119181219325, 1807.3398030078597, 0.7623288643778556] [-0.9296605284282868, -0.001044550742216645, -0.001958522095639074, -0.36841060650772245] [1.7815749645233154, 4.160741806030273, 1.505474328994751] [0.0, 0.0] 0.7808111906051636
car [677.4580814997954, 1807.4036273014078, 0.9241261205778619] [-0.356651923078414, 0.001971545115459654, -0.0010197572798852604, 0.934234702239977] [1.8344203233718872, 4.287929534912109, 1.627000093460083] [0.0, 0.0] 0.780449628829956
car [690.6898543520588, 1793.8000894127847, 0.5361975058839706] [-0.35643797300530655, 0.001971778589245212, -0.0010193057672582663, 0.9343163514061059] [1.9441609382629395, 4.51987361907959, 1.6455317735671997] [0.0, 0.0] 0.740184485912323
car [674.8744854194962, 1821.6164666215523, 1.197548897691376] [-0.41025709511167513, 0.0019090554845400485, -0.0011324319887389958, 0.9119672083005395] [1.9182583093643188, 4.573866367340088, 1.579815149307251] [0.0, 0.0] 0.7337955832481384
car [671.2241901822615, 1796.399555850178, 0.7073248083297126] [-0.9283795382529882, -0.0010513247883676743, -0.00195489417655674, -0.37162683710695327] [1.9452787637710571, 4.65931510925293, 1.5732903480529785] [0.0, 0.0] 0.718009352684021
car [667.3849863809917, 1817.6536386888527, 1.4514185023984894] [-0.39846558369584095, 0.0019234965505000954, -0.0011077256304636235, 0.9171805992905009] [1.9173083305358887, 4.420233249664307, 1.574230432510376] [0.0, 0.0] 0.7144648432731628
car [682.8928457690927, 1784.3032524097116, 0.5716347483017392] [-0.9291954895144515, -0.0010470181994493028, -0.0019572041135747023, -0.36958194676004935] [1.9949617385864258, 4.694863319396973, 1.7034633159637451] [0.0, 0.0] 0.70611572265625
car [678.432720527877, 1834.2916879697293, 1.195410077600656] [-0.3556825943546296, 0.001972601909100655, -0.0010177115310264773, 0.9346041756690955] [1.9909753799438477, 4.616025924682617, 1.6576917171478271] [0.0, 0.0] 0.6843816041946411
car [686.2933007361395, 1808.945434904062, 1.0324514468398989] [-0.9290771693058055, -0.0010476444850754272, -0.0019568689493839, -0.3698792864971773] [1.9953513145446777, 4.83000373840332, 1.9020847082138062] [0.0, 0.0] 0.678777277469635
car [688.1478201506247, 1779.1976546176122, 0.3982000248994182] [-0.3780091064822403, 0.0019476104085831471, -0.0010647576008417986, 0.9257992160946389] [1.8599767684936523, 4.392892837524414, 1.5538017749786377] [0.0, 0.0] 0.6782698035240173
car [693.9953005120287, 1790.0854554385403, 0.3986948213115389] [-0.36326215931616385, 0.0019642705017338113, -0.0010337003667360367, 0.9316843224579382] [1.9264107942581177, 4.513960838317871, 1.6292673349380493] [0.0, 0.0] 0.6782581806182861
car [667.503935818049, 1828.2650980042547, 1.5805249557021153] [-0.9194908441288738, -0.0010964791838924907, -0.001929929649355712, -0.39310515217702263] [1.976682186126709, 4.461864948272705, 1.6951268911361694] [0.0, 0.0] 0.6697788238525391
car [676.8804875991444, 1790.4128575975565, 0.6793182507812034] [-0.9300319520364297, -0.001042573152278771, -0.001959575534221457, -0.367471959877563] [1.807848572731018, 4.308022499084473, 1.5576261281967163] [0.0, 0.0] 0.6689469218254089
car [643.9978985759905, 1822.4051846555492, 2.6204505709120465] [-0.9184738745869985, 0.0006430640747584785, -0.002124467850527943, 0.39547542882724845] [1.8380019664764404, 4.310290336608887, 1.6418945789337158] [0.0, 0.0] 0.6368097066879272
car [672.8321892793139, 1823.0358687790767, 1.256505519985287] [-0.9182210041246656, -0.0011026843446368092, -0.0019263910008782466, -0.39606219295615674] [1.9623162746429443, 4.5064826011657715, 1.7084612846374512] [0.0, 0.0] 0.6100186109542847
car [684.5881346294906, 1782.4647263318845, 0.4113316271886833] [-0.9156776519756844, -0.0011149417104371739, -0.0019193228062259968, -0.40190734103428205] [1.84049391746521, 4.236078262329102, 1.538121223449707] [0.0, 0.0] 0.6084372997283936
car [696.6861942252286, 1799.0324771021412, 0.5105221541774674] [-0.8867018772347964, -0.0012409929554039068, -0.0018403346263138314, -0.46233629969237455] [1.834398627281189, 4.178054332733154, 1.5451819896697998] [0.0, 0.0] 0.6081245541572571
car [682.1255067876857, 1830.8199124261919, 0.8861439818483106] [-0.3602323806587203, 0.001967619528691209, -0.0010273112685475535, 0.9328599600314617] [1.890051007270813, 4.341317653656006, 1.5672483444213867] [0.0, 0.0] 0.5610582232475281
car [646.8108298448681, 1837.3780204626862, 3.2583313891897623] [-0.7204116293177938, -0.001709445926428724, -0.0014158706426746891, -0.6935431907593289] [1.9010086059570312, 4.3689751625061035, 1.6678886413574219] [0.0, 0.0] 0.560134768486023
car [689.8300947469326, 1805.592467710757, 0.6375594745786322] [-0.9168480663010146, -0.0011093289295191731, -0.0019225723336986945, -0.39923012965586613] [1.778174638748169, 4.0713300704956055, 1.5149767398834229] [0.0, 0.0] 0.5542457103729248
car [643.8698056853622, 1836.937226055776, 3.427640524329902] [-0.6795852809860917, -0.0017875921890221913, -0.0013158302390197038, -0.7335931563012321] [1.8820958137512207, 4.369278907775879, 1.6559985876083374] [0.0, 0.0] 0.5520267486572266
car [694.6847756790108, 1800.2208155547135, 0.6268838037160326] [-0.9183943341964151, -0.0011018407576420548, -0.0019268736328494872, -0.39566010668359325] [1.8189700841903687, 4.162096977233887, 1.5590009689331055] [0.0, 0.0] 0.5333511233329773
car [635.6663578682942, 1826.4804851218146, 3.669961569626291] [0.2178464078463018, 0.0022069789913839056, 0.00023693624408663337, 0.9759805406325539] [1.8993868827819824, 4.484982013702393, 1.7356737852096558] [0.0, 0.0] 0.4929083585739136
car [670.9067123745868, 1824.9600634932126, 1.3985455602091599] [-0.9118210734276103, -0.0011331116595396295, -0.0019086521472460975, -0.4105817861988885] [1.944118857383728, 4.382938385009766, 1.7342681884765625] [0.0, 0.0] 0.48748278617858887
car [652.8722719336808, 1827.442083041347, 1.9720454992598202] [-0.640591765125836, 0.0015337765785162893, -0.0016045013117372848, 0.7678784171715697] [1.8152763843536377, 4.229187965393066, 1.531029224395752] [-0.007540939967188352, -0.0040617340034700515] 0.48669227957725525
car [699.9426268148144, 1774.8668909030807, 0.8197454765263896] [-0.907266343624442, 0.0007011665856680302, -0.0021060058098956985, 0.42055065667679714] [1.9780417680740356, 4.575972080230713, 1.8063883781433105] [0.0, 0.0] 0.47421786189079285
car [685.5139849247363, 1827.2798392451825, 1.0396594712446117] [-0.3785626240268684, 0.001946973384588619, -0.0010659219914587285, 0.9255730186186507] [2.0318946838378906, 4.780631065368652, 1.6493451595306396] [0.0, 0.0] 0.4325963258743286
car [693.2907651485727, 1802.2775251808673, 0.623967898610259] [-0.9219825792822696, -0.0010841317213451211, -0.0019368927339801431, -0.3872249948091714] [1.9442734718322754, 4.435678482055664, 1.651164174079895] [0.0, 0.0] 0.4043422341346741
car [700.6968996827096, 1811.7628469634328, 0.6122501439065985] [-0.6864877161684869, 0.0014324669323991044, -0.0016955628976109676, 0.727138012109616] [1.97059965133667, 4.558901309967041, 1.6904144287109375] [0.0, 0.0] 0.40184056758880615
car [688.4130833638117, 1814.8562935018547, 0.9541009104476763] [-0.8965765599343417, 0.0007530906880054977, -0.0020880013093413537, 0.442883218559081] [1.9226083755493164, 4.662344932556152, 1.7323790788650513] [4.411447345107853, -5.447902084012018] 0.39087820053100586
car [690.3757973577374, 1822.0392303069834, 0.7564729977806433] [-0.3526357810975899, 0.001975907128026918, -0.0010112794240882293, 0.935758023740455] [1.904003381729126, 4.382327079772949, 1.6413391828536987] [0.0, 0.0] 0.37488850951194763
car [634.7589018831871, 1823.9697631903043, 3.5793450304887955] [0.2469136406100097, 0.0021989132164115955, 0.00030277998424964054, 0.9690349463180675] [1.9160525798797607, 4.5356550216674805, 1.7061502933502197] [0.0, 0.0] 0.37143778800964355
car [694.2577006813266, 1818.8020918214866, 0.7566900003083656] [-0.3505520280561058, 0.001978153213783432, -0.0010068787985502928, 0.9365406284463589] [1.918983817100525, 4.508923530578613, 1.6410329341888428] [0.0, 0.0] 0.33187171816825867
car [659.8114142753061, 1847.1744923381532, 2.097726398840437] [-0.7867859491641989, -0.0015576751326271, -0.0015813106062273, -0.6172219562707894] [2.007283926010132, 4.761353015899658, 1.7685108184814453] [0.0, 0.0] 0.3312568664550781
car [639.7770483798495, 1817.2133726567095, 2.5091215593232667] [-0.9287263349791176, 0.000585991945407194, -0.0021409130043254197, 0.3707593125212165] [1.8149306774139404, 4.379635810852051, 1.5720691680908203] [0.0, 0.0] 0.29992976784706116
car [695.9652101198675, 1816.4828525950702, 0.6361110567224126] [-0.3284832688355146, 0.0020012312088655334, -0.0009601920124820834, 0.944507181126795] [1.9613157510757446, 4.5523457527160645, 1.6249198913574219] [0.0, 0.0] 0.27454644441604614
car [721.7103482562214, 1799.9143842128221, 0.976698699915415] [-0.6090665355348904, 0.0015973072811902196, -0.0015412671739930455, 0.7931160245490412] [1.9111655950546265, 4.408907890319824, 1.6391645669937134] [-0.00713491932071809, -0.06574371512043117] 0.2609679698944092
car [640.8752322466636, 1834.7399813042994, 3.4902236378294935] [-0.6096925977461213, -0.0019003733501817416, -0.001146942100583471, -0.7926348524752969] [1.9049737453460693, 4.397449493408203, 1.6949374675750732] [0.0, 0.0] 0.21052373945713043
car [691.2007833701133, 1776.1204720185522, 0.4414224884600487] [-0.9041036281200574, -0.0011680760207360818, -0.001887456876845977, -0.42730750370792536] [1.8807802200317383, 4.4005560874938965, 1.5772473812103271] [0.0, 0.0] 0.18208977580070496
car [691.4955007574035, 1804.025291190487, 0.6486945657364678] [-0.9324600222380273, -0.001029491999807424, -0.00196647941115698, -0.36126635607652025] [1.8552192449569702, 4.321375370025635, 1.5860488414764404] [0.0, 0.0] 0.170755535364151
car [633.8712834893955, 1821.3393454340166, 3.3797842924668604] [0.2279366437274032, 0.00220440835461614, 0.00025976693067126556, 0.9736734357839061] [1.9302191734313965, 4.534966468811035, 1.7106770277023315] [0.0, 0.0] 0.17057272791862488
car [689.1864451074259, 1823.1208631487143, 0.7171206187916337] [-0.3638854881861399, 0.0019635783906696517, -0.0010350144713321546, 0.9314410472984772] [1.9653593301773071, 4.5836076736450195, 1.6979515552520752] [0.0, 0.0] 0.16299748420715332
car [696.3850045186484, 1788.522634945501, 0.4759574625773565] [-0.45252704039265645, 0.0018539119391223161, -0.0012206168826259679, 0.891747918875291] [1.9154212474822998, 4.4289445877075195, 1.6375932693481445] [0.0, 0.0] 0.1583786904811859
car [669.1254636926128, 1826.6423023492778, 1.3668344514355533] [-0.9176280059064847, -0.0011055623846282, -0.0019247407269206446, -0.3974341654677385] [1.8857884407043457, 4.35972785949707, 1.6261258125305176] [0.012342042168644827, 0.004493603345671606] 0.15484824776649475
car [689.8101797029175, 1777.3320180440614, 0.3640305160253883] [-0.9317518017817137, -0.0010333353804212637, -0.001964462533045986, -0.36308904277254045] [1.82644784450531, 4.260571002960205, 1.5283786058425903] [0.0, 0.0] 0.1493937373161316
car [692.5615242540388, 1792.1911228293925, 0.46898229968364086] [-0.34859838450771863, 0.001980248464288051, -0.0010027517498646535, 0.9372695660393322] [1.848963737487793, 4.301274299621582, 1.5501376390457153] [-0.023341991144334592, -0.01404953766766779] 0.1443905532360077
car [625.3746411303285, 1803.0419977873303, 2.3251946071924032] [-0.02868698938361469, 0.0021975234546156245, -0.00031270708112547544, 0.9995859791659013] [2.0418667793273926, 4.720655918121338, 1.7614319324493408] [0.000738820021134002, 0.0005982422655796255] 0.14044639468193054
car [678.4706089445516, 1775.0392187659522, 1.2561222514882222] [-0.30186574190769794, 0.002027372270693011, -0.0009036906153086126, 0.953347862517908] [1.9140450954437256, 4.439124584197998, 1.661785364151001] [-0.001640701109334664, -0.0012193525553499628] 0.13818927109241486
car [638.5448985526405, 1769.255088055786, -0.3332236583329299] [-0.39720190291843926, -0.002123254824001502, -0.0006470579607161468, -0.9177285663108238] [1.9405384063720703, 4.4426774978637695, 1.702219843864441] [0.0, 0.0] 0.13262395560741425
car [699.0092749695792, 1813.5136366377815, 0.6152104831554266] [-0.36592235623524033, 0.001961309362427839, -0.0010393077681922266, 0.930642736130358] [1.839178442955017, 4.273453235626221, 1.6138579845428467] [0.0, 0.0] 0.12794965505599976
car [698.43367224118, 1797.3617827486298, 0.5304704346256289] [-0.8928888274567801, -0.0012159272426322653, -0.0018569911127403107, -0.45027171231136176] [1.9039065837860107, 4.406917572021484, 1.604209303855896] [0.0, 0.0] 0.12572592496871948
car [639.7069470953082, 1833.4515659682186, 3.4328353281883555] [0.24864278142756985, 0.002198369312197492, 0.0003067041234807964, 0.9685927112821523] [1.9109787940979004, 4.445433139801025, 1.7285114526748657] [0.0, 0.0] 0.11809343099594116
car [692.5276464228523, 1820.7147146913776, 0.7973711012910931] [-0.3286435980006606, 0.002001068183570067, -0.0009605317157051043, 0.9444514061602796] [1.8879464864730835, 4.384346961975098, 1.6248760223388672] [0.0, 0.0] 0.11637526005506516
car [662.2882105024319, 1823.1470367951429, 1.5334919214732712] [-0.3932370258029448, 0.0019297723673427514, -0.001096755972134253, 0.919434453695642] [1.9035708904266357, 4.442140102386475, 1.60857355594635] [0.0, 0.0] 0.10906839370727539
car [702.7796140653077, 1809.781662580442, 0.728543627810133] [-0.46796692351927255, 0.001832403909827784, -0.0012526735262707754, 0.8837431932393351] [2.033565044403076, 4.717474937438965, 1.730849266052246] [0.0, 0.0] 0.10683342814445496
car [665.5850792569371, 1830.0426700844494, 1.7105811472903127] [-0.9142823268032237, -0.0011215723219076728, -0.0019154557105040132, -0.40507147517473074] [1.9166395664215088, 4.433650970458984, 1.635252833366394] [0.0, 0.0] 0.10333055257797241
truck [662.7153967133837, 1804.2592264599302, 1.3687166843414946] [-0.9227184179441321, -0.0010804407381083255, -0.0019389540643366815, -0.3854682792288192] [2.0389914512634277, 5.066405773162842, 2.154171943664551] [0.0, 0.0] 0.7936998009681702
truck [705.9728237503159, 1806.831661709385, 1.6486746699341381] [-0.3739500620993983, 0.0019522558407940298, -0.0010562159742483557, 0.9274461839701567] [2.41808819770813, 5.837986946105957, 3.1219513416290283] [0.0, 0.0] 0.773212730884552
truck [688.1817744887467, 1815.1308229471683, 0.9001479329888247] [-0.8984808526984447, 0.0007440663368549873, -0.0020912341663551215, 0.43900709611488653] [1.9193878173828125, 5.217715740203857, 1.8048865795135498] [3.902994088472772, -4.863061841188521] 0.3950336277484894
truck [686.320145376009, 1809.0061280536172, 0.9860532734792516] [-0.9272769202888851, -0.0010570990341985543, -0.0019517778265131219, -0.3743695850419876] [1.961684226989746, 5.064342498779297, 1.8692692518234253] [0.0, 0.0] 0.23833025991916656
truck [690.753782712385, 1822.419211750849, 0.8618791289999468] [-0.36198267684012486, 0.001965687851762675, -0.0010310025807942665, 0.9321821789610694] [2.0798211097717285, 5.32489013671875, 1.9412975311279297] [0.0, 0.0] 0.22301340103149414
truck [700.3145376818075, 1774.4558858829657, 0.6952196302880695] [-0.9309068780897384, 0.0005732961858465439, -0.0021443475780445684, 0.36524985616720834] [2.199986219406128, 5.5757951736450195, 2.136714458465576] [0.0, 0.0] 0.17637962102890015
truck [652.8805721271524, 1828.0677416054948, 1.9366900017368622] [-0.657230749858086, 0.0014983221184402366, -0.001637658658440325, 0.7536861512233903] [1.9870164394378662, 5.236381530761719, 1.852471113204956] [0.0, 0.0] 0.1742689460515976
truck [659.8454748552335, 1847.3249534182437, 2.173623415633365] [-0.5127687960571049, 0.0017656005002466661, -0.0013451951255117342, 0.8585238697293724] [2.0285484790802, 4.968481063842773, 1.879339337348938] [0.0, 0.0] 0.1245250552892685
truck [643.6309553845418, 1822.7627717283926, 2.6102712798036434] [-0.9245682693632564, 0.0006096383174708864, -0.0021342999259811347, 0.3810099583889931] [2.050772190093994, 5.295515537261963, 1.8756709098815918] [0.0, 0.0] 0.12339892238378525
construction_vehicle [672.1154466070714, 1848.719585546115, 3.0575549714717996] [-0.7161173666223751, 0.0013607543818959667, -0.0017536369533979173, 0.6979763537017455] [2.8035261631011963, 5.835875511169434, 2.861678123474121] [0.0, 0.0] 0.1211419403553009
construction_vehicle [641.0705099171325, 1832.958770853228, 3.176833980724714] [-0.42998536431763235, 0.0018839864417551332, -0.001173665258689476, 0.9028331294195968] [1.5359827280044556, 2.6461281776428223, 1.872166633605957] [0.0, 0.0] 0.12011565268039703
construction_vehicle [678.2613056200896, 1755.8384746552917, 3.714007270850765] [-0.9259973909007622, -0.001063735745023036, -0.0019481687085394044, -0.37752338358031634] [2.6604807376861572, 4.360071182250977, 3.5629823207855225] [0.0, 0.0] 0.10847157984972
construction_vehicle [739.0814722399994, 1803.1641483158205, 3.8200334116375823] [-0.10028540024564153, 0.00216944555484949, -0.0004694688879101445, 0.9949562360237362] [2.6789443492889404, 4.8575825691223145, 3.259192705154419] [0.0, 0.0] 0.10666915774345398
truck [689.577576704271, 1823.550074890665, 0.8539620304858816] [-0.423381862680564, 0.0018925057432855538, -0.0011598780383311842, 0.9059486030995827] [2.142420530319214, 5.387251853942871, 1.9900681972503662] [0.0, 0.0] 0.1056380346417427
truck [678.4685355957309, 1834.3975901297854, 1.0892592483093972] [-0.3588109784700779, 0.001969182103706897, -0.0010243128890198893, 0.9334076038014124] [2.003660202026367, 4.894711971282959, 1.787197232246399] [-0.000548366505431488, -0.0007039029742614624] 0.1054692417383194
construction_vehicle [673.8528759278397, 1845.4197046180313, 3.2028950387540838] [-0.9477675243021596, 0.00046697937073318695, -0.002169982792439018, 0.3189542176913558] [3.2414417266845703, 6.864894866943359, 3.4203996658325195] [0.0, 0.0] 0.1037004366517067
truck [634.3517011665451, 1824.263421808316, 3.598340060595345] [0.26036519533220553, 0.002194490128011187, 0.00033332886198654543, 0.9655076582630362] [2.043680429458618, 5.421821594238281, 1.8966010808944702] [0.0, 0.0] 0.10298377275466919
construction_vehicle [696.7039133901172, 1847.4483780640164, 3.4594592405430773] [-0.5639288149914323, 0.0016807035341519557, -0.0014498726435314656, 0.8258204191755663] [2.68255352973938, 4.7301483154296875, 3.0318052768707275] [0.0, 0.0] 0.10050123184919357
truck [643.8641132978158, 1837.547032755911, 3.5134990739645664] [-0.8384946188095437, -0.0014110772966949752, -0.0017134047726453314, -0.5449053563073014] [2.1490540504455566, 5.5739665031433105, 1.937074065208435] [0.0, 0.0] 0.10003983229398727
bus [707.6889810017832, 1787.816445651965, 1.9910354509138877] [-0.3962586800294626, 0.0019261549861056201, -0.0011030965604480183, 0.918136227150556] [3.0213050842285156, 12.420723915100098, 3.331148624420166] [0.0, 0.0] 0.8298660516738892
trailer [654.6346505243158, 1748.7787595509567, -0.02131521811806969] [-0.7179180936013366, -0.0017145160095356198, -0.0014097268902939532, -0.696124043533027] [3.1428589820861816, 14.069725036621094, 4.120905876159668] [0.0, 0.0] 0.15658003091812134
bus [678.35548720716, 1864.5684291128714, 3.5586770307345326] [-0.7625838445126066, 0.001236473644025106, -0.001843374074842941, 0.6468855796764384] [2.7150192260742188, 8.933748245239258, 3.397510528564453] [0.01696894322291808, -0.03744386491128171] 0.11028261482715607
trailer [672.1693704998311, 1846.28444628657, 3.520736717497533] [-0.7297403248888426, 0.0013259129477738475, -0.001780126373912106, 0.6837207992565941] [2.247331380844116, 2.5575122833251953, 2.9383342266082764] [0.0, 0.0] 0.1016271561384201
barrier [659.4618254762332, 1845.0716720927448, 1.96623538716696] [-0.6530374901170946, 0.0015073884336374993, -0.0016293173915194296, 0.757322328738903] [1.86894690990448, 0.47401583194732666, 1.0464533567428589] [0.0, 0.0] 0.18020236492156982
barrier [640.2479516055012, 1817.6529715330919, 2.247915672729888] [-0.92411089547069, -0.0010733987400542658, -0.0019428613427163836, -0.3821179477298974] [3.148794412612915, 0.5302232503890991, 0.9267325401306152] [0.0, 0.0] 0.1610976755619049
barrier [683.1313629222483, 1770.5471603683043, 0.5650209009296514] [-0.46950587980672526, -0.002064538304758338, -0.0008152157017362761, -0.8829265552308767] [1.510418176651001, 0.4787192642688751, 0.935789942741394] [0.0, 0.0] 0.13321273028850555
barrier [684.2500507407367, 1770.863061557121, 0.543257134940076] [-0.651551740109736, -0.001835753811354604, -0.0012477591900157837, -0.7586009511363166] [2.2621450424194336, 0.48985016345977783, 1.0331299304962158] [0.0, 0.0] 0.13092747330665588
barrier [706.3283652749616, 1778.8907363627318, 0.8494497337921341] [-0.414497411491143, 0.001903763889190311, -0.0011413054395676848, 0.9100477838949399] [2.374073028564453, 0.4672833979129791, 1.1179145574569702] [0.0, 0.0] 0.12472938001155853
barrier [704.1824465684958, 1780.8996471679718, 0.6142076151173027] [-0.48601047633233585, 0.001806301892030758, -0.001290026560586216, 0.8739501644831731] [2.1887855529785156, 0.4464140832424164, 1.0659587383270264] [0.0, 0.0] 0.11408884823322296
barrier [683.5364668675568, 1770.086555000979, 0.573366988518214] [-0.6111099074199613, -0.0018983180495023306, -0.001150340660459095, -0.791542642033969] [1.8616747856140137, 0.5359699726104736, 0.9136996865272522] [0.0, 0.0] 0.10351095348596573
motorcycle [697.9549201886603, 1772.9465112281648, 0.6819969483018651] [-0.9542356336148314, -0.0008976963266462273, -0.0020300335852634736, -0.29904753576087323] [0.7368710041046143, 2.198286533355713, 1.3949577808380127] [0.0, 0.0] 0.7723870277404785
motorcycle [703.7795565625678, 1778.8816482695383, 0.6480633787372037] [-0.8370565201858965, 0.0009978295502202144, -0.001982733275274092, 0.5471119219311777] [0.7233697772026062, 1.9800117015838623, 1.402964472770691] [0.0, 0.0] 0.3468150794506073
motorcycle [698.6318353671315, 1776.294892291074, 0.5806680370673938] [-0.3929866731177071, 0.0019300709139635878, -0.0010962305046127675, 0.9195414878388174] [0.754320502281189, 1.9573806524276733, 1.3799116611480713] [0.0, 0.0] 0.334970086812973
motorcycle [703.8225556270967, 1779.6257606449867, 0.6897709642858111] [0.016054196659774533, 0.0022093115815279424, -0.00021409667885863206, 0.9998686593120911] [0.7293142080307007, 2.005873441696167, 1.4337844848632812] [0.0, 0.0] 0.32019591331481934
motorcycle [659.5508588593973, 1845.1309311666528, 2.109364621595849] [-0.9972641152881625, -8.588997038135298e-05, -0.002217998639575709, 0.07388746486020425] [0.7166234850883484, 2.012484073638916, 1.3204107284545898] [0.0627114648424978, -0.0461053394867257] 0.3059588372707367
motorcycle [720.8809343339694, 1798.9249119114843, 0.7799537860589268] [-0.6535336182439875, 0.0015063204290319283, -0.0016303048234158138, 0.7568942349693724] [0.7084752321243286, 2.0794222354888916, 1.6457977294921875] [-0.1827910706356171, -0.7105626334676055] 0.30486351251602173
motorcycle [689.024392100469, 1821.5327911171441, 0.616177848116389] [-0.35356538486816336, 0.001974901336055074, -0.0010132422045195785, 0.9354071796431631] [0.6776345372200012, 2.0411996841430664, 1.2698551416397095] [0.0, 0.0] 0.2779243290424347
motorcycle [699.5774001458046, 1775.41635437938, 0.6180737414122598] [-0.36659900111064897, 0.001960553083580001, -0.0010407337116845692, 0.9303763998993222] [0.8304776549339294, 2.236729383468628, 1.5037068128585815] [0.0, 0.0] 0.23223534226417542
motorcycle [653.3021430002602, 1826.2169543591597, 1.6741269028414196] [-0.5789291940606212, 0.0016539215509520522, -0.0014803508217541396, 0.815374798095495] [0.685746431350708, 2.009805679321289, 1.2467237710952759] [0.0, 0.0] 0.19292208552360535
motorcycle [700.2909541173369, 1776.230394310139, 0.5735879691080596] [-0.064601485468051, 0.002184861948117076, -0.000391501366334604, 0.9979086737674298] [0.6757469773292542, 1.9172732830047607, 1.3470078706741333] [0.0, 0.0] 0.19011332094669342
motorcycle [699.1564109570155, 1775.8268232499377, 0.5598006319836185] [-0.49568040203077535, 0.0017918727940159588, -0.0013099950161116073, 0.8685021658853582] [0.7850557565689087, 2.0336852073669434, 1.4670499563217163] [0.0, 0.0] 0.18791325390338898
bicycle [663.1162557083214, 1798.0212026843496, 1.1820580775813687] [0.2528791163267369, 0.0021970060758402243, 0.000316321600421058, 0.9674953362320452] [0.5075353384017944, 1.5488964319229126, 1.131202220916748] [0.02138989777286705, -0.004466821252544901] 0.1822267770767212
motorcycle [685.7355437183919, 1758.6053441088939, -0.053779503286264685] [-0.7874567412284046, -0.0015559544632148068, -0.0015830037146430595, -0.616365925241565] [0.6355542540550232, 1.6500619649887085, 1.2392094135284424] [0.0, 0.0] 0.16385887563228607
bicycle [679.6258918700789, 1776.2088500709099, 1.54246025807237] [0.121010307894661, 0.0022195780182783786, 1.9195649174300316e-05, 0.9926487689450829] [0.626163125038147, 1.7891403436660767, 1.4163258075714111] [-0.07238884630583671, 0.0012787879708919705] 0.15625053644180298
motorcycle [668.402558121969, 1788.9449908270688, 1.2573954599298267] [-0.5071831409702048, 0.001774298331040109, -0.0013337017974945093, 0.8618354452101322] [0.7614341974258423, 2.181215286254883, 1.328576683998108] [0.0, 0.0] 0.15213192999362946
motorcycle [683.5916819030031, 1770.0575354898579, 0.39048041642323994] [-0.636419646156394, -0.0018600745427486132, -0.0012112050807317268, -0.7713398129820084] [0.6557648181915283, 2.0142130851745605, 1.423392415046692] [0.0, 0.0] 0.14097894728183746
motorcycle [641.3770045731605, 1832.645226251267, 3.316027449284572] [-0.8218880074723104, 0.0010513130419598261, -0.0019549004936254364, 0.5696447807872419] [0.6469292044639587, 1.9900068044662476, 1.435610055923462] [0.0, 0.0] 0.13827286660671234
motorcycle [700.8364081049936, 1774.0888461625893, 0.7565635241159381] [-0.4741243415618357, -0.002060239757625131, -0.000826018881910421, -0.8804550992773597] [0.7999603748321533, 2.1252353191375732, 1.3788788318634033] [0.0, 0.0] 0.13347133994102478
bicycle [698.5112750771386, 1763.1454846183285, 0.7132120281129781] [-0.5457284698804292, -0.0019843788513544906, -0.0009945529782112326, -0.8379591340076883] [0.5953450202941895, 1.7375000715255737, 1.1850152015686035] [0.0, 0.0] 0.12948350608348846
motorcycle [701.1213564302332, 1817.5551871119044, 1.6569796599358295] [-0.9607549009197998, 0.0003720642125139375, -0.0021882557606317833, 0.2773897861557543] [0.7491974830627441, 1.996462106704712, 1.4158298969268799] [0.0, 0.0] 0.12414638698101044
motorcycle [721.8202663083736, 1791.4852312157595, 1.0452914052404811] [-0.12795261006241437, 0.0021555311753974314, -0.000529698408588851, 0.9917777990473293] [0.8302087783813477, 2.001910448074341, 1.6953866481781006] [-1.616894158649941, -0.5296203589397233] 0.12291617691516876
bicycle [691.5160613168787, 1770.4261669322996, 1.1456518269581173] [-0.5105699698368045, -0.0020238511019531804, -0.0009115491041598884, -0.8598333437392353] [0.578542947769165, 1.6047438383102417, 1.1376912593841553] [4.028953358354457e-05, -2.991190731421371e-05] 0.12020628899335861
motorcycle [707.1636879074584, 1779.8806597213986, 1.065129828576047] [-0.855963676855827, -0.001353957385989515, -0.0017588901185395973, -0.5170311953919249] [0.671806275844574, 1.881894588470459, 1.4030780792236328] [0.0, 0.0] 0.11980319023132324
motorcycle [640.3997388328785, 1781.6252493664283, 3.3583258368646516] [-0.960132420335299, 0.00037695493331918505, -0.0021874185768659214, 0.2795367749081147] [0.7829145193099976, 1.969940423965454, 1.5714821815490723] [2.9432517106187124, -1.3520926736966727] 0.11383407562971115
motorcycle [703.152323618565, 1778.8745769184648, 0.5191479011613419] [-0.5253949312533113, -0.002007749216422064, -0.0009464872614718027, -0.8508555925174832] [0.6548637747764587, 1.9039815664291382, 1.2428699731826782] [0.0, 0.0] 0.11183547228574753
motorcycle [689.0754062090268, 1820.7254924594833, 0.6829044162136232] [0.19135583443597665, 0.0022125824534816284, 0.00017712690003785989, 0.9815182207846476] [0.7109434604644775, 2.0686137676239014, 1.2760995626449585] [0.0, 0.0] 0.11125947535037994
motorcycle [700.0571368744478, 1774.0371995139367, 0.6487619890865965] [-0.8687455347318556, 0.0008755437718801114, -0.002039685798277211, 0.4952537420236336] [0.8278967142105103, 2.1810550689697266, 1.4305670261383057] [0.006264296983796226, 0.0077505894295506455] 0.1110479086637497
bicycle [683.5569056852086, 1770.7651693446423, 0.46786104718990806] [0.07827193346103045, 0.002218354872944856, -7.613612712510176e-05, 0.9969295750138129] [0.6289722323417664, 1.7746466398239136, 1.1801868677139282] [0.0, 0.0] 0.11091189086437225
bicycle [642.2579290002859, 1803.4504883739116, 2.3537129209321366] [-0.9672725744716124, 0.00031825357513667364, -0.002196727045876326, 0.25372985590980096] [0.6773974895477295, 1.8070857524871826, 1.2930649518966675] [0.0, 0.0] 0.10925151407718658
bicycle [704.9435002152424, 1780.1127012151092, 0.7869087351416357] [-0.66118298104319, 0.0014896940309534444, -0.0016455110896962909, 0.7502213931125865] [0.6230491399765015, 1.8525996208190918, 1.245116949081421] [0.0, 0.0] 0.10773640871047974
motorcycle [706.3190755256951, 1779.7733499502883, 0.9854871545998724] [-0.5502023209641501, -0.001979031303287148, -0.0010051518058389842, -0.8350284301211617] [0.6878334283828735, 1.8441333770751953, 1.3362432718276978] [0.0, 0.0] 0.10665393620729446
motorcycle [698.433732844873, 1775.0534947277758, 0.4422023812765191] [-0.9661840788403787, 0.0003275987792712527, -0.0021953528399762494, 0.25784374900376816] [0.6388064026832581, 1.9318907260894775, 1.2410354614257812] [0.0, 0.0] 0.10650365054607391
motorcycle [672.120324987477, 1846.9369814843615, 3.152964772990893] [-0.9968557705484732, -7.405676621743918e-05, -0.0022184252630073464, 0.07920634967702406] [0.7935157418251038, 2.1421399116516113, 1.6395357847213745] [0.0, 0.0] 0.1003563180565834
pedestrian [706.0379111294774, 1780.0702674277638, 0.9941102604278277] [-0.2897049198340393, 0.002038712198284484, -0.0008778084214325181, 0.9571134376493219] [0.5908717513084412, 0.6168924570083618, 1.4819926023483276] [0.0, 0.0] 0.37107396125793457
pedestrian [703.6186580809963, 1779.754152519285, 0.723464187129924] [-0.8155164869329925, 0.001072940381772169, -0.0019431145075199246, 0.5787295850787479] [0.6312214136123657, 0.6923384666442871, 1.4570051431655884] [0.0, 0.0] 0.35604918003082275
pedestrian [703.7889747131122, 1778.5786179129796, 0.6778762285223949] [-0.7285438228048753, -0.001692622696305995, -0.0014359399221839445, -0.6849955995171122] [0.5965365767478943, 0.6225054860115051, 1.4017606973648071] [0.0, 0.0] 0.3500206470489502
pedestrian [704.8713710297085, 1780.2475056887426, 0.8865217621550483] [-0.47889727147034933, 0.0018167183848876237, -0.0012753153971402954, 0.8778681429936979] [0.5869513750076294, 0.605141818523407, 1.5208808183670044] [0.0, 0.0] 0.3302000164985657
pedestrian [641.8344163916178, 1833.0522135844994, 3.343862973688932] [-0.24171007380710663, 0.002079874383009191, -0.0007752532509276771, 0.9703459760956978] [0.589189350605011, 0.5979811549186707, 1.6927988529205322] [7.458976927052846e-05, -3.7780345547386854e-05] 0.32661646604537964
pedestrian [704.5993167882802, 1779.7058483893625, 0.8331244514424245] [-0.37300391467480826, 0.0019533321175615823, -0.0010542242127148192, 0.9278271136058795] [0.6096106171607971, 0.6454641819000244, 1.5382401943206787] [0.0, 0.0] 0.3230270743370056
pedestrian [707.4354953706081, 1780.159574921939, 1.2969010000588281] [-0.38218028347210453, -0.002133526329342132, -0.0006123401458141423, -0.9240851173079951] [0.6661785840988159, 0.6722157001495361, 1.6228437423706055] [0.0, 0.0] 0.32087013125419617
pedestrian [641.1072762255511, 1832.1899073731038, 3.333425346176404] [-0.8145796919052914, -0.001482618745271471, -0.0016518888305032658, -0.5800474106833248] [0.5836732983589172, 0.5866290330886841, 1.7007137537002563] [0.0, 0.0] 0.31994956731796265
pedestrian [703.3045195976208, 1779.3726930862447, 0.6331947152671413] [-0.9341242814199453, 0.0005541674166188362, -0.0021493704954078548, 0.35694103149766954] [0.5661439895629883, 0.6016603708267212, 1.3380048274993896] [0.0, 0.0] 0.28136640787124634
pedestrian [720.7532290164979, 1798.3401002606508, 0.8653856927245046] [-0.6076700827018647, 0.0016000167116703677, -0.0015384542809415373, 0.7941864665769987] [0.7156896591186523, 0.7545239329338074, 1.8511886596679688] [-0.37462460298124994, -1.5019902525102287] 0.27707281708717346
pedestrian [706.7976432643803, 1780.1293761299623, 1.133025101523177] [-0.4575891273295706, -0.002075315251943285, -0.0007873764393372343, -0.8891609886037014] [0.6702566742897034, 0.7296554446220398, 1.5094828605651855] [0.0, 0.0] 0.21782922744750977
pedestrian [705.9110530502371, 1779.380909281393, 0.9295404101757482] [0.01902990939509791, 0.00220993898601469, -0.0002075204333654131, 0.9998164509815608] [0.5908160209655762, 0.6147857904434204, 1.4490997791290283] [0.0001690752970967838, -0.0001194408184265601] 0.21384663879871368
pedestrian [641.3227645795129, 1832.4807971052842, 3.3606780485864824] [-0.7477846066795717, -0.0016509787884835554, -0.0014836320609063341, -0.6639376891832753] [0.581134021282196, 0.5995480418205261, 1.674476981163025] [0.0, 0.0] 0.2023935616016388
pedestrian [704.1390480992437, 1779.9718594365252, 0.8155102408140527] [-0.6620204696313997, 0.0014878552772231643, -0.0016471738603471668, 0.7494824687035517] [0.6223092675209045, 0.6781307458877563, 1.535789966583252] [0.0, 0.0] 0.17667219042778015
pedestrian [705.5626505787135, 1779.7627592358538, 0.9084296392850931] [-0.20550286168654408, 0.002107233608469353, -0.0006974679716725577, 0.9786539975617482] [0.5938382744789124, 0.6288570165634155, 1.5146313905715942] [0.0, 0.0] 0.17586341500282288
pedestrian [704.2525507741974, 1779.3699871490937, 0.744339296917628] [-0.3672268871999124, 0.001959850180298251, -0.0010420567753038745, 0.9301287472293349] [0.6182981729507446, 0.6741138100624084, 1.4541821479797363] [0.0, 0.0] 0.17183873057365417
traffic_cone [701.9615428163788, 1780.1007048828633, 0.5369942283544435] [-0.8627007678171698, 0.0009001141277243004, -0.0020289626929155032, 0.5057098558586882] [0.3580408990383148, 0.3501516282558441, 0.9510771036148071] [0.0, 0.0] 0.1699436902999878
pedestrian [708.0654425181041, 1780.4143456974884, 1.5868662839165426] [0.2319120171112848, 0.0022033288638481415, 0.0002687693619173445, 0.9727342337063729] [0.6613832712173462, 0.662920355796814, 1.7754836082458496] [-5.865673714064857e-07, 8.779164081065112e-06] 0.1686714142560959
pedestrian [699.9332839019581, 1776.383666259661, 0.557270768809984] [0.21943075180568278, 0.00220659138564289, 0.00024051924866503238, 0.9756255522827095] [0.5363302230834961, 0.5242936611175537, 1.3105847835540771] [0.0, 0.0] 0.1660059541463852
pedestrian [733.7868660529931, 1792.4960237586636, 0.8327362734298362] [-0.02452282778062903, 0.002198807012533872, -0.0003035502821670038, 0.9996968060480093] [0.6739161610603333, 0.6927502155303955, 1.7800532579421997] [-0.042945562529338586, -0.044839240435674464] 0.15152812004089355
traffic_cone [698.3614007403888, 1763.4448021137646, 0.8991404155441773] [-0.759707531119938, 0.0012446364975431772, -0.0018378724224372197, 0.650261132364989] [0.4010963439941406, 0.39609047770500183, 1.2253763675689697] [0.0, 0.0] 0.14902657270431519
traffic_cone [702.6021242234748, 1780.8238851290948, 0.6067617745115749] [-0.8515176325456191, 0.0009439539957915499, -0.002008941488944106, 0.524321270376144] [0.37217551469802856, 0.3657307028770447, 1.0735200643539429] [0.0, 0.0] 0.14624086022377014
pedestrian [691.4043163472718, 1770.5008777115147, 0.8974689612335138] [-0.8647103113627324, -0.001323573999788336, -0.0017818661339326566, -0.5022660157007597] [0.6723705530166626, 0.7026776671409607, 1.648888111114502] [0.06801228834291914, 0.01096875575470471] 0.14449825882911682
pedestrian [704.9464962669473, 1779.409440396276, 0.8405847850994396] [-0.16481929414316443, 0.0021342966528324434, -0.0006096497764126788, 0.986321283042751] [0.6295175552368164, 0.6612399816513062, 1.551706075668335] [0.0, 0.0] 0.14374098181724548
traffic_cone [653.7611634779128, 1829.0143811385424, 1.5091433335402458] [-0.5723931025211596, 0.0016657017108700507, -0.0014670831137247754, 0.8199763467876073] [0.37152883410453796, 0.37462949752807617, 0.8812042474746704] [-0.003290637926929399, -0.0027223910697893833] 0.14118686318397522
traffic_cone [680.4429578015161, 1771.6870977731355, 1.1636319511929156] [-0.5097206380372424, 0.0017703604087846748, -0.0013389245965249727, 0.8603371108256669] [0.38583725690841675, 0.37767961621284485, 1.0818129777908325] [4.2379713572203084e-05, 6.127318845972692e-05] 0.14079560339450836
pedestrian [655.5007346601127, 1755.6218694777856, 0.06156559011662033] [-0.9723219391214905, 0.0002726715349924908, -0.0022028493562149514, 0.23363458606972948] [0.7144378423690796, 0.6852283477783203, 1.7316210269927979] [-1.2559687130910239e-06, -2.1643427898087794e-05] 0.1367724984884262
pedestrian [681.0447947568218, 1783.588105742247, 0.5500877528040385] [-0.9946560255625474, -0.00047586753324980156, -0.0021680510010077154, -0.10322046268577983] [0.5662521123886108, 0.5853179693222046, 1.4977670907974243] [-0.00126546196408792, -0.0022169462793874017] 0.13394325971603394
pedestrian [706.7004777852278, 1778.3460653522086, 1.0584553280403788] [0.17043484625821098, 0.0022158494917999903, 0.0001300233896709465, 0.9853664477167311] [0.544912576675415, 0.5541458129882812, 1.5348068475723267] [0.002062607163322541, -0.0012773440374154734] 0.12945130467414856
pedestrian [721.7323770157174, 1791.4761498471746, 0.9303706935090923] [-0.17346475019747937, 0.00212886682431258, -0.0006283479104071824, 0.9848375772399606] [0.7156805396080017, 0.7821499705314636, 1.8339693546295166] [-1.3841944840026783, -0.5507925434873571] 0.1268448382616043
pedestrian [706.3358762458912, 1778.8632104302326, 0.9396008984104056] [0.1265440131956668, 0.0022194364593943906, 3.157300876844779e-05, 0.9919585101350178] [0.5849711894989014, 0.6019179224967957, 1.4852125644683838] [0.004975598775947882, -0.0027592424245646025] 0.12627634406089783
pedestrian [706.7328643752367, 1779.3830038664455, 1.0626895962574774] [-0.5180554842563225, -0.002015817647950398, -0.0009291793488791786, -0.8553441344493434] [0.6380841135978699, 0.6712889075279236, 1.5289241075515747] [0.0019505814752753825, -0.0010653107401622016] 0.12577176094055176
pedestrian [731.6285884479319, 1794.5605662596479, 1.0179801263074224] [0.07859922359256222, 0.002218379749066539, -7.54078318430493e-05, 0.9969038244262058] [0.541405975818634, 0.5408106446266174, 1.4608449935913086] [0.0, 0.0] 0.12474673986434937
pedestrian [705.2785620961077, 1780.400600815285, 0.9215268323670573] [-0.593130411793404, 0.0016277231218075304, -0.0015091098339434905, 0.8051033397711975] [0.6445785760879517, 0.6911352276802063, 1.5510327816009521] [0.0, 0.0] 0.11557643115520477
pedestrian [707.9590089543711, 1779.9143953209586, 1.5415058285789383] [0.3214561624571418, 0.0021687419306893312, 0.0004727086737534216, 0.9469218598824705] [0.7151256799697876, 0.7033483982086182, 1.7663334608078003] [0.0, 0.0] 0.11323364078998566
traffic_cone [688.7240417691497, 1821.1612473068878, 0.5761578878535489] [-0.3605439585727313, 0.0019672762718714425, -0.001027968444215776, 0.9327395815776522] [0.4428253471851349, 0.4572562575340271, 1.1457568407058716] [0.0, 0.0] 0.11154424399137497
traffic_cone [683.4664264094845, 1770.7385424288343, 0.5746839444919174] [-0.8232417605365469, -0.0014575173231224543, -0.0016740783449318477, -0.5676866008755501] [0.4656093120574951, 0.4762479066848755, 1.0451761484146118] [0.0, 0.0] 0.11128192394971848
pedestrian [646.347660655836, 1831.7974158693055, 2.9345623822985956] [-0.9985866911874313, -0.00013206700542640198, -0.002215728629198419, 0.05310078425303355] [0.5827441215515137, 0.5946847200393677, 1.5494840145111084] [8.241144404051811e-05, -0.001162972853191385] 0.11098398268222809
pedestrian [720.196199551665, 1813.8747131518926, 0.6877875962214833] [-0.7213243574474291, 0.001347583418643104, -0.001763778325632211, 0.6925938524546711] [0.6707811951637268, 0.6695532202720642, 1.76109778881073] [0.11472146069492511, -0.3504966917846814] 0.10239622741937637
pedestrian [706.5117997442801, 1778.0508963762554, 0.9977792310559745] [-0.0374702389243059, 0.0021946905283656594, -0.000332006832571063, 0.9992952788339915] [0.5380933284759521, 0.5437082052230835, 1.5152348279953003] [-0.00013200195342302757, -0.000122568043824963] 0.10026100277900696
