car [672.8863131489159, 1794.4804822511476, 0.7150093247834343] [-0.39243001835037206, 0.0013416340759942226, -0.000706356262603818, 0.9197806161125397] [1.9034134149551392, 4.46230411529541, 1.746462106704712] [0.0, 0.0] 0.8695008754730225
car [683.9858377950163, 1800.5524218035848, 0.691676237306964] [-0.34685319797716113, 0.0013746586077370213, -0.0006397146830916219, 0.9379182054592248] [1.8867985010147095, 4.430044651031494, 1.6046135425567627] [0.0, 0.0] 0.833875834941864
car [688.6179246583163, 1795.192073178642, 0.43152065262962186] [-0.37704037991230044, 0.0013532243562133783, -0.0006838896148790331, 0.926195580314668] [1.7763826847076416, 4.1461181640625, 1.4474462270736694] [0.0, 0.0] 0.8316273093223572
car [680.7720339621393, 1804.1786703767732, 0.7684714709510678] [-0.3609533389998762, 0.0013648583900707362, -0.0006603656098268709, 0.9325826441359911] [1.7586930990219116, 4.078540325164795, 1.5447583198547363] [0.0, 0.0] 0.8277855515480042
car [684.9335922306726, 1811.2222220585352, 0.8031727165767373] [-0.3918624139486308, 0.0013420696616566665, -0.0007055283033651199, 0.920022581034394] [1.8584749698638916, 4.400767803192139, 1.5119940042495728] [0.0, 0.0] 0.8146598935127258
car [663.6799399210317, 1821.0167740771838, 1.530659574936174] [-0.4028843208126096, 0.001333498922938832, -0.0007215966921414472, 0.9152496518011894] [1.8922317028045654, 4.411948204040527, 1.6418375968933105] [0.0, 0.0] 0.812259316444397
car [672.504234136772, 1812.279869318243, 0.9980526699929217] [-0.35372260608806183, 0.0013699299392085935, -0.0006497792896425995, 0.9353491428451228] [1.8442389965057373, 4.567614555358887, 1.4666666984558105] [0.0, 0.0] 0.8020942211151123
car [671.1275315657492, 1796.441189672153, 0.6378386382027873] [-0.9328560891282108, -0.0006593304395040318, -0.001365358756932375, -0.36024605210224836] [1.9895849227905273, 4.7922563552856445, 1.6384446620941162] [0.0, 0.0] 0.8007656335830688
car [682.2984933186845, 1802.2902099546889, 0.7828724055569544] [-0.3472793763912986, 0.0013743677629474253, -0.0006403392973724047, 0.9377604895772198] [1.9284284114837646, 4.530717849731445, 1.718798041343689] [0.0, 0.0] 0.7967575192451477
car [687.1474791115118, 1797.0926804445953, 0.6075104582015152] [-0.36707499504669205, 0.0013604886193148372, -0.0006693219556411648, 0.930190114487521] [1.9081400632858276, 4.502686500549316, 1.6120021343231201] [0.0, 0.0] 0.7900729179382324
car [667.3459052403043, 1817.6576587934806, 1.408812662885798] [-0.40308833950807355, 0.0013333380304825018, -0.0007218939396182403, 0.9151598175354185] [1.8970952033996582, 4.368856906890869, 1.6197882890701294] [0.0, 0.0] 0.7726064324378967
car [682.8500841875999, 1784.2547290720088, 0.46071783295757485] [-0.926048855113583, -0.0006844159187154968, -0.001352958245400545, -0.37740060813631227] [1.995159387588501, 4.737252712249756, 1.6680011749267578] [0.0, 0.0] 0.7654985785484314
car [688.3057784881856, 1779.2949398885405, 0.3008085813824142] [-0.4124928653944392, 0.0013258319861705614, -0.0007355886812856222, 0.9109595693978527] [1.8074239492416382, 4.151117324829102, 1.5236217975616455] [0.0, 0.0] 0.7547397613525391
car [686.3426120819436, 1780.7358255799377, 0.3267177504882717] [-0.4418165773798411, 0.0013012809786874663, -0.0007781959766631355, 0.8971041260808019] [1.7993334531784058, 4.198848247528076, 1.5222551822662354] [0.0, 0.0] 0.7456787824630737
car [677.44344726745, 1807.4731048162134, 0.8659475686404821] [-0.35226138357869746, 0.001370943067990073, -0.0006476389950570141, 0.9359004320535695] [1.8644119501113892, 4.398350238800049, 1.6283018589019775] [0.0, 0.0] 0.7452462315559387
car [674.9688299543202, 1821.7289980174642, 1.0642587483895514] [-0.4149106838137379, 0.0013238737773037315, -0.0007391071541772883, 0.9098608825177906] [1.7877016067504883, 4.2070698738098145, 1.5033154487609863] [0.0, 0.0] 0.7450982332229614
car [686.2299067733984, 1808.9431102970882, 1.033386327469143] [-0.927831370525316, -0.000677980520359959, -0.0013561945205614653, -0.3729968484423831] [1.9554804563522339, 4.7332892417907715, 1.9115540981292725] [0.0, 0.0] 0.7413808107376099
car [690.5920917238252, 1793.8062273679466, 0.4336405597470789] [-0.3932234927705513, 0.0013410241064510733, -0.0007075136108270954, 0.9194416706959526] [1.9087772369384766, 4.462038993835449, 1.5849316120147705] [-0.0016226612864476068, 0.0006207112528921755] 0.7206937074661255
car [652.8380886873022, 1827.494995634126, 1.919102295155275] [-0.6555625283640785, 0.0010604101632925265, -0.0010837211122675522, 0.7551393728867097] [1.785645604133606, 4.215274333953857, 1.4969778060913086] [0.0, 0.0] 0.7025173902511597
car [685.5653619967997, 1827.2517219717058, 1.0301661523885208] [-0.3641157804662688, 0.0013626097229700596, -0.000664993162713695, 0.9313524571794913] [2.025324583053589, 4.7787299156188965, 1.6789757013320923] [0.0, 0.0] 0.6967813968658447
car [676.8824949107286, 1790.3923716453871, 0.5628047055604157] [-0.9249576805921518, -0.0006883110938713357, -0.0013509807554669857, -0.38006708643662274] [1.8673218488693237, 4.361956596374512, 1.5389142036437988] [0.0, 0.0] 0.6665823459625244
car [671.0670486459555, 1825.042716386703, 1.4697660058792994] [-0.9041185785893405, -0.0007570907416931697, -0.0013136722469592587, -0.4272789451031105] [1.8878521919250488, 4.288150787353516, 1.6617798805236816] [0.0, 0.0] 0.664218544960022
car [682.0997089821839, 1830.7947197601384, 0.9697272910028878] [-0.3511426628385512, 0.0013717160647751352, -0.0006460001557478988, 0.936320741740504] [1.920649528503418, 4.491791725158691, 1.6316035985946655] [0.0, 0.0] 0.6609906554222107
car [643.8937497357603, 1822.444750819424, 2.6041519850661317] [-0.9325384910357305, 0.00043076326141065855, -0.0014537414406308145, 0.36106739511570324] [1.876794695854187, 4.466983795166016, 1.6389830112457275] [0.0, 0.0] 0.6549708843231201
car [667.5557398690789, 1828.3443442974828, 1.4694690340211323] [-0.9115574443566294, -0.0007336631347037098, -0.0013268984770377964, -0.41116994870350954] [1.9545549154281616, 4.422428131103516, 1.672370433807373] [0.0, 0.0] 0.6061432361602783
car [694.1025264750446, 1789.642650692486, 0.3331623473560321] [-0.27433091152700506, 0.001419432767339808, -0.0005330401322513655, 0.9616341570782513] [1.9339488744735718, 4.563936710357666, 1.6938250064849854] [0.0, 0.0] 0.6032922863960266
car [672.9996089961909, 1823.143032276054, 1.2452415588539258] [-0.40530157881505907, 0.0013315873547440817, -0.0007251181147055717, 0.9141817824091971] [1.9535865783691406, 4.493062973022461, 1.748852252960205] [0.0, 0.0] 0.5999587774276733
car [689.9203505276942, 1805.6530526551267, 0.6414339276214962] [-0.9299299163418414, -0.0006702852945871451, -0.0013600142600166815, -0.36773366961877746] [1.8507188558578491, 4.178243160247803, 1.6173536777496338] [0.0, 0.0] 0.5843031406402588
car [646.7218262491825, 1837.2341915756228, 3.275428949303043] [-0.723192076097384, -0.0011328026983188806, -0.0010078091140042177, -0.6906452940176975] [1.867275357246399, 4.2474541664123535, 1.6221046447753906] [0.0, 0.0] 0.521983802318573
car [688.0956843423666, 1807.3498281781904, 0.67589311057934] [-0.9204482815098183, -0.0007040680619986583, -0.0013428362996515814, -0.3908614359903757] [1.8176956176757812, 4.156230449676514, 1.5195250511169434] [0.0, 0.0] 0.5092278122901917
car [643.6933769987083, 1836.8488756570832, 3.5777016224834597] [-0.6411194341788027, -0.0012387439035637764, -0.0008743195668473158, -0.7674396212061823] [1.8348442316055298, 4.153483867645264, 1.6341400146484375] [0.0, 0.0] 0.4999918043613434
car [678.452535225353, 1834.4793916230599, 1.087816017193475] [-0.9278780956314209, -0.0006778105988336251, -0.0013562794533934757, -0.3728805984846142] [2.0104777812957764, 4.775182723999023, 1.8205347061157227] [0.0, 0.0] 0.4458408057689667
car [690.3571978582538, 1822.0250967722632, 0.8479225585837111] [-0.37895189543954366, 0.0013518094425801729, -0.0006866821641338698, 0.9254151295616545] [1.890959620475769, 4.357268333435059, 1.630873441696167] [0.0, 0.0] 0.3982701897621155
car [699.9244769780244, 1774.9103313576804, 0.7861045435502938] [-0.9039926216063298, 0.0005347420231576853, -0.0014187924909082814, 0.42754536737070564] [1.9742666482925415, 4.532127380371094, 1.806032657623291] [0.0, 0.0] 0.3787427842617035
car [635.9017879843811, 1826.4113561071797, 3.627959342134128] [0.22400588145831335, 0.0015003995193882368, 0.00021845467678227853, 0.9745866129549083] [1.7979626655578613, 4.159917831420898, 1.633098840713501] [0.0, 0.0] 0.3703615665435791
car [694.261696782315, 1818.977599574464, 0.7605401155733712] [-0.43953041365064943, 0.0013032586560121715, -0.0007748793706880124, 0.8982264283324809] [1.8614627122879028, 4.315246105194092, 1.6216286420822144] [0.0, 0.0] 0.31207719445228577
car [689.6830254244267, 1813.495191007596, 0.8787077351824146] [-0.9039223253755996, 0.0005349752506758768, -0.0014187045657051995, 0.42769396858782666] [1.944507122039795, 4.683560371398926, 1.755670189857483] [3.3047537032449243, -3.8095370308331877] 0.3005085587501526
car [655.137637968433, 1836.2664128066258, 2.426883536637599] [-0.6342559496918335, 0.0010902100045896267, -0.0010537377802286429, 0.7731216536608883] [1.954824686050415, 4.580982208251953, 1.6880717277526855] [0.0, 0.0] 0.28630751371383667
car [634.8249314514165, 1824.162960935225, 3.6515232238650874] [0.1908513172494163, 0.0015069405857230742, 0.00016748502825356592, 0.9816177849769222] [1.891892910003662, 4.468335151672363, 1.6709420680999756] [0.0, 0.0] 0.27448010444641113
car [640.2129568830617, 1834.1654148246394, 3.549318416902022] [-0.423393641130661, -0.0014212307844881419, -0.0005282274328466119, -0.9059445489261236] [1.9479045867919922, 4.470478057861328, 1.7306052446365356] [0.0, 0.0] 0.2695658802986145
car [639.3847224044127, 1831.5432034885944, 3.794247201165956] [-0.6870089583040091, -0.001182751710539413, -0.0009486936042814847, -0.7266473644684035] [2.0125677585601807, 4.794920921325684, 1.7758216857910156] [0.0, 0.0] 0.2676520049571991
car [692.4287365645571, 1820.6177148677682, 0.8186045958738609] [-0.3938165985021789, 0.0013405673674352098, -0.0007083786395398499, 0.9191877870288583] [1.9516451358795166, 4.551775932312012, 1.6481677293777466] [0.0, 0.0] 0.25791943073272705
car [653.5020475215636, 1835.4359329384174, 2.526917332301151] [-0.8467761664364596, 0.0006995637139757182, -0.0013451883785094935, 0.531947201359317] [1.9303990602493286, 4.602047443389893, 1.6822657585144043] [0.0, 0.0] 0.25048720836639404
car [639.5842982500385, 1817.2151780444535, 2.4242831291499236] [-0.40310733248620073, -0.0014326451447492037, -0.0004964363532367778, -0.9151514517142483] [1.829223394393921, 4.308028221130371, 1.5440698862075806] [0.0, 0.0] 0.23178178071975708
car [691.5062030458354, 1804.027838832957, 0.5906664506894346] [-0.9319463796661593, -0.0006627650160879678, -0.0013636948694771903, -0.3625929487813782] [1.8349740505218506, 4.235290050506592, 1.5529530048370361] [0.0, 0.0] 0.22859995067119598
car [633.5284749938004, 1822.1167343244986, 3.5687020470759423] [-0.9084722996665489, 0.0005196779437088954, -0.0014243791624462196, 0.4179423187682825] [1.8805646896362305, 4.363727569580078, 1.6581642627716064] [0.0, 0.0] 0.2270396649837494
car [691.7361934050464, 1776.0690466524907, 0.3299885771044787] [-0.9272297174000489, -0.0006801628459217309, -0.0013551013492046106, -0.37448998951782664] [1.9073923826217651, 4.406137466430664, 1.5841357707977295] [0.0, 0.0] 0.19918307662010193
car [637.3484032928291, 1830.3423156780277, 3.99940105528729] [0.09733663234349127, 0.001516021644815426, 2.4485425044958303e-05, 0.9952503610061461] [1.9171051979064941, 4.4626665115356445, 1.718475103378296] [0.000534003252455276, 0.0017392449884591874] 0.191744863986969
car [668.3364472257248, 1871.381843572304, 2.418197213502217] [-0.998814558256308, -0.0001965753606360831, -0.0015034225258320748, -0.04865366681035177] [1.9789600372314453, 4.63109016418457, 1.7196885347366333] [5.770721611037784, 0.7742137186397192] 0.19119925796985626
car [722.5994287186758, 1791.2162651744877, 1.049456188549728] [-0.11527794764900018, 0.0014869296002264307, -0.0002965830871087755, 0.9933321176045153] [1.9251799583435059, 4.446201324462891, 1.6738190650939941] [-1.869388145648446, -0.40300859390386823] 0.19065244495868683
car [659.9074793455322, 1824.8987762690747, 1.6231457061353682] [-0.4408236608380223, 0.0013021412562393211, -0.0007767556323503419, 0.897592447118513] [1.9839916229248047, 4.703157424926758, 1.644101619720459] [-0.009416773371705054, -0.005297399639520405] 0.17301544547080994
car [669.2315071828325, 1826.7538538740728, 1.4284544222911242] [-0.8945630708235078, -0.0007856242182384269, -0.0012968098362156882, -0.44693916073404427] [1.8475435972213745, 4.241157054901123, 1.5643675327301025] [0.0, 0.0] 0.15160202980041504
car [651.6796074387029, 1835.4569353549277, 2.639625786814815] [-0.5678836020420468, 0.0011739257534551639, -0.000959593397728031, 0.8231074751273895] [1.9277905225753784, 4.523812294006348, 1.6715067625045776] [0.0, 0.0] 0.14991174638271332
car [685.6699536707517, 1757.6819772537222, 0.5313628994030066] [-0.46578998175128505, 0.0012798755242775847, -0.0008129205409778259, 0.8848940015498885] [1.9919453859329224, 4.661214351654053, 1.77890145778656] [-0.08186017893328854, -0.13575172477674563] 0.14982154965400696
car [690.0299722848525, 1776.9889368887316, 0.3168893819093598] [-0.9238066930395743, -0.0006923842772313038, -0.0013488977634466565, -0.3828562327742908] [1.9476616382598877, 4.49173641204834, 1.6439083814620972] [0.0, 0.0] 0.14716485142707825
car [684.511143374597, 1782.40229582126, 0.3610975197375903] [-0.9144879216860665, -0.0007241112520531027, -0.001332135150140027, -0.4046103584550634] [1.8227728605270386, 4.26492166519165, 1.528342366218567] [0.0, 0.0] 0.13438743352890015
car [721.6713163011306, 1798.8462171867257, 0.8764354273425733] [-0.45818883164864527, 0.001286795706313298, -0.0008019214262021956, 0.8888535850359638] [1.907301902770996, 4.407129287719727, 1.6274696588516235] [-0.03515023952916194, -0.03881083425087279] 0.12937641143798828
car [694.9429810370749, 1798.9870994450923, 0.5135970561505165] [0.28017192186514756, 0.0014851979110089633, 0.000305136573886373, 0.9599486419997821] [1.8848965167999268, 4.383417129516602, 1.6407867670059204] [0.0, 0.0] 0.12890058755874634
car [692.4970994360513, 1792.1744333118825, 0.372571397988802] [-0.4016414478476937, 0.001334477301326173, -0.0007197857291122937, 0.9157957460316382] [1.8435735702514648, 4.268049240112305, 1.5689886808395386] [0.0, 0.0] 0.11851824820041656
car [683.916995317765, 1829.1229197990078, 0.8840403301796029] [-0.3719301528419822, 0.0013569728954037925, -0.000676421262770433, 0.9282594801486145] [1.839751958847046, 4.294902801513672, 1.5303336381912231] [-0.010198916051305218, -0.0007555478738649326] 0.11154315620660782
car [627.5173257434652, 1797.953361437492, 2.4121005260136252] [-0.998996779571459, -5.543577689294185e-05, -0.00151520560922562, 0.04475640160569311] [2.0226213932037354, 4.677460193634033, 1.7512032985687256] [0.0, 0.0] 0.11113038659095764
car [706.4096924092853, 1830.493719631267, 0.27860507918359645] [-0.922978202166218, 0.0004678803622667569, -0.001442223675507245, 0.38484924243767515] [1.9572503566741943, 4.451055526733398, 1.7220567464828491] [0.0, 0.0] 0.10877848416566849
car [654.6560284269431, 1832.5285614768525, 2.2704341507654666] [-0.6806046822448495, 0.0010233378744416727, -0.0011187943324497598, 0.732649280068727] [1.9180948734283447, 4.56850528717041, 1.6177690029144287] [0.0, 0.0] 0.104583740234375
car [623.3270101911509, 1829.7068282238877, 3.7055364272981715] [-0.4770094201874975, -0.0013869613517028222, -0.0006125841758249928, -0.878896873433524] [1.9794719219207764, 4.644272804260254, 1.742782473564148] [0.0, 0.0] 0.10427379608154297
car [641.4864196429014, 1835.3323788587743, 3.62544615828747] [-0.4139405747312329, -0.0014266521943416093, -0.0005134049863107877, -0.9103026428996089] [2.033534288406372, 4.723033905029297, 1.7503421306610107] [0.0, 0.0] 0.10124879330396652
truck [705.9241228370922, 1806.8279116062572, 1.7349864226885563] [-0.3845057138427189, 0.001347658883613394, -0.0006947925568156306, 0.9231213663983395] [2.4264373779296875, 5.884214878082275, 3.0534238815307617] [0.0, 0.0] 0.7167516350746155
truck [662.7282981170665, 1804.3832413052708, 1.2742011642588609] [-0.927343580319338, -0.0006797506434482849, -0.0013553081665511162, -0.374207943688196] [2.07967209815979, 5.19333553314209, 2.128241777420044] [0.0, 0.0] 0.6996957659721375
truck [689.0016576373023, 1814.3380039482292, 0.8853208714915269] [-0.9070887182598087, 0.0005243736223138444, -0.0014226571856248305, 0.4209367628095862] [2.0268192291259766, 5.298162937164307, 1.8738274574279785] [2.199917315830377, -2.6655016926370103] 0.3517563045024872
construction_vehicle [683.1526993761787, 1744.0886392406408, 1.1383937274148002] [-0.7775993515875618, -0.0010459812608098838, -0.0010976540281997151, -0.6287582599771073] [3.1705269813537598, 6.62332010269165, 2.967390298843384] [0.0, 0.0] 0.25030243396759033
truck [720.5542987376152, 1778.8427118989814, 4.709136482858063] [-0.9870108323945481, 0.00012117496372424747, -0.0015113695086758031, 0.16064656178909567] [2.423546552658081, 6.44468879699707, 2.8573522567749023] [0.0, 0.0] 0.23638668656349182
truck [678.4071507337555, 1834.509698379249, 1.0029584385344747] [-0.9111297106616574, -0.0007350415023690124, -0.0013261354204543371, -0.41211691475653023] [2.100515842437744, 5.09391450881958, 1.9452157020568848] [0.0, 0.0] 0.2302861511707306
construction_vehicle [673.970607607136, 1845.485895996439, 4.255059155809371] [-0.960520884757972, 0.00030209177148769056, -0.0014858202196725966, 0.27820375810293935] [3.0514755249023438, 6.494283199310303, 3.629387378692627] [0.0, 0.0] 0.2083500623703003
construction_vehicle [647.1445828966556, 1829.8190068846511, 2.911892142547722] [-0.90858546807152, -0.0007431595821014523, -0.0013216031927622187, -0.41769623925538685] [2.2429003715515137, 2.8555026054382324, 2.3347482681274414] [0.008827016500274787, 0.0012828063528149154] 0.20091365277767181
truck [694.5109750365465, 1790.0269238841377, 0.3586153786319768] [-0.3211550443366355, 0.0013915873955718788, -0.0006020013987309098, 0.9470254160137255] [2.1198949813842773, 5.576386451721191, 1.9151595830917358] [0.0, 0.0] 0.1994982361793518
construction_vehicle [685.5544497807383, 1758.4558020034067, 0.19961978615382803] [-0.42991390613726904, 0.00131145867521309, -0.0007609187254870456, 0.9028686141342115] [1.9807767868041992, 3.718860149383545, 2.359194040298462] [0.0002864751331165735, 0.00031425633484684736] 0.19438493251800537
construction_vehicle [621.2145711707014, 1827.6055536128683, 3.4875044108544815] [-0.2068358145381678, 0.001453045992568583, -0.000433103344559808, 0.9783744921568474] [3.172560691833496, 7.994774341583252, 3.3535001277923584] [0.0, 0.0] 0.19032548367977142
truck [700.2214741455512, 1774.5120470263912, 0.6711449286444879] [-0.910074905484347, 0.0005141893347628875, -0.0014263696896683557, 0.41444103016773426] [2.206394672393799, 5.455425262451172, 2.141170024871826] [0.0, 0.0] 0.15470586717128754
truck [686.2696161590208, 1808.9717709112156, 1.0018937650915456] [-0.9268386566873275, -0.0006815757143212213, -0.0013543912688865102, -0.3754567958485591] [1.928417682647705, 4.889076232910156, 1.8716092109680176] [0.0, 0.0] 0.15055756270885468
truck [685.6345433962758, 1827.2997440703298, 1.035205419742271] [-0.36877738609310123, 0.001359260934371628, -0.0006718116372017311, 0.9295165090439093] [1.9805420637130737, 4.970045566558838, 1.786884069442749] [0.0, 0.0] 0.1290222406387329
construction_vehicle [707.8963837377811, 1778.8335117508218, 1.9118047623085763] [-0.5941563957201558, -0.0012887346602394427, -0.0007988016894611757, -0.8043481077889534] [2.37967848777771, 4.174472808837891, 2.9765050411224365] [0.0, 0.0] 0.12238117307424545
truck [671.3350219180445, 1825.353974881244, 1.430222396915458] [-0.9070857624441677, -0.0007478815554011484, -0.0013189368228536426, -0.4209431323230242] [1.9993884563446045, 5.038238525390625, 1.8507580757141113] [0.0, 0.0] 0.12043861299753189
construction_vehicle [694.3305390087347, 1849.9446550914458, 2.7761603880857613] [-0.9840842980537194, 0.00014730043498282878, -0.0015090472972847345, 0.17769579455618667] [2.4764580726623535, 3.251685619354248, 2.9019484519958496] [0.0, 0.0] 0.11798462271690369
truck [639.7427443106259, 1831.9475741395293, 3.5625802346324944] [-0.13913690069483486, 0.0014793658007363954, -0.0003322619316142939, 0.990271994930621] [2.1050479412078857, 5.580297470092773, 1.8886494636535645] [0.0, 0.0] 0.1168217658996582
truck [652.9671672566441, 1835.095999079871, 2.5373840333254756] [-0.999592572162098, -0.00016621855983373112, -0.0015070808053834726, -0.02850246931753464] [2.000028133392334, 5.108115196228027, 1.8931173086166382] [0.0, 0.0] 0.10549137741327286
truck [638.7978726007249, 1815.381091289587, 2.4812067867496346] [-0.31504331925172463, 0.0013954393147372016, -0.0005930179444791454, 0.9490760812883717] [2.2408337593078613, 5.409328460693359, 2.011643886566162] [0.0, 0.0] 0.10342515259981155
truck [667.8810776056174, 1871.632438581975, 2.3132728628996784] [-0.9998183258257504, -0.00015188681812863813, -0.0015085925752393384, -0.019000432148510937] [2.2477922439575195, 5.845119476318359, 2.1811180114746094] [3.3646285206667943, 0.40285567972280467] 0.1016547903418541
bus [707.8556166040004, 1787.9171802261856, 1.798857758435716] [-0.40552998606275853, 0.001331406133230708, -0.000725450806040048, 0.9140804841384456] [2.9808526039123535, 12.476186752319336, 3.0236995220184326] [0.0, 0.0] 0.8678736686706543
bus [722.3380791145752, 1778.1140885699529, 4.524942789062634] [-0.9847398306616053, 0.00014167436745188364, -0.0015095858826829345, 0.17402633992413052] [2.695094347000122, 10.364601135253906, 3.223724365234375] [0.0, 0.0] 0.35048338770866394
bus [621.1983527674955, 1827.6170278126704, 3.1441751805331775] [-0.3321472625310586, 0.001384491983886264, -0.0006181448941333855, 0.94322632335615] [2.87251353263855, 7.810537338256836, 2.9484524726867676] [0.0, 0.0] 0.1459965705871582
bus [705.9449041982524, 1806.8416045095566, 1.634058820978414] [-0.3831662865933708, 0.001348665288928224, -0.0006928369952800273, 0.9236781354438803] [2.3101747035980225, 5.956858158111572, 2.8552210330963135] [0.0, 0.0] 0.14257505536079407
bus [712.1164438271423, 1776.243034128485, 2.35060244905924] [0.288301270993263, 0.0014825572637245238, 0.0003177186229451289, 0.9575385518205026] [2.8886303901672363, 12.647780418395996, 3.598407030105591] [0.0, 0.0] 0.14207910001277924
bus [707.8728899150211, 1781.2688546152297, 2.0218569694434656] [-0.4042920883042212, -0.001432001073254174, -0.0004982911696863549, -0.9146286724203698] [2.940680742263794, 11.797805786132812, 3.6064343452453613] [0.0, 0.0] 0.12294856458902359
trailer [717.2814858358983, 1779.8072723182788, 3.7174558166468383] [0.11222531568684174, 0.001515485184690562, 4.7178581707404185e-05, 0.9936816288921846] [2.3616445064544678, 3.917262554168701, 3.27722430229187] [0.0, 0.0] 0.10691052675247192
trailer [638.3291762447427, 1815.0127935614478, 1.6562703005680146] [-0.9376459139731658, -0.0006407924968815596, -0.0013741565192978544, -0.3475886089736873] [2.643582344055176, 6.550918102264404, 2.4808435440063477] [0.0, 0.0] 0.10340005159378052
barrier [709.9795609612779, 1791.8332934723169, 1.057422679239336] [-0.8619034534817291, 0.0006601057038653074, -0.0013649841110111808, 0.5070701509210584] [3.1115927696228027, 0.57145756483078, 0.9222595691680908] [0.0, 0.0] 0.3872559368610382
barrier [640.5681160204164, 1817.1123849707162, 2.2257282091422237] [-0.9315738563574447, -0.0006641638647667666, -0.0013630141321081639, -0.3635489667571001] [2.3428032398223877, 0.6265926361083984, 1.0041489601135254] [0.0, 0.0] 0.23276500403881073
barrier [710.0934882922021, 1791.713556436066, 1.073349534061958] [-0.973424150386019, 0.00022615204837439246, -0.0014992586216542383, 0.22900463865191234] [3.1781280040740967, 0.6121735572814941, 0.9416942000389099] [0.0, 0.0] 0.21025726199150085
barrier [704.1111303580471, 1780.9079851475894, 0.551158799327418] [-0.49764348853385626, 0.0012494845334628125, -0.0008589002062089155, 0.8673803429861031] [2.111755132675171, 0.4349507987499237, 1.047325849533081] [0.0, 0.0] 0.1634834110736847
barrier [623.8582151640524, 1827.525784818248, 3.5831711041699625] [-0.8773913512771881, 0.0006169459714996089, -0.001385026653836996, 0.4797729856742936] [2.6670594215393066, 0.5920181274414062, 1.048545002937317] [0.0, 0.0] 0.13402335345745087
barrier [705.2927372183676, 1787.2229713285012, 0.907506515160777] [-0.77494622057559, 0.000859651750918857, -0.0012489675859407405, 0.6320253604836163] [2.687445878982544, 0.5456215739250183, 0.9435333609580994] [0.0, 0.0] 0.12508618831634521
barrier [683.3165284443334, 1770.7564840589193, 0.3203047002595012] [-0.5770062991843738, -0.001305345982630145, -0.0007713579125281861, -0.8167382884256064] [2.0303187370300293, 0.44843727350234985, 1.0688631534576416] [0.0, 0.0] 0.11183738708496094
barrier [705.6356531473436, 1787.562164512134, 0.9521517732009461] [0.19032424087903216, 0.00150703029434073, 0.000166675899660961, 0.9817201151105422] [2.7744827270507812, 0.5457329154014587, 0.955100953578949] [0.0, 0.0] 0.10969226062297821
barrier [690.5871853794929, 1770.4608334026016, 0.9383911531390657] [-0.7437163129555235, -0.0011018554397731663, -0.0010415544889398661, -0.668493640151257] [2.098684787750244, 0.4398159980773926, 1.094867467880249] [0.0, 0.0] 0.10813498497009277
barrier [654.4202407639316, 1830.3188060795326, 1.498715477336159] [-0.7036062623565692, 0.000987165662873225, -0.0011508367032870333, 0.7105884383040966] [2.0266573429107666, 0.5003480315208435, 0.9685056209564209] [0.0, 0.0] 0.10196558386087418
motorcycle [698.0540700266719, 1773.0867550903986, 0.5677367170717242] [-0.9593320241495261, -0.0005447632758889117, -0.0014149749597894938, -0.2822760502061929] [0.7507003545761108, 2.2747244834899902, 1.3984425067901611] [0.0, 0.0] 0.6959503293037415
motorcycle [669.6244281024453, 1870.927353358405, 2.4215232171442658] [-0.9976454948481512, -0.00022652159429834094, -0.0014992028318093053, -0.06856506171530713] [0.8627049326896667, 2.1737005710601807, 1.7195708751678467] [5.810343106543626, 1.1314018191520254] 0.43525922298431396
motorcycle [698.5941460097865, 1776.2878138545927, 0.46446645139995146] [-0.2282128182397799, 0.001443212440280072, -0.0004648214881105826, 0.9736100917050384] [0.7751471400260925, 2.110752820968628, 1.3931374549865723] [0.0, 0.0] 0.41407856345176697
motorcycle [691.4117936305705, 1769.5563633422134, 0.7420902946026389] [-0.689658760862346, -0.0011792783154211828, -0.0009530077745568896, -0.7241329260879177] [0.5864560008049011, 2.178121566772461, 1.571653127670288] [0.0, 0.0] 0.39683371782302856
motorcycle [699.379461519377, 1775.3149026671747, 0.5387517494206706] [-0.9888535742116854, 0.000103171581608203, -0.0015127051227311183, 0.14888354458304343] [0.9058618545532227, 2.4382433891296387, 1.5431764125823975] [0.0, 0.0] 0.3461569547653198
motorcycle [698.9065540237921, 1774.8881662798233, 0.4831969839848411] [-0.9693637092401901, 0.00025176928162010115, -0.0014951700212420642, 0.24562512144920431] [0.7515572905540466, 2.1417860984802246, 1.4230751991271973] [0.0, 0.0] 0.29695457220077515
motorcycle [703.616904529052, 1779.4837742351062, 0.7175279103885783] [-0.497923168992349, -0.0013718913804726743, -0.0006456277594506614, -0.8672198215328413] [0.7233628630638123, 1.9228246212005615, 1.3595257997512817] [0.0, 0.0] 0.27150219678878784
bicycle [651.3442020916149, 1833.386644162099, 2.1489572777377637] [0.2888614574992686, 0.0014823711194268188, 0.00031858598192289946, 0.9573697088639449] [0.6966550946235657, 1.7840054035186768, 1.2632355690002441] [0.0, 0.0] 0.25641393661499023
motorcycle [700.1769655142006, 1776.1442144079265, 0.5236486168795862] [-0.46739706383517127, -0.001393558856437627, -0.0005974235325401514, -0.8840462011666003] [0.7328358888626099, 2.1030471324920654, 1.4126014709472656] [0.0, 0.0] 0.2547144293785095
bicycle [673.2098846410281, 1786.3810312459068, 1.6039028359039214] [-0.4176653949480257, -0.0014245374952899913, -0.0005192437655874415, -0.9085996472273947] [0.5897368788719177, 1.6711792945861816, 1.1070411205291748] [0.0, 0.0] 0.24271246790885925
bicycle [667.5335447540457, 1792.3015219450783, 0.7153981154911251] [0.3440910710709289, 0.001461316568905243, 0.0004043204781253515, 0.9389350541374506] [0.4806102216243744, 1.5516630411148071, 1.081236720085144] [0.00556252227961667, -0.009890017189694705] 0.23385527729988098
motorcycle [698.5770755130693, 1774.5038472852686, 0.4462055984547457] [-0.9578298255953844, 0.0003162180956946402, -0.0014828780393355868, 0.2873320836223336] [0.6878566741943359, 2.0960166454315186, 1.325145959854126] [0.0, 0.0] 0.23255445063114166
motorcycle [654.6934405682242, 1834.2990525516495, 2.1577366979705306] [-0.9957900393709279, 1.582670694938535e-05, -0.0015161367612902352, 0.09165096054315203] [0.6200180053710938, 1.8036137819290161, 1.2034355401992798] [0.0, 0.0] 0.23134535551071167
bicycle [693.5705258786104, 1837.8987999799965, 0.3523903740622871] [-0.7518163774668912, 0.0009038258711419958, -0.0012173824207055532, 0.6593707876842871] [0.7210456132888794, 1.8340709209442139, 1.8412609100341797] [0.24773943896982883, -2.5714314564407563] 0.23069992661476135
motorcycle [685.1343877314499, 1758.0156736686188, 0.9297568531690803] [-0.8892441321755997, -0.0008008233979863704, -0.001287479339184154, -0.45743040396337986] [0.8295413851737976, 2.0999531745910645, 1.7765694856643677] [2.19794326865092, 3.2845539465123395] 0.2165377289056778
bicycle [699.8866802775526, 1768.1070123964098, -0.21423155488700552] [-0.2885470976241994, 0.0014113801808933058, -0.0005540100617949838, 0.9574645024916] [0.5957664251327515, 1.6526515483856201, 1.1667391061782837] [0.0, 0.0] 0.1717606484889984
bicycle [703.3639988492788, 1795.7691380177407, 0.7056218185512257] [-0.9970797178625626, -0.0002382206583292296, -0.0014973884203952192, -0.0763527164280956] [0.620794951915741, 1.6949597597122192, 1.1505204439163208] [0.0, 0.0] 0.1627047061920166
motorcycle [708.7205387780726, 1771.101088470768, 2.0089093365357025] [-0.7320987902369411, 0.0009392386132567529, -0.0011902739142550436, 0.6811967868482964] [0.7622159719467163, 2.0331978797912598, 1.4708518981933594] [0.0, 0.0] 0.16147379577159882
bicycle [684.1223377756199, 1770.8601070992831, 0.3509065623456846] [-0.9988769544645375, -0.0001946210488048372, -0.0015036767641187394, -0.04735536842308613] [0.6016445755958557, 1.641369342803955, 1.2902823686599731] [0.035744081766637605, -0.0014914470480385592] 0.15824608504772186
bicycle [720.2996247961045, 1797.6272568235938, 0.8015927682894236] [-0.5861047822205667, 0.0011522262544776726, -0.0009855434146098605, 0.8102338460821163] [0.6577664613723755, 1.7790318727493286, 1.6932828426361084] [-0.26864151257069957, -0.9051148201855956] 0.15174689888954163
motorcycle [698.2048847699376, 1773.8939830476074, 0.5831321563744225] [-0.9860685645774674, -0.0003728422303672491, -0.0014696631705405395, -0.16633245934263502] [0.78154057264328, 2.291409730911255, 1.3996424674987793] [0.0, 0.0] 0.14751386642456055
bicycle [656.31254377874, 1797.9681089155056, 1.91302497485605] [0.1292824046113538, 0.0015144508280689195, 7.321101658809646e-05, 0.9916066563596387] [0.5249411463737488, 1.649332046508789, 1.103481650352478] [0.0, 0.0] 0.14667971432209015
motorcycle [700.2376852589271, 1774.444172281317, 0.5190363584625406] [-0.9454790773656108, 0.0003756902901623075, -0.00146893770101603, 0.325679313654874] [0.8933626413345337, 2.3464913368225098, 1.4756789207458496] [0.0, 0.0] 0.14663217961788177
motorcycle [691.7942855410147, 1770.0163233356973, 0.8812233213567355] [0.32141980589049124, 0.0014706140400897912, 0.00036907385260849176, 0.9469355888655548] [0.6497663855552673, 1.9980266094207764, 1.3309540748596191] [0.0, 0.0] 0.14510393142700195
bicycle [687.4729234011861, 1806.859180932335, 0.7750813284099546] [0.3181320639916266, 0.001471885849656674, 0.0003639686925670225, 0.948045194565778] [0.6164440512657166, 1.7573188543319702, 1.18752121925354] [0.0, 0.0] 0.1437179446220398
motorcycle [700.6544961346085, 1774.9033543501678, 0.5191557269504283] [-0.9309500826294377, 0.0004371185174071217, -0.001451843161408388, 0.36514332080852796] [0.8460192084312439, 2.2874393463134766, 1.4320987462997437] [0.0, 0.0] 0.13822945952415466
motorcycle [703.9629147205994, 1778.4540878808175, 0.7052375064747411] [0.2369388311314869, 0.0014973636305165, 0.00023837642835428975, 0.9715233869448954] [0.6918833255767822, 1.9501545429229736, 1.275077223777771] [0.0, 0.0] 0.13673371076583862
motorcycle [708.1919897710773, 1780.141041257155, 1.9793213265828546] [0.19554691669688307, 0.0015061217857416723, 0.00017469496301501797, 0.9806931754882251] [0.7542879581451416, 2.0651326179504395, 1.6123700141906738] [0.0, 0.0] 0.13450109958648682
bicycle [669.2426052160852, 1820.8473745863648, 0.8818256000507698] [-0.8572997952459153, -0.0008836084586820022, -0.0012321352423066735, -0.5148152699271344] [0.5275201201438904, 1.6151576042175293, 1.1142197847366333] [0.6561677652769817, 2.0958221254435956] 0.13105669617652893
motorcycle [641.5945100988635, 1832.755925485632, 3.225798311611249] [-0.47105163921027393, 0.0012750115421004318, -0.0008205283243734977, 0.8821043329879694] [0.6807805299758911, 2.028458595275879, 1.5029816627502441] [0.0, 0.0] 0.1294712871313095
bicycle [691.6543156977239, 1849.8284772566572, -0.21027596367604418] [-0.5637682826110513, -0.001317608137586428, -0.0007502199406537588, -0.8259316101231519] [0.6735772490501404, 1.6442179679870605, 1.4305140972137451] [0.023595750028963136, 0.01168172793763121] 0.1281294822692871
motorcycle [704.3748307468553, 1779.6191161848553, 0.7378805371686101] [-0.8898255412405728, 0.000579939117473509, -0.0014009253312052532, 0.45629837522695393] [0.7735999822616577, 2.0295045375823975, 1.3724009990692139] [0.0, 0.0] 0.1265358179807663
bicycle [651.3881112756258, 1832.6809082716304, 2.0872256187795095] [-0.9484356240378239, 0.00036215872143300666, -0.0014723322397062807, 0.3169661939936493] [0.6501476764678955, 1.827614426612854, 1.2209149599075317] [0.0, 0.0] 0.1259181797504425
motorcycle [640.8041705737434, 1816.7540268125185, 2.179971353327222] [-0.8990815565603346, 0.0005508115057333484, -0.001412631533252837, 0.4377785464500084] [0.7623722553253174, 2.0455679893493652, 1.3444092273712158] [0.0, 0.0] 0.11637359857559204
motorcycle [700.9279806860782, 1776.1451241970983, 0.4790006928971] [-0.7481094585710573, 0.0009106338891089784, -0.0012122982651124915, 0.6635736124013343] [0.7969254851341248, 2.226254940032959, 1.3932336568832397] [0.0, 0.0] 0.1111908033490181
motorcycle [710.9113112313261, 1775.0759615792836, 2.6327265372731876] [-0.018454595675489183, 0.001508675270426323, -0.0001510632052902309, 0.9998285497910582] [0.8262919783592224, 1.6720757484436035, 1.7053842544555664] [-0.013469794682869577, 0.010329511639067058] 0.11080481857061386
motorcycle [690.9612169793517, 1770.0707694325163, 0.84036027391499] [-0.959686138076246, -0.0005429839659850796, -0.001415658707553346, -0.28106977330039695] [0.6167975664138794, 2.089195728302002, 1.424074649810791] [0.0, 0.0] 0.10890964418649673
motorcycle [694.9550825661734, 1798.2593122694789, 0.6530274972092567] [-0.9591413271146121, 0.00030939399467747736, -0.0014843168528471309, 0.28292333890942434] [0.6692595481872559, 1.9207818508148193, 1.3234719038009644] [0.0, 0.0] 0.1018797904253006
pedestrian [720.325052032086, 1797.7366725849336, 0.7598656858117459] [-0.5628497974754841, 0.0011797600631669354, -0.0009524113381017916, 0.8265578059401792] [0.6747199892997742, 0.7179148197174072, 1.7696895599365234] [-0.4923363514492683, -1.1211837408692067] 0.46605294942855835
pedestrian [705.9182582863095, 1779.9663920147595, 0.9230683729127829] [-0.22971069341728018, 0.001442495486274488, -0.0004670416851483769, 0.9732577759301944] [0.6017847061157227, 0.610338568687439, 1.5614533424377441] [0.0, 0.0] 0.3528556823730469
traffic_cone [701.9906856504781, 1780.1559805963159, 0.3319639798878301] [-0.05300811756843188, 0.001502551150836355, -0.00020312853740636367, 0.9985929303528479] [0.3487154245376587, 0.3479256331920624, 0.7546942234039307] [0.0, 0.0] 0.3364126980304718
pedestrian [720.8150452725529, 1791.0829579559108, 0.9600436696188734] [-0.09636853845461107, 0.0014923003846852127, -0.0002682549635269855, 0.9953445664065075] [0.7141789793968201, 0.7738957405090332, 1.827086091041565] [-1.7403561209344318, -0.36750884030891157] 0.3346324563026428
pedestrian [704.8428945471024, 1780.1991596260998, 0.799507872300792] [-0.5712316143440116, 0.0011700073501745897, -0.0009643671314006575, 0.8207875144352346] [0.5818493366241455, 0.5897817015647888, 1.4859665632247925] [-0.00013555312051700928, -0.0034360481468562656] 0.32627594470977783
pedestrian [703.6974093574536, 1778.6616609364482, 0.6361403372001166] [-0.8523191154333888, -0.0008953937781103526, -0.0012235976241026982, -0.5230199102765418] [0.5437989234924316, 0.5464650392532349, 1.3073148727416992] [0.0010054455568605373, 9.535188304140037e-05] 0.313259094953537
pedestrian [705.717301267646, 1779.3969831820737, 0.9062284488889703] [-0.01274923265480904, 0.001509512682647065, -0.0001424521832621684, 0.9999175756758903] [0.6064399480819702, 0.61266028881073, 1.6094560623168945] [-0.008583971633485763, 0.008388266184046997] 0.28925004601478577
traffic_cone [702.4356887919506, 1780.7278859972525, 0.37020071826399736] [-0.10674370118371274, 0.0014894216099684554, -0.0002838035083424354, 0.9942854134183194] [0.3421577513217926, 0.3444030284881592, 0.7508741021156311] [0.0, 0.0] 0.284730464220047
pedestrian [707.3698256000488, 1780.0909898155426, 1.1778577376642871] [-0.2227580053671271, 0.0014457923507713733, -0.0004567336664178419, 0.9748725927646624] [0.6186934113502502, 0.5717645883560181, 1.744844675064087] [1.308828436327125e-05, -2.2869732820533447e-05] 0.28361260890960693
pedestrian [703.5091026743885, 1779.744106302028, 0.6539041013754151] [-0.8913192139874766, 0.0005753353912875967, -0.001402822280661544, 0.4533737529407533] [0.5858274698257446, 0.6164839267730713, 1.371641755104065] [0.0020663794288448474, -0.0009716854959943562] 0.27470260858535767
pedestrian [684.0127954372225, 1770.8633761167325, 0.25810743432520256] [-0.9986907952438078, -0.00020030413637323963, -0.0015029302766729619, -0.051131170279261895] [0.6282175183296204, 0.6587746143341064, 1.6237592697143555] [0.497313258641731, 0.05383109073048114] 0.2165147215127945
pedestrian [706.4266129875022, 1780.1062064519483, 0.9789801416410637] [-0.22502008736314083, 0.001444728376374306, -0.0004600881242624701, 0.9743529449649756] [0.6019911766052246, 0.6041549444198608, 1.602124571800232] [0.0, 0.0] 0.20423570275306702
traffic_cone [701.8200255240132, 1780.0242978624863, 0.3387320840345277] [-0.15017580470840303, 0.0014755669944475185, -0.00034874519134406095, 0.9886581455483082] [0.3531160056591034, 0.3468129634857178, 0.7700673937797546] [0.0, 0.0] 0.1981193870306015
pedestrian [693.5763609366032, 1837.886090499894, 0.4725872441655825] [-0.7347561445382297, 0.0009345783935867389, -0.0011939365099658088, 0.6783296463683071] [0.7091966271400452, 0.7905257940292358, 1.8734723329544067] [0.20609560679737998, -1.4226214946305646] 0.19440661370754242
pedestrian [707.9793615795935, 1780.3109414934827, 1.5243758128210219] [-0.06970549843273999, 0.0014989428987971214, -0.00022823529467237268, 0.9975664612280626] [0.6464712619781494, 0.5811368823051453, 1.8120319843292236] [-0.00409213121887996, 0.0024471347744157543] 0.18999803066253662
pedestrian [729.4528722555078, 1788.0236179115307, 1.5271901008036746] [-0.3925575333344601, 0.0013415361335832147, -0.000706542260504703, 0.9197262006169011] [0.6925667524337769, 0.7227587103843689, 1.8198528289794922] [-0.3720692337903382, -0.5315668403363306] 0.17541548609733582
pedestrian [711.1781271625028, 1775.2284625694083, 2.792546446133178] [-0.45037927845710235, -0.0014047456244354554, -0.0005706232506811643, -0.8928360468839148] [0.6437452435493469, 0.6482537984848022, 1.7264140844345093] [-0.36708708712770766, 0.3724211230842142] 0.1743549108505249
pedestrian [648.9312635234548, 1811.9646679957493, 2.3279882522866915] [-0.852517348665455, 0.0006848770399201197, -0.0013527248810378083, 0.5226967297613975] [0.6266120672225952, 0.6448462605476379, 1.6737467050552368] [-0.007535747366361655, -0.02422325575352093] 0.17280244827270508
pedestrian [704.4883011035325, 1779.6814250355944, 0.7274334494712738] [-0.5562044217850237, 0.0011873585091138165, -0.0009429214890029399, 0.8310441277487158] [0.5806654095649719, 0.6139727234840393, 1.4506442546844482] [0.0027957105348906126, -0.0021634866430612037] 0.16920539736747742
traffic_cone [702.8854673357014, 1781.143668597998, 0.5150497040066174] [-0.3046914414202409, 0.001401813173544186, -0.0005777897455532411, 0.9524499076613385] [0.354659765958786, 0.35670197010040283, 0.8255618214607239] [0.0, 0.0] 0.16862590610980988
pedestrian [703.8484960760413, 1779.9487258326485, 0.7127069775424395] [-0.8037221101577122, 0.0008001580785965464, -0.0012878929353192306, 0.5950029165663566] [0.5794840455055237, 0.620181143283844, 1.4386390447616577] [0.0026771053742942934, -0.0022892334648707538] 0.1672295480966568
traffic_cone [680.4508603230253, 1807.6702869078658, 0.34133424287334047] [-0.3383124617619098, 0.0013804173065398474, -0.0006271915364494101, 0.9410326133006404] [0.34647589921951294, 0.3789595365524292, 0.6600459218025208] [0.0, 0.0] 0.16339489817619324
pedestrian [641.55331183868, 1828.5823986275325, 3.8661916970780927] [-0.17631427568260388, 0.0014658102891993065, -0.0003877129861971978, 0.9843327573891641] [0.6850712895393372, 0.7199825048446655, 1.810776948928833] [-0.5549924414913121, -0.14613439812124315] 0.16273963451385498
pedestrian [641.8713418373903, 1833.098050678191, 3.289283319020571] [-0.4893447379308885, 0.0012576228399218802, -0.0008469391690642987, 0.8720891173143868] [0.6102449893951416, 0.6215566396713257, 1.7176862955093384] [3.264355532441853e-05, 9.045472013319109e-06] 0.1614232063293457
pedestrian [706.5995518564744, 1778.1878504145927, 1.2038379504333927] [-0.4566810144203289, -0.0014006757910674655, -0.000580541550542278, -0.8896292217249024] [0.5901003479957581, 0.5920941233634949, 1.7227380275726318] [-0.03757054728369238, 0.019771040143350453] 0.1525638997554779
pedestrian [707.1332860004499, 1779.7515817266658, 1.0114189488988585] [-0.08656887889591397, 0.0014948679698235934, -0.000253556534887173, 0.9962447140565117] [0.6232383251190186, 0.6125460863113403, 1.69418203830719] [-0.0016921253011767516, 0.0029850132807208957] 0.1496712565422058
pedestrian [703.3049981045702, 1779.1964501215743, 0.5428611974328637] [-0.9899614754906557, 9.161909689299258e-05, -0.0015134487453075576, 0.14132932506454607] [0.5040302276611328, 0.509541392326355, 1.1763432025909424] [0.00037016400864860486, -7.496499519290081e-05] 0.14340747892856598
pedestrian [703.9323297466561, 1779.0552894852813, 0.6851525625759478] [-0.9552133900978167, -0.0005648656175255545, -0.0014070707152542047, -0.29591397475731473] [0.6057741045951843, 0.6461679339408875, 1.4173307418823242] [0.0034012778860337428, 8.965883667710293e-05] 0.14282628893852234
pedestrian [641.1750865229808, 1832.2047064832943, 3.3437860913461996] [-0.8476167302917612, -0.0009062798374400421, -0.001215556670763708, -0.5306068032058577] [0.5697901844978333, 0.5875873565673828, 1.5881574153900146] [0.0, 0.0] 0.14081940054893494
traffic_cone [703.1768693414566, 1781.3971163017025, 0.6273365132580119] [-0.47660158359455607, 0.0012698149926805152, -0.0008285475532232803, 0.8791180987751293] [0.37877678871154785, 0.3720923364162445, 1.0139915943145752] [4.5571533573316675e-05, 7.77007197582532e-07] 0.13954225182533264
pedestrian [707.8954923788267, 1778.7327779576344, 1.7419165898896674] [-0.682875879054961, -0.0011881142993861518, -0.0009419689884399875, -0.7305328431246267] [0.7124167680740356, 0.6795879006385803, 1.9018248319625854] [-0.06698899064577109, 0.11134453699280078] 0.13746300339698792
pedestrian [707.8059180118368, 1779.6907798512361, 1.4919998851467433] [-0.18175362244729343, 0.0014636443536064619, -0.0003958110278206358, 0.9833429319449666] [0.6816315650939941, 0.6410418152809143, 1.8638020753860474] [-0.0037281133038773386, 0.001948085206426198] 0.13370558619499207
traffic_cone [699.8066433673298, 1768.1143416634527, -0.11046649745551052] [-0.7674566053204901, -0.001063381298696207, -0.0010808058924578774, -0.6410991031258628] [0.401432603597641, 0.405669629573822, 0.9817194938659668] [-6.639820672265017e-05, -1.675929556486049e-05] 0.1306317001581192
pedestrian [691.3644217890303, 1770.3850637832952, 0.9014300827657246] [-0.7122510703636934, -0.0011484980053056565, -0.000989885597125966, -0.7019231538029] [0.6051832437515259, 0.6121492385864258, 1.3579415082931519] [-0.0035274224092974324, 0.0004301452558394193] 0.12507323920726776
pedestrian [710.1003348339946, 1778.4851555850737, 0.9679034224171785] [0.13891559302616974, 0.0015136675958011166, 8.792936375394064e-05, 0.9903030642651894] [0.6037018299102783, 0.5864256024360657, 1.5712863206863403] [-0.0021661721506281303, 8.928426020256835e-05] 0.12494437396526337
pedestrian [735.9178421483984, 1803.3470910779201, 1.7012385532585772] [-0.34322914204677185, 0.0013771184135972295, -0.000634402111062019, 0.9392504762461786] [0.672356367111206, 0.6769021153450012, 1.7689807415008545] [-0.0021720557792610077, -0.0031517812522748935] 0.1245967224240303
pedestrian [655.7415209091838, 1748.0446277826254, -0.39749316701734494] [-0.9954018872354394, 2.210628066789521e-05, -0.0015160582033495688, 0.09577465200647717] [0.6847152709960938, 0.6589565873146057, 1.797183632850647] [0.007039293214969943, -0.0018218392491625066] 0.12005311250686646
pedestrian [707.5004721260442, 1779.219106267151, 1.2989982430118496] [0.3185242015679674, 0.0014717351658137569, 0.0003645775161685871, 0.9479135161470825] [0.6635522246360779, 0.6405482292175293, 1.8228073120117188] [-0.03210539031603471, 0.05939779199056367] 0.1192510575056076
pedestrian [724.3238578537683, 1813.342878162209, 1.0317871559265739] [-0.39090166481972716, 0.0013428055263014042, -0.000704126751460918, 0.9204311976025161] [0.6382037401199341, 0.6334363222122192, 1.8129953145980835] [0.006046793616727997, -0.011416510510234235] 0.11416349560022354
traffic_cone [700.831596203392, 1809.1403922720426, 0.4875855640241444] [-0.4790766140031112, 0.00126747551333296, -0.0008321219782518987, 0.8777717807005133] [0.29919660091400146, 0.30286702513694763, 1.0721930265426636] [0.00023377709773545057, 5.38998979730867e-06] 0.11281125247478485
pedestrian [708.2483425849139, 1779.1868010625121, 1.734920414307497] [0.02768191460140168, 0.0015140373230008147, -8.131511636239735e-05, 0.9996156324722204] [0.7263092994689941, 0.6790941953659058, 1.8970696926116943] [-0.013585347032748081, 0.012445835261173948] 0.1099366694688797
pedestrian [731.7136475921949, 1794.5952521498675, 0.9994514563776336] [0.20931873133523551, 0.0015035161791033553, 0.0001958577615590925, 0.9778462914952657] [0.6074421405792236, 0.6264005899429321, 1.6343199014663696] [0.000546754639753468, 0.0005540020956514054] 0.10878691077232361
pedestrian [651.0608438944626, 1833.6505888772595, 2.3698675460279066] [-0.8863701720756609, 0.0005904541939810532, -0.001396526050025092, 0.4629747499955041] [0.6350364685058594, 0.6739723682403564, 1.6521204710006714] [-0.014058765693935143, -0.0017871027784477267] 0.10388275980949402
traffic_cone [650.1758468158384, 1812.4361704595697, 1.699391320251628] [-0.9471236343801313, -0.0006015755913857989, -0.0013917715227138843, -0.32086527122362085] [0.38129153847694397, 0.3888164758682251, 0.8739462494850159] [0.0, 0.0] 0.10096954554319382
traffic_cone [651.5900196309224, 1832.7054655957345, 2.2673909169000446] [-0.5051364280822738, -0.001366460683756978, -0.0006570436540557353, -0.8630381741864713] [0.45236924290657043, 0.4483920931816101, 1.2948439121246338] [1.9815818107112463e-05, 0.000606924025039956] 0.10043758153915405
