car [672.9275727387886, 1794.5597770318982, 0.6358701005633419] [-0.38139438287120253, 0.0026950193107641764, 0.0005401343597774156, 0.9244083350122294] [1.8439689874649048, 4.28909969329834, 1.6741198301315308] [0.0, 0.0] 0.8567979335784912
car [683.8966656602045, 1800.518290354175, 0.5582266537735849] [-0.3541966860808692, 0.0026780701897924346, 0.0006187198643563012, 0.9351669116767968] [1.8708480596542358, 4.36643648147583, 1.5811526775360107] [0.0, 0.0] 0.852182924747467
car [682.8835666845969, 1784.4070920362096, 0.394599029439926] [-0.9281190265485042, 0.000566645442649321, -0.0026895700686780256, -0.37227344477473095] [1.9577124118804932, 4.532732963562012, 1.7293133735656738] [0.0, 0.0] 0.8342112302780151
car [682.2478206198867, 1802.2680781903596, 0.6085075898209498] [-0.34236790996278355, 0.002670049534933933, 0.0006524643231649229, 0.9395619507799913] [1.9130218029022217, 4.50209903717041, 1.6933177709579468] [0.0, 0.0] 0.829540491104126
car [687.1021109343089, 1797.0771305569895, 0.4469605835517414] [-0.3743628428287405, 0.002690839465915945, 0.000560586461371638, 0.9272782252565683] [1.8969619274139404, 4.4609694480896, 1.6081006526947021] [0.0, 0.0] 0.828981339931488
car [677.3965279953227, 1807.5481619538925, 0.7424484367938132] [-0.37714278732004536, 0.0026925089938720018, 0.0005525120178985722, 0.926151047668929] [1.8567966222763062, 4.398745059967041, 1.6893366575241089] [0.0, 0.0] 0.8148260712623596
car [671.0727979852604, 1825.049768954085, 1.2795638541048513] [-0.929121475258093, 0.0005739102571823244, -0.0026880292462517757, -0.3697644241135329] [1.897136926651001, 4.3849873542785645, 1.6463687419891357] [0.0, 0.0] 0.8114749789237976
car [680.7451794920709, 1804.1791313717274, 0.6127530803683693] [-0.360776010115664, 0.002682362523276924, 0.0005998378995390602, 0.9326484416171024] [1.7790223360061646, 4.134149074554443, 1.6072041988372803] [0.0, 0.0] 0.8100605010986328
car [667.3508144133083, 1817.6841977133363, 1.1794694251239912] [-0.39620423510209424, 0.002703353348352925, 0.0004967442862811866, 0.918158292024285] [1.8620710372924805, 4.456027507781982, 1.5558910369873047] [0.0, 0.0] 0.8074837923049927
car [663.615007610073, 1820.9388172972804, 1.2809192361519566] [-0.4147429330374761, 0.0027128713165182183, 0.0004418183246728104, 0.9099344727073808] [1.808751106262207, 4.134756088256836, 1.6287119388580322] [0.0, 0.0] 0.8040481209754944
car [671.0367490967046, 1796.4503384491843, 0.5434872877967073] [-0.9281156759377212, 0.0005666212356852246, -0.002689575168548843, -0.3722817981105906] [1.9311596155166626, 4.74648380279541, 1.5289974212646484] [0.0, 0.0] 0.7788728475570679
car [672.8373345322184, 1823.2201291003141, 1.2048248229638114] [-0.388080173672653, 0.0026988609838245383, 0.0005205992719872149, 0.9216215188069292] [1.9458404779434204, 4.532139301300049, 1.6451317071914673] [0.0, 0.0] 0.7729591727256775
car [684.9998512891186, 1811.354073508797, 0.7223886885185771] [-0.38337838961734977, 0.0026961728725062636, 0.000534346379762512, 0.9235872755187757] [1.9206066131591797, 4.486944198608398, 1.5709203481674194] [0.0, 0.0] 0.7648393511772156
car [672.3482077444994, 1812.2449701013852, 0.7713840661160186] [-0.36978504013271046, 0.002688041979982089, 0.0005738506128409654, 0.9291132703927099] [1.8157002925872803, 4.282803058624268, 1.5217968225479126] [0.0, 0.0] 0.7573279738426208
car [646.8594524630885, 1837.3592436604345, 2.8725190898156097] [-0.7326762885264029, -0.0004363886975146756, -0.002713750009983496, -0.6805717459290848] [1.8949298858642578, 4.390036582946777, 1.6730235815048218] [0.0, 0.0] 0.7456552982330322
car [688.188619009864, 1779.2138260863612, 0.24255085708622248] [-0.37982152601253655, 0.002694096710153901, 0.0005447174757081943, 0.9250557029191786] [1.8528034687042236, 4.30384635925293, 1.574828028678894] [0.0, 0.0] 0.7379129528999329
car [686.4035580931242, 1780.9118682758656, 0.21420331017245742] [-0.9224255265565509, 0.0005262033559400772, -0.002697773941641772, -0.3861652406453196] [1.813431739807129, 4.151966571807861, 1.5281624794006348] [0.0, 0.0] 0.7241392135620117
car [643.9590505515044, 1822.5621390778897, 2.26192957703019] [-0.9183578715387455, 0.002306891470066944, -0.0014943647337033721, 0.39574141166753407] [1.8225483894348145, 4.3565216064453125, 1.608480453491211] [0.0, 0.0] 0.7227919101715088
car [654.8683138940798, 1836.2724522370768, 2.2984164073950044] [-0.6167472386566799, 0.0027407825549492035, -0.0002073287208519091, 0.787156457596041] [1.985052466392517, 4.668996334075928, 1.7502620220184326] [0.0, 0.0] 0.7192147970199585
car [688.0738238521474, 1807.37147717794, 0.6488626181509123] [-0.9271748608438628, 0.0005598437327707945, -0.0026909940926879115, -0.3746187696111224] [1.8302358388900757, 4.246889591217041, 1.5475486516952515] [0.0, 0.0] 0.6967906355857849
car [674.7468639320226, 1821.669250068446, 1.0531708595216749] [-0.4193821998481458, 0.0027150911921224787, 0.00042796498742644386, 0.9078056045081002] [1.8923745155334473, 4.334287166595459, 1.5569310188293457] [0.0, 0.0] 0.6924919486045837
car [690.2813859708217, 1822.1233831384234, 0.6144819995718955] [-0.39594175062867515, 0.002703211236651107, 0.0004975170570414352, 0.9182715149861109] [1.9923005104064941, 4.592883110046387, 1.6937532424926758] [0.0, 0.0] 0.687211811542511
car [682.0760312322018, 1830.9877632450093, 0.9212906761383222] [-0.3640534820362013, 0.0026844552965516397, 0.0005904015352451381, 0.9313739889770943] [1.9997373819351196, 4.610253810882568, 1.6944866180419922] [0.0, 0.0] 0.6867009997367859
car [689.7572124049223, 1805.547489106323, 0.5203823900435767] [-0.9331385183130019, 0.0006034874749575453, -0.0026815437866224267, -0.35950653786322595] [1.9078669548034668, 4.457577705383301, 1.6081680059432983] [0.0, 0.0] 0.6864676475524902
car [688.7438839978911, 1795.4295919407243, 0.3456984703151216] [-0.39671925853553897, 0.002703631595945371, 0.0004952276298934299, 0.9179358774080026] [1.9029347896575928, 4.47281551361084, 1.565886378288269] [-0.00012742461161101778, 1.21251343443639e-06] 0.6673082709312439
car [694.1864163309253, 1818.7977525292308, 0.5559474351451628] [-0.3795275130641036, 0.0026939234563671047, 0.0005455736643562329, 0.925176368025667] [1.9330980777740479, 4.45072603225708, 1.5808753967285156] [0.0, 0.0] 0.6437209844589233
car [676.8017791733415, 1790.3916077190122, 0.44305903123022683] [-0.9319043527535047, 0.0005943190146814941, -0.00268359071409781, -0.3626937033432742] [1.9091081619262695, 4.388459205627441, 1.6445910930633545] [0.0, 0.0] 0.639189600944519
car [652.6727900210783, 1827.6262570133633, 1.699830063087941] [-0.7287296383687136, 0.002677874479319317, -0.0006195663685306645, 0.6847959983008014] [1.8451526165008545, 4.344132423400879, 1.4655946493148804] [0.0, 0.0] 0.6380825638771057
car [685.4919257890973, 1827.001193977377, 0.8282281378990752] [-0.2785120606164931, 0.002620217309730298, 0.000830262284939944, 0.9604287986191077] [1.934841513633728, 4.436164855957031, 1.6439889669418335] [0.0, 0.0] 0.6345872282981873
car [690.5543785220086, 1793.8670999298251, 0.366326602315068] [-0.3970214729742527, 0.0027037945060897836, 0.0004943374159849523, 0.9178052054347601] [1.9096057415008545, 4.411530494689941, 1.6153175830841064] [0.0, 0.0] 0.6248385906219482
car [693.9809652094386, 1790.2759738212455, 0.28736478633559526] [-0.39068814812223696, 0.0027003242187792435, 0.000512955480990545, 0.9205189927658224] [1.9715861082077026, 4.649545669555664, 1.6744025945663452] [0.0, 0.0] 0.6202473044395447
car [659.828119873793, 1847.1589455022845, 2.0071585212379293] [-0.7982246001200943, -0.00015753185198727308, -0.002744095101780083, -0.6023536609741018] [1.9073805809020996, 4.559494972229004, 1.6495583057403564] [0.0, 0.0] 0.6095793843269348
car [667.6857018172177, 1828.535638568735, 1.4033567883619316] [-0.9243143580494689, 0.0005394704790108217, -0.002695152280350742, -0.3816220808986105] [1.9597725868225098, 4.507775783538818, 1.6886731386184692] [0.0, 0.0] 0.575728714466095
car [692.3087039215853, 1820.654425184392, 0.5936708427620839] [-0.3852551345724644, 0.0026972535606173322, 0.0005288642942580793, 0.9228060069220072] [1.871660590171814, 4.366116523742676, 1.5780667066574097] [0.0, 0.0] 0.5699852108955383
car [686.2192971478008, 1808.8791129952701, 0.9585046097052271] [-0.9311064955305143, 0.0005884307850634318, -0.002684887972186847, -0.36473708216559475] [1.9008359909057617, 4.591126441955566, 1.8141462802886963] [0.0, 0.0] 0.5400160551071167
car [635.7459432210605, 1826.4100696328153, 3.40362484343797] [0.22676162103609182, 0.0018794646607218097, 0.0020056138215274228, 0.973946411436929] [1.8526899814605713, 4.277201175689697, 1.638431191444397] [0.0, 0.0] 0.46877050399780273
car [695.6839425619886, 1816.797904748199, 0.46917331936545636] [-0.36691695457350865, 0.0026862588522942443, 0.0005821405246800677, 0.9302496404580276] [1.8859260082244873, 4.34779691696167, 1.5661802291870117] [-0.0009016978414585884, 0.0019057518819532286] 0.4218994975090027
car [643.9530178195962, 1836.9452736906987, 3.1574440681726164] [-0.6997574377715752, -0.0005639132494675587, -0.0026901442450320227, -0.7143752329197505] [1.9721510410308838, 4.591996669769287, 1.7111215591430664] [0.0, 0.0] 0.39177608489990234
car [640.1355450479484, 1832.2864645146753, 3.0707028194790182] [-0.4058561763777164, 0.002708437107141094, 0.00046823354073064014, 0.913932825333376] [1.9915130138397217, 4.688423156738281, 1.7900935411453247] [0.0, 0.0] 0.3392862379550934
car [642.201867235927, 1848.8573558635287, 2.9794241584115424] [-0.6633480494059945, -0.0006970592700729795, -0.0026587558342219576, -0.7483059604700807] [1.9458811283111572, 4.526643753051758, 1.786547303199768] [0.0, 0.0] 0.33144518733024597
car [637.0493632291951, 1828.5142308660509, 3.3581364704383265] [0.2895214813570326, 0.0017452740878563522, 0.0021234153080029244, 0.9571675699471943] [1.900517225265503, 4.428009033203125, 1.6548314094543457] [0.0, 0.0] 0.31070244312286377
car [637.5506470765288, 1830.62873593314, 3.4309234496404093] [0.24611831772759, 0.0018391384738813254, 0.002042656086054001, 0.9692358943026865] [1.9258049726486206, 4.477471828460693, 1.6934685707092285] [0.0, 0.0] 0.2779765725135803
car [691.3928021745814, 1811.5384846690804, 0.696062440645819] [-0.9145336926612205, 0.002321068260713114, -0.0014722487361564195, 0.40450039568981866] [2.056457042694092, 4.829278945922852, 1.8562058210372925] [1.0240418201099666, -1.079081230813829] 0.27312541007995605
car [624.4796138900327, 1829.2011908162924, 3.5001553974339394] [-0.3711268305797182, 0.0026888681470516665, 0.0005699669286677173, 0.9285781177421966] [2.0508882999420166, 4.787609100341797, 1.7686266899108887] [-0.001645097304412201, -0.0009382284834525528] 0.22778360545635223
car [640.1945440712852, 1834.792626260071, 3.260635997461108] [-0.43112899129630905, -0.0014035925158558844, -0.0023632186232842114, -0.9022861175866637] [2.0531363487243652, 4.898175239562988, 1.8141785860061646] [0.0, 0.0] 0.22747090458869934
car [634.6328863118813, 1824.1598412507733, 3.5096467957931297] [0.1626749559319828, 0.0020064274407894257, 0.0018785960547310814, 0.9866758859110295] [1.9299216270446777, 4.614639759063721, 1.675241231918335] [0.0, 0.0] 0.2250298708677292
car [691.4443056391598, 1803.934897590282, 0.4631777135900817] [-0.9253677933326463, 0.0005469331867911983, -0.00269364776858267, -0.37906053894919794] [1.8896957635879517, 4.338772296905518, 1.5959384441375732] [0.0, 0.0] 0.219651460647583
car [692.4100410633372, 1792.0739334001112, 0.19996540092281323] [-0.40756749231505224, 0.0027093094752800393, 0.00046315912941642147, 0.9131709502244403] [1.8328748941421509, 4.214077949523926, 1.5530403852462769] [0.0, 0.0] 0.2119641900062561
car [676.585044218026, 1863.0326970880396, 3.2598131995963544] [-0.6098518185208235, -0.0008797793090390311, -0.002604008943800075, -0.7925106968190601] [1.912940263748169, 4.3459601402282715, 1.777862787246704] [0.0, 0.0] 0.19805219769477844
car [633.319585287228, 1822.087058405411, 3.4011325453090113] [-0.4418151583203259, -0.0013754252380549451, -0.002379722594447822, -0.8971018955526584] [1.8795350790023804, 4.425724983215332, 1.6581685543060303] [0.0, 0.0] 0.195842906832695
car [720.7341893464665, 1798.3768104313792, 0.8351010832663093] [-0.637995682260125, 0.0027341050016922216, -0.0002820355504640458, 0.7700350346206497] [2.0148556232452393, 4.706047058105469, 1.7474277019500732] [-0.062033896028843676, -0.2878424879702312] 0.18359655141830444
car [699.6646669158968, 1774.7408062325865, 0.6460073826613106] [-0.40873891761073544, -0.0014614645593216229, -0.0023278736120869695, -0.912647216812823] [1.9490983486175537, 4.492067813873291, 1.720812439918518] [0.0, 0.0] 0.18194124102592468
car [695.4003264946944, 1788.2325156463637, 0.2662725581923394] [-0.30235732299530516, 0.0026400920240612843, 0.000764714532679984, 0.9531906914971947] [1.8752727508544922, 4.42538595199585, 1.5938270092010498] [-0.10142795800221305, -0.013969962788448219] 0.18103213608264923
car [672.582438144119, 1866.6711763652531, 2.93963396955416] [-0.8189701245849899, 0.0025620952469721696, -0.000995259844184724, 0.5738295741446529] [2.0071005821228027, 4.628170013427734, 1.806581974029541] [0.0, 0.0] 0.17574377357959747
car [668.50559197085, 1870.929759093547, 2.0792546705985924] [-0.9936697758424337, 0.001260858016386878, -0.002442357728613259, -0.1123068194858865] [1.9709501266479492, 4.5381269454956055, 1.7043609619140625] [0.9867340056818631, 0.2841468257234905] 0.15736398100852966
car [670.2334930058595, 1843.0284877027145, 1.5339462782094622] [-0.2542312187920157, 0.002598472242051047, 0.0008960001223739826, 0.9671395620681195] [1.8991247415542603, 4.445736885070801, 1.6315118074417114] [-0.0001297201723647658, 0.0004101508623127316] 0.15465715527534485
car [630.356846108682, 1807.2971228339024, 3.535702161666235] [-0.8203047611844252, -5.42611626686753e-05, -0.002748077498585114, -0.57192005027272] [1.9598891735076904, 4.627419471740723, 1.7463322877883911] [0.2058677596068269, 0.9819064980936976] 0.1500592976808548
car [684.6515719080793, 1782.6752910870232, 0.1543803070647003] [-0.9193244223566828, 0.0005047261013286534, -0.0027018744927626744, -0.39349085324101113] [1.796876072883606, 4.205671787261963, 1.5077705383300781] [0.006376669507736024, 0.003912821021649801] 0.1421213448047638
car [690.164152207794, 1777.205379268136, 0.1751516570329017] [-0.9710964118859825, 0.0009376011824424428, -0.0025837527425600394, -0.23867174937130226] [1.931889295578003, 4.413739204406738, 1.627266764640808] [0.0, 0.0] 0.14025069773197174
car [680.0003373373523, 1833.1866220855306, 0.8476556545935512] [-0.9996051893451823, 0.001590481914399552, -0.0022417050412513947, 0.027962663678021304] [1.9760053157806396, 4.522287368774414, 1.7020723819732666] [0.0, 0.0] 0.13609476387500763
car [618.8808128303863, 1827.2095182707571, 3.7478447959823953] [-0.5713075637058531, -0.0010031365884497143, -0.0025590215311555005, -0.8207314498532818] [1.9247357845306396, 4.440145492553711, 1.7142908573150635] [-0.0005065756780686003, 0.00037215271207521384] 0.13532261550426483
car [647.2834785324628, 1806.3669893938256, 1.7199404977151351] [-0.43151681600952563, -0.0014025765124913176, -0.0023638217654069578, -0.9021007053687459] [1.8234636783599854, 4.23421049118042, 1.5848866701126099] [0.0, 0.0] 0.1346232295036316
car [683.7669118004909, 1829.4352022308751, 0.8280463660763093] [-0.38539296910594895, 0.0026973325265851923, 0.000528461401645872, 0.9227484513611977] [1.8982107639312744, 4.3546342849731445, 1.606321096420288] [0.0, 0.0] 0.13428737223148346
car [706.1160859374063, 1806.937999091572, 1.3892987194309838] [-0.3947804328286367, 0.002702580048629683, 0.0005009344196127471, 0.918771383414515] [2.5011770725250244, 6.423853874206543, 2.662398338317871] [0.0, 0.0] 0.13193818926811218
car [640.15596834113, 1847.6271269417932, 3.1010828980254663] [-0.01925352250770196, 0.002314282737272506, 0.001482892317050182, 0.9998108556106166] [2.012493371963501, 4.737293720245361, 1.8022582530975342] [0.0, 0.0] 0.1173279657959938
car [657.8545791042945, 1869.6671833350501, 2.3853345007101403] [-0.7558374549566491, -0.00034201473405275247, -0.0027272513880635934, -0.6547535313462944] [1.9697651863098145, 4.617151260375977, 1.7599072456359863] [0.0, 0.0] 0.1162276640534401
car [698.7310368603792, 1773.8366070710051, 0.6002198659418572] [-0.5000579927485959, -0.0012153719091965859, -0.0024653083649596097, -0.8659875570780639] [1.929896593093872, 4.527852535247803, 1.6858582496643066] [0.0, 0.0] 0.11418841779232025
car [678.2792486168728, 1834.0910273023007, 0.6725760096278918] [-0.42962048528014607, 0.0027197568630714375, 0.00039723647589288806, 0.9030053619738032] [1.921257734298706, 4.488009929656982, 1.6656277179718018] [0.0, 0.0] 0.11277572810649872
car [669.3386807248978, 1826.8528640715424, 1.307811015006203] [-0.9228856519460975, 0.0005294220329223522, -0.0026971441420621817, -0.3850643044451332] [1.8499460220336914, 4.338665962219238, 1.5713963508605957] [0.027207557182033416, 0.029476514303128216] 0.11140384525060654
car [692.3346530709159, 1775.9117562601689, 0.4207779879109961] [-0.9974418404652141, 0.0016865140878467677, -0.002170378870957409, 0.0714298258093477] [1.8984373807907104, 4.361441135406494, 1.614377498626709] [0.0, 0.0] 0.1110568642616272
car [634.6498153251599, 1820.8768438724064, 3.064331831171079] [-0.7836038058043981, -0.0002230554352206423, -0.0027395474963618546, -0.6212547952769866] [1.89473295211792, 4.418493270874023, 1.6258496046066284] [0.0013781869703292469, -0.0018295961156795067] 0.10735183954238892
car [733.595301858164, 1796.6792291822378, 0.6689618993148776] [-0.4639912010467631, -0.0013158112745783584, -0.0024131959932207044, -0.8858355436970058] [1.9034408330917358, 4.384644031524658, 1.6844570636749268] [-0.002983484666975764, 0.002440166500945965] 0.1048852801322937
car [617.7302855651127, 1825.9446244587396, 3.804313408634268] [0.08189111055373177, 0.002152564404842459, 0.0017091929952492806, 0.9966374923401509] [1.9798057079315186, 4.656804084777832, 1.7678327560424805] [0.0, 0.0] 0.10368502140045166
car [620.7279695877654, 1812.0080840458822, 4.467822726883648] [-0.2565930219621155, 0.0026006532687867494, 0.0008896498117533548, 0.9665156316408632] [1.984889268875122, 4.595926284790039, 1.7242375612258911] [-7.441469416276555e-05, 2.6808938103905676e-06] 0.10272166132926941
car [612.9863317400886, 1810.2312732371395, 4.936038113771538] [-0.34186854552261664, 0.0026697024155223903, 0.0006538831887714308, 0.9397437643890159] [1.9361910820007324, 4.434823036193848, 1.7198994159698486] [0.0, 0.0] 0.10148110240697861
truck [662.811550436162, 1804.3696080173652, 1.0498691152154287] [-0.9236779290706423, 0.0005349840828241352, -0.0026960464096763594, -0.3831599254535333] [1.9767879247665405, 4.961647987365723, 2.0108141899108887] [0.0, 0.0] 0.7687555551528931
truck [706.1125939026429, 1806.959519276751, 1.4225137313604708] [-0.3817461074615, 0.0026952246454442375, 0.0005391088225896101, 0.9242631414071323] [2.5154383182525635, 6.453147888183594, 2.912388563156128] [0.0, 0.0] 0.6600444316864014
truck [686.281171270105, 1808.9264798532909, 0.911789964504937] [-0.9291136068830026, 0.0005738530588592691, -0.002688041457798192, -0.36978419467392704] [1.9276793003082275, 4.8978047370910645, 1.8082334995269775] [0.0, 0.0] 0.32474491000175476
truck [640.0654408588027, 1832.2359343918138, 3.0729596667975136] [-0.3642222392747664, 0.002684562232130318, 0.0005899151073022694, 0.9313080078810997] [2.031665802001953, 5.135568618774414, 1.8771275281906128] [0.0, 0.0] 0.28961724042892456
construction_vehicle [686.3741330826302, 1758.1220426108487, 1.3873189251637437] [-0.9566815692679347, 0.0007957188029268213, -0.0026309134912939815, -0.2911233761634909] [2.542090892791748, 5.2424516677856445, 2.4952540397644043] [0.00023622708935262525, 0.0009110198866214284] 0.2851336598396301
construction_vehicle [676.8408868118995, 1861.6332393416087, 2.944861574952379] [-0.9954066734129621, 0.001301468182369109, -0.0024209615408520672, -0.09569743805728731] [1.6758838891983032, 2.970950126647949, 1.8641639947891235] [0.0, 0.0] 0.21868759393692017
truck [691.8148805340442, 1811.1204578648956, 0.6774471147644618] [-0.9186410696995746, 0.0023058206004049767, -0.0014960165676729687, 0.3950835736739874] [2.2107934951782227, 5.627748489379883, 2.113213300704956] [1.13735677268514, -1.2412276547083896] 0.19993053376674652
construction_vehicle [622.2244824821681, 1827.259789896703, 3.3537233624779494] [-0.959811040975989, 0.0008244705061346662, -0.0026220454985598583, -0.28063358805812205] [2.9913649559020996, 6.529901027679443, 2.7302751541137695] [0.0, 0.0] 0.19226722419261932
construction_vehicle [701.2487195521329, 1817.94251441856, 1.2505878088526] [-0.18737281831059277, 0.00253097943245369, 0.0010719222567427073, 0.9822850258881752] [1.6036876440048218, 2.497370719909668, 2.1424052715301514] [0.0006342331008435846, -0.0015686982782321713] 0.1583164483308792
construction_vehicle [705.103802182759, 1778.5731135047506, 0.7631043522025205] [-0.9239113647758856, 0.0022853329039527297, -0.0015271305543780311, 0.38259670040886146] [2.2436959743499756, 5.015973091125488, 2.309525966644287] [0.0, 0.0] 0.15354245901107788
truck [676.5664446281916, 1863.7714007519216, 3.4333577623257523] [-0.8480463927822655, 0.0025061411937108216, -0.0011287739052572403, 0.529914861854973] [2.265944004058838, 5.730968475341797, 2.411961555480957] [0.0, 0.0] 0.1409543752670288
construction_vehicle [641.8022126394023, 1851.8334520068804, 2.815365447922356] [-0.7270012616036394, -0.0004589019113044879, -0.0027100338093472304, -0.6866306217701803] [3.2860934734344482, 8.438178062438965, 3.364840507507324] [0.0, 0.0] 0.12956179678440094
truck [642.5317590494252, 1847.6246310670642, 2.8406575152056983] [-0.6197471915315684, 0.002739971251452612, -0.0002177883220404516, 0.7847967021557373] [2.1248579025268555, 4.738779544830322, 2.0326075553894043] [0.0, 0.0] 0.12879547476768494
truck [667.3152273500065, 1828.1781680595143, 1.3694677041137393] [-0.9248782758644526, 0.0005434596307610957, -0.002694350727306484, -0.38025336285138284] [2.0883023738861084, 5.339908599853516, 1.8615479469299316] [0.0, 0.0] 0.12494750320911407
construction_vehicle [672.7919086722399, 1847.1576458814118, 3.1467993317789595] [-0.41804870824749446, 0.002714459832772024, 0.0004319514188786261, 0.9084204547776259] [2.8292598724365234, 4.463696002960205, 3.1333861351013184] [0.0, 0.0] 0.1223117932677269
truck [676.5568919031958, 1790.0633422882654, 0.4405465259855784] [-0.9318410620142075, 0.0005938508189018369, -0.0026836943598132785, -0.36285628046104085] [1.9829331636428833, 5.134341239929199, 1.8163100481033325] [0.0, 0.0] 0.1190960705280304
truck [672.7823925462989, 1865.9273157622447, 2.918447597708562] [-0.8348292623661036, 0.002533004456801333, -0.0010671282180827971, 0.5505020870287913] [2.131096839904785, 4.704559326171875, 2.559255599975586] [0.0, 0.0] 0.1166616678237915
truck [699.9902376194877, 1774.3238847954199, 0.45153815789477014] [-0.5770683093569803, -0.0009851057888675685, -0.0025660165230846797, -0.81669125834777] [2.18798828125, 5.165633201599121, 2.125560998916626] [0.0, 0.0] 0.11296648532152176
truck [682.1601895899457, 1831.0747644131286, 0.9233374925127421] [-0.36531243336027547, 0.002685251107829148, 0.0005867714204920958, 0.9308809113727609] [1.9833176136016846, 4.788631916046143, 1.7833130359649658] [0.0, 0.0] 0.1062576025724411
truck [643.5909179849333, 1822.9569767210055, 2.250103315648127] [-0.9207691861790213, 0.002297677328998496, -0.0015084936538846665, 0.3900981298455692] [2.0622751712799072, 5.393927097320557, 1.9052809476852417] [0.0, 0.0] 0.10592398047447205
truck [694.0795112240022, 1790.363641987443, 0.26087983184734864] [-0.3687835648514045, 0.002687422007997214, 0.0005767470528196912, 0.9295112303900784] [1.9614475965499878, 5.077427864074707, 1.8113021850585938] [0.0, 0.0] 0.10528863966464996
truck [697.4754763594389, 1770.8488412578854, 0.5608556252086931] [-0.44021201368573454, 0.0027242410600443814, 0.0003652189189681087, 0.8978896525367346] [2.2499656677246094, 5.445808410644531, 2.066249370574951] [0.0, 0.0] 0.10428663343191147
truck [659.7587952352479, 1847.534420824873, 2.077367614946183] [-0.5870148953449024, 0.0027466011436297604, -0.00010514927396645425, 0.8095714655106125] [2.1578314304351807, 5.395212650299072, 1.9569458961486816] [0.0, 0.0] 0.10281670093536377
truck [690.3180504364134, 1822.196065782446, 0.6401030859162085] [-0.3936318533455584, 0.0027019518751867054, 0.0005043116855467707, 0.9192640584497624] [1.9614827632904053, 4.754673480987549, 1.7991676330566406] [0.0, 0.0] 0.10062722861766815
bus [707.986550172357, 1788.0440301170333, 1.5700361728336374] [-0.41216059587727066, 0.002711607363124962, 0.00044951053408176164, 0.911107067436029] [2.960341691970825, 12.129791259765625, 2.95198917388916] [0.0, 0.0] 0.789646327495575
bus [648.2725297964997, 1754.771963331469, 1.187551156281178] [-0.9995618546950622, 0.0014591617778806562, -0.0023293177365864334, -0.029471066562899717] [3.016948699951172, 12.336825370788574, 3.563732147216797] [4.185661152500536, 0.4133697014787725] 0.19169336557388306
bus [708.0382472939252, 1780.7247863519196, 1.4223192885683962] [-0.9318712695348764, 0.002252198811810446, -0.0015755871045688291, 0.362778695820531] [2.98759126663208, 12.355518341064453, 3.581048011779785] [0.0, 0.0] 0.17365369200706482
trailer [676.7040004849272, 1861.274270404942, 3.012399393101236] [-0.5491521396690507, 0.0027485305398956654, 2.1309229569041466e-05, 0.8357178786065852] [2.0469448566436768, 2.5431270599365234, 2.5394177436828613] [0.0, 0.0] 0.14370609819889069
barrier [705.4844881384337, 1779.789208666723, 0.6535932046035275] [-0.449090137964119, 0.0027277272312564056, 0.0003381987047081014, 0.893482228759563] [2.215480089187622, 0.37355852127075195, 1.0144681930541992] [0.0, 0.0] 0.16755366325378418
barrier [647.7902017740051, 1806.82673776467, 1.6918683895859516] [-0.9241495193911597, 0.0005383068872205476, -0.002695384927459323, -0.3820210870290747] [2.0334463119506836, 0.4248694181442261, 1.054607629776001] [0.0, 0.0] 0.13076117634773254
barrier [709.7848284592516, 1791.7695669872337, 0.8312225619515939] [0.37828446219344514, 0.0015377701636301692, 0.0022781872477592394, 0.9256853195275399] [3.185570001602173, 0.5697806477546692, 0.9261658191680908] [0.0, 0.0] 0.12698151171207428
barrier [624.3076960679765, 1827.8098707445142, 3.3382553406078337] [-0.911961497333412, 0.0023303175945020866, -0.0014575644482347876, 0.4102665871201173] [2.1565873622894287, 0.5153573155403137, 0.9844619035720825] [0.0, 0.0] 0.1093074157834053
motorcycle [647.7812798054487, 1806.8170150003673, 1.7717135718591228] [0.3687832671359247, 0.0015610238801787388, 0.002262317099240443, 0.9295113485086348] [0.6542955636978149, 2.2167935371398926, 1.3150230646133423] [0.0, 0.0] 0.4483512043952942
motorcycle [697.916292037593, 1772.9499015331617, 0.241752937894536] [-0.4774168753194568, 0.0027371427312488164, 0.00025084632900591614, 0.8786726195153653] [0.7769160270690918, 2.1193222999572754, 1.3650919198989868] [0.0, 0.0] 0.38616329431533813
bicycle [693.6695420177484, 1787.2348109800107, -0.49694239955832753] [0.3054791687055072, 0.0017095394583202979, 0.0021522892585454025, 0.9521947923680215] [0.6605238318443298, 1.7942054271697998, 1.6133689880371094] [-4.037927809591615, 3.049369751226164] 0.3656179904937744
motorcycle [700.3921169405571, 1773.8774835513489, 0.5897913293911927] [-0.3267171667609261, 0.002658845680104169, 0.0006967164856635623, 0.9451181609034401] [0.7587522268295288, 2.116654396057129, 1.3986691236495972] [0.0, 0.0] 0.24526555836200714
motorcycle [677.0260721565489, 1861.425236201261, 3.00885280315501] [-0.9829187370877035, 0.0010805532697938172, -0.0025273066381311694, -0.1840195680021593] [0.7999988198280334, 2.158785343170166, 1.5882303714752197] [0.0, 0.0] 0.21174320578575134
motorcycle [642.1342214932204, 1804.763529506136, 1.7642490771551458] [-0.24985099138627542, 0.0025943900029846353, 0.0009077525678384841, 0.9682803970075418] [0.6186397075653076, 1.7657618522644043, 1.1802605390548706] [0.0, 0.0] 0.20110541582107544
bicycle [653.6279237994621, 1810.093712461638, 1.1930641904691648] [-0.92089144465749, 0.0022972042724997695, -0.001509213948521805, 0.3898094307253592] [0.4936490058898926, 1.600727915763855, 1.114499568939209] [0.28162173438318794, -0.32066429971899485] 0.17835719883441925
bicycle [631.1809680129093, 1808.0216317926172, 3.819101534439839] [-0.8014127202879435, -0.00014295446715040065, -0.0027448931185614003, -0.5981054228866898] [0.762686014175415, 1.8451578617095947, 1.7103015184402466] [0.8836963191152818, 3.5179134290715854] 0.17830196022987366
motorcycle [699.141841603197, 1773.4190770094915, 0.51780306383326] [-0.9998204646866418, 0.001569752060409174, -0.0022562696383289695, 0.018747893737038945] [0.7908520698547363, 2.1669836044311523, 1.3688615560531616] [0.0, 0.0] 0.17734700441360474
motorcycle [704.1099056163819, 1779.3563967382638, 0.9183330886609979] [-0.35810787814815037, 0.0026806364837617704, 0.0006075049414855033, 0.9336761712360538] [0.829634428024292, 2.0403051376342773, 1.3885911703109741] [0.0, 0.0] 0.17222023010253906
motorcycle [634.6081835310164, 1821.0554194764507, 3.0643253694468595] [-0.9603018388873902, 0.002104041635466917, -0.0017685822028465845, 0.278949499650536] [0.6764201521873474, 1.9234282970428467, 1.340277910232544] [0.0027846337035159086, -0.004591932800361803] 0.16100706160068512
bicycle [645.5245037329704, 1829.3511124978584, 2.2193100493711087] [-0.9934313110480454, 0.0017785826707247677, -0.0020955948786446146, 0.11439700763197108] [0.6004541516304016, 1.6879839897155762, 1.2218601703643799] [-0.0036610358123275615, 0.06787317522684712] 0.15676990151405334
bicycle [699.0226646419324, 1820.2753736678321, 1.478933453903751] [-0.9986816859009158, 0.0016423076019559282, -0.002204019045417201, 0.05125753965898022] [0.6011539697647095, 1.783819556236267, 1.2218607664108276] [0.0, 0.0] 0.1402319073677063
motorcycle [669.4680033008509, 1842.9865495380332, 1.8392072357536269] [-0.8905387035315511, 0.0023996004693732234, -0.0013404446274978242, 0.45489917854194006] [0.6966056823730469, 2.0143089294433594, 1.3846722841262817] [-0.00011494398436577283, 0.0002634187065248481] 0.13160650432109833
motorcycle [672.2858854173974, 1865.5614977803814, 3.2509402501143567] [-0.5479309527361101, -0.001074916490988365, -0.0025297092223030785, -0.8365190470990402] [0.7273359298706055, 2.0536932945251465, 1.353621244430542] [0.000224149358044436, 0.0006325895856554484] 0.13097500801086426
motorcycle [692.738655298785, 1789.8965918942577, 0.08189977930223091] [-0.925053422387264, 0.0005447012998679246, -0.0026940999806848616, -0.3798270802028178] [0.6700767278671265, 2.0619802474975586, 1.2862052917480469] [0.0, 0.0] 0.12604761123657227
bicycle [619.7818709967485, 1825.5521271872697, 3.3738429770068326] [-0.9518317241789269, 0.0021543158165872275, -0.0017069849367835916, 0.3066085680021987] [0.7365484833717346, 1.9044520854949951, 1.32963228225708] [0.0, 0.0] 0.12474782019853592
bicycle [665.1009864973154, 1788.5489244415637, 1.1082710691588968] [-0.805401814446344, 0.0025845509653106384, -0.0009353985886860362, 0.5927228377684839] [0.5039966702461243, 1.5572166442871094, 1.1374411582946777] [0.0, 0.0] 0.1233862042427063
bicycle [664.34166314563, 1794.4744937492776, 1.1856922589695365] [-0.7960741115712527, 0.002598803860045051, -0.0008950378254682385, 0.605192906445398] [0.5911123752593994, 1.744187355041504, 1.1445422172546387] [0.0024051968762100985, -0.00028972079452173436] 0.11465351283550262
motorcycle [698.6136577421416, 1772.2555124482467, 0.12592789401849647] [-0.028698072085787174, 0.0023281886345419556, 0.0014609626600271602, 0.9995843465082606] [0.9043483734130859, 2.4629030227661133, 1.499910593032837] [0.0, 0.0] 0.1126093864440918
motorcycle [704.1254962760642, 1778.5803351273323, 0.7118022255362138] [0.09380929337732352, 0.0021319610826583367, 0.0017348245311945136, 0.9955863908279557] [0.6986156105995178, 1.828487515449524, 1.2965642213821411] [0.0, 0.0] 0.11079590022563934
bicycle [649.0065436232549, 1812.2204883525526, 2.0343685575018453] [-0.8868379459406336, 0.00029838316828540747, -0.0027323692460734395, -0.4620723999175732] [0.6491894721984863, 1.7850732803344727, 1.5646109580993652] [0.5555500118001983, 0.7827540906189365] 0.10983362048864365
motorcycle [645.2810831654554, 1821.2250425247653, 2.065797574443628] [-0.9205039317132981, 0.0005128513876691944, -0.0027003439903408154, -0.390723632285209] [0.7176339626312256, 1.8763076066970825, 1.3022936582565308] [0.0, 0.0] 0.10557502508163452
motorcycle [642.23505230535, 1847.1076297359489, 3.1862152915516475] [-0.12424854729181833, 0.0024573441590253573, 0.0012313951015445598, 0.9922473197855766] [0.6985412836074829, 1.9734747409820557, 1.3150993585586548] [0.0, 0.0] 0.10368365049362183
bicycle [687.7691311064821, 1772.1108229205913, 2.1801489786240866] [-0.8956501862256325, 0.0023842142076307108, -0.0013676245186950396, 0.44475070437243547] [0.6843194961547852, 1.9475750923156738, 1.4006686210632324] [0.0, 0.0] 0.10064170509576797
motorcycle [698.6167182698937, 1776.3235457831988, 0.16217961604675346] [-0.9926256048585399, 0.001238964075560975, -0.002453536678240883, -0.12118932999651943] [0.6661155223846436, 1.9179985523223877, 1.2903164625167847] [0.0, 0.0] 0.10044090449810028
pedestrian [719.6263757553085, 1796.4418566332538, 0.6829685107532442] [-0.5765230702040404, 0.0027477289868854324, -6.971102232452599e-05, 0.8170762477567772] [0.6640669107437134, 0.6972826719284058, 1.7764679193496704] [-0.5151584686663466, -1.4167696397374545] 0.34614941477775574
traffic_cone [701.9184361306152, 1780.141479116885, 0.24519708317978828] [0.04832526136116877, 0.0022088312430802916, 0.00163582968294268, 0.9988278701759188] [0.37107473611831665, 0.36789432168006897, 0.769420862197876] [0.0, 0.0] 0.32865428924560547
pedestrian [703.7827294966895, 1778.635414014522, 0.7265971283645971] [-0.8287044583668391, -1.3460287559037207e-05, -0.0027485801848705083, -0.5596796993001543] [0.5814218521118164, 0.5834623575210571, 1.4822455644607544] [0.0, 0.0] 0.28297483921051025
pedestrian [703.5962777235451, 1779.8686709986207, 0.7302069156332689] [-0.7783571746404027, 0.002623447010749203, -0.0008199999962164913, 0.6278157005137713] [0.6132555603981018, 0.6519105434417725, 1.4629625082015991] [0.0, 0.0] 0.224214568734169
pedestrian [676.4935935414261, 1861.2367502568547, 3.1313357636505685] [-0.9053633221930272, 0.002353063333168068, -0.0014205517104646202, 0.42462889674796345] [0.6642682552337646, 0.6844499111175537, 1.776258945465088] [-0.0002631498779343559, -0.00035709784452982114] 0.19960619509220123
traffic_cone [641.797341831062, 1804.569386509634, 1.8689144659055192] [-0.8845551293070963, 0.000284943997122789, -0.002733803418409536, -0.46642755958701004] [0.4064924716949463, 0.40353357791900635, 1.2656769752502441] [0.0, 0.0] 0.1864023357629776
pedestrian [649.0827183028667, 1812.1935348176048, 2.0571277268802683] [-0.8606223928151446, 0.0001505632149505819, -0.0027444862780323237, -0.5092362340907436] [0.6181639432907104, 0.6738818883895874, 1.6407835483551025] [0.47656358436110596, 0.9135269010143854] 0.17546379566192627
pedestrian [636.0920875600132, 1779.794435066651, 0.9019604873133159] [-0.5289141718094803, -0.001131729263279084, -0.0025048079939671538, -0.848670869056361] [0.6938790678977966, 0.7228419780731201, 1.8179538249969482] [-0.1003173059471882, 0.03910739787469868] 0.14807918667793274
pedestrian [631.1833508506884, 1807.939579545205, 3.6303494828971328] [-0.7477584290715473, -0.00037540438667135224, -0.0027228561766042443, -0.6639651925200893] [0.7137438058853149, 0.7963423728942871, 1.8903851509094238] [0.1273022188249479, 1.3817213954050722] 0.14389076828956604
pedestrian [704.642071954237, 1779.7898659746104, 0.774370148630996] [-0.3103344038234251, 0.0026464075991039556, 0.0007425638231214988, 0.9506234811582064] [0.5961736440658569, 0.6060976386070251, 1.5351016521453857] [-2.1381671461665943e-05, -0.00040288089242247185] 0.14346341788768768
pedestrian [619.789603541376, 1825.545321895821, 3.6744955999448923] [-0.6196459598044808, 0.002739999319967312, -0.00021743490654133057, 0.7848766333786293] [0.6148910522460938, 0.6320574283599854, 1.682949185371399] [0.015562203603015388, -0.010812065323415726] 0.13660003244876862
pedestrian [641.006788341447, 1832.1684615586287, 3.150633760886336] [-0.5757962231380617, -0.0009890992503349613, -0.0025644798468677406, -0.8175886218299097] [0.5965180397033691, 0.6000071167945862, 1.689931869506836] [3.189902125372577e-05, -5.3989003708164236e-05] 0.13498137891292572
pedestrian [622.9071952763792, 1835.2240185441406, 4.674294644471603] [-0.20030503884668388, 0.0025448896247405386, 0.0010384656999111496, 0.9797297262706772] [0.7279320955276489, 0.7670167088508606, 1.8495094776153564] [-0.6574298137871601, -0.2981553017042882] 0.13355234265327454
traffic_cone [702.0915470560034, 1780.3667287603664, 0.27731797589649343] [0.15475462353882685, 0.002021432948001641, 0.0018624400792340602, 0.9879491138814507] [0.3883872926235199, 0.4001064896583557, 0.7736666202545166] [0.0, 0.0] 0.13205024600028992
pedestrian [706.5411921663726, 1778.111285406693, 1.3128339609763506] [0.33314668291694505, 0.0016459783869326103, 0.002201279028600123, 0.9428710053804943] [0.612855076789856, 0.6006949543952942, 1.721503496170044] [-1.908647541563724e-05, 1.391366564344419e-05] 0.12678492069244385
pedestrian [699.9751546353278, 1773.5555646893451, 0.6252378882376901] [0.30625729433833787, 0.0017077798239290808, 0.002153685744249782, 0.9519448065882541] [0.5615994930267334, 0.575783371925354, 1.3188698291778564] [0.0, 0.0] 0.12628813087940216
pedestrian [719.2983937113073, 1790.822024101397, 0.6142898754066382] [0.08810126059151663, 0.002141869710607527, 0.0017225760809862697, 0.9961077316274446] [0.7088485360145569, 0.7561147212982178, 1.820816993713379] [-0.9848604308911278, 0.21169661130597464] 0.1248067319393158
pedestrian [658.6999817916721, 1867.7842542567923, 2.208244493079015] [-0.6796107625115249, 0.002714319700838917, -0.00043283111445657253, 0.7335677587001019] [0.6005399227142334, 0.6161220073699951, 1.6900659799575806] [0.04342501629011038, -0.06412497599393803] 0.12343727052211761
traffic_cone [697.5852848472183, 1772.4998710321554, 0.15841945401706314] [0.24766025907877312, 0.0018358858611669162, 0.002045579946316296, 0.9688430426022694] [0.38646751642227173, 0.39092516899108887, 0.8728996515274048] [0.0, 0.0] 0.11361817270517349
pedestrian [665.6131350346873, 1849.180672277443, 2.5280980803327924] [-0.47800544030882103, 0.002737310173020079, 0.00024901250708499884, 0.8783525739479323] [0.5373042821884155, 0.5363296866416931, 1.4675946235656738] [8.995090478629561e-05, -7.149761921803775e-05] 0.1118793711066246
traffic_cone [665.1195053613819, 1788.5384966054967, 1.0882583462433693] [-0.36768643604559914, 0.0026867395450549565, 0.0005799179502669833, 0.9299457671681036] [0.4423668384552002, 0.4516682028770447, 1.1750109195709229] [0.0, 0.0] 0.11122897267341614
pedestrian [672.5480255847592, 1864.9903457795504, 2.9603510781496647] [-0.18977533010308484, 0.0025335942205526926, 0.0010657272341391875, 0.9818236955839132] [0.6508162617683411, 0.6504234075546265, 1.7775485515594482] [0.011961265402672016, -0.0690881767932016] 0.10789164155721664
traffic_cone [702.6133448175003, 1780.9238451269443, 0.3806111163996244] [0.130289428239489, 0.002066847074254854, 0.0018119098718336214, 0.99147219326354] [0.3893027603626251, 0.4001162648200989, 0.836384654045105] [0.0, 0.0] 0.10545159876346588
pedestrian [692.0106926619983, 1811.9998844557667, 0.712804888636865] [-0.8747803575270923, 0.0024432088807154403, -0.0012592079165877172, 0.4845118896482936] [0.6239299774169922, 0.6687047481536865, 1.8007538318634033] [0.3750931309216109, -0.49775273281858384] 0.10300532728433609
pedestrian [641.8679933991059, 1833.105761669217, 3.0165826132967997] [-0.17425919532821582, 0.0025164623370212413, 0.0011055729366973338, 0.9846959825089926] [0.5916625261306763, 0.594901978969574, 1.660298466682434] [0.0, 0.0] 0.10245148837566376
pedestrian [704.2962231636453, 1779.4297226527888, 0.7818861234869701] [-0.25803917635512363, 0.0026019817644542583, 0.0008857568003981069, 0.9661305442805113] [0.608735203742981, 0.6518336534500122, 1.492751121520996] [0.0, 0.0] 0.10038574039936066
