car [607.8858168375399, 2020.8047247304455, 0.6794586751602378] [0.47781407120662694, 0.005391325093069844, 0.003652371177910331, -0.878436854392772] [1.6233015060424805, 3.690920829772949, 1.488394856452942] [-0.3250075308876338, -0.5224136325187956] 0.7837634682655334
car [598.0467653443981, 1999.283370408306, 0.9808852225073839] [-0.5273802914021977, -0.0005096316811881458, 0.006492031810606293, -0.8496043914899762] [1.9359030723571777, 4.749375820159912, 1.6202584505081177] [0.0, 0.0] 0.7816935777664185
car [597.4740617162219, 2006.6505800717937, 0.9209641948490802] [-0.7247626294042206, -0.0021318736749141743, 0.006153154972418833, -0.6889678692200386] [1.8911899328231812, 4.51396369934082, 1.5713815689086914] [0.04453501196537988, 0.7047044299316031] 0.7799151539802551
car [610.9333817433823, 2024.9934858092925, 0.29923937091280617] [0.4634058070458841, 0.005330964337658106, 0.003739922554146291, -0.886122255557704] [1.865067720413208, 4.5056610107421875, 1.5199785232543945] [-0.5915488590532794, -0.7691638503888155] 0.7409753203392029
car [616.3707532742166, 1996.6352866433924, 0.7544222282146167] [-0.9237783384462412, -0.006488893242535282, 0.0005481477605305055, 0.38287227010586894] [1.7470288276672363, 4.235132694244385, 1.5418076515197754] [0.5061455689793739, -0.49936322575807773] 0.7400515079498291
car [600.9011190618554, 2016.1154654102747, 0.8946055086167365] [-0.8331994075900581, -0.0031660093750130883, 0.005690569929077745, -0.5529343007899727] [2.0014469623565674, 4.8145270347595215, 1.647774577140808] [0.47282409762773875, 1.2141771727836124] 0.6897284984588623
car [587.8432440760213, 2027.3624500470953, 1.5928055826873084] [-0.9410871303228161, -0.006455113484326627, 0.0008589012660714917, 0.3381014743228529] [1.937744140625, 4.580602645874023, 1.6502305269241333] [0.0, 0.0] 0.6195402145385742
car [595.186684157143, 2024.1096447190087, 1.3280612682952317] [-0.9999774725977768, -0.005789410533580938, 0.002981430387256555, 0.0016272969865154807] [1.9885116815567017, 4.712450981140137, 1.7124828100204468] [0.0, 0.0] 0.5942167639732361
car [625.56475138085, 1962.7734061505334, 0.9218770840163069] [-0.38509422617718425, 0.0005325307068872864, 0.00649019356619021, -0.922854284686112] [1.9626226425170898, 4.613716125488281, 1.7556565999984741] [-0.013426354482538769, 0.02171884793732461] 0.5276838541030884
car [628.9547591272976, 1968.8005993392455, 0.9921577761358324] [-0.32136885873140064, 0.0009731745862210199, 0.006438876664848318, -0.9469317031529764] [2.0575876235961914, 4.933961868286133, 1.773373007774353] [-0.05614010119813106, 0.041446104904412716] 0.46776893734931946
car [615.9107660983431, 2038.723936766537, -0.7690043673301951] [-0.8873943789999571, -0.003754581354932017, 0.005320650367162978, -0.46096508535658137] [1.9703179597854614, 4.705875396728516, 1.6884641647338867] [0.09835114704413721, 0.08763091956980401] 0.3784031271934509
car [623.2130910444068, 1960.9261261465078, 0.45064188512166903] [-0.38561246323740234, 0.0005288855696538742, 0.006490491625031696, -0.9226378606986074] [1.9604785442352295, 4.571883201599121, 1.6861793994903564] [-1.0437204261731698, 0.9093067469359776] 0.23414328694343567
car [578.2439678146999, 2026.8443799832687, 2.003381994919672] [-0.3106954923026114, 0.0010455506842705804, 0.0064275209254436505, -0.9504871934231189] [1.8886257410049438, 4.358485698699951, 1.6800848245620728] [0.0, 0.0] 0.1772284209728241
car [610.9380397250154, 2055.5303854715175, -0.94067456616049] [-0.9981615709753937, -0.005954266486594424, 0.0026368375162328737, 0.06025837723050409] [1.941426157951355, 4.518775463104248, 1.6928009986877441] [0.00018065218538256735, 3.8937763256747874e-05] 0.16931180655956268
car [624.0868802063369, 2061.6321516022117, -0.3900498072140651] [0.5995662773705257, 0.005861917351833806, 0.0028362169241199437, -0.8002986147923596] [1.974027395248413, 4.5958943367004395, 1.7857692241668701] [-0.0005361752632294702, -0.0006190265310838795] 0.16575682163238525
car [628.3065940930109, 1977.0738276444297, 0.8895279007718864] [-0.4269474739814219, 0.00023478846765419455, 0.006507770421261897, -0.9042529780207543] [1.9190492630004883, 4.479236125946045, 1.6425856351852417] [-1.5884745834870515, 1.712371669559713] 0.15926966071128845
car [575.6465701418113, 1970.8646630867647, 1.5243611149551293] [0.4233915635454444, 0.0051587184096359255, 0.00397414466904239, -0.9059233840215537] [1.9806550741195679, 4.623056411743164, 1.77632474899292] [0.0, 0.0] 0.15582673251628876
car [630.7617045654074, 2054.0240645029407, -1.3114248022440962] [0.6170414989321916, 0.005922942710939837, 0.0027064646909426542, -0.7869036677980565] [1.9225913286209106, 4.4776506423950195, 1.6520012617111206] [-0.007068706939403945, -0.02250854677527604] 0.1490866243839264
car [577.7336858326717, 2025.0042818321963, 1.9317138224869552] [0.21032378469133106, 0.004140599408373781, 0.005026095703403325, -0.9776100957905632] [1.9539738893508911, 4.596533298492432, 1.7221649885177612] [-0.001648290724628858, -0.0020188915015517976] 0.14223411679267883
car [620.3405937765211, 2024.9969646535485, 0.1285337141808682] [0.00995935940010445, 0.0030483110351353987, 0.005754476632454635, -0.9999291999731078] [1.8971006870269775, 4.457039833068848, 1.6254923343658447] [-0.00015061333613311157, -0.000731916127063422] 0.14019088447093964
car [577.4926937768066, 2043.6065211526382, 3.504471243949303] [-0.6558061961989541, -0.0015357824620833294, 0.0063283152346854474, -0.7549012033541731] [1.9045592546463013, 4.367084503173828, 1.7069661617279053] [0.0, 0.0] 0.13634678721427917
car [585.3746715358849, 1995.6711120934856, -0.007466499902449131] [-0.9998672239902453, -0.005739229017253681, 0.0030769224507465297, -0.014937475976904258] [1.9084261655807495, 4.456127166748047, 1.63925302028656] [0.39283434173659865, -0.06504308976030806] 0.12762777507305145
car [629.519368171726, 1977.7439104778662, 0.8309645498156493] [-0.3598025098082681, 0.0007091971945097312, 0.006473271261093126, -0.9330057597540278] [1.8918311595916748, 4.513474464416504, 1.6603187322616577] [-1.472157828823875, 1.447451411525246] 0.12639030814170837
car [616.0440415612951, 2033.310920715277, -0.5038744240004593] [-0.9999296834980007, -0.005813908994075852, 0.002933370704326097, 0.009910694128447362] [1.9668052196502686, 4.630224227905273, 1.618880033493042] [0.7333160121798008, 0.045769473165428926] 0.12632116675376892
car [579.8810949658857, 1967.3451727297706, 1.5720977619328043] [0.3647416153337445, 0.004894706756159015, 0.004295119003194902, -0.9310860045356982] [2.0982983112335205, 4.977940559387207, 2.02691912651062] [0.0, 0.0] 0.12278246879577637
car [622.7661939302077, 2029.2765120191389, 0.2673810355593603] [0.4103913043653389, 0.005101350616562647, 0.004047520644455142, -0.911886270924086] [1.8963592052459717, 4.420722961425781, 1.6206955909729004] [0.006689796750410338, -0.019928415100261953] 0.11964891105890274
car [579.0918810259041, 2014.8489979528517, 0.9829449678213937] [-0.9929988603887308, -0.005391413527088029, 0.003652240635599863, -0.11794429645049181] [1.8692257404327393, 4.390614032745361, 1.5870895385742188] [0.001102888481581876, 0.00026344433314194935] 0.11708538234233856
car [613.6784227792702, 2035.7987486175502, -0.5804018917858643] [0.44435855120959383, 0.005249803293680466, 0.003853020485029426, -0.8958253578490791] [1.997549295425415, 4.773362159729004, 1.7138183116912842] [-2.605342446523033, -2.773557950902282] 0.11674582213163376
car [633.6726348861102, 1985.1289646454054, 0.6832597051862692] [-0.26736369862374243, 0.0013353515071367669, 0.006373620465071814, -0.9635736850167467] [1.8229728937149048, 4.224708557128906, 1.5085030794143677] [-0.020990739250093506, 0.013120530324204493] 0.10086759924888611
construction_vehicle [646.388402620943, 1973.8485879634607, 1.0796398029249188] [-0.5680981972504249, -0.0008249372300054951, 0.006459541783048202, -0.8229350108479629] [2.991973400115967, 6.674304962158203, 3.411142349243164] [0.0, 0.0] 0.5442914962768555
construction_vehicle [640.7489193932271, 1988.6798173861514, 3.9781735179338327] [-0.44469433623201676, 0.00010642399474069739, 0.0065111347255096845, -0.8956587191121884] [3.208487033843994, 6.742379665374756, 4.202963352203369] [0.0, 0.0] 0.27707213163375854
construction_vehicle [578.1278203801268, 2043.0372833263368, 3.5303697716269866] [-0.5065721597211428, -0.00035167190819404906, 0.006502501699298649, -0.8621729761445651] [1.759416103363037, 2.9612350463867188, 2.400326728820801] [0.0, 0.0] 0.24735510349273682
construction_vehicle [595.7628810736057, 2020.486769763408, 2.4486242830262555] [0.6891988953069629, 0.006153834320969919, 0.0021299118832588714, -0.7245429431760286] [1.7147727012634277, 3.180938243865967, 2.778038501739502] [0.0, 0.0] 0.20687808096408844
truck [595.0259849763181, 2024.1243791698062, 1.4091932322737972] [-0.9997458469601301, -0.005847757040419564, 0.0028652991251557156, 0.021583217658447895] [2.0051357746124268, 5.142907619476318, 1.8506141901016235] [0.0, 0.0] 0.19560229778289795
truck [625.9871563662157, 1962.604231369115, 0.9192279325105145] [-0.41593430967057277, 0.00031380461216261313, 0.00650443911077505, -0.9093713454015271] [2.061946392059326, 5.527834892272949, 1.9420315027236938] [-0.002855585166440632, 0.008342946263574447] 0.18139086663722992
truck [629.5273801551216, 1968.6966871227087, 1.0009976678524635] [-0.3045322317700516, 0.0010871627572846404, 0.006420613570334841, -0.9524797707099459] [2.2166833877563477, 5.993710994720459, 2.0480759143829346] [0.0, 0.0] 0.17512580752372742
truck [579.8532066626553, 1967.326884789369, 1.9211568616073305] [0.3729291562425589, 0.004932351427957015, 0.0042518361764683574, -0.9278369674801348] [2.4071450233459473, 5.073050498962402, 2.7050251960754395] [0.0, 0.0] 0.17142650485038757
construction_vehicle [593.6984154822405, 2040.7756039108176, 2.1000043456259117] [-0.8359261995150484, -0.006476982031639137, -0.0006744666353634098, 0.5488032277263383] [3.072413444519043, 5.677688121795654, 3.36112380027771] [0.0, 0.0] 0.15246953070163727
construction_vehicle [630.4229255584208, 1992.1039608706212, 1.7054319147422357] [-0.9148179509791998, -0.004084151724222158, 0.005072071191725116, -0.403813955138673] [1.9271668195724487, 3.3183538913726807, 2.4913089275360107] [0.0, 0.0] 0.1274767965078354
truck [578.6476096100444, 1970.3012812506038, 1.8747145618897496] [-0.34898322706182094, 0.0007840477001959875, 0.006464632293039725, -0.9371063445671668] [2.9017889499664307, 7.174081325531006, 3.2163374423980713] [0.0, 0.0] 0.12625578045845032
construction_vehicle [619.2983102245992, 2016.5932771221114, 1.451174545424353] [-0.9461413375871404, -0.004504995791805609, 0.004702256309072105, -0.32368837345097284] [2.70371150970459, 8.006661415100098, 3.0200068950653076] [0.0, 0.0] 0.12095880508422852
construction_vehicle [571.7152815366384, 2024.2791736198342, 3.03934916447041] [0.29339971979519697, 0.004556436035584431, 0.00465242862750438, -0.9559676763482223] [2.2139434814453125, 4.165423393249512, 2.7380456924438477] [0.0, 0.0] 0.10470399260520935
construction_vehicle [581.343496739148, 1982.9302355557206, 2.3108476553127435] [-0.9407502038066198, -0.004427900991368826, 0.004774923485358655, -0.33903782655674736] [2.509336471557617, 4.423006534576416, 3.180737257003784] [0.0, 0.0] 0.10198719799518585
trailer [601.0106826296854, 1956.096171079981, 3.3167825348766917] [0.35186497776455333, 0.004835001020788626, 0.004362220376066253, -0.9360281145463902] [2.948537588119507, 14.962013244628906, 4.089868068695068] [-0.012478859273340049, -0.013707982521757188] 0.15645495057106018
trailer [579.1623276924225, 1969.8318910492048, 1.744964189642055] [-0.3869867347634526, 0.0005192143671340355, 0.00649127244239188, -0.9220622868958696] [2.805985927581787, 6.980090141296387, 3.1156225204467773] [0.0, 0.0] 0.15597447752952576
trailer [566.9611542077968, 1989.3040552186703, 3.182613029202921] [-0.8913339184583654, -0.0038002940814794647, 0.005288096668430599, -0.4533006062252464] [3.075972080230713, 13.621235847473145, 4.128767490386963] [0.0, 0.0] 0.14182771742343903
trailer [590.8519582562355, 1986.7335121205447, 2.231109068208599] [-0.9992008640730694, -0.005898001675289205, 0.0027603944860618047, 0.03943636689847513] [1.819550633430481, 2.225935459136963, 2.884190559387207] [-0.0028629443700645832, 0.00862622042382641] 0.1355201154947281
bus [623.6928009094545, 2037.6585648322186, 1.3756379883504142] [-0.6163371303265309, -0.0012100998390990646, 0.0063985826446024035, -0.7874554816492018] [2.9920616149902344, 13.425296783447266, 3.6488921642303467] [0.0329058048932677, 0.05348916040659317] 0.12052488327026367
trailer [595.7347639203754, 2019.9481243576724, 2.218030559818852] [-0.7969275020986083, -0.0064165951441037304, -0.0011106341598650258, 0.6040398581198037] [2.254391670227051, 2.8796188831329346, 3.116227865219116] [0.0, 0.0] 0.11262951791286469
trailer [581.6624846407427, 1969.093047339723, 2.144905184454181] [-0.9286695310477948, -0.0042628677379172135, 0.004922820342996403, -0.37085104274086705] [2.1984915733337402, 3.3972926139831543, 2.9383745193481445] [0.0, 0.0] 0.10408499836921692
bus [578.6693094122511, 1966.169769561704, 2.328142024683469] [0.16933636499737958, 0.003927208633498989, 0.005194538846650939, -0.9855368026045471] [2.7269339561462402, 9.041566848754883, 3.3140199184417725] [0.0, 0.0] 0.10165915638208389
bus [623.7138341225672, 2037.1322268941622, 1.402420993238612] [-0.8543591654342357, -0.0033879854026982355, 0.005561272911078752, -0.5196421944348204] [3.0516390800476074, 14.452812194824219, 3.721691608428955] [0.027416940046722117, 0.0540029865772553] 0.10140454024076462
trailer [593.0819230509024, 2042.6170988417698, 2.2787098470486367] [-0.9455873166981836, -0.006442867315326158, 0.000946394335093248, 0.3253032743426489] [2.7312116622924805, 6.532170295715332, 3.392256021499634] [0.0, 0.0] 0.10012218356132507
barrier [628.2489148716779, 1978.2544259512279, 0.6876210692081166] [0.2378581717031082, 0.004280938319352844, 0.004907114079200838, -0.9712780672663079] [1.9166722297668457, 0.4592742919921875, 1.0180466175079346] [0.0, 0.0] 0.20337656140327454
barrier [616.45479859015, 2038.164193921757, -1.1362903955340595] [-0.9479379212780281, -0.006435783575168754, 0.0009934240051371543, 0.31838858522505276] [3.564831256866455, 0.4780551791191101, 0.8519961833953857] [0.0, 0.0] 0.20216704905033112
barrier [615.1808174867988, 2002.0113730964817, 0.5965577383704039] [0.22730570875164197, 0.0042274436601850264, 0.004953273824487811, -0.9738016782525245] [1.8926423788070679, 0.5392075181007385, 1.0576844215393066] [0.0, 0.0] 0.1875166893005371
barrier [614.2887584787267, 2003.8761453710872, 0.6347681456980917] [0.19575367177887398, 0.004065352741616089, 0.005087151321381074, -0.9806314770511951] [2.0439584255218506, 0.5704818367958069, 1.0238507986068726] [0.0, 0.0] 0.16267038881778717
barrier [622.9482152388392, 1978.3408125926314, 0.5168596213810336] [-0.9377198812294009, -0.004385566581222311, 0.004813834982844834, -0.3473312801140121] [2.8370110988616943, 0.5715218186378479, 0.8885475993156433] [0.0, 0.0] 0.13063150644302368
barrier [624.3317297642056, 1960.9028400325997, 0.35775878137367223] [-0.9229902598747239, -0.004188390002016784, 0.004986340408696593, -0.3847682081135463] [2.0548017024993896, 0.4628200829029083, 1.0538386106491089] [0.0, 0.0] 0.1043272614479065
barrier [627.759207155849, 1978.8285958577635, 0.6881283071548814] [0.13850229082815108, 0.0037632116152292953, 0.0053145498228352305, -0.9903407036135968] [2.635441541671753, 0.5302344560623169, 0.9841194152832031] [0.0, 0.0] 0.10386934876441956
motorcycle [628.2766956003219, 1978.2209252343937, 0.9246839983674269] [-0.928478686500899, -0.00648155710408575, 0.0006289825012432363, 0.3713285910242909] [0.6346328258514404, 1.8313838243484497, 1.2166030406951904] [-0.007953174957265288, -0.009199886607044403] 0.22275659441947937
bicycle [579.4915350393508, 2025.5730167889917, 1.9505107006809634] [-0.849921261414033, -0.006492336991869585, -0.0005057290424688339, 0.5268694745332082] [0.6699504852294922, 1.7965643405914307, 1.2363497018814087] [0.0, 0.0] 0.20927904546260834
motorcycle [571.8125423692303, 2024.2383567082927, 3.760264722639528] [0.3453345601637529, 0.0048044894167146995, 0.004395802876047915, -0.9384570503518139] [0.7578326463699341, 1.4082300662994385, 1.5404125452041626] [0.008224004010883303, -0.05266252773428777] 0.20594188570976257
bicycle [629.8597139826129, 1992.11118757489, 1.9748398606636421] [-0.9996438896938334, -0.0057052140001832875, 0.0031395437076918217, -0.025878322903592044] [0.6542888283729553, 1.8161383867263794, 1.2994325160980225] [0.0, 0.0] 0.19963327050209045
bicycle [641.8192097898236, 1986.952400122686, 3.688694627576651] [-0.6333290853504955, -0.0013490700029721355, 0.006370730853479484, -0.7738551954000338] [0.7704496383666992, 1.8457847833633423, 1.6856545209884644] [-0.2537893285439188, 1.177416417055321] 0.17369458079338074
motorcycle [592.200731953318, 2027.6613496201144, 2.603873878027018] [-0.950494239147908, -0.00456910093016921, 0.004639991182138335, -0.31067393702265905] [0.725471556186676, 1.8369855880737305, 1.488694190979004] [5.095675955439107e-06, -0.0018567843657277844] 0.14395001530647278
motorcycle [580.2689771889571, 2014.3664598384878, 0.6690014805514886] [0.6833241521327005, 0.0061364299040930085, 0.0021795480064792606, -0.7300860886982066] [0.7126764059066772, 2.0258162021636963, 1.2377864122390747] [0.0, 0.0] 0.1438622623682022
bicycle [590.8458241702122, 1986.3159115085284, 2.1733578775945643] [-0.9259357405736135, -0.006485678823032723, 0.0005849544297289715, 0.3776249437297718] [0.6780465245246887, 1.7458240985870361, 1.4198845624923706] [0.10705353472266564, -0.09839530568665081] 0.1430259346961975
bicycle [623.0780948976046, 2002.9672054055377, 0.27636402293562135] [-0.5458577765016643, -0.0006516666426821353, 0.006479315709796063, -0.8378525416988235] [0.5166400671005249, 1.5234084129333496, 1.0444424152374268] [0.0, 0.0] 0.13373929262161255
motorcycle [598.7605537391775, 2028.771597209088, 1.0710004964459339] [-0.9943431141573231, -0.005434866454077155, 0.0035872591357109197, -0.1060158720495965] [0.6354579925537109, 1.900087594985962, 1.2579869031906128] [0.0, 0.0] 0.13341572880744934
bicycle [586.6707351596816, 1996.3339561977934, -0.013763263390929842] [-0.020200379496653154, 0.0028733848208354635, 0.005843788253503632, -0.9997747438631918] [0.577823281288147, 1.7252671718597412, 1.1122567653656006] [0.0, 0.0] 0.13328328728675842
bicycle [593.7209399999141, 2039.5352992169876, 1.7411326733173698] [-0.2869507202560856, 0.0012051469112468061, 0.0063995173570127115, -0.9579232108802007] [0.5824533700942993, 1.6599535942077637, 1.1546533107757568] [2.746076892114505e-05, 0.00014670338587088012] 0.1318223625421524
bicycle [577.233586804864, 1972.2216842327282, 1.4875213169146033] [-0.7705946277936714, -0.0025515537801095783, 0.005991308270119573, -0.6372923296369198] [0.7145886421203613, 1.84829843044281, 1.4290529489517212] [0.003525666037534251, 0.006867049309685129] 0.1279846727848053
motorcycle [630.0366680177286, 2052.257902070514, -1.667547965839277] [0.4917866755733642, 0.005448985991221845, 0.0035657752520122125, -0.8706913686990461] [0.7759625315666199, 1.9460424184799194, 1.5511724948883057] [0.08085185414136291, -0.7249077829870868] 0.12535767257213593
bicycle [636.0688493954054, 1982.4843768889316, 1.1758875830894038] [-0.9985047281612118, -0.00561368891226716, 0.0033004088044791364, -0.05427616086482456] [0.665867805480957, 1.735567331314087, 1.2707281112670898] [0.0, 0.0] 0.12279488891363144
bicycle [615.0658467178782, 1982.8862293270088, 0.541131545379727] [-0.8846202830823038, -0.0037226777357150936, 0.0053430208643056795, -0.46626660673685877] [0.5591967105865479, 1.6188828945159912, 1.0659711360931396] [0.00036913710608580416, 0.003302434228836679] 0.11973549425601959
bicycle [618.5271533465076, 2025.645328521156, -0.29699592041062456] [0.5117830540112467, 0.005529959977796061, 0.0034388579680423624, -0.8590900415122044] [0.6085140705108643, 1.7517411708831787, 1.139721155166626] [0.0, 0.0] 0.1192229688167572
bicycle [594.554212974709, 2028.8692248018822, 1.1501243527957878] [-0.3574814559219007, 0.000725290949056016, 0.0064714878134484715, -0.9338975331750683] [0.5763493776321411, 1.769033670425415, 1.1521525382995605] [0.0, 0.0] 0.11670426279306412
motorcycle [627.1066431369745, 2042.003463057056, 1.9225841243105413] [-0.930584399043787, -0.0042883953572544625, 0.004900598610401902, -0.3660194940912759] [0.666007399559021, 1.9318430423736572, 1.3550564050674438] [0.010712157588218443, 0.0054904113937000116] 0.1162426695227623
bicycle [620.0394556810203, 2006.952338189945, 0.32642123358473185] [-0.4502658605693452, 6.585609754295244e-05, 0.0065116714025518115, -0.8928707905426557] [0.5311341285705566, 1.5515763759613037, 1.0442452430725098] [0.0, 0.0] 0.11541308462619781
motorcycle [624.2662526680905, 1960.8780804192404, 0.6402184785341358] [-0.912939279264463, -0.006501477617276546, 0.00037012196968938364, 0.40804346113447565] [0.7467251420021057, 1.9619563817977905, 1.655064582824707] [-1.1803290877585602, 0.9804176932985358] 0.11457525938749313
bicycle [578.2906249341713, 2018.472679542922, 1.2759862959407957] [-0.8894971599023651, -0.006511981106812169, 1.742254045851259e-05, 0.45689429447537] [0.6850924491882324, 1.8676400184631348, 1.6251451969146729] [1.2277323933737354, -1.6235374031206304] 0.11263099312782288
motorcycle [585.0815974005902, 1983.0016403899076, 1.521740554448636] [-0.9940822022625224, -0.005426121495194865, 0.0036004731633188045, -0.1084350909226961] [0.6458339691162109, 1.9162983894348145, 1.3328626155853271] [-0.0006059760004889551, 0.0006601072406024123] 0.10704424232244492
traffic_cone [596.88507072436, 2028.3844438022725, 1.049866103713165] [-0.7986176889314758, -0.006419683396435159, -0.0010926420136208558, 0.6018034402728756] [0.4645956754684448, 0.4583744406700134, 1.2333498001098633] [0.0, 0.0] 0.3222712278366089
traffic_cone [598.0679836348589, 2028.420625431156, 0.8547950718165266] [-0.8251725481805806, -0.0064627498491024, -0.0007994159545077813, 0.5648432167669956] [0.38606399297714233, 0.3876381814479828, 1.1346087455749512] [0.0, 0.0] 0.3140915334224701
traffic_cone [597.4960418055908, 2028.4787192593792, 0.9661435439014419] [-0.79810890681229, -0.006418757871061505, -0.0010980659693664366, 0.6024780217281052] [0.4176693856716156, 0.4093371033668518, 1.2261868715286255] [0.0, 0.0] 0.26528632640838623
traffic_cone [596.4421991924926, 2028.296094111279, 1.000957594213721] [-0.8338995057184537, -0.006474454318198578, -0.0006983142286639162, 0.5518778924373021] [0.41928333044052124, 0.4208182990550995, 1.1415832042694092] [0.0, 0.0] 0.25348934531211853
pedestrian [591.5890911144086, 1977.9254209669477, 1.867695584233539] [-0.9609104795174158, -0.004730721262904021, 0.0044750952853657155, -0.2767826659170145] [0.6454774141311646, 0.6304821372032166, 1.8111979961395264] [0.05041858393438422, -0.014980401150337355] 0.2332180142402649
traffic_cone [609.5892578801048, 2016.0220888027534, 0.2117457101679916] [0.6490575868622356, 0.006029806605532348, 0.002459193725649349, -0.7607114056822675] [0.3558312654495239, 0.3750309944152832, 0.575627326965332] [0.0, 0.0] 0.21584439277648926
traffic_cone [615.7741069191643, 2001.0103349452183, 0.6417616995713141] [0.589576586570858, 0.005826225943429879, 0.002908830131942956, -0.8076862276688734] [0.46426159143447876, 0.48708125948905945, 1.2262372970581055] [-0.00042048010072777756, 0.0026766446322929573] 0.1983010172843933
traffic_cone [615.1466037621872, 1982.8538538945686, 0.5514901880671271] [0.18904701941556895, 0.0040304898940997, 0.005114816975606737, -0.9819464436763389] [0.3938950002193451, 0.4004269242286682, 0.8577562570571899] [0.0024067861368320983, -0.001165592103780431] 0.1916310340166092
pedestrian [615.9890847870163, 2001.5567227737101, 0.7732984955168268] [0.6046423501627639, 0.005879831159588721, 0.002798890318523435, -0.7964704779137577] [0.5739091634750366, 0.6073776483535767, 1.486364722251892] [-0.015582039374681082, 0.01627259907247162] 0.18903300166130066
pedestrian [594.8321654507123, 1971.5838691050533, 1.9805383889662846] [-0.9687412305567027, -0.004862142047667453, 0.004331948313253384, -0.24798794732406898] [0.6162416934967041, 0.6232021450996399, 1.8102357387542725] [-0.03544585052111003, 0.024755563666013405] 0.18591824173927307
pedestrian [579.5564094116125, 2025.53972240165, 1.7166648304633831] [-0.984851785250265, -0.0062152992370672925, 0.0019432593429867789, 0.173275950113932] [0.5930331945419312, 0.6185228824615479, 1.5476912260055542] [0.0039025165442758687, 0.003028769557662918] 0.17849405109882355
pedestrian [578.2443437332979, 2018.5212959401877, 1.2736796154765457] [-0.8784472073670305, -0.006510573001169495, -0.00013653086404739542, 0.4777950372990335] [0.6690813302993774, 0.7245360612869263, 1.7217230796813965] [0.22575875845910623, -0.31713712303221875] 0.17839619517326355
pedestrian [636.4659722361669, 1982.5720251279731, 1.1011975119448056] [0.5361696475820745, 0.005626150101424894, 0.003279121302518607, -0.8440851277035] [0.6716873645782471, 0.7034417390823364, 1.8141599893569946] [0.009304432523730314, -0.004781995834926847] 0.1769726276397705
traffic_cone [599.358618031439, 2028.873658493621, 0.7479247178360949] [-0.8458857704061836, -0.006488298937722666, -0.00055513815860702, 0.5333243452373582] [0.38651585578918457, 0.3998834490776062, 1.1215120553970337] [0.0, 0.0] 0.16055472195148468
pedestrian [602.507746030578, 1970.6207877362813, 1.1575954888147764] [-0.9522473353563998, -0.0045954398246034565, 0.004613906620082729, -0.3052582613217142] [0.6242744326591492, 0.5984508395195007, 1.7668708562850952] [-5.69164164207191e-05, 0.00041463213963017034] 0.15645338594913483
pedestrian [636.5956036743174, 1982.0679377572108, 1.0190820562326777] [0.45181153671524665, 0.005281743188634344, 0.0038091193693174535, -0.8920896418463377] [0.6547300815582275, 0.6926214098930359, 1.7555755376815796] [0.02054319586307825, -0.01172392785128841] 0.1560160219669342
pedestrian [571.848330616902, 2024.310023277781, 3.5002207123618145] [0.5948913878061483, 0.005845286302814079, 0.0028703361333698857, -0.8037797151661608] [0.6860454678535461, 0.7268185615539551, 1.8208954334259033] [-0.05818752712551946, -0.40102370787629504] 0.15470704436302185
pedestrian [635.5245875503946, 1982.5538451459693, 0.9106361251494797] [0.14526914504361615, 0.003799454596458968, 0.0052886998638456955, -0.9893707441079994] [0.5843660235404968, 0.6004083752632141, 1.6375970840454102] [-0.015702865205841143, -0.007146501507920562] 0.15391460061073303
traffic_cone [595.0345183360907, 2027.5389044896324, 0.8950843959955364] [0.48257543928720786, 0.0054110717822611265, 0.0036230517036901465, -0.8758301999790131] [0.3433534502983093, 0.35073715448379517, 0.819593071937561] [0.0, 0.0] 0.15345846116542816
pedestrian [594.9798907948853, 2020.2670711983255, 2.3504262275297] [-0.9814945696428476, -0.005105227644899948, 0.004042629363934321, -0.19137921402315577] [0.6555269360542297, 0.6566265225410461, 1.8992466926574707] [0.005585366491979661, 0.00296087458413022] 0.15293258428573608
pedestrian [613.2752413360008, 1963.7955606869689, 0.6577516230330066] [-0.8545503973363704, -0.003390032379349977, 0.005560025354920013, -0.5193276540015669] [0.5750473737716675, 0.5950865149497986, 1.5857622623443604] [0.002375339525029325, 0.011363322958032995] 0.14758405089378357
traffic_cone [602.2920275719628, 2030.7239133163157, 0.3595019180902048] [-0.9466982746905535, -0.006439581087087351, 0.0009685024022797056, 0.3220558499646439] [0.3332248628139496, 0.3226783573627472, 0.8583734035491943] [0.0, 0.0] 0.14705412089824677
pedestrian [620.860708318531, 1996.2099377552136, 0.8043227558494658] [0.2738647218616248, 0.004460715426268731, 0.004744282808417184, -0.9617461764510293] [0.5776833891868591, 0.5595734715461731, 1.6800439357757568] [-0.0003059645661764205, -0.0004914454907354552] 0.14616097509860992
pedestrian [602.6486781477404, 1970.2463884832093, 1.220157598576204] [-0.9491048977226841, -0.004548445744734925, 0.004660240636233006, -0.31489281814187664] [0.6570439338684082, 0.6400119066238403, 1.8121036291122437] [0.001347471828964411, -0.0011437939764747012] 0.14161542057991028
traffic_cone [594.5054462604393, 2028.9706385852774, 1.0005384465555796] [0.17492983342796942, 0.00395664160047907, 0.005172155133573731, -0.9845593670141901] [0.425991952419281, 0.4520013928413391, 1.1490111351013184] [0.0, 0.0] 0.13977065682411194
traffic_cone [620.9822318969077, 2029.9742957246438, -0.014566097745487394] [-0.23076889864571326, 0.0015751942705845984, 0.006318620457846166, -0.9729867980688967] [0.4026888310909271, 0.40801548957824707, 1.0841050148010254] [-0.0010468353265095016, -0.001958247782174106] 0.13721364736557007
pedestrian [636.025253598991, 1982.5681694013101, 1.0500494514898622] [0.40529949687900707, 0.00507869899320366, 0.004075907017686592, -0.9141607690270588] [0.6550455093383789, 0.6942057013511658, 1.7820813655853271] [-0.005773806297814365, -0.008532207812572709] 0.13595975935459137
traffic_cone [594.9834940427261, 2028.890639039848, 1.030928048339944] [0.062229420736481356, 0.003345027732498302, 0.00558721674442758, -0.9980406269252378] [0.4002474248409271, 0.4191652536392212, 1.1153106689453125] [0.0, 0.0] 0.1325359344482422
traffic_cone [615.3723332783912, 2001.5540749052286, 0.5882092159145372] [0.4613792776326331, 0.005322402454818465, 0.003752097225464316, -0.8871791002777902] [0.39886367321014404, 0.4066852927207947, 1.046868920326233] [0.0018388031055587264, -0.0014926788228257415] 0.13200898468494415
traffic_cone [606.9265362013773, 1967.3256377678856, 0.8686365919159982] [-0.9339319400089836, -0.004333565181913807, 0.004860701008547945, -0.35739155730035893] [0.5640695691108704, 0.5754541158676147, 1.4646966457366943] [0.0007636828433779807, 0.0008045829840886907] 0.1301003247499466
pedestrian [584.2162839202424, 1991.334868029184, 2.3530048267319037] [-0.9999002276693385, -0.0057466052529018576, 0.003063124148270103, -0.012535090957975892] [0.6480157375335693, 0.6687936782836914, 1.7362644672393799] [0.011632171973029733, -0.002943272983909401] 0.12868353724479675
pedestrian [596.3299489098029, 2020.493932165697, 2.115499256765609] [-0.9688556196682123, -0.006344885808844144, 0.0014658190724379586, 0.24754066743839104] [0.655961275100708, 0.6647382378578186, 1.8341772556304932] [0.015369054768575613, -0.0025934919808388644] 0.1279478669166565
pedestrian [623.5916338462471, 2059.6946469360737, -1.2695943041555855] [0.6126776828705564, 0.005907875677886297, 0.0027391981408861586, -0.7903060487626838] [0.5610396862030029, 0.572838544845581, 1.598670244216919] [-0.0003260340560819262, 0.010142580635236789] 0.1263331025838852
pedestrian [597.767537357743, 1974.9550916784854, 1.269131198724243] [-0.8885530121020333, -0.003767975373723921, 0.005311173416807697, -0.4587277389508109] [0.6209577322006226, 0.6068496704101562, 1.7415714263916016] [-0.023242469802799665, 0.032821991668096524] 0.1258305013179779
pedestrian [636.6534267248118, 1981.6460389231959, 1.0305037564241575] [0.36897723954171924, 0.004914212481827791, 0.004272787984892604, -0.9294156177398207] [0.6091671586036682, 0.6369494795799255, 1.6591241359710693] [0.010016291828591506, -0.006631493384326627] 0.12478925287723541
pedestrian [570.5876869054102, 2049.3267787711766, 3.5373227240337792] [-0.999868581873201, -0.0058283175156141264, 0.0029046370543632915, 0.014846305311203234] [0.6365364193916321, 0.6593800783157349, 1.7225275039672852] [0.04246097816050883, -0.013735354183200982] 0.12447421252727509
pedestrian [585.4497641401099, 1982.9762392384464, 1.3267808053428127] [-0.9995667970816963, -0.005868013314132749, 0.0028235830473983693, 0.028702124840482846] [0.5622653365135193, 0.5777029395103455, 1.5576046705245972] [0.0023809947438740995, -0.00010269060572071028] 0.1235593780875206
traffic_cone [589.9454799437497, 1982.5985021983363, 0.35030593828316514] [-0.9812149688985761, -0.005099338008301797, 0.004050055969672929, -0.19280762072046376] [0.4238191843032837, 0.4250341057777405, 0.8938897848129272] [0.0, 0.0] 0.12305234372615814
pedestrian [629.3160160361854, 1992.1600658195212, 1.2391407015280356] [-0.8409028384407125, -0.0032458261595687474, 0.005645424166725992, -0.5411469394728873] [0.5901589393615723, 0.6074474453926086, 1.7101742029190063] [-0.012149943470449204, 0.001235558485469372] 0.12248381227254868
pedestrian [641.7839703821004, 1986.9642718079654, 3.4611395912619334] [-0.6077999999450787, -0.001140951495410802, 0.006411273755309043, -0.7940634444836774] [0.7158514857292175, 0.7544957399368286, 1.854276180267334] [-0.16875797262491216, 0.70583549738005] 0.12007394433021545
traffic_cone [593.4161358099982, 1979.5267773934493, 0.4322750291634531] [-0.9170657512228699, -0.004112501244165658, 0.005049112297932238, -0.39868283350622585] [0.4399901330471039, 0.4323155879974365, 0.982987642288208] [-0.000280811932988645, 0.002184917735346289] 0.12002800405025482
pedestrian [592.2466326061138, 2027.7375780944137, 2.166105230271988] [-0.995235213189152, -0.005466138788848848, 0.0035394248433095327, -0.09728547798547893] [0.781348466873169, 0.836239218711853, 2.009772300720215] [0.04440617584279444, -0.034934871673922646] 0.1190326139330864
traffic_cone [629.0026013398596, 1995.0444421538716, 0.16624963246724506] [-0.1697035378483694, 0.001965784506730439, 0.00620821171944814, -0.9854736440109735] [0.45832598209381104, 0.4756818115711212, 1.1426928043365479] [0.009957907995262739, -0.002544971444934575] 0.11737470328807831
pedestrian [591.9209066180531, 2037.8898660435073, 1.2530698413107464] [-0.9860200000447645, -0.005205818170325643, 0.003912244708335871, -0.166499709640114] [0.5097442269325256, 0.522621214389801, 1.4051989316940308] [0.002173474295732923, -0.0021321104748937914] 0.11648662388324738
traffic_cone [599.8017812977936, 2029.0626588184462, 0.5787981037347016] [-0.8869091020875782, -0.006511975921498659, -1.92633905728868e-05, 0.4618980823003333] [0.3579024076461792, 0.36569148302078247, 0.9487704038619995] [0.0, 0.0] 0.11285093426704407
pedestrian [600.8358720419241, 1970.0660973854779, 1.5144013626977317] [-0.9995907922404272, -0.005698997959279587, 0.0031508131871822833, -0.027853938081980723] [0.6370828151702881, 0.6272664070129395, 1.7288732528686523] [0.0042678536070827906, -0.0020582563359305794] 0.11283908784389496
pedestrian [579.6617002867116, 2052.646322475419, 4.531721675916295] [-0.7133106741387194, -0.006222353058991419, -0.001920553016621718, 0.7008177194950805] [0.6237616539001465, 0.6269344687461853, 1.7617243528366089] [0.0012884244409636062, -0.09262274678266282] 0.10738970339298248
traffic_cone [591.1504230630744, 1980.8373007047715, 0.5704823361206636] [-0.9554487155820737, -0.004644385130311685, 0.004564634513488936, -0.2950853193418561] [0.38783982396125793, 0.38598036766052246, 0.9691816568374634] [0.0, 0.0] 0.10701325535774231
traffic_cone [619.0006547236214, 2026.3656034235091, -0.22460099683443535] [-0.13357249384888592, 0.002191372437812488, 0.006132217243313419, -0.9910176500373287] [0.37870198488235474, 0.3986879289150238, 0.9881906509399414] [-0.00023105365135646765, 0.0009479529574566709] 0.10444968193769455
traffic_cone [614.729399619857, 2002.8256792689788, 0.6013155271350913] [0.40469785913689277, 0.005076015803223657, 0.004079248098095816, -0.9144272724544776] [0.34697824716567993, 0.34968286752700806, 0.9808337688446045] [-2.513295166506557e-06, 5.128423250208346e-07] 0.10440979897975922
traffic_cone [594.4973636913531, 1978.390677161924, 0.35985921440432767] [-0.9180857904115942, -0.004125444212682143, 0.005038542599645466, -0.3963282417931356] [0.4446723461151123, 0.44766485691070557, 0.9454136490821838] [0.0015053136452643564, 0.00221274215905068] 0.1032264232635498
pedestrian [590.5033935324764, 1986.6947172005237, 2.091320462856589] [-0.9969454906954678, -0.005534226144687111, 0.0034319881205878717, -0.07782854476663764] [0.6595812439918518, 0.6979953646659851, 1.806861400604248] [0.07015782208822387, -0.043098464564620124] 0.1028008759021759
pedestrian [569.138607546597, 2024.9743827515692, 2.359471122971005] [-0.9991892377503699, -0.0056611553009309635, 0.0032183104479114365, -0.039729849765060776] [0.7170295715332031, 0.7141103744506836, 1.8604438304901123] [0.21531222070459458, -0.010345319269274183] 0.10255587846040726
traffic_cone [607.3830017733305, 1966.7484359622706, 0.8175166377076533] [-0.9279493501814928, -0.004253322911604646, 0.0049310694266065285, -0.3726494294860319] [0.524127721786499, 0.5429535508155823, 1.3451931476593018] [5.1502817933056154e-05, 0.0009266794305239459] 0.1018003523349762
