car [647.3590430290168, 1951.527667652209, 1.2397141329076964] [-0.3853699333093854, -0.01825023666833765, -0.010784207103928247, -0.9225186416760424] [1.8638570308685303, 4.359982490539551, 1.6430151462554932] [-5.84685804913404, 5.846451713264361] 0.8169243335723877
car [656.9202334469752, 1942.3517701863332, 1.2859702039410839] [-0.4086577168205629, -0.01797067440093341, -0.011243892692763886, -0.9124415050959129] [1.9428149461746216, 4.688571929931641, 1.759422779083252] [-5.45174281595515, 5.963080262710835] 0.7524232864379883
car [633.2553853301456, 1965.3962235681809, 1.4050529415414377] [-0.38284748120685425, -0.01827963906827853, -0.010734293495345553, -0.9235683168408592] [1.8678719997406006, 4.421541690826416, 1.5758761167526245] [-5.60709273092342, 5.63080907197861] 0.7306535840034485
car [681.7427242833334, 1936.2135673336259, 0.7315851101122066] [0.9294710429357909, -0.01044568699256821, 0.018446080466159843, -0.36828550077697025] [1.755645990371704, 4.121750831604004, 1.512427568435669] [9.326605951825364, -8.731111549452407] 0.7190230488777161
car [645.8309396580411, 1939.2760256244476, 1.2381352931791278] [-0.3600601599402871, -0.01853763814199406, -0.010282326265356466, -0.9326882174459293] [1.944277286529541, 4.621636390686035, 1.6385219097137451] [-9.005818704877635, 7.938044112742335] 0.6583435535430908
car [659.8350074710621, 1932.3168595589477, 1.2383679860991492] [-0.3481611998588146, -0.018666994292401443, -0.010045575413992196, -0.9371949683238601] [2.0031864643096924, 4.940095901489258, 1.7140510082244873] [-10.015800669813649, 8.815343650341248] 0.6303444504737854
car [634.0867799865383, 1955.616461715758, 1.3834341666189225] [-0.36240330236461055, -0.018511735312497953, -0.010328887502086992, -0.9317802724751769] [1.910359263420105, 4.5176615715026855, 1.5853781700134277] [-9.431342434847782, 8.773288938388468] 0.6287457942962646
car [612.1206673691745, 1971.6249699018342, 1.7556129607539408] [-0.36357704130343027, -0.018498706403349628, -0.010352203761200992, -0.9313229111193035] [1.9291725158691406, 4.607911109924316, 1.7257211208343506] [-6.493613310172528, 5.968754376615857] 0.5206359624862671
car [678.6178135891156, 1919.705177631698, 1.2971629058918919] [-0.3699172461576687, -0.018427707572220765, -0.010478065419888823, -0.9288228360316176] [1.977610468864441, 4.6961493492126465, 1.6942963600158691] [-4.647812592091591, 4.527436498231257] 0.43000203371047974
car [619.0898328883459, 1979.0863870842315, 1.5675678429732298] [-0.3732790597270065, -0.018389634646376152, -0.0105447427130089, -0.9274768855923109] [1.923447608947754, 4.64252233505249, 1.6150553226470947] [-6.965115549887624, 6.351263986326993] 0.3641478419303894
car [690.284685551111, 1910.2242104441061, 1.1121988048741378] [-0.34162145388305093, -0.018736548386808584, -0.00991524159360392, -0.9395985376667639] [1.9252053499221802, 4.597894668579102, 1.70639169216156] [-3.4632119044524394, 2.8906718455591083] 0.25379684567451477
car [635.6205030432832, 1949.1953322351835, 1.4850438830300554] [-0.3699640820706481, -0.018427179186795886, -0.010478994633478393, -0.9288041815777496] [1.9320640563964844, 4.567042350769043, 1.6653611660003662] [-7.773710909735963, 6.953854618752288] 0.1904061734676361
car [620.1787590901916, 1980.2276496702689, 1.5869822953593804] [-0.4463906953380671, -0.01748564191732379, -0.011984264184750001, -0.8945870426371529] [1.9584888219833374, 4.707428932189941, 1.654167890548706] [-5.9226295759207925, 8.161561120165915] 0.18266311287879944
car [640.4410447275159, 1944.7705364974886, 1.3370399835980147] [0.9281341883637055, -0.010512273046977924, 0.018408214924227013, -0.37164170665997115] [1.8562451601028442, 4.447366714477539, 1.5733246803283691] [6.259004612781682, -6.378299819132358] 0.12236486375331879
car [647.424056183173, 1980.597410089081, 1.1263979380438778] [-0.385863545970373, -0.018244463097353614, -0.010793971817642231, -0.9223122863921202] [2.078233480453491, 5.039630889892578, 1.9495151042938232] [-0.2358107001333109, 0.24832178779091885] 0.12191107869148254
car [676.3090404765485, 1921.6718348858778, 1.1705303250438734] [-0.37427800853510584, -0.018378264185665183, -0.01056454763975481, -0.9270742160505197] [1.8994734287261963, 4.519930839538574, 1.6387650966644287] [-7.79425107024059, 7.490265870509582] 0.10712815076112747
construction_vehicle [637.1474988487804, 1981.8855258621534, 0.797189978711809] [-0.9332511019066092, 0.010253274718939248, -0.018553722506513725, 0.358598676139205] [1.988579511642456, 4.666750431060791, 2.2592780590057373] [0.0, 0.0] 0.16747573018074036
truck [647.3639577253163, 1980.6784350049795, 1.2204440222481572] [-0.38752451095321616, -0.01822498761679378, -0.010826822603075466, -0.921615637426558] [2.144334316253662, 5.454139709472656, 2.1478939056396484] [-0.11792790830753842, 0.13496004539711887] 0.15477490425109863
construction_vehicle [694.3481132688036, 1927.9696099975995, 2.3312992667305394] [-0.3450931221740096, -0.018699760426524378, -0.00998444897334577, -0.9383290290547792] [2.5992724895477295, 5.1348066329956055, 3.3685226440429688] [0.0, 0.0] 0.15337252616882324
truck [612.0677501044848, 1971.6450146175364, 1.6226521615596212] [-0.3650439717116412, -0.018482372628521673, -0.010381337261221476, -0.9307489073083465] [1.9834809303283691, 4.969057559967041, 1.92032790184021] [-6.307221055061688, 5.820063840040348] 0.1500004380941391
truck [678.976309097096, 1919.3309789546126, 1.2598319767114214] [-0.3699280971148446, -0.018427585160855263, -0.010478280701058709, -0.9288185144061678] [2.136993408203125, 5.461993217468262, 1.912005066871643] [-3.183639995229497, 3.105701566141515] 0.14724862575531006
construction_vehicle [642.5794777326513, 1987.7426919828501, 2.6246582354379013] [0.7169425425416236, -0.016725288000893332, 0.013024400277860244, -0.6968098882999887] [2.808603048324585, 5.574285984039307, 2.9778671264648438] [0.017151017467500942, -0.04832538272535797] 0.14151747524738312
truck [690.659556102292, 1909.9060459020195, 1.0486431256405218] [-0.3438788998006465, -0.018712661843443265, -0.009960248392670491, -0.9387746971508061] [2.049571990966797, 5.441223621368408, 2.068904399871826] [-2.9663120424522975, 2.5115636459361297] 0.10385219007730484
construction_vehicle [631.6721243421773, 1922.7110357224878, 3.0757799937323833] [-0.44030408164231966, -0.017566639446671035, -0.011865219756136577, -0.8975984321665251] [2.21596360206604, 5.067131042480469, 2.566226005554199] [0.0, 0.0] 0.10080327093601227
trailer [621.6469359094401, 1918.7644321020641, 5.697852188387786] [-0.9226543636847384, -0.005395286837639075, -0.020500271736012456, -0.38504487389420067] [3.253310441970825, 14.785402297973633, 4.3797478675842285] [2.0939033606277637, 1.9458160087176974] 0.12690523266792297
barrier [663.8985129951745, 1963.1050313982385, 0.5448940593772851] [-0.9322383779865484, 0.01030544082216843, -0.018524798265339815, 0.3612232500098794] [2.0447497367858887, 0.49895644187927246, 1.0529698133468628] [0.0, 0.0] 0.14551877975463867
barrier [636.8345314586277, 1981.4312990111232, 0.9575653441533921] [0.41763411898311964, -0.020295293598975937, 0.006121382118616582, -0.9083679719144019] [2.1824607849121094, 0.6113107800483704, 0.9259323477745056] [0.0, 0.0] 0.14022597670555115
motorcycle [672.7172000186287, 1950.7653103187254, 0.5037763364489692] [0.09400701016004831, -0.021177989765168936, -0.0009289837550529971, -0.9953458252182801] [0.7722911238670349, 2.033331871032715, 1.3612720966339111] [0.0, 0.0] 0.4085129201412201
bicycle [655.2855688756747, 1964.5290970306828, 0.7121983096104825] [0.9196012526633479, -0.010920834680397003, 0.018168809294893007, -0.39228072325656255] [0.5139433145523071, 1.5779755115509033, 1.0807535648345947] [0.0, 0.0] 0.3059232532978058
motorcycle [689.5545294273049, 1911.3062572999033, 1.1746908040342219] [-0.3289700230243078, -0.01886803885152311, -0.009662679297594796, -0.9441024063575291] [0.7552323341369629, 2.055248975753784, 1.75136399269104] [-3.4863187995370484, 2.8063816948227522] 0.2893587350845337
motorcycle [651.9674551749108, 1926.207162476363, 1.2736422461888035] [-0.3815355541104789, -0.01829486419414282, -0.010708324118582864, -0.9241110597153895] [0.6414328813552856, 1.7671771049499512, 1.209026575088501] [0.0, 0.0] 0.22107838094234467
bicycle [683.6107199139843, 1944.7942926485837, 0.2807330256227134] [-0.026733067707132185, -0.02091132708428778, -0.003476587534448838, -0.9994178169462742] [0.5266395211219788, 1.4654357433319092, 1.0492560863494873] [0.0, 0.0] 0.21646186709403992
bicycle [661.0776110443462, 1964.3362879564743, 0.576509694374254] [-0.37935332852791614, -0.018320087900485667, -0.010665113249714281, -0.9250090171849576] [0.5403032302856445, 1.5100150108337402, 1.0083006620407104] [0.0, 0.0] 0.19960421323776245
motorcycle [672.174329419887, 1949.9889870569245, 0.4518481810270275] [-0.5739747786846472, -0.015517623581232345, -0.014442078094995, -0.8185985482350923] [0.6851178407669067, 1.7839157581329346, 1.2610702514648438] [0.0, 0.0] 0.174012690782547
motorcycle [694.1965820411177, 1937.5712954444016, 2.0424593341907062] [-0.4375077541615352, -0.017603490365801118, -0.011810477901080028, -0.8989647350075641] [0.7413243055343628, 1.6036134958267212, 1.6256835460662842] [0.0, 0.0] 0.14973744750022888
bicycle [651.7987651582615, 1968.75279382007, 1.392294726903665] [0.17239388512189813, -0.021185153422136987, 0.0007480212505470638, -0.9847999685780195] [0.6166177988052368, 1.6881823539733887, 1.3284236192703247] [-0.021246207761886265, 0.007517502333754513] 0.14249059557914734
motorcycle [696.7757472751287, 1958.9906071271532, 1.256877410029708] [0.07748106448447295, -0.02115966305151082, -0.0012802034437074585, -0.9967684356885723] [0.7360528707504272, 1.9714548587799072, 1.4432320594787598] [0.0, 0.0] 0.11214710772037506
bicycle [660.5520955670708, 1959.7210251335198, 0.601702497022659] [-0.28734442481686906, -0.019272771653925568, -0.008827827257394404, -0.9575927167984064] [0.4740418791770935, 1.529862880706787, 0.9929955005645752] [0.0, 0.0] 0.1113210916519165
bicycle [687.9688094543095, 1935.2648954668214, 0.5018394743880265] [-0.3787411385897581, -0.018327141322464397, -0.010652987949733652, -0.925259844410436] [0.6284476518630981, 1.7171839475631714, 1.120447039604187] [0.0, 0.0] 0.11066753417253494
bicycle [680.6364928514754, 1919.1446937511996, 0.9532749337816298] [0.9252453898893763, -0.01065368735821277, 0.01832673476056796, -0.3787764488813244] [0.6018513441085815, 1.775505781173706, 1.2215538024902344] [0.061952512214437344, -0.08624073446631633] 0.1078331470489502
motorcycle [664.1794866710052, 1914.7036490452333, 1.507597618094498] [-0.7034356906743094, -0.012868567590907102, -0.01684548098063715, -0.710442720297877] [0.6553477048873901, 1.8369477987289429, 1.2837364673614502] [0.0, 0.0] 0.10646909475326538
motorcycle [607.2150561732429, 1967.1558976749525, 1.5497237947433355] [0.7840750223866375, -0.015314361602779625, 0.014657441455112878, -0.6203039488896425] [0.7458986639976501, 1.8520845174789429, 1.316765308380127] [0.0, 0.0] 0.10160449147224426
pedestrian [681.1492931307029, 1945.363486326925, 1.015335957272311] [0.9153532572824452, -0.01111452362036986, 0.01805097299324867, -0.4020933276256996] [0.6845003962516785, 0.7888917326927185, 1.7315688133239746] [0.7373882922061459, -0.7810974796786536] 0.6937375664710999
pedestrian [676.8345803574732, 1906.495715152212, 1.4008165082017845] [-0.999684683319899, 0.003198605028446078, -0.02095564809741641, 0.013459705579380032] [0.635119616985321, 0.6016112565994263, 1.8081940412521362] [0.0008410594261811301, -0.00035132031146346024] 0.495988130569458
pedestrian [677.5856092593002, 1905.9681302067852, 1.3666813456267008] [-0.9369923780392161, -0.004590294207179671, -0.02069539708249845, -0.34870605563297213] [0.6279488205909729, 0.599435031414032, 1.7786999940872192] [0.003341732193420671, -0.00464510360466405] 0.46065211296081543
pedestrian [694.1724846023245, 1937.5786530511436, 2.07619070679941] [-0.4138418154598057, -0.017906419179312072, -0.011345942600133193, -0.9101019621534844] [0.6261985898017883, 0.6285644769668579, 1.6834607124328613] [-0.0138840782800807, 0.025758274688440906] 0.20497146248817444
pedestrian [684.8775022248825, 1948.7726315068328, 2.1543821629618143] [-0.9583779501192728, 0.00877488477578262, -0.019296933914031287, 0.2847144788448085] [0.5851591229438782, 0.602957010269165, 1.6733124256134033] [0.15040234058449384, -0.09090957524755817] 0.19872136414051056
traffic_cone [687.9291532600862, 1946.0054561403365, 1.9339663423878588] [-0.8964874093512142, -0.0066795555717083024, -0.02011849394649642, -0.4425618088057745] [0.366134911775589, 0.3605769872665405, 1.281294584274292] [0.0015956371005730594, -0.00034629297510987403] 0.19498538970947266
traffic_cone [640.4091292866998, 1936.8008297109207, 1.231267863542239] [-0.8975333945382312, -0.006631872830146783, -0.020134262441805842, -0.4404366417855921] [0.38748297095298767, 0.3679940104484558, 0.8630075454711914] [0.0, 0.0] 0.17776453495025635
traffic_cone [639.9886550017126, 1937.1630153640274, 1.1641736984282687] [-0.9045153820081152, -0.006306505232027981, -0.020238533866591135, -0.42591378640448363] [0.3847399652004242, 0.38226747512817383, 0.814751386642456] [0.0, 0.0] 0.14783130586147308
pedestrian [607.5004729487546, 1963.7752854249293, 2.8662707710358917] [-0.930482756344873, -0.0049666394700161026, -0.020608317585034217, -0.36572184769786203] [0.6543282866477966, 0.649492621421814, 1.8155549764633179] [0.00247485542297661, 0.0011239040695306959] 0.13886764645576477
traffic_cone [683.5345119125587, 1944.8158646003947, 0.4126828341726273] [0.374418057410727, -0.02056091087067621, 0.005159380338651286, -0.9270176632747986] [0.4321344494819641, 0.47551241517066956, 0.7464006543159485] [0.00027308151295081377, -0.0008173515033759384] 0.135298952460289
pedestrian [672.3577091385449, 1950.4472839081338, 0.5740257100788971] [0.13348031145972306, -0.021198177460609563, -8.679665464324596e-05, -0.9908247252623976] [0.7103427052497864, 0.8578637838363647, 0.9980754852294922] [-0.007235346820402176, -0.0006995945023736614] 0.13188382983207703
traffic_cone [639.6378240835674, 1937.4354144834494, 1.1760235524115303] [-0.9132215580738468, -0.005882034735083603, -0.020365950227917734, -0.40691155747639607] [0.3729777932167053, 0.3695715665817261, 0.8064411878585815] [6.794964374841412e-05, -0.00012967828559659887] 0.1161557212471962
pedestrian [607.8152609036962, 1967.0522610919302, 1.514917484418554] [-0.9227644422741259, -0.005389423886121285, -0.02050181385844818, -0.38478099461019616] [0.6330810785293579, 0.6446453332901001, 1.423966407775879] [-0.0002856470370316581, 0.0010856261972916202] 0.11093450337648392
traffic_cone [683.3422346117447, 1945.0259666663137, 0.47076783146433715] [0.30177023172547957, -0.020897721710751098, 0.00355745535611548, -0.9531449821422976] [0.4064643383026123, 0.42697370052337646, 0.795671284198761] [-0.0004368180462600673, -0.0001569194234455031] 0.1041928380727768
