car [759.3864498026727, 1852.230644600594, 0.8401014666727569] [-0.36516955520902117, -0.013564751243050307, -0.002088636803761616, -0.9308398525355807] [1.8505754470825195, 4.410918235778809, 1.5943580865859985] [-8.53306483003201, 7.936170714251877] 0.7468297481536865
car [752.8177788052809, 1849.522326203454, 0.8611715629134443] [-0.35432629241793323, -0.013588110030850538, -0.0019308406908291114, -0.9350211300400527] [1.9293978214263916, 4.486013889312744, 1.6117963790893555] [-6.386465105996323, 5.671762317235684] 0.7293577194213867
car [775.6230961786148, 1838.0911300652062, 1.0081553309993672] [-0.3569188972711243, -0.013582701135243222, -0.00196852987138243, -0.934034547482469] [1.9368600845336914, 4.599425792694092, 1.6858338117599487] [-8.571982139149565, 7.9382250136460675] 0.7167930006980896
car [714.0400510783722, 1890.7271653827033, 1.0541236601152575] [-0.33028086422128133, -0.013633074136239967, -0.0015824568176248336, -0.9437829124588238] [1.8978888988494873, 4.586099624633789, 1.609901785850525] [-7.4425161728804605, 5.881227414143172] 0.7056436538696289
car [743.3309623517878, 1866.5089219514746, 0.9619250231682411] [-0.34035188013522655, -0.013615377123355142, -0.0017281162497586183, -0.9401979753267034] [1.8809841871261597, 4.54816198348999, 1.6245793104171753] [-9.349665100909402, 8.27227437915798] 0.6779372692108154
car [765.6534528609606, 1864.2147823423686, 0.8459266557659056] [-0.9469236247939521, 0.00145093247000074, -0.013647698522145042, 0.3211655086199307] [1.9264841079711914, 4.712148666381836, 1.6455917358398438] [11.499879802467603, -8.709881178294575] 0.6622214317321777
car [726.8022421585553, 1871.1911890354315, 0.9315347647387526] [-0.32692183379828726, -0.013638616536451079, -0.0015339553303488317, -0.9449517181877501] [1.98149573802948, 4.835292339324951, 1.7426772117614746] [-9.105328296233747, 7.078378940043464] 0.6597176790237427
car [700.6582499157856, 1901.984742443275, 1.1066462328975408] [-0.322266866002839, -0.013646001389332536, -0.001466808121806282, -0.946549365958651] [1.845041275024414, 4.389622211456299, 1.6106042861938477] [-7.757800305602429, 6.130996669515859] 0.6085755825042725
car [726.2205813691942, 1880.661038847227, 0.9384597454787571] [-0.3409924522534555, -0.013614196423663825, -0.001737393369896846, -0.9399658412017912] [1.9730581045150757, 4.833861351013184, 1.6267759799957275] [-7.681389075980146, 6.677160861519008] 0.6067984104156494
car [746.4319061452869, 1858.9462301665055, 0.9447534191031404] [-0.36363363977059326, -0.013568177991880337, -0.0020662589296882583, -0.9314409327204848] [1.845926284790039, 4.4182281494140625, 1.5817950963974] [-3.0100203877439657, 2.7401132373790147] 0.556943416595459
car [744.3753720814098, 1861.124923979746, 0.9839508827123038] [-0.39349534651876966, -0.01349445106441301, -0.0025029323710450122, -0.9192241551374124] [1.887449026107788, 4.582505226135254, 1.61338472366333] [-5.402893474015127, 5.2705976311226115] 0.16955819725990295
car [692.2259454899028, 1892.1192906522547, 1.1356504806590424] [0.9396034246161165, -0.0017518408167681567, 0.013612344902204303, -0.3419898237808867] [1.95862877368927, 4.643257141113281, 1.6929619312286377] [0.0, 0.0] 0.15761631727218628
car [704.3027673722181, 1894.7317703228498, 1.1315040275697759] [-0.36157436051090786, -0.01357271108630035, -0.002036269567538153, -0.9322422522827123] [1.9906260967254639, 4.7813262939453125, 1.7214553356170654] [-7.001136585466473, 6.092891494497451] 0.1375730186700821
car [786.3307640469156, 1854.2846293811733, 0.7420655209477952] [0.42377235219359144, -0.010853041226693581, 0.008400974712231427, -0.9056647440616902] [1.7623059749603271, 4.1835479736328125, 1.5462384223937988] [0.0, 0.0] 0.12600882351398468
car [707.2298999120851, 1891.6843855275185, 1.220843500957926] [0.9250825143449397, -0.00229811854159729, 0.013530836306475265, -0.37951808490934996] [1.9788284301757812, 4.635434150695801, 1.7330918312072754] [2.436402778390198, -2.392833018251679] 0.10917740315198898
car [763.1580407008496, 1835.75959077971, 0.7878301178539364] [-0.45081211804735494, -0.013309257015923186, -0.0033509040075719657, -0.892513344069249] [1.9203698635101318, 4.540427207946777, 1.6422786712646484] [0.0, 0.0] 0.10787195712327957
construction_vehicle [738.787262846437, 1903.420009658634, 2.8255053295191903] [0.9296628118099067, -0.0021321707618599728, 0.013557976538780847, -0.36815579780537777] [2.742053985595703, 7.95321798324585, 3.6807587146759033] [0.0, 0.0] 0.13763664662837982
construction_vehicle [767.2979367313941, 1881.4025561220662, 1.5251902237428148] [-0.25631255893973226, -0.0137146201318034, -0.0005235213693778927, -0.9664965117628632] [2.3138539791107178, 4.6768598556518555, 2.730760335922241] [0.0, 0.0] 0.11820618063211441
construction_vehicle [756.093013937832, 1894.245564157172, 2.101376765715207] [-0.912214340891052, -0.008229332037362326, -0.010983759565954841, -0.4094833713262598] [2.438312530517578, 4.605875015258789, 2.7121129035949707] [0.0, 0.0] 0.11701048910617828
truck [776.0359944533485, 1837.6874768993562, 0.9776983549803872] [-0.3687637425556353, -0.01355657914432344, -0.002141037572663591, -0.9294218295781398] [2.1253066062927246, 5.954914093017578, 1.99509596824646] [-8.364299867938703, 7.973331177483577] 0.11594169586896896
truck [746.7945097134369, 1858.551746513177, 0.9670831936750706] [-0.35644134506724173, -0.013583705729878005, -0.001961585743204165, -0.9342168927217446] [2.043081521987915, 5.355549335479736, 1.8186321258544922] [-2.4040772463804827, 2.1863723095280636] 0.11446475237607956
construction_vehicle [763.9588413395056, 1884.0529937392619, 1.4340196659830358] [-0.35358846299059715, -0.013589629208985403, -0.0019201192531072683, -0.9353003977118599] [1.5260602235794067, 2.5245354175567627, 2.181002378463745] [0.0, 0.0] 0.10764137655496597
construction_vehicle [721.6037536715695, 1930.826385032796, 5.349575901477372] [0.9314625778704402, -0.002065451223967095, 0.013568300970470664, -0.3635781912422281] [3.1686654090881348, 7.607871055603027, 3.6241159439086914] [0.0, 0.0] 0.10725066810846329
construction_vehicle [767.2892892189469, 1825.551219183644, 1.453008969493737] [-0.8421274188428445, -0.009754241168334975, -0.009655032843746393, -0.5391039283413769] [3.2051496505737305, 6.6213788986206055, 3.7187600135803223] [0.0, 0.0] 0.1038888469338417
bus [708.533796782416, 1879.905139916666, 2.2966676361877565] [-0.3135852991522114, -0.013658861536949132, -0.0013417829549945718, -0.9494608445194747] [3.056608200073242, 12.655144691467285, 3.5860202312469482] [0.0, 0.0] 0.9177290797233582
barrier [749.5376197228287, 1887.9583708636344, 0.7581123083416786] [-0.9292754394672043, -0.007740310185492943, -0.01133368775889898, -0.36913248668066406] [2.1829307079315186, 0.5337498188018799, 1.105082392692566] [0.0, 0.0] 0.8860445618629456
barrier [751.597664175878, 1886.8639438991274, 0.7251381386480548] [-0.8687500101064767, -0.009244549798535989, -0.010144120415602854, -0.49506065796022686] [2.175480365753174, 0.5204213857650757, 1.0959856510162354] [0.0, 0.0] 0.8464820981025696
barrier [755.4639190349413, 1884.6779454643126, 0.6935926486236219] [-0.886032532477688, -0.0088728387671253, -0.010470798068746281, -0.4634198814371162] [2.1599273681640625, 0.5014938712120056, 1.0833675861358643] [0.0, 0.0] 0.8409281969070435
barrier [757.7081457888177, 1883.6879039670475, 0.6657123285433055] [-0.5061773117365223, -0.013071554519032951, -0.004183221538457132, -0.8623202213813633] [2.1643872261047363, 0.48351866006851196, 1.1142399311065674] [0.0, 0.0] 0.7981790900230408
barrier [753.5706811957577, 1885.772046272713, 0.6906270381314438] [-0.8597051753964797, -0.009425509346406577, -0.009976204365622462, -0.510606155972021] [2.1845622062683105, 0.4861369729042053, 1.1066428422927856] [0.0, 0.0] 0.7538263201713562
barrier [780.311446510186, 1864.0718906919674, 0.778558929076335] [-0.15153459981796846, -0.013692005583405026, 0.0009454433287447829, -0.9883566664812982] [2.095926523208618, 0.5412067770957947, 1.0529556274414062] [0.0, 0.0] 0.6989307403564453
barrier [757.2897932037575, 1884.0966699735266, 0.6573191117391398] [-0.6037544887871422, -0.012491184354830898, -0.0056864042590630305, -0.7970521641582766] [2.111600875854492, 0.4817237854003906, 1.0822948217391968] [0.0, 0.0] 0.6034023761749268
barrier [785.434668466734, 1854.328944245752, 0.6830008473151794] [0.36989727069464795, -0.011327312683117235, 0.007749636595528452, -0.9289712827922436] [2.3535289764404297, 0.5920285582542419, 1.133812665939331] [0.0, 0.0] 0.35065746307373047
barrier [782.3438482122318, 1861.7638927253695, 0.6719749648289052] [0.3696497491839068, -0.011329377038133914, 0.00774661835329884, -0.9290698025704478] [2.0496041774749756, 0.4855446219444275, 1.09898841381073] [0.0, 0.0] 0.32346218824386597
barrier [759.2053664051194, 1884.8375394694674, 0.7096740305417999] [-0.20845975576800452, -0.013723769680183096, 0.00015174237756678931, -0.9779346426756544] [2.01754093170166, 0.42518651485443115, 1.033301591873169] [0.0, 0.0] 0.28067851066589355
barrier [750.0819721623793, 1888.0505556169815, 0.7707627055640308] [-0.9161898857656575, -0.008121118846133583, -0.01106400961093384, -0.4005093361467714] [2.1899728775024414, 0.5667376518249512, 1.1060250997543335] [0.0, 0.0] 0.27809467911720276
barrier [752.7082921271301, 1888.2094549390233, 0.7386179329868119] [0.43613686062488866, -0.01073696093926238, 0.008548833240426226, -0.899775679780401] [2.289149284362793, 0.4515536427497864, 1.0318171977996826] [0.0, 0.0] 0.26990148425102234
barrier [757.2043174082811, 1885.0156517062787, 0.6948240669975346] [-0.4031665766112579, -0.013467307669026407, -0.0026450905715390827, -0.9150236863729674] [2.1334354877471924, 0.4684184193611145, 1.0578080415725708] [0.0, 0.0] 0.267652690410614
barrier [754.7810913513749, 1886.8760603273129, 0.7033614897020538] [0.612248285508099, -0.008744117639213003, 0.010578529514798665, -0.7905464388714993] [2.4646358489990234, 0.4841286540031433, 1.0568597316741943] [0.0, 0.0] 0.2612445056438446
barrier [751.6329720288373, 1888.7657126899746, 0.765691348772343] [-0.8647715730918137, -0.009325209365060592, -0.010070022357554559, -0.5019778496032727] [2.105581521987915, 0.4593379497528076, 1.021308422088623] [0.0, 0.0] 0.23963260650634766
barrier [757.3289614029371, 1885.3192552173184, 0.7060774323213953] [0.3276998629314595, -0.011664716985071936, 0.007231822567101374, -0.9446821872750215] [2.2016592025756836, 0.454225093126297, 1.0381007194519043] [0.0, 0.0] 0.23819085955619812
barrier [782.1299979312521, 1861.5103570994036, 0.6562939037705608] [0.3360910084359446, -0.011599919403496698, 0.007335308433613634, -0.941729509555969] [2.030332565307617, 0.47704142332077026, 1.094897747039795] [0.0, 0.0] 0.22573405504226685
barrier [756.914337517803, 1883.7276653999809, 0.6666762513793811] [-0.7974950229042866, -0.010477860464805491, -0.008864497733313964, -0.6031693987288376] [1.9102452993392944, 0.43131813406944275, 1.02073335647583] [0.0, 0.0] 0.22556591033935547
barrier [782.6586113246008, 1862.2041213440546, 0.7373680021601161] [0.5083926782690458, -0.010000420624654678, 0.009399812089283685, -0.861015981153917] [2.135995388031006, 0.4999155104160309, 1.091651201248169] [0.0, 0.0] 0.2181548923254013
barrier [750.5405943610083, 1889.2732937511632, 0.7993283025415854] [-0.9171530905149061, -0.008094413247437638, -0.011083562340852716, -0.3982986865142445] [2.1497960090637207, 0.4544692039489746, 1.040497899055481] [0.0, 0.0] 0.21778061985969543
barrier [757.7501316260593, 1883.2812678420628, 0.6571110865622771] [-0.5248538612285826, -0.012977262986278052, -0.004467160772665348, -0.8510816996466696] [2.0816099643707275, 0.46949878334999084, 1.0535314083099365] [0.0, 0.0] 0.21317532658576965
barrier [756.7908646401856, 1884.3895856232941, 0.6752200554305623] [-0.7591403091610767, -0.011000044494014788, -0.00820755146883389, -0.6507823185419538] [2.0899386405944824, 0.4640754461288452, 1.0389940738677979] [0.0, 0.0] 0.20878544449806213
barrier [752.1586989082961, 1888.4444630999117, 0.7418972979054337] [0.7710220609661297, -0.006205422346602313, 0.012241634428627208, -0.6366605191336727] [2.2365105152130127, 0.4792861342430115, 1.0515198707580566] [0.0, 0.0] 0.20639030635356903
barrier [781.0557755651224, 1862.8578897599593, 0.7393613448220369] [0.49307493052738927, -0.010165210746222378, 0.009221354047467621, -0.8698785823351592] [2.0723018646240234, 0.5351617336273193, 1.0344126224517822] [0.0, 0.0] 0.1968694031238556
barrier [757.7741884825366, 1885.016272799414, 0.7048882997775748] [0.03706614198855401, -0.013269813068856691, 0.0035038466150022303, -0.9992185627969989] [2.159156560897827, 0.4504586160182953, 1.0452685356140137] [0.0, 0.0] 0.18648172914981842
barrier [755.6986212868824, 1886.2290861391216, 0.7172464454998819] [0.9272922779300855, -0.0022187278746414922, 0.013544080869595812, -0.37408644243175826] [2.142897605895996, 0.4819672703742981, 1.0452721118927002] [0.0, 0.0] 0.18035359680652618
barrier [693.5865325706236, 1891.92664138147, 0.9998983537432249] [-0.9238750291743134, -0.007902376803352243, -0.011221288733550296, -0.3824481214337153] [2.0194921493530273, 0.5171258449554443, 1.0500762462615967] [0.0, 0.0] 0.14487342536449432
barrier [756.2000793408179, 1885.8511737124932, 0.7335939497848344] [-0.9839370935343176, -0.005345044047336238, -0.012641019900146424, -0.17798716551273003] [2.2333498001098633, 0.486541748046875, 1.042784333229065] [0.0, 0.0] 0.1444828361272812
barrier [750.2972768749089, 1888.9897095109443, 0.8006725930506432] [-0.9424453426840613, -0.007310511106201125, -0.01161556315251105, -0.33407845062670255] [2.127253770828247, 0.5065990686416626, 1.0885694026947021] [0.0, 0.0] 0.13696792721748352
barrier [749.2573952260933, 1887.6833987094064, 0.7502882656027486] [-0.9265446460196706, -0.00782318079981223, -0.011276644986755225, -0.3759343746617211] [2.142792224884033, 0.5338178277015686, 1.0924063920974731] [0.0, 0.0] 0.13070069253444672
barrier [780.737224619887, 1862.5369577523834, 0.7117456474522998] [0.4563963304188915, -0.0105406599429635, 0.0087897308235615, -0.8896707394874726] [2.0287394523620605, 0.520256757736206, 1.0420315265655518] [0.0, 0.0] 0.12689054012298584
barrier [781.326743511177, 1863.3731521803688, 0.7474756998881308] [0.2886643125970722, -0.011951610971088183, 0.006747138295575908, -0.9573319955756602] [2.224364757537842, 0.5498440265655518, 1.0299584865570068] [0.0, 0.0] 0.1243186742067337
barrier [758.9107032419568, 1885.0063513445318, 0.7123508787370705] [-0.035535245558874384, -0.013489074576443744, 0.002531747826107783, -0.9992741773122563] [2.0212628841400146, 0.4605135917663574, 1.0208081007003784] [0.0, 0.0] 0.1224745362997055
barrier [755.6647790738866, 1884.997220049854, 0.6988823914636031] [-0.8772785818078264, -0.009065653940394311, -0.010304309710838252, -0.4797852905428272] [2.1986083984375, 0.5719859600067139, 1.0963956117630005] [0.0, 0.0] 0.11825291812419891
barrier [759.4490309267393, 1885.164395097611, 0.7437165417717085] [0.2618531963502698, -0.0121351317276824, 0.006411197854976738, -0.965010123615894] [2.118861675262451, 0.4499713182449341, 1.0380886793136597] [0.0, 0.0] 0.10868322849273682
barrier [748.877787465557, 1890.0449361170631, 0.7765360991268704] [-0.8928533559313236, -0.008715503824396034, -0.010602116442993848, -0.4501383342064852] [1.9926444292068481, 0.41432684659957886, 1.0176804065704346] [0.0, 0.0] 0.10602889955043793
barrier [736.6529405936545, 1895.1813267094528, 0.5916206541389304] [-0.5495808103494945, -0.012840713093290983, -0.004845716380438292, -0.835327820688147] [2.2663681507110596, 0.5850401520729065, 1.0182521343231201] [0.0, 0.0] 0.10452725738286972
barrier [779.9314546175387, 1858.9416433287013, 0.39636272508757564] [0.3725538378792607, -0.01130509214643887, 0.007782015904917476, -0.9279090866035581] [2.1671431064605713, 0.5090163946151733, 1.0169668197631836] [0.0, 0.0] 0.10238318145275116
motorcycle [763.6626915525769, 1884.3441536066896, 2.0156425955203545] [0.7268684343824886, -0.0070076281916914875, 0.01180076383590796, -0.6866395810163917] [0.7162314057350159, 1.8784571886062622, 1.2715046405792236] [0.0, 0.0] 0.35747694969177246
bicycle [743.1586742541697, 1894.2678052730432, 0.5010798316099753] [-0.4699940109196188, -0.01323373614541178, -0.003637733857428852, -0.8825628956735634] [0.6449539661407471, 1.7512247562408447, 1.1492128372192383] [-0.00012873867434775622, 0.00015161114614841787] 0.26946908235549927
bicycle [781.7022440617878, 1861.8771059241192, 0.7560535414325982] [-0.991494291802144, -0.0012509817548418505, -0.01366747689344728, 0.12942451253059048] [0.5461519956588745, 1.6749829053878784, 1.243429183959961] [0.0, 0.0] 0.2003580778837204
bicycle [757.6712348941702, 1888.4098786546206, 1.4593236631959803] [0.519549038146343, -0.009877309811687914, 0.009529093916411782, -0.8543303998344118] [0.5629079341888428, 1.6074416637420654, 1.1035823822021484] [0.0, 0.0] 0.1999894678592682
bicycle [741.0607840880357, 1896.8067201325805, 1.2189582813039592] [-0.5752383050443528, -0.01268415480249788, -0.005241860063959396, -0.8178707278841298] [0.5116332769393921, 1.5321866273880005, 1.0917060375213623] [0.0, 0.0] 0.18940219283103943
bicycle [781.7453858014908, 1862.0553290250466, 0.7804385912587665] [0.6700378913120554, -0.007922734023559475, 0.01120692489382326, -0.742200013019476] [0.5454946160316467, 1.7224490642547607, 1.2867249250411987] [0.0, 0.0] 0.183681920170784
bicycle [734.1706084950199, 1896.8067474352395, 0.5638109452487864] [-0.26795565855996395, -0.013707304933932685, -0.0006889640281227075, -0.9633334833616614] [0.6289840340614319, 1.7723350524902344, 1.08888840675354] [-0.029580188206901687, -0.010284611069851077] 0.1418573558330536
motorcycle [755.70620561646, 1890.7125115099088, 1.818403590557042] [0.5145945036145331, -0.009932309444323197, 0.009471753221345598, -0.8573238197844082] [0.6616660356521606, 1.787763237953186, 1.2349827289581299] [0.0, 0.0] 0.13909095525741577
bicycle [763.5087559846144, 1877.7525456212531, 0.19713304889541503] [0.9360359155194685, -0.0018917683766792289, 0.013593604834364535, -0.351636744350824] [0.4747803211212158, 1.4437280893325806, 1.0736865997314453] [0.0, 0.0] 0.13774162530899048
bicycle [740.8186323548376, 1900.0356193517189, 1.8051679029458403] [0.23976065864855267, -0.012278292951015514, 0.006132568971720178, -0.9707350110531854] [0.6391012668609619, 1.7719295024871826, 1.1696650981903076] [0.0, 0.0] 0.1344076246023178
bicycle [693.931536530645, 1891.6380401272747, 1.1593070527237388] [-0.9790591786045215, -0.00022673423502667968, -0.013722735571690117, 0.20311267786688222] [0.6447778940200806, 1.7086492776870728, 1.1780822277069092] [-0.005975858389027438, 0.009250974681428895] 0.1262655109167099
bicycle [747.0422933735969, 1895.4000627817509, 1.3114792439033824] [-0.34035882910655635, -0.013615364350517621, -0.0017282168806363168, -0.9401954597684623] [0.5526410341262817, 1.5934144258499146, 1.1105329990386963] [0.0, 0.0] 0.12568198144435883
bicycle [753.2681750702121, 1892.7900248406472, 1.3690429142589204] [0.7695189273870964, -0.006234265977387003, 0.012226970504056077, -0.6384765113244408] [0.5226116180419922, 1.5454514026641846, 1.0813493728637695] [-4.0917332307052326e-05, 0.00016736509508168235] 0.125111922621727
bicycle [757.5613270306172, 1884.5560741265085, 0.6958811212005718] [-0.7084224652179314, -0.011582241891573832, -0.007363189033899279, -0.7056551890934869] [0.4923044741153717, 1.6408261060714722, 1.0578436851501465] [0.0, 0.0] 0.12434209138154984
motorcycle [782.2372154011215, 1865.687702564147, 1.3913133248755019] [0.1269854768433068, -0.012899953160897704, 0.004685732432662766, -0.9918096207392293] [0.7210271954536438, 1.8761229515075684, 1.597860336303711] [-6.745564625935178e-05, 8.630506821321465e-06] 0.11950727552175522
motorcycle [732.6162495032213, 1848.3277494238343, 2.0398351812025406] [0.7681954363280524, -0.00625956619030295, 0.012214037460769416, -0.6400682828611095] [0.7013570070266724, 1.9916021823883057, 1.3551573753356934] [0.0, 0.0] 0.11931469291448593
bicycle [727.7963631546871, 1861.4393137324107, 1.4565155769975737] [-0.2311284163898728, -0.013723589969752962, -0.00016720743392078206, -0.9728264440572767] [0.6130534410476685, 1.7836965322494507, 1.1578943729400635] [0.0, 0.0] 0.11473822593688965
bicycle [747.184508169835, 1895.7453198785736, 1.2941477827661862] [-0.4573331149191946, -0.013284372299241048, -0.0034482361576637366, -0.8891895507248853] [0.5210272073745728, 1.532137393951416, 1.1321536302566528] [0.0, 0.0] 0.1127677708864212
bicycle [749.8659357156697, 1863.220136426428, 0.2374353156650193] [-0.9955850937554093, -0.004240019179022421, -0.013053241641269975, -0.09285448945554031] [0.6182948350906372, 1.5847872495651245, 0.8615937829017639] [0.0, 0.0] 0.10774149000644684
bicycle [759.3324440737877, 1857.0924648335817, 0.29365197702823986] [-0.04528961092397854, -0.01351314950044524, 0.0023999313662017496, -0.9988796155004719] [0.6480322480201721, 1.7001838684082031, 1.172555685043335] [-0.0016005102579468508, -0.0011151871542796716] 0.10588562488555908
motorcycle [722.0798258041439, 1861.422994113968, 1.8460932410298247] [-0.8788669621261033, -0.009031386560686007, -0.010334357105080247, -0.47686947690458326] [0.6484865546226501, 1.8303108215332031, 1.2400659322738647] [0.0, 0.0] 0.10417678952217102
bicycle [723.8098431769718, 1891.4034085410044, 0.3276313252176462] [-0.9686330102101868, 0.00040732867953738316, -0.013718562728314097, 0.24811635708104407] [0.531825065612793, 1.5860285758972168, 1.0321012735366821] [8.92541406627012e-05, 0.0009775811912813924] 0.10362882912158966
bicycle [755.6284428666528, 1893.5590411822445, 2.6891998235109247] [-0.9832391928137267, -0.0005246913235659621, -0.013714575421748827, 0.1818029835702011] [0.6354727149009705, 1.7152073383331299, 1.1801140308380127] [0.0, 0.0] 0.10273768752813339
bicycle [766.6846740529321, 1880.6177980404627, 1.5966336361559825] [-0.9457835406689831, 0.0014991195691573984, -0.013642489527253878, 0.3245075181250168] [0.6632702350616455, 1.8930933475494385, 1.2264885902404785] [0.0, 0.0] 0.10178478807210922
traffic_cone [745.3544241945094, 1867.5872959765345, 0.8321147629989644] [-0.5433833627302351, -0.01287622532356971, -0.004750547484293208, -0.8393724776450545] [0.3714738190174103, 0.3733738362789154, 1.0817463397979736] [0.0005438721660123045, 0.0003634128643510528] 0.39417028427124023
traffic_cone [749.0812682655115, 1891.1447330432097, 0.7883567227595057] [0.7823539838719842, -0.005984128080813581, 0.012351319407103064, -0.6226828077276996] [0.33992239832878113, 0.343121200799942, 0.7895712852478027] [0.0, 0.0] 0.2834514379501343
traffic_cone [750.9718145691758, 1887.7187013416599, 0.6742935062800373] [0.6951994750892827, -0.007532104162159612, 0.011473111473102676, -0.7186858318873426] [0.37099990248680115, 0.3652556538581848, 0.9006670713424683] [0.0, 0.0] 0.2633237838745117
traffic_cone [780.149046791212, 1865.8235393925827, 0.8000587501059127] [0.09574403889653921, -0.013040878906642763, 0.00427789169172646, -0.9953113654207882] [0.3762737214565277, 0.3615683913230896, 0.7768838405609131] [0.0, 0.0] 0.2474055141210556
traffic_cone [712.30175890591, 1873.6842589949129, 0.9734318775811674] [-0.07540299776342, -0.013579399617521462, 0.0019911770417319445, -0.9970586858597169] [0.37223294377326965, 0.3627435564994812, 1.2893987894058228] [-3.894248515895289e-05, 1.0652032379403035e-05] 0.24009907245635986
traffic_cone [757.0293025972953, 1880.5003457495595, 0.652001629151992] [-0.9999026129499521, -0.003043399904455399, -0.013382921841116134, -0.002529769925183667] [0.3894004821777344, 0.3908655643463135, 1.207348346710205] [0.0, 0.0] 0.2387835830450058
traffic_cone [714.6403361675713, 1871.840997966328, 0.8906749655444433] [0.938418780898633, -0.0017987609386140996, 0.013606224276763139, -0.345227210365492] [0.37267377972602844, 0.33925244212150574, 1.322084903717041] [2.625886020522884e-05, -1.4941212690439875e-05] 0.23518162965774536
pedestrian [779.5853576943432, 1873.7859522260037, 1.379680377401292] [0.7099428761148726, -0.007292739885341085, 0.011626728901484619, -0.7041255198995124] [0.5677487850189209, 0.5715019106864929, 1.6953644752502441] [0.020870615216600892, 0.002522433109535914] 0.21954652667045593
pedestrian [782.1700067841604, 1865.6858231743213, 1.3868527467492244] [0.3252120810822024, -0.011683712591502835, 0.007201092976973744, -0.9455415048733711] [0.6957204341888428, 0.7158699035644531, 1.620863676071167] [-0.0035642447686145664, -0.007219836159115484] 0.18183551728725433
pedestrian [752.645395789119, 1841.8288634557703, 0.8238763597848561] [-0.9668430668243536, 0.0005049301131143111, -0.013715317187901007, 0.2550021946056433] [0.6369657516479492, 0.6839182376861572, 1.4568266868591309] [-7.189943190871147e-05, 7.792862066085292e-05] 0.16196539998054504
pedestrian [752.2319777295786, 1841.228291926961, 0.8262682924937632] [-0.9992325186943485, -0.0034988244857457242, -0.013271138127598874, -0.03668799127459638] [0.5827754139900208, 0.6017783880233765, 1.4163233041763306] [0.0, 0.0] 0.1469668447971344
traffic_cone [748.9474609730089, 1890.9836153480076, 0.7681584629667495] [0.81978335771544, -0.005199556803650474, 0.012701554591052013, -0.5725092851062025] [0.347322016954422, 0.3554176390171051, 0.7888314723968506] [0.0, 0.0] 0.12632982432842255
traffic_cone [747.1178199712708, 1895.7763154100487, 1.26573605014579] [-0.5820001059695981, -0.01264025458808744, -0.005346853647912653, -0.8130728822014621] [0.43521276116371155, 0.4359602928161621, 1.2373642921447754] [-0.002626599563119606, 0.008562199744060991] 0.12426769733428955
pedestrian [758.6842622215222, 1836.1048806113715, 1.1328283528158312] [-0.773986804033135, -0.010807301085663412, -0.008459735411210027, -0.6330529695867397] [0.6921523809432983, 0.703680157661438, 1.8063640594482422] [-0.00013523244339430193, 0.031406854504003774] 0.11759774386882782
traffic_cone [717.1673923340992, 1870.1262249174404, 0.917731855353009] [-0.23222047547558072, -0.013723393594631211, -0.0001826149793897015, -0.9725663400971224] [0.37915629148483276, 0.36970287561416626, 1.2550938129425049] [0.0, 0.0] 0.11238351464271545
traffic_cone [759.5807627134554, 1887.3790640349105, 1.0759089893803955] [0.6263304189599708, -0.008552955516485763, 0.010733677464731188, -0.7794368745481852] [0.35657498240470886, 0.34454455971717834, 0.9153523445129395] [0.0, 0.0] 0.11223914474248886
pedestrian [793.796824005103, 1849.7825863784867, 1.2234024247316404] [-0.27598079258684727, -0.013701082045245321, -0.0008032625805542834, -0.9610651576470514] [0.6769996285438538, 0.701083779335022, 1.7902723550796509] [-0.1564466937398369, 0.13236836470087837] 0.1091233491897583
traffic_cone [716.9669478311971, 1910.0070858054464, 0.982719203040588] [-0.9896713693220718, -0.0010677622918857177, -0.013683010036972471, 0.14269623633506104] [0.4599272608757019, 0.441129207611084, 1.3092900514602661] [0.0, 0.0] 0.10576316714286804
traffic_cone [728.5554818034944, 1881.5513771122733, 0.4618971040313835] [-0.6809285784424963, -0.011855258344784191, -0.006915036483077095, -0.7322212139649447] [0.34719598293304443, 0.327044278383255, 0.7130455374717712] [-0.0004038155383275411, -0.005147667974091225] 0.10533669590950012
pedestrian [694.010800434764, 1891.5180808563255, 1.0231337824498279] [-0.7288277635998455, -0.0113611481300286, -0.007699947607056171, -0.6845595124794219] [0.648507833480835, 0.6553870439529419, 1.6292593479156494] [-0.00015396710888055062, 0.0004511893943173769] 0.10506081581115723
pedestrian [785.3145946596443, 1871.1290771878446, 1.7240404046947908] [-0.7803102760068372, -0.010721729770042035, -0.008567928029696373, -0.6252419597868891] [0.611017107963562, 0.631852388381958, 1.6342257261276245] [0.015798190421984874, 0.017931658024917314] 0.10244088619947433
pedestrian [743.447863231223, 1893.6804551993155, 0.8095121949948504] [0.49044426036362976, -0.010193027523076043, 0.009190596819449578, -0.8713644832080248] [0.5115837454795837, 0.5167830586433411, 1.4074956178665161] [0.02859553034477654, -0.06630685451081764] 0.10109766572713852
traffic_cone [763.6134759727677, 1877.5977145949569, 0.3202040263853223] [0.37426027836268216, -0.011290756469431288, 0.007802800672313624, -0.9272221304304077] [0.3767082095146179, 0.380312979221344, 0.8019511103630066] [0.0, 0.0] 0.10105887800455093
