car [1516.5566941202148, 1220.9337165886147, 0.9136119415422017] [-0.3081017653226013, -0.016355147320517554, 0.006064366700803823, -0.9511934791711614] [1.8787379264831543, 4.4997711181640625, 1.6211730241775513] [-3.3031585839507707, 2.457683481466984] 0.7390455603599548
car [1535.190377856888, 1211.5834618953927, 0.4976810633448384] [0.0866824926081676, 0.014576103855568312, -0.009581470855215152, 0.9960832686517112] [1.912608027458191, 4.564741611480713, 1.868018627166748] [-1.2636767400188533, 0.21671134826737193] 0.7315787076950073
car [1523.6624805526258, 1238.7039880843158, 1.0238074410122424] [-0.5292778584208058, 0.005893162264493455, -0.016417613282143084, 0.8482692268366967] [1.9547123908996582, 4.560227870941162, 1.6671957969665527] [0.0, 0.0] 0.7051761150360107
car [1514.7333800203266, 1213.805221299591, 1.0948650074458723] [-0.0999300600425633, 0.01254168447835164, -0.012123264321259533, 0.9948415530688953] [1.9230256080627441, 4.674367904663086, 1.8509713411331177] [-1.5422947793933335, -0.3728614365888406] 0.6781090497970581
car [1494.4266931320549, 1200.8516747172548, 0.9451213347383267] [-0.8342459109983256, -0.0165650407793045, -0.00546505364453357, -0.5511165871167512] [1.8290112018585205, 4.304711818695068, 1.5584744215011597] [0.007584997479339749, 0.008774676078641304] 0.6598292589187622
car [1494.701530642898, 1208.2548559984855, 1.392920703576677] [-0.8433438299607177, -0.016471350883360228, -0.0057412531240905, -0.5370911627273626] [2.3795735836029053, 6.519381999969482, 2.9006288051605225] [0.0, 0.0] 0.6593414545059204
car [1497.447817532749, 1207.1725980456895, 0.839768369377518] [-0.8473782103972808, -0.01642749761751766, -0.005865552777369096, -0.5307032138178017] [1.9048939943313599, 4.529789447784424, 1.629961609840393] [0.0, 0.0] 0.6515530943870544
car [1500.7339234585716, 1206.5684980040376, 1.1848320846047118] [-0.9162257775169242, -0.015385986307830724, -0.00821820008839504, -0.40028247179479354] [2.1001229286193848, 5.142509937286377, 1.9866567850112915] [0.0, 0.0] 0.617888331413269
car [1484.5575637115835, 1186.7584375667864, 1.6211525055082245] [-0.8457012839876928, -0.01644590358638605, -0.005813746002789014, -0.5333714192513591] [2.1277081966400146, 5.0818071365356445, 2.0791749954223633] [0.0, 0.0] 0.5998941659927368
car [1527.0884326992898, 1246.7784763292548, 1.269832120291234] [-0.5758812061037709, 0.004965943332638303, -0.016721447131593483, 0.817347275684643] [1.9088677167892456, 4.367940902709961, 1.66585373878479] [-0.05044037092193256, -0.09561598868565084] 0.5691142082214355
car [1521.342596940737, 1240.3580283285614, 0.9941000297587536] [-0.49627067481004433, 0.006520058748374587, -0.016178881953812344, 0.8679925978579685] [2.027341365814209, 4.735190391540527, 1.7546982765197754] [0.0, 0.0] 0.4897884726524353
car [1486.4139645729751, 1192.6930187958194, 1.2831885265828848] [-0.8720800195469649, -0.016124231664533993, -0.0066540619613954625, -0.4890523204316763] [2.021972179412842, 4.726512432098389, 1.7098512649536133] [0.0, 0.0] 0.4253977835178375
car [1491.4844952514889, 1194.0098633432294, 1.1580817546424749] [-0.8352229082178657, -0.016555313419459223, -0.005494450376618588, -0.5496348116711063] [1.8264142274856567, 4.1619391441345215, 1.5636796951293945] [0.0, 0.0] 0.39529433846473694
car [1482.197431535068, 1196.4775486786316, 1.9214832328932214] [-0.9637508461427625, -0.01406427720238004, -0.010318114853608862, -0.2662330542433663] [1.9964818954467773, 4.7051472663879395, 1.8143409490585327] [0.0, 0.0] 0.3400851786136627
car [1495.0265714346256, 1192.7926124651397, 1.2916476220216446] [-0.5184799058764915, 0.0061008513558815335, -0.016341572754514457, 0.8549118783915369] [2.05411434173584, 4.748544692993164, 1.808465600013733] [-0.0002662707376110653, -0.007139905369154566] 0.28361746668815613
car [1477.7773840453037, 1241.17632852311, 1.1868789640543325] [-0.8355914756413291, -0.01655162341274491, -0.005505556262570148, -0.5490743287098642] [1.991683006286621, 4.5968828201293945, 1.83247709274292] [0.0, 0.0] 0.26763901114463806
car [1498.824630074807, 1200.630357399974, 1.0835290558711195] [-0.49952366986631114, 0.006459313806354127, -0.016203229693758398, 0.8661246075801879] [1.911638617515564, 4.491012096405029, 1.615273118019104] [-0.6676674419378981, -1.4001269965870393] 0.21504105627536774
car [1574.9652712417667, 1200.001583269062, -2.0192747544706497] [-0.15001380010814622, -0.01515733729367097, 0.00863264232570433, -0.9885300159275665] [1.9171828031539917, 4.501123428344727, 1.6574950218200684] [-5.4704052350828185, 1.6587124371516395] 0.20460999011993408
car [1473.9906908555113, 1188.1593722682355, 1.4889679333834314] [-0.9250324054491661, -0.004804087472432935, -0.016768665150060803, 0.3794875248036114] [1.9570000171661377, 4.474978923797607, 1.732744812965393] [0.0, 0.0] 0.1483549177646637
car [1496.5820557479713, 1195.5188054276957, 1.1965695227891744] [-0.8360763000857869, -0.01654675235705416, -0.00552017878260961, -0.5483358031785841] [2.0118722915649414, 4.716887950897217, 1.7716351747512817] [0.00482354041990646, -0.0028231129780958257] 0.13614530861377716
car [1486.1519395633306, 1194.3089402621072, 1.363669672225171] [-0.9886460183765864, -0.012731570207369109, -0.011923695207966448, -0.1492473884554238] [1.939834475517273, 4.477761268615723, 1.680281162261963] [0.0, 0.0] 0.13158895075321198
car [1473.4445998152926, 1185.0405679651249, 1.942043526196567] [-0.24142261760929148, -0.0158954133154163, 0.007183538326600399, -0.9702632902049422] [2.0209274291992188, 4.730796813964844, 1.7912861108779907] [-0.00024013349512594292, 0.00042353743172535364] 0.12408573925495148
car [1484.6317630454423, 1192.3309999088335, 1.4768931798010911] [-0.9307829360781443, -0.01506238498073496, -0.008797269238222768, -0.3651559372629597] [1.9745301008224487, 4.572356224060059, 1.7118326425552368] [0.03198135312237315, 0.002768214896567809] 0.11783304810523987
car [1492.217522681211, 1210.385603686003, 0.7244930574982266] [-0.8733507314890997, -0.016106847392688885, -0.006696032737844252, -0.48677944946361107] [2.056914806365967, 4.741058826446533, 1.743840217590332] [0.05247555774405448, 0.10935982978195975] 0.11481760442256927
car [1490.1518354818356, 1212.6631801082124, 0.5782637663008257] [-0.854321905948834, -0.016348497784531915, -0.006082269933734095, -0.5194514545446891] [2.009051561355591, 4.586077690124512, 1.7042696475982666] [0.0394228566494455, 0.05141614989232387] 0.11201413720846176
car [1575.6901367275539, 1201.0794495451717, -2.0577805227949835] [-0.12555213205005866, -0.014939493835744708, 0.009004382893313491, -0.9919336644908906] [1.9352757930755615, 4.612774848937988, 1.6729997396469116] [-6.635689561361489, 1.6466847633651194] 0.10640216618776321
car [1516.6063039025257, 1243.1845632633206, 0.7871345239992595] [-0.5101297344739204, 0.006259704942444721, -0.01628138450473988, 0.8599205699471372] [1.9923219680786133, 4.6675004959106445, 1.6801538467407227] [0.005788807206304447, -0.005460363350318957] 0.10387590527534485
car [1480.900063205803, 1172.197502243401, 2.556712928978116] [-0.9398709257085339, -0.014831026138703034, -0.009181941571952963, -0.341084118100543] [1.9480146169662476, 4.525401592254639, 1.7132121324539185] [0.19996493718199146, 0.13875375924333538] 0.10294998437166214
truck [1494.6941187172285, 1208.2785297255152, 1.4338720410269998] [-0.8450153541237211, -0.016453359039460238, -0.005792612853994544, -0.5344574668837588] [2.500035047531128, 6.688111782073975, 2.9862101078033447] [0.0, 0.0] 0.2623719573020935
truck [1481.68742391483, 1196.4437801539136, 1.9484583064255858] [-0.25204462677699624, -0.015973207734555517, 0.007008853117763752, -0.967558390344214] [2.122514009475708, 5.815501689910889, 2.0279574394226074] [0.0, 0.0] 0.2619168162345886
truck [1548.9390423737436, 1194.4531432415215, 2.548136905720179] [-0.5846961711721285, 0.004784623616459548, -0.01677422916877161, 0.8110648063066817] [3.0968267917633057, 9.711244583129883, 3.5894088745117188] [0.0, 0.0] 0.18662157654762268
truck [1500.6609279394982, 1206.5242653688958, 1.200898701762847] [-0.8961740827084802, -0.015759052452487845, -0.007477944447332279, -0.4433596126106394] [2.08113431930542, 5.3735222816467285, 1.9545726776123047] [0.0, 0.0] 0.17447848618030548
construction_vehicle [1566.0565179658033, 1190.5930906831288, 2.2870988006261603] [-0.34022712721440695, 0.009195458710734978, -0.01482264910388217, 0.9401814902028617] [2.317793130874634, 3.860569477081299, 2.68888258934021] [0.0, 0.0] 0.1523597091436386
construction_vehicle [1566.7369006302472, 1188.0390268065985, 2.582234088348682] [-0.7782885809115264, -0.01700824281912986, -0.0038713128991555573, -0.6276644146638906] [3.067754030227661, 8.028276443481445, 3.5049097537994385] [0.0, 0.0] 0.14544837176799774
truck [1521.5381856482875, 1240.8917981958627, 1.0943023705014905] [-0.5107192550152998, 0.0062485394593536706, -0.01628567290542675, 0.8595705760257614] [2.1936891078948975, 5.729769229888916, 1.997448444366455] [-0.00032923187773796427, 0.00040043271208493577] 0.12719886004924774
truck [1477.8825267181048, 1241.7652974174239, 1.0735471763819504] [-0.8174579684863994, -0.01672049216533602, -0.004969157786445071, -0.5757240679099065] [2.288879871368408, 5.764073371887207, 2.13763427734375] [0.0, 0.0] 0.12715932726860046
construction_vehicle [1472.6993851357533, 1187.792813843686, 1.3393520927682399] [-0.4733677999748412, 0.00694154571342466, -0.01600257262024099, 0.8806921474383774] [2.4900147914886475, 4.405070781707764, 2.6476519107818604] [0.0, 0.0] 0.12310048937797546
truck [1487.9741474375458, 1237.3738647206533, 1.0094167492273065] [-0.15554810486006934, -0.015205450114558806, 0.008547612191209567, -0.9876742983833704] [2.3721258640289307, 5.861223220825195, 2.6122567653656006] [0.0, 0.0] 0.12290701270103455
truck [1486.3720123223686, 1192.5604613688367, 1.1466161906878118] [-0.6895816698092105, 0.002458559065985931, -0.017269130686769073, 0.723997826844655] [2.0562143325805664, 5.310879707336426, 1.8417702913284302] [0.0, 0.0] 0.12049572169780731
truck [1494.9514743138186, 1192.7575086370325, 1.3739747688648265] [-0.5545977946866559, 0.005395786474146579, -0.01658773268662922, 0.831935705893995] [2.0563817024230957, 5.16454553604126, 1.9398480653762817] [0.0, 0.0] 0.11592325568199158
construction_vehicle [1573.0317622122263, 1215.6170250780538, -0.5491434942345728] [-0.6356733851337966, 0.003695350691945244, -0.01704733910676944, 0.7717610252177691] [2.1752452850341797, 4.718422889709473, 2.944474458694458] [0.0, 0.0] 0.11563150584697723
construction_vehicle [1536.9864649556878, 1225.374072289373, 1.2755072774166751] [-0.39508432253520337, -0.0168475477234753, 0.004519681743538246, -0.9184792380340131] [1.4257102012634277, 2.7401599884033203, 1.7876741886138916] [0.0033887199190009362, -0.0010029324405821038] 0.11308582872152328
construction_vehicle [1516.7042367486897, 1201.5696725165712, 1.4698558284894345] [-0.9527276080110367, -0.014452989505598375, -0.009766190747098584, -0.3033246405193786] [1.8449070453643799, 3.4367759227752686, 2.412980079650879] [-0.0002861906395491667, 0.00019712108664501785] 0.1124081015586853
truck [1535.5629926898282, 1211.5051920589267, 0.45952321918944383] [0.08453044262247901, 0.014555370904318552, -0.009612937386427082, 0.9962682052954863] [1.9372477531433105, 5.097626686096191, 1.8982402086257935] [-1.016481303531268, 0.1886242812094332] 0.11231311410665512
truck [1527.5046390027096, 1247.1941158524987, 1.2447561609630047] [-0.5827846074428653, 0.0048241112801403994, -0.016762915549345017, 0.8124394340135807] [1.9988863468170166, 5.055334091186523, 1.7671427726745605] [-1.2709235325980773e-05, -5.82500254145282e-05] 0.10838611423969269
truck [1513.9690752099775, 1265.5441068871646, 3.0046880184914944] [-0.7461219373883285, -0.017179673103025185, -0.0030209633282851506, -0.6655807893565808] [2.3259453773498535, 5.651276111602783, 2.4817914962768555] [0.03280736534993752, 0.1091675947029633] 0.10822273790836334
construction_vehicle [1539.3423356049761, 1174.7546061298642, 3.473516143443288] [-0.5258033728564403, -0.01732890481958109, 0.0019941025830056813, -0.850427272437469] [2.8386647701263428, 6.0858893394470215, 3.1542818546295166] [0.0, 0.0] 0.10209522396326065
bus [1526.9099162457908, 1259.4928976782774, 2.5794129788915745] [-0.6548606918058991, 0.0032659268444596677, -0.017134792359532358, 0.755548282335511] [2.952317953109741, 11.532930374145508, 3.972890615463257] [-0.6249151896772239, -4.281434652265496] 0.7502632737159729
trailer [1536.9408553056105, 1225.3249707154384, 1.264865058451269] [-0.8585278179591771, -0.0022642414380948436, -0.01729568148607233, 0.5124702122103255] [1.812788963317871, 3.5207672119140625, 1.3471341133117676] [0.012887670306368797, 0.002992904970152686] 0.17870032787322998
trailer [1570.0422728663063, 1189.1921321618804, 2.32499059673523] [-0.9908046913159907, -0.008874165984256431, -0.015017208976421573, 0.13417077281906853] [2.7656328678131104, 8.354491233825684, 3.630687713623047] [0.0, 0.0] 0.1495317816734314
bus [1469.055128919909, 1190.8492839348453, 1.908760773384488] [-0.9378398289149878, -0.014885002900734249, -0.00909417813784092, -0.34662975624338427] [2.928797483444214, 12.547914505004883, 3.525036573410034] [0.5267250909362682, 0.4616349106234708] 0.11634844541549683
bus [1513.663073838733, 1266.8525619692964, 2.695807677277464] [-0.7324108475339921, -0.017237639224351058, -0.0026704271809515276, -0.6806394662574167] [3.040654182434082, 9.149725914001465, 3.486394166946411] [-0.00022690601968526646, 0.015922315596239474] 0.11487013101577759
trailer [1549.06618502174, 1195.0015820226665, 2.658661146826664] [-0.578103131550076, 0.00492042475537266, -0.01673489789584528, 0.8157772379177035] [2.764174699783325, 7.910062789916992, 3.4140772819519043] [0.0, 0.0] 0.11472578346729279
trailer [1566.733720363265, 1187.9891099306915, 2.454141276870957] [-0.8046226178408755, -0.016825546449888186, -0.004600910129561948, -0.5935302650004785] [2.817702293395996, 8.219130516052246, 3.5483434200286865] [0.0, 0.0] 0.11149158328771591
trailer [1566.0550674948722, 1190.6091094732428, 2.2399486563830218] [0.061251409286074414, 0.014327008877250922, -0.009950085627210654, 0.9979699381610208] [2.05212140083313, 1.9358594417572021, 2.677596092224121] [0.0, 0.0] 0.10411149263381958
bus [1576.1925257557396, 1199.2165874088257, -1.8028257160068377] [-0.2064997043429412, -0.015627794054536556, 0.00774851213760698, -0.9782911656142662] [2.7664530277252197, 9.677119255065918, 3.368363857269287] [-4.233574460156437, 1.751197862554055] 0.10291583836078644
barrier [1514.8702342615447, 1264.7754011492502, 3.3458188931698327] [-0.9982068429092322, -0.010007284844421243, -0.014287114383256952, 0.05726108086497754] [3.2390506267547607, 0.6497188806533813, 0.9578812122344971] [0.0, 0.0] 0.21778640151023865
barrier [1515.4524523090313, 1207.9064341022815, 0.8008709139586468] [-0.9151369348521095, -0.01540821560093271, -0.008176446621413522, -0.4027655932203347] [0.5720796585083008, 0.4767664074897766, 0.8474805355072021] [0.0, 0.0] 0.2160843461751938
barrier [1478.3735471188315, 1240.581427850373, 0.9905278661660395] [-0.1505444208190771, -0.01516196910711475, 0.008624504632299114, -0.9884493461846645] [3.1664297580718994, 0.547992467880249, 0.957276463508606] [0.0, 0.0] 0.14932380616664886
barrier [1469.7193463041485, 1215.1571180553847, 3.79321258216647] [-0.931693717338077, -0.005104244193987749, -0.01667975055466337, 0.36282578420696227] [2.4782493114471436, 0.5563771724700928, 1.0791691541671753] [0.0, 0.0] 0.13640879094600677
barrier [1539.5542983511418, 1220.0011566743976, 0.10999467648673411] [-0.765082196449631, 0.0005428046470862431, -0.017434814322864246, 0.6436963300256184] [1.9962348937988281, 0.4384317100048065, 0.988389790058136] [0.0, 0.0] 0.13064126670360565
barrier [1516.5311685774184, 1201.018645367134, 1.2325553410142702] [-0.7212807309948241, -0.01727866446560486, -0.0023906362422365032, -0.6924231652018973] [2.9645609855651855, 0.5326812863349915, 0.9452227354049683] [0.0, 0.0] 0.11116135865449905
barrier [1470.0825265408646, 1216.2868778659156, 3.711484174971083] [-0.997177514064167, -0.009780299287039546, -0.014443446029725195, 0.07302559864492554] [2.232192039489746, 0.5588502883911133, 1.0561352968215942] [0.0, 0.0] 0.10578467696905136
barrier [1515.7763776203667, 1239.533161377864, 0.4510445736196169] [-0.9789760146189614, -0.007800711559801766, -0.015601803950775235, 0.20322818557822275] [2.76420259475708, 0.5039805173873901, 0.9620482921600342] [0.0, 0.0] 0.10416730493307114
bicycle [1536.960177040756, 1225.1724243968672, 1.5128638211989367] [-0.9633853838194265, -0.00675139640303193, -0.016083719531463432, 0.2675524899075656] [0.5900591015815735, 1.642978549003601, 1.228162407875061] [0.0, 0.0] 0.5345718860626221
bicycle [1515.4858813178, 1210.4215750279154, 1.141779343969319] [-0.8476784240910079, -0.01642417540014108, -0.005874848915763828, -0.5302235584573995] [0.8771296143531799, 1.5828584432601929, 1.8610665798187256] [0.0, 0.0] 0.5018965005874634
motorcycle [1494.8909412720861, 1215.3711817759788, 2.470260223229685] [-0.9920902204925665, -0.009023097154551088, -0.014928198320533617, 0.12430899812826321] [0.6825349926948547, 2.070154905319214, 1.3471477031707764] [0.0, 0.0] 0.450167179107666
motorcycle [1498.980494549281, 1233.6361623630637, 0.33101288005227714] [-0.8651821339412741, -0.016215368153999724, -0.006428780832156464, -0.5011542753698358] [0.7397087812423706, 2.136004686355591, 1.2343838214874268] [-0.007561481399364579, 0.0232034935589477] 0.28981322050094604
bicycle [1536.476180029489, 1225.8138157982635, 1.2244316581355206] [-0.9977055736301645, -0.00989019633343499, -0.014368416887178626, 0.06541651901428473] [0.5033087730407715, 1.5878015756607056, 1.074258804321289] [0.0, 0.0] 0.2789279818534851
bicycle [1536.5051274476355, 1224.9836704700283, 1.37698494674241] [-0.9888670222624195, -0.008666927044934037, -0.015137759509103114, 0.14777599566403607] [0.5417730212211609, 1.6346194744110107, 1.1410610675811768] [4.1824473491919404e-05, -3.517709677872427e-05] 0.2575042247772217
bicycle [1535.9898571092215, 1225.5804133509312, 1.1491121263296478] [-0.9971992677840981, -0.009784610220773439, -0.014440525966362396, 0.07272793784716097] [0.49219202995300293, 1.4946987628936768, 1.0201635360717773] [0.0, 0.0] 0.25619450211524963
bicycle [1537.0818165066933, 1225.778972148282, 1.3586854833874282] [-0.8645374157312651, -0.002468936794487923, -0.017267650056173665, 0.502265656215262] [0.5206568241119385, 1.6114883422851562, 1.1526516675949097] [0.0, 0.0] 0.24325431883335114
motorcycle [1546.5643208140862, 1223.407779388106, 1.2922584026837607] [-0.6096338868733606, 0.004260706846450971, -0.016914897709600744, 0.7924911712999207] [0.6940029859542847, 1.9509228467941284, 1.4084898233413696] [0.0, 0.0] 0.23386231064796448
motorcycle [1526.543647537885, 1245.0802368988575, 1.185887351000515] [-0.22567503885404172, -0.01577697214983778, 0.0074400629796322225, -0.9740464616489651] [0.5917021632194519, 1.8679149150848389, 1.2132768630981445] [0.0, 0.0] 0.23206530511379242
motorcycle [1496.348307651088, 1193.7780392802586, 0.9689204002830643] [-0.5235628850866529, 0.006003406576592256, -0.01637762183083306, 0.8518084514563014] [0.6729317307472229, 1.949772834777832, 1.2854716777801514] [0.0, 0.0] 0.23169413208961487
motorcycle [1494.329336792118, 1215.0430151936587, 2.442248209504666] [-0.9566387731630077, -0.006360768475754506, -0.01624216770494316, 0.2907541750238812] [0.7563875913619995, 2.324915885925293, 1.4101201295852661] [0.0, 0.0] 0.23077231645584106
bicycle [1539.6611214590534, 1220.018349667945, 0.2323134718148977] [-0.9737761391806674, -0.007421207991158049, -0.015785849971085585, 0.2268386284895841] [0.5358513593673706, 1.5829401016235352, 1.0680301189422607] [0.0, 0.0] 0.20672151446342468
bicycle [1510.2926829114695, 1203.470763742569, 0.9800115013016514] [-0.9373619793137584, -0.00536962311550577, -0.01659622050212267, 0.34791989358131736] [0.532193124294281, 1.565800428390503, 1.044402003288269] [0.0, 0.0] 0.18253134191036224
bicycle [1516.2836109798727, 1239.676063988835, 0.37851577166251826] [-0.5384743297048158, -0.01735681261566594, 0.001734486431861134, -0.8424613515536433] [0.538653552532196, 1.4772706031799316, 1.0654373168945312] [0.0, 0.0] 0.16853457689285278
bicycle [1511.7304989741804, 1198.7913723539302, 1.0038243575770633] [-0.7474631863488472, -0.017173543538581634, -0.0030556160894477137, -0.6640741808456869] [0.5651209354400635, 1.570882797241211, 1.058222770690918] [0.0, 0.0] 0.15843386948108673
bicycle [1482.815815887946, 1172.989007088535, 2.362720519851227] [-0.8920671945910812, -0.01582702107854149, -0.00733299332722008, -0.45156600065443364] [0.7297197580337524, 1.8363392353057861, 1.6605651378631592] [1.1874465167216954, 1.242006137506197] 0.1575656235218048
bicycle [1511.6608263702408, 1206.6697523019243, 0.6051866052865094] [-0.1856469525411963, 0.011445509567672258, -0.013163118858916889, 0.982461674379621] [0.5588093400001526, 1.606123924255371, 1.0643739700317383] [0.0, 0.0] 0.14842110872268677
bicycle [1496.248620593793, 1238.2933760681515, 1.3127397826923106] [-0.20839275694378334, 0.01113700803994588, -0.013425142057938589, 0.9778896622145115] [0.6106159687042236, 1.554495930671692, 1.468468427658081] [0.0, 0.0] 0.13291873037815094
bicycle [1485.69579035891, 1212.2064985500056, 1.60876260513104] [-0.5703771829166072, 0.005078167758328981, -0.016687708038431122, 0.8211976630633802] [0.653820276260376, 1.74922513961792, 1.3908610343933105] [0.0, 0.0] 0.13249899446964264
bicycle [1516.0964090953971, 1200.4714945531407, 1.285151104138093] [-0.7532335220363494, -0.017146206497303106, -0.003205462542206907, -0.6575218581107081] [0.6176660656929016, 1.705348253250122, 1.1527338027954102] [0.0, 0.0] 0.12476024031639099
motorcycle [1546.902434320241, 1246.000398087974, 1.9697383540579758] [-0.13915937945905626, 0.012052886704155106, -0.012609334219317519, 0.9901163566577476] [0.6495294570922852, 1.9445255994796753, 1.2344996929168701] [0.0, 0.0] 0.11847688257694244
motorcycle [1487.5168084318807, 1194.6554820361346, 0.7915932419342395] [-0.2452935907320185, -0.015923960448666355, 0.007120033074850172, -0.9692918997693288] [0.707237958908081, 1.9527631998062134, 1.3153107166290283] [0.0, 0.0] 0.11730127036571503
bicycle [1506.8613865375316, 1233.9264175392696, 0.6761453725412618] [9.514092048699963e-05, 0.013691578828890716, -0.010807777594395732, 0.9998478502056436] [0.6503405570983887, 1.732988953590393, 1.7314636707305908] [-0.8944350487876652, 0.0007616883003199513] 0.11654418706893921
bicycle [1537.2339048252957, 1226.4393121455169, 1.289012042487587] [-0.6955229810329423, 0.002316202513347767, -0.017288799648177207, 0.7182920822810811] [0.5622797608375549, 1.590024471282959, 1.1529849767684937] [0.0, 0.0] 0.11561640352010727
motorcycle [1488.9413283061901, 1236.0511352306598, 0.7522205834557047] [-0.11617790545322236, -0.014853782786228183, 0.009145081973235776, -0.9930752372792023] [0.807059109210968, 2.1231632232666016, 1.3871769905090332] [0.0, 0.0] 0.11340458691120148
bicycle [1485.2014092173315, 1211.8750487812795, 1.8039160760030928] [-0.8985669244020452, -0.003710081294198161, -0.01704413929032768, 0.4384896976934475] [0.6899813413619995, 1.787829041481018, 1.6136184930801392] [1.4285548964178583e-05, -1.201507179134817e-05] 0.11073379218578339
bicycle [1517.1805546382539, 1241.683762939576, 0.24457204093939855] [-0.781008204169044, -0.01699126287997363, -0.003945170858312877, -0.6242771160576742] [0.58596271276474, 1.6622586250305176, 1.1119879484176636] [0.0, 0.0] 0.11006127297878265
bicycle [1546.5562792241717, 1250.3206072389735, 1.3591013538047423] [-0.5388462460130614, 0.005706939391992669, -0.016483271220658027, 0.8422235188892987] [0.6241021752357483, 1.7923381328582764, 1.1555371284484863] [0.0, 0.0] 0.10366587340831757
motorcycle [1475.8616437000494, 1223.8817817515687, 3.579330957974964] [-0.1130252386318465, -0.014824680912610312, 0.009192182722125259, -0.9934389906002562] [0.7724770307540894, 2.3448517322540283, 1.4958001375198364] [0.0, 0.0] 0.1007734015583992
bicycle [1540.1574061127474, 1220.2925978345404, 0.30023285576316705] [-0.9996696578366175, -0.010548690173799943, -0.013892174882819004, 0.01887611754205784] [0.5918727517127991, 1.7484725713729858, 1.1447525024414062] [-0.00033188995379457347, 0.0003161559724533112] 0.10009270161390305
pedestrian [1511.2727819216068, 1234.7625396168137, 0.718536399209515] [-0.17259877611116375, -0.015350940426575836, 0.008283478458797995, -0.9848377506460494] [0.6535274982452393, 0.7470111846923828, 1.7979941368103027] [-1.388887813753893, 0.4194305932646876] 0.8107407093048096
pedestrian [1501.4934250460767, 1222.1942012328036, 0.5273027989396173] [-0.5358973163523187, -0.017351431109507348, 0.0017875194571448632, -0.8441029551772846] [0.7215901613235474, 0.832022488117218, 1.8076618909835815] [-0.6350696529887074, 1.297016130407989] 0.7987613677978516
pedestrian [1514.1771686778047, 1234.5570832566063, 0.9046644121896658] [-0.22412403252300536, -0.01576510728242843, 0.007465171111982159, -0.9744045107953211] [0.6250649094581604, 0.688014030456543, 1.7064775228500366] [-1.0876296386898312, 0.5025740821749124] 0.7929056286811829
pedestrian [1509.6466773827738, 1235.7141586763191, 0.5883418216257387] [-0.21882603270320544, -0.01572431051045097, 0.0075507248876231685, -0.9756079643094441] [0.6219465732574463, 0.6911212801933289, 1.744246006011963] [-1.1554533368219446, 0.562627485857157] 0.7865391373634338
pedestrian [1511.464427358887, 1236.7373797287944, 0.7854750265988689] [-0.20052090949227758, -0.015580178302061718, 0.00784381485207395, -0.9795341226670113] [0.6563798189163208, 0.7357896566390991, 1.8162747621536255] [-1.361894405140862, 0.6259671820067727] 0.7802236080169678
pedestrian [1506.4533559087042, 1235.9175783963487, 0.6194114155057433] [0.08843333289646721, 0.014592924212409342, -0.009555833312094131, 0.9959293540434806] [0.6904770135879517, 0.763132631778717, 1.8741369247436523] [-1.2364231220168067, 0.23230391019587845] 0.776310920715332
pedestrian [1505.8481664341818, 1238.3500226706346, 0.6499680933469192] [-0.295885777209451, -0.01627608193751518, 0.006273479426996048, -0.9550640499242974] [0.6259918212890625, 0.6655511260032654, 1.7481197118759155] [-0.9570756080864653, 0.673158703098183] 0.7596866488456726
pedestrian [1524.072263173069, 1222.7987983252622, 1.134091770512474] [-0.3285543596253485, 0.009378371288026993, -0.014707601413607921, 0.9443239726830084] [0.6465232372283936, 0.6084427833557129, 1.751819372177124] [0.0, 0.0] 0.7551844120025635
pedestrian [1520.1867930044498, 1232.1931521804802, 1.1042502611373868] [-0.9467808744883919, -0.005834495544882152, -0.016438553740959122, 0.32140583117864835] [0.6696830987930298, 0.7489972114562988, 1.7494856119155884] [0.9894104026728701, -0.7129827564805465] 0.7528910636901855
pedestrian [1501.1781381474354, 1227.2274709306894, 0.5566727236882469] [-0.7368475421434437, -0.017219801967307154, -0.0027831290958874495, -0.6758338791817172] [0.6798543930053711, 0.7598533034324646, 1.7339086532592773] [0.11284752520553715, 1.5016761466694266] 0.7475777268409729
pedestrian [1513.9184504023071, 1207.0415258139599, 1.2085984612959881] [-0.8417543404864363, -0.0017117189886432082, -0.017359072713182842, 0.5395788754991123] [0.6963285207748413, 0.8202776908874512, 1.7694473266601562] [0.5367088822331317, -1.09066586218866] 0.7470590472221375
pedestrian [1497.2525056724198, 1234.323466814442, 0.9896701484199053] [-0.6891458658963501, 0.0024689506389655655, -0.01726764807667803, 0.7244126642533328] [0.6834083795547485, 0.7061910033226013, 1.782260537147522] [-0.07262388836417662, -1.248985482695718] 0.7444538474082947
pedestrian [1534.5374582735847, 1227.4455145185284, 1.724529084956694] [0.02094586229228558, 0.013913985843824049, -0.010519904243647592, 0.9996284327016086] [0.6303917765617371, 0.5950183272361755, 1.793732762336731] [0.0, 0.0] 0.7375186681747437
pedestrian [1532.6267815044032, 1209.5191344480497, 0.48112569042522557] [-0.0963112367727094, -0.014668081537936134, 0.009440062041856927, -0.9951984115159916] [0.6941603422164917, 0.845068097114563, 1.666684627532959] [-1.38035003778511, 0.2670202314685026] 0.7329484820365906
pedestrian [1498.7101519555354, 1222.0166583201549, 0.6841089639400653] [-0.48055786716594295, -0.01720073674046531, 0.002898627768937855, -0.8767895237270811] [0.6696443557739258, 0.7531561851501465, 1.738098382949829] [-0.6039604594846439, 0.9989729069191905] 0.7279072999954224
pedestrian [1523.603405985815, 1229.7327257722234, 1.1028144177671022] [-0.9457377271544809, -0.005781365149473196, -0.01645731461588152, 0.3244624539901627] [0.6349128484725952, 0.7405391931533813, 1.6763817071914673] [1.0640396481205607, -0.8649411099516044] 0.7274695634841919
pedestrian [1521.680680374831, 1229.2688306825596, 1.1110499366504012] [-0.9924841052859941, -0.009070965782506784, -0.014899159947132652, 0.12112404124409626] [0.6569900512695312, 0.7363035678863525, 1.7172129154205322] [1.0872739826358406, -0.24584882461796562] 0.7243950963020325
pedestrian [1522.85871323893, 1222.632025340449, 1.2171792904190715] [-0.5165385483667718, 0.006137919024365751, -0.016327686223344073, 0.8560862460428798] [0.7575416564941406, 0.720448911190033, 1.8656376600265503] [0.0, 0.0] 0.7204011082649231
pedestrian [1508.7583392480128, 1235.5351561787259, 0.5701160567272727] [-0.18692446605958352, -0.015469959594706442, 0.008059015913608854, -0.9822194136754686] [0.6311370134353638, 0.7196473479270935, 1.762379765510559] [-1.2081080493062661, 0.45117602718869115] 0.7088863253593445
pedestrian [1507.2671178948397, 1238.669572209483, 0.6520676801187892] [-0.37082584197707397, -0.016723035084220374, 0.0049605932033966686, -0.9285385977624387] [0.60268235206604, 0.665178656578064, 1.7529205083847046] [-0.808229829818215, 0.8311619845139543] 0.7076099514961243
pedestrian [1495.3076118757162, 1234.7928926968389, 1.0782661720985065] [-0.666336489049152, 0.0030035537059961773, -0.017182725409342008, 0.7454471248682172] [0.6657638549804688, 0.6877365112304688, 1.7716073989868164] [-0.1685133224250349, -1.1221105507009683] 0.6986164450645447
pedestrian [1528.2069135067472, 1234.0188218431745, 1.13678907694832] [-0.834850947766679, -0.016559026042650117, -0.0054832512140595875, -0.5501996252504353] [0.6675412654876709, 0.750582218170166, 1.7371671199798584] [0.5014025046453776, 1.2082616231015064] 0.6977682113647461
pedestrian [1507.9768667958053, 1239.0720472759106, 0.6942886109188962] [-0.3642069563714014, -0.016687301094354765, 0.0050795048522466295, -0.9311546732650392] [0.6033182740211487, 0.6587846279144287, 1.7142865657806396] [-0.7738274473440311, 0.7411251839056658] 0.6945532560348511
pedestrian [1490.344908964773, 1224.8314039255627, 1.9037038425299466] [-0.5946383399634122, 0.00457772291151478, -0.0168318697803614, 0.8038040664603529] [0.6458604335784912, 0.6500263214111328, 1.7313405275344849] [-0.34462864749202526, -1.1692834074445928] 0.6809816956520081
pedestrian [1513.7998537179906, 1234.2678314661482, 0.8757868992429474] [-0.21423506865769554, -0.015688623525615113, 0.007624596987983485, -0.9766263707118881] [0.6306276917457581, 0.712924599647522, 1.7335618734359741] [-1.1351506637590958, 0.5086620645522254] 0.6634941697120667
pedestrian [1507.0065503469446, 1233.844064704288, 0.5927144258927589] [-0.03621590967713839, 0.013290046212883799, -0.011297878518423883, 0.9991917436102538] [0.6816914081573486, 0.7529341578483582, 1.791244626045227] [-1.1441567431001878, -0.1429580266464909] 0.6321176290512085
pedestrian [1537.6612071791892, 1236.033412734597, 1.9508575707864186] [-0.7568272386649592, -0.017128373982673927, -0.0032994229900559433, -0.653382172566267] [0.6497334837913513, 0.6789395809173584, 1.7462494373321533] [0.1484194303742874, 1.2142158806708263] 0.6213098764419556
pedestrian [1506.2502477005512, 1235.1638467462303, 0.6880320195843204] [0.08085601748267099, 0.014519823157126617, -0.009666546583109212, 0.9965731468635325] [0.7420254349708557, 0.847200870513916, 1.9375090599060059] [-1.2539626616833317, 0.22678427736951903] 0.609634518623352
pedestrian [1499.3575171385855, 1246.188084409398, 1.3440021843991343] [-0.6779891693631164, -0.017391790392679907, -0.0013390348370142038, -0.734864898358163] [0.6271772980690002, 0.6311290264129639, 1.7971398830413818] [-0.12290015838919283, 0.854613730711682] 0.6074572801589966
pedestrian [1496.508620468366, 1237.8250042330947, 1.287901160002017] [-0.9121923421221535, -0.015467099557013126, -0.008064503620874321, -0.4093908445316552] [0.6254561543464661, 0.6214795708656311, 1.798385500907898] [9.44896948226144e-05, 0.0020003719431799212] 0.5658149123191833
pedestrian [1499.852527252534, 1246.1482822047494, 1.3096464845077365] [-0.6857574388035529, -0.017376584365965793, -0.0015237135984573283, -0.7276211017681065] [0.6116816997528076, 0.6213122606277466, 1.771950602531433] [-0.031014449221868533, 0.8999729543585878] 0.5569324493408203
pedestrian [1506.0009510049472, 1238.7820544770543, 0.6437997643798752] [-0.30034270645505945, -0.016305201646780877, 0.006197401601918735, -0.9536718467543707] [0.6078269481658936, 0.6501091122627258, 1.7167632579803467] [-0.9190454291175572, 0.6816760593894982] 0.5510725975036621
pedestrian [1540.445602746504, 1244.5618507294353, 1.9032820850581116] [-0.6514058871734494, 0.0033440883894781358, -0.017119709699670964, 0.7585289070090956] [0.6202543377876282, 0.6283144354820251, 1.7451980113983154] [-0.22834785312479475, -1.1286136243705125] 0.5494223237037659
pedestrian [1543.377907348567, 1244.103644174381, 1.9821012991212146] [-0.6427360676571653, 0.003538595551619842, -0.017080565824342794, 0.7658890780950239] [0.6751106381416321, 0.6896427273750305, 1.836669921875] [-0.24925945483755468, -1.4077622098038207] 0.5415236949920654
pedestrian [1541.7927812849885, 1250.672530535016, 2.0045234109699304] [-0.7460297165742568, 0.0010498470062633297, -0.01741164003249237, 0.6656841552874577] [0.7245607376098633, 0.7186509370803833, 1.8811588287353516] [0.1793000046828191, -1.27285789431213] 0.5327605605125427
pedestrian [1499.5507711941204, 1250.06937668, 1.5336807861271602] [-0.6403856099520059, 0.003590930612783993, -0.017069639852434544, 0.7678554572177236] [0.6356942653656006, 0.660156786441803, 1.8041086196899414] [-0.29963186120472635, -1.3413625023169184] 0.5294750928878784
pedestrian [1515.5656311988578, 1210.4643277963435, 1.1976438737854191] [-0.5771985829911332, -0.01741884090869889, 0.000922696458803697, -0.8164174963862972] [0.7974792122840881, 0.8453824520111084, 1.8193097114562988] [0.00013765380443954336, 0.000421631992307181] 0.45288899540901184
pedestrian [1487.5137313566952, 1228.1561217590142, 1.9975143613019857] [-0.7710062721334567, -0.017051711544922986, -0.0036751218682365867, -0.6365886120121158] [0.6553342938423157, 0.6492092609405518, 1.8163564205169678] [0.10247333304659027, 0.5988237930701409] 0.39213937520980835
pedestrian [1498.9768059854678, 1247.6486281858429, 1.4047938181878008] [-0.7278803673777603, 0.0015171425732222708, -0.01737715931244711, 0.6854822414903677] [0.6173958778381348, 0.6402420401573181, 1.7786424160003662] [0.09201963541442362, -0.6972682598793195] 0.37707000970840454
pedestrian [1496.2315063175038, 1238.33181036481, 1.2883333061172433] [-0.8447561873332774, -0.0018086890010424513, -0.017349237200959555, 0.5348670083065385] [0.6073666214942932, 0.6254017949104309, 1.7705820798873901] [-0.0003069983767908455, 0.0003783818778098363] 0.3574005365371704
pedestrian [1499.1465737299372, 1243.89335047428, 1.4203812252541956] [-0.5849515877942763, 0.004779340319948994, -0.01677573525851432, 0.810880615472831] [0.6422617435455322, 0.6732209920883179, 1.7624804973602295] [-0.01975921446264919, -0.07106948058471993] 0.3410080373287201
pedestrian [1475.010297905943, 1187.9123193382684, 1.541069239476099] [-0.6104737807844939, 0.004242770478350963, -0.016919405604975735, 0.7918443632351799] [0.6604623198509216, 0.6935099363327026, 1.761744737625122] [-0.22660519321173186, -0.9807221215754295] 0.33419811725616455
pedestrian [1485.1189204270752, 1212.1906642985016, 1.9738491411287202] [-0.9712308545893724, -0.013751713495971186, -0.01073115852470621, -0.2375002309603917] [0.6646978855133057, 0.6781865358352661, 1.6975140571594238] [0.017746744308385878, 0.0080707114557965] 0.3296128213405609
pedestrian [1506.3861910971596, 1238.799721201268, 0.6743475231826439] [-0.3352398404356219, -0.0165222540495083, 0.0055930768349055655, -0.9419713275877035] [0.6075754165649414, 0.6803981065750122, 1.7589372396469116] [-0.8726107283626341, 0.7458297026844228] 0.31465810537338257
pedestrian [1557.7917920059779, 1203.2410426522567, -1.5720651529937344] [-0.12830847065704531, -0.014964461495234777, 0.008962827651767414, -0.9915808938106321] [0.5925136804580688, 0.6433722972869873, 1.6334720849990845] [-1.0391065551767438, 0.31315130285853493] 0.31262683868408203
pedestrian [1557.6045345767495, 1202.6875997625261, -1.5901434008371758] [-0.12805467891841038, -0.014962167038001175, 0.008966657397525684, -0.9916137009036052] [0.5869856476783752, 0.6407144665718079, 1.6483403444290161] [-1.0593997467544747, 0.2564241494235142] 0.3034544289112091
pedestrian [1534.6320040217445, 1258.8253335169031, 1.9777420458413357] [-0.5971989040215963, 0.00452401741202384, -0.016846383998156873, 0.8019034864920132] [0.6736869812011719, 0.6923314929008484, 1.7991254329681396] [-0.34926016503251706, -1.1850494320854088] 0.3000123202800751
pedestrian [1507.3089967354529, 1239.1693858355434, 0.6935426912952318] [-0.3664728744532304, -0.01669961824658891, 0.00503886274627972, -0.9302652121318032] [0.6261038184165955, 0.6996359825134277, 1.7617164850234985] [-0.6734539456165956, 0.7566210235163684] 0.29598909616470337
pedestrian [1505.4288994887452, 1238.3906820161824, 0.7049740704234908] [-0.2714912589518021, -0.016111203501885225, 0.006685544785467527, -0.9622828216929818] [0.6588660478591919, 0.7400407791137695, 1.7796616554260254] [-0.9444090211942688, 0.5814971253015104] 0.2834279537200928
traffic_cone [1515.4604837643915, 1207.9669117476442, 0.8569015797580478] [-0.2100453789670097, -0.015655785443160902, 0.007691798847822399, -0.9775360205062763] [0.585898756980896, 0.6014641523361206, 1.1187647581100464] [-0.005751655029596965, -0.003893621505251518] 0.2777898907661438
pedestrian [1503.2812533433857, 1266.979867106104, 1.300831868754136] [-0.7352472043778803, 0.0013292247043357672, -0.017392542914796395, 0.6775745575707174] [0.6849008202552795, 0.6893980503082275, 1.8057646751403809] [0.19360765201608499, -1.0264314607813694] 0.25995689630508423
pedestrian [1484.7957013327539, 1212.476427909107, 2.052178682153476] [-0.9925778151997857, -0.012378445108424275, -0.012289893573801926, -0.12035370117226102] [0.6585057377815247, 0.6774895787239075, 1.7084261178970337] [0.014669937983132918, 0.029841615275598407] 0.2537454068660736
pedestrian [1499.1052195631783, 1251.6682085904754, 1.6058182880181475] [-0.9222593848775881, -0.0046825004448101445, -0.01680302285132064, 0.38617788597724584] [0.6255570650100708, 0.6545512676239014, 1.7316739559173584] [0.047220058146212114, 0.008359450953875885] 0.25349515676498413
pedestrian [1491.5929476436986, 1230.8332404794114, 2.096516146003641] [-0.7829890096610816, 4.9276203785973346e-05, -0.017443192345823377, 0.6217909161145735] [0.6597265601158142, 0.6571598052978516, 1.8206429481506348] [-0.0013787626281700483, -0.005673650436899384] 0.25299006700515747
pedestrian [1485.6388128840267, 1212.108526595636, 1.7605366241671314] [-0.8650130141561628, -0.01621753605941597, -0.0064233100126954434, -0.5014461266707643] [0.6196385622024536, 0.6386449933052063, 1.61045241355896] [0.0017426768292177208, 5.599451758294498e-05] 0.2499038577079773
pedestrian [1546.5140453822207, 1250.2564189446762, 1.4991851130342004] [-0.793815662656172, -0.00025785818565438913, -0.01744135592532134, 0.6079082384162797] [0.5578536987304688, 0.5729240775108337, 1.411651611328125] [9.285175702576354e-05, -2.6518716669686846e-06] 0.24962329864501953
pedestrian [1490.1318170620098, 1225.2266665635182, 1.9442162607478428] [-0.6120348322966059, 0.004209381714927206, -0.016927743291286268, 0.7906384108227397] [0.6854366064071655, 0.7288545370101929, 1.800023078918457] [-0.3126951031058596, -0.9233092064345007] 0.21117210388183594
pedestrian [1537.0514924103582, 1224.899993189331, 1.5468582504261588] [-0.4771087203985222, -0.01718921347292434, 0.00296619748834886, -0.8786711566520928] [0.6329472064971924, 0.6564639806747437, 1.5527410507202148] [7.686269055007785e-06, 9.040515737277615e-05] 0.20647472143173218
pedestrian [1492.2346916456413, 1231.0776037074952, 1.7187659851029005] [-0.8969475216606453, -0.0036473462395737073, -0.01705767430707711, 0.44179279758668355] [0.6036997437477112, 0.6211481094360352, 1.7019383907318115] [0.0002803346280333876, -1.8346523296221737e-05] 0.1938435435295105
pedestrian [1499.9105243677398, 1250.2856964945854, 1.5636946034052563] [-0.6607547288594566, 0.0031317031809455567, -0.017159831658384826, 0.7503991743748841] [0.6849424839019775, 0.734619140625, 1.8277777433395386] [-0.10614564858531315, -1.2240736170019635] 0.1937883198261261
pedestrian [1546.549320070509, 1223.5059903212316, 1.2855007818264386] [-0.7252309613465122, 0.0015841571842101845, -0.017371178237913686, 0.6882846688086665] [0.6860055327415466, 0.7115586996078491, 1.6596472263336182] [-0.0004332085428068696, -0.0013733256745066828] 0.1863914430141449
traffic_cone [1571.5096751465835, 1213.3965714690535, -1.46200051319218] [-0.15646508951614646, 0.011830377820448481, -0.012818328595534261, 0.98752944683961] [0.3902701437473297, 0.3820919990539551, 1.2227407693862915] [0.0, 0.0] 0.18509799242019653
pedestrian [1540.1594067412418, 1238.279093280609, 1.9901881272843678] [-0.41814908347880686, 0.007915304562700863, -0.015543980861971547, 0.9082109207659176] [0.5433297157287598, 0.5572044849395752, 1.4167453050613403] [-0.00032537068015355263, 0.0009140282676218833] 0.1850043088197708
pedestrian [1546.7503072537213, 1245.9186445107412, 1.8015060429638026] [-0.9313930981975429, -0.005090437116498595, -0.016683969471340574, 0.3635967948739704] [0.58445143699646, 0.5989351272583008, 1.630258321762085] [0.000572908243613694, -0.0010320113608305935] 0.17608293890953064
pedestrian [1497.6602763905137, 1250.3983172375763, 1.6458318098141214] [-0.42529270425591664, 0.007792573944172723, -0.015605870007220074, 0.9048877545415956] [0.636883020401001, 0.6289497017860413, 1.766384243965149] [-0.01669988168955384, -0.03963258083044523] 0.17566999793052673
pedestrian [1506.9148878046524, 1234.4606267624972, 0.6586571361991967] [0.022379395155385715, 0.013929057996691904, -0.010499939556132886, 0.9995973665857274] [0.7413635849952698, 0.8576259613037109, 1.8788597583770752] [-1.0508083804983117, 0.03918386749018813] 0.17311981320381165
pedestrian [1490.8093841954164, 1222.7497604132268, 1.3903305533720711] [-0.992474539304082, -0.012388949525125037, -0.012279304419288371, -0.1212023986800265] [0.6344411373138428, 0.6597118973731995, 1.601192831993103] [0.0059906264625886755, 0.01456961833259709] 0.17216353118419647
pedestrian [1537.489147130512, 1225.019103129941, 1.5077414333090537] [-0.39094660221955674, -0.016827035759409796, 0.004595460249985271, -0.9202480572245864] [0.649474024772644, 0.6985976099967957, 1.5192714929580688] [-4.4383656303440906e-05, 1.126730767545816e-05] 0.1700495183467865
pedestrian [1494.0505464110731, 1229.997162424106, 1.4225876320227608] [-0.974932052143984, -0.007502449838210391, -0.01574740085800789, 0.22181800268454732] [0.6767333149909973, 0.7388579845428467, 1.7540303468704224] [0.018465955923424014, 0.012910402751670642] 0.16960027813911438
pedestrian [1543.2508511518067, 1229.5626012004448, 1.483989526816469] [-0.20774505314304803, -0.015637646444754787, 0.007728609255648694, -0.9780274666425447] [0.7058719396591187, 0.7440836429595947, 1.5475130081176758] [0.0057920428293681235, -0.013264896949833798] 0.16936615109443665
pedestrian [1574.7438661455253, 1221.8505950920937, -0.7282765362663985] [-0.11005076908874095, 0.012417639489546828, -0.012250290480853828, 0.9937728919806671] [0.6260585188865662, 0.6252323985099792, 1.8433470726013184] [-0.0006593639610885976, 0.0045436185041778316] 0.16735640168190002
pedestrian [1505.3839508188175, 1235.3605135681473, 0.7727207490423724] [-0.14309498402339973, -0.015096577789299912, 0.008738462473986337, -0.9895552324958848] [0.7900818586349487, 0.9356630444526672, 1.9853522777557373] [-1.0728786821732523, 0.3445380093731178] 0.1672729253768921
pedestrian [1514.6459260254403, 1234.728158450349, 0.9316828253014826] [-0.2428341611741176, -0.01590584902562243, 0.007160401813568619, -0.9699109767290525] [0.6573500037193298, 0.7571475505828857, 1.7364397048950195] [-1.0959814411657802, 0.5539753330201388] 0.164521262049675
traffic_cone [1515.0757257314237, 1237.7299953543093, 0.6852348664151003] [-0.9977713581286431, -0.009904753035659294, -0.014358386213647014, 0.06440535312195987] [0.39294150471687317, 0.3927406370639801, 1.2718348503112793] [2.4929830517822234e-05, -1.7477385910501345e-06] 0.16385290026664734
pedestrian [1499.413949723887, 1247.5060152598044, 1.4088728575928853] [-0.8537138089606157, -0.0021029307461559333, -0.01731603504369643, 0.5204502521880445] [0.6570588946342468, 0.7063869833946228, 1.8249844312667847] [0.47885123283813585, -0.44810792860436505] 0.16141903400421143
pedestrian [1482.7609000066916, 1172.9049962148858, 2.2180656427019674] [-0.9324931309848116, -0.015020767164989958, -0.008868141921102203, -0.3607662585092804] [0.656959593296051, 0.7054333090782166, 1.835896611213684] [0.6699010255610666, 0.6914946515742327] 0.16079819202423096
pedestrian [1527.869211604704, 1228.0681582008365, 1.0079247158618558] [-0.21177961689177088, -0.01566940934982461, 0.007664006653525285, -0.9771617708863853] [0.7004296183586121, 0.7767057418823242, 1.2304258346557617] [0.0, 0.0] 0.15739932656288147
pedestrian [1499.4569980233882, 1246.8303959628784, 1.3564982571051596] [-0.6766230187443247, -0.01739424759210295, -0.0013067279985794246, -0.7361229673892528] [0.6485903263092041, 0.7085295915603638, 1.8112244606018066] [0.08144369145018801, 0.4822489341250618] 0.1559903770685196
pedestrian [1563.755280536776, 1218.4399228402797, -0.5129196512804033] [-0.5590722102601022, 0.00530633352500131, -0.016616564382540035, 0.8289354596876202] [0.6452520489692688, 0.6271445155143738, 1.8129916191101074] [2.303548259866517e-06, 1.1338610075605067e-05] 0.15535077452659607
pedestrian [1498.980644837941, 1250.1013476028324, 1.5594481689325317] [-0.6081691884611993, 0.004291939847558306, -0.016906999725042643, 0.7936157576680847] [0.6265839338302612, 0.6726503372192383, 1.8095262050628662] [-0.28558317792161964, -0.9855484457458885] 0.15501226484775543
pedestrian [1574.5699743498442, 1220.7461081310616, -0.7538113402670432] [-0.2461956878040823, -0.01593058077779748, 0.007105208191159514, -0.9690631640503712] [0.6174474954605103, 0.614148736000061, 1.8265092372894287] [-0.0005618953213968215, 0.00019882720059049828] 0.15024422109127045
pedestrian [1488.5918007916198, 1223.9319120056102, 2.0031902081038564] [-0.9983951359175176, -0.010055637831198014, -0.014253123698524129, 0.05387842971805848] [0.6442214846611023, 0.6560013294219971, 1.746529221534729] [-0.0008281900246949455, -0.0010033880028063377] 0.14945057034492493
pedestrian [1514.195432308598, 1257.0200529109948, 1.9434840501309718] [-0.7908939160498345, -0.00017428947876469564, -0.017442391193160493, 0.611704623301148] [0.6081758737564087, 0.5887495279312134, 1.8314578533172607] [0.0, 0.0] 0.1482824832201004
