car [1515.1931695059118, 1222.1657223532175, 0.8937895304438608] [-0.3516300565756343, -0.01266130684061324, 0.006417627634261078, -0.9360314143645243] [1.75338613986969, 4.140064716339111, 1.5444040298461914] [-2.7567289026631356, 2.4097720788968453] 0.8452473878860474
car [1497.2832799100813, 1207.2721584429767, 0.6633996016182307] [-0.8638051943697111, -0.01386966857650318, -0.003021080757303788, -0.5036259440741124] [1.9393081665039062, 4.588983535766602, 1.6946505308151245] [0.0, 0.0] 0.714823842048645
car [1500.7653548345127, 1206.6126214764347, 1.0593459525842825] [-0.9048214187314623, -0.01354952566667143, -0.004231428786167033, -0.4255545858869566] [2.0397958755493164, 4.916355133056641, 2.0098800659179688] [0.0, 0.0] 0.7130856513977051
car [1494.1325897207057, 1200.4339336531784, 0.9815370538148749] [-0.8353926252068772, -0.014012390308758445, -0.0022688219849083327, -0.5494703514427302] [1.8500906229019165, 4.217299938201904, 1.5724940299987793] [0.0, 0.0] 0.7087368965148926
car [1534.6206640918551, 1211.672001866178, 0.4986333826605595] [0.083873842563601, 0.010439328348541577, -0.00961847487887385, 0.996375272624854] [1.9138407707214355, 4.767434120178223, 1.8721094131469727] [-1.6692506203125805, 0.2701606239245053] 0.7067545652389526
car [1523.796321869198, 1238.643723032465, 0.9645197713128315] [-0.4900901008709449, 0.0032370672296778355, -0.013820854934291756, 0.8715561934797679] [1.9690966606140137, 4.661413192749023, 1.6212736368179321] [0.0, 0.0] 0.6579104661941528
car [1514.043450175192, 1213.5639176715533, 1.0253609064991913] [-0.1435493757504942, 0.007994601694512144, -0.011729491852177337, 0.9895413493564981] [1.9576730728149414, 4.584055423736572, 1.8403388261795044] [-1.3911780394490232, -0.45151658833660924] 0.6562793254852295
car [1491.494812994343, 1194.1089285939884, 1.0622062356177187] [-0.8292584864268673, -0.01403664875573834, -0.0021135579178769327, -0.5586849452541715] [1.7467597723007202, 3.9442873001098633, 1.5163909196853638] [0.0, 0.0] 0.539499819278717
car [1521.2968381817263, 1240.3519367261238, 1.0732354553659333] [-0.5017533350633483, 0.0030511221938622213, -0.013863090879104574, 0.864894268750489] [2.0821056365966797, 4.864719390869141, 1.822301983833313] [0.0, 0.0] 0.5338485836982727
car [1527.2316184994895, 1246.7564841129997, 1.4098399358300968] [-0.606057160842177, 0.0012920403658304679, -0.014135956531386747, 0.7952944254529609] [1.9017088413238525, 4.423643112182617, 1.6493020057678223] [0.0, 0.0] 0.5076385736465454
car [1484.2201552380864, 1186.3732026617845, 1.8523577478191675] [-0.8388978695360595, -0.013997557976942967, -0.002358602562177743, -0.5441037307834751] [2.296212911605835, 5.478547096252441, 2.1390161514282227] [0.013331507205029269, 0.012527429156369204] 0.4789994955062866
car [1494.7199668880864, 1208.3736246451929, 1.3813901173776184] [-0.8492433395009735, -0.013949427124896888, -0.0026283299357922965, -0.5278108142865868] [2.4393692016601562, 6.562435150146484, 2.9500539302825928] [0.0, 0.0] 0.3685818910598755
car [1477.9483965229053, 1241.4276318966863, 1.0755526396752866] [-0.8317368584462703, -0.014027102737378326, -0.002176011065970127, -0.5549885617439017] [1.9189621210098267, 4.504535675048828, 1.827671766281128] [0.0, 0.0] 0.3398579955101013
car [1486.5060483397197, 1192.7494862698886, 1.3323211026769877] [-0.8583459961768073, -0.013901317481200834, -0.0028719344788924253, -0.5128748933335304] [1.9352805614471436, 4.5409064292907715, 1.6549456119537354] [0.0, 0.0] 0.31048786640167236
car [1482.2123019921844, 1196.0564400851058, 1.8333821117331164] [-0.9038745967815403, -0.013558884684980217, -0.0042013428167194285, -0.4275619471581208] [2.0005834102630615, 4.776549339294434, 1.758758544921875] [0.0, 0.0] 0.26704221963882446
car [1494.8904530372415, 1192.4264171557181, 1.1592167510470348] [-0.82236827473322, -0.014061432331269481, -0.0019418434945484737, -0.5687784507846113] [1.9321951866149902, 4.483563423156738, 1.6732869148254395] [0.27726387563343047, 0.31191573993219546] 0.2592768371105194
car [1472.6159152370258, 1187.9271629302182, 1.750143768923484] [-0.4275211776196515, 0.004201954383537144, -0.01355869517036444, 0.9038938809679719] [1.8836047649383545, 4.299035549163818, 1.6353044509887695] [0.0, 0.0] 0.19352726638317108
car [1496.2812591068662, 1225.7748136380565, 0.7980967564121421] [-0.8135082148359044, -0.01408967915611376, -0.0017249859831211002, -0.5813801594130431] [2.0097737312316895, 4.905367851257324, 1.6893339157104492] [0.3124054074152772, 0.7965983171178262] 0.16878002882003784
car [1495.0867296561335, 1222.842986987415, 0.8114096209075967] [-0.8535607568397875, -0.013927311452540846, -0.002743106098588896, -0.5207999037516469] [1.8510873317718506, 4.341397285461426, 1.5926268100738525] [0.38385158256730245, 0.7135111839070588] 0.1563694328069687
car [1486.2069136271305, 1194.653219400948, 1.3206926815782483] [-0.9991952986950137, -0.010812891695117122, -0.009196521546424946, -0.037513469986371506] [1.8510146141052246, 4.3118510246276855, 1.6145128011703491] [0.0, 0.0] 0.14974422752857208
car [1573.9739399545922, 1200.549072229597, -1.6897645072916674] [0.0840664975940455, 0.010441187957327071, -0.00961645617698948, 0.9963590363653586] [1.935783863067627, 4.557674884796143, 1.6804395914077759] [-2.761537082001244, 0.5377013464675101] 0.14439687132835388
car [1466.8062196457631, 1169.6066643419742, 2.6401594117706626] [-0.7638761994877978, -0.014182986425381686, -0.0005809745447347241, -0.6452066779108178] [2.048659086227417, 4.712414741516113, 1.7902425527572632] [0.004979161350682703, 0.039112281627765984] 0.1377856731414795
car [1547.2550136912437, 1251.9983705078619, 1.441507225696783] [-0.751041684788121, -0.014191668113578061, -0.00030197933413186537, -0.6601021838134279] [1.879830241203308, 4.245738506317139, 1.6210322380065918] [0.0, 0.0] 0.11445140838623047
car [1525.9384574711862, 1245.779121614698, 1.3731954198832605] [-0.791118793801882, -0.0024077839309458293, -0.013989181959859914, 0.6114978000435413] [1.8594521284103394, 4.268610000610352, 1.641587257385254] [0.0, 0.0] 0.11146391183137894
car [1470.312863261374, 1224.5529330415834, 3.6456216756994557] [-0.9993061646058888, -0.010784498015458806, -0.009229801618602429, -0.03443391852960885] [1.9069061279296875, 4.308087348937988, 1.6298160552978516] [0.2191701346105555, 0.06398034554231471] 0.10434840619564056
truck [1494.5213754038375, 1208.3755734718025, 1.3886409497269783] [-0.8610918151756941, -0.01388567123616935, -0.0029466539812489194, -0.5082513071326661] [2.6096036434173584, 6.860994338989258, 3.1204419136047363] [0.0, 0.0] 0.5000876784324646
truck [1527.3687542856264, 1247.2697680390636, 1.4052003397846835] [-0.5730489489029769, 0.001868665627486877, -0.014071344077124978, 0.8193981983906417] [2.025646209716797, 5.388515949249268, 1.8299022912979126] [0.0, 0.0] 0.23781999945640564
truck [1472.4902090127373, 1187.525038800072, 1.5689733846146516] [-0.4501157136914896, 0.0038596725007801133, -0.013660071872099092, 0.8928574072340087] [2.101044178009033, 5.0910210609436035, 2.0080366134643555] [0.0, 0.0] 0.23596060276031494
truck [1534.7103842198017, 1211.6625953077607, 0.4928151549395561] [0.08234698271411571, 0.010424577553624855, -0.009634459932588426, 0.9965026240821027] [1.9005261659622192, 4.955852508544922, 1.8601007461547852] [-1.5611778004327537, 0.2660324138724363] 0.21717369556427002
truck [1482.0785047301363, 1195.464490391971, 1.7768074312843007] [-0.5673642692778014, 0.001966006936054591, -0.014058074266825319, 0.8233445762932443] [2.0139732360839844, 5.526671409606934, 1.8834378719329834] [0.0, 0.0] 0.20746977627277374
truck [1478.0761791464106, 1241.9530391806395, 0.9236918700324033] [-0.8039721439939874, -0.014115802538885431, -0.0014962466532583013, -0.5944975164341284] [2.0964958667755127, 5.470882892608643, 1.925426959991455] [0.0, 0.0] 0.19283291697502136
truck [1521.3696367172095, 1240.504888227766, 1.1855907538819037] [-0.49963883805811093, 0.0030849816279320263, -0.013855595393901802, 0.8661175075407357] [2.105802059173584, 5.245381832122803, 1.92538583278656] [0.000718800238433102, 0.0008974135914111897] 0.17953060567378998
truck [1500.6908800639856, 1206.5680470709958, 1.0713757626747822] [-0.8989555748348638, -0.013605770249169227, -0.004046931095412001, -0.4378097530183118] [2.057734251022339, 5.159232139587402, 2.00746488571167] [0.0, 0.0] 0.1736707091331482
truck [1484.2279054286776, 1186.3951325825233, 1.8148704352440201] [-0.8433351674767229, -0.01397772909700822, -0.0024734034557347857, -0.5372004287615967] [2.326162099838257, 5.813616752624512, 2.0995824337005615] [0.0, 0.0] 0.1689804494380951
truck [1570.820401079752, 1189.465175095554, 3.2863901737043526] [-0.9857146649184769, -0.008701301891849133, -0.011215256606564724, 0.16782462491925965] [2.91680908203125, 10.115693092346191, 3.9053103923797607] [0.0, 0.0] 0.16419175267219543
truck [1486.3480014276188, 1192.2719070059413, 1.352966579283779] [-0.5508049188726527, 0.0022464220552391723, -0.01401599883397277, 0.8345132993010513] [2.1148459911346436, 5.539515495300293, 1.8712692260742188] [0.0, 0.0] 0.15735328197479248
truck [1474.696173547935, 1185.2227999024367, 2.401464387331021] [-0.40692918132223344, 0.004508115270950998, -0.013459997476523147, 0.913349411097994] [2.4676451683044434, 5.4745192527771, 2.4988362789154053] [0.0, 0.0] 0.13748718798160553
construction_vehicle [1520.2713621101345, 1177.7243000139003, 2.6177416614219218] [-0.5752011005147888, 0.001831666740187709, -0.014076208023366281, 0.8178888673476438] [2.227816104888916, 4.078953742980957, 2.4095206260681152] [0.0, 0.0] 0.12431125342845917
construction_vehicle [1512.8923275922293, 1263.4590475935006, 2.816125995288154] [-0.6305685373142204, 0.0008504928980989854, -0.01416937885704501, 0.7760037532860522] [4.249371528625488, 9.134369850158691, 4.118393898010254] [0.0, 0.0] 0.11759189516305923
construction_vehicle [1516.2954082516187, 1201.656675238858, 1.3941934580617232] [-0.7156360281874686, -0.00078484282787529, -0.014173166798557185, 0.6983291348101553] [1.7253206968307495, 3.461717128753662, 2.204770565032959] [-0.0026460845147594993, -0.0014835985439222406] 0.11737720668315887
construction_vehicle [1470.54448177395, 1195.7963832251412, 3.013438680794387] [-0.9925664819424667, -0.00922356065500983, -0.0107898361529518, 0.12087300893495974] [3.4274563789367676, 6.928102016448975, 3.336719512939453] [0.0, 0.0] 0.1127786934375763
construction_vehicle [1557.4214722056408, 1221.9046350525264, -0.10073917936455556] [0.04606243848666075, 0.010067402884438161, -0.010007099206393278, 0.9988377030956019] [1.356306791305542, 2.283830165863037, 2.0061984062194824] [0.0, 0.0] 0.11076786369085312
construction_vehicle [1538.0878438674265, 1174.8720435059533, 2.9717359725609858] [-0.849685839758509, -0.013947217217303924, -0.0026400316773728255, -0.5270981683505579] [2.8519186973571777, 5.899458408355713, 3.1701343059539795] [0.0, 0.0] 0.10320205241441727
truck [1496.2838105321446, 1225.7442378059877, 0.8371181137405551] [-0.8109656613587894, -0.014097066185339619, -0.0016635384968028827, -0.5849215344484563] [1.9729924201965332, 5.398812770843506, 1.8840992450714111] [0.12197608913090859, 0.4069492556860925] 0.10174109041690826
construction_vehicle [1495.0939649281142, 1254.0569134573038, 1.4058479728327498] [-0.9841082332460523, -0.008596430045829037, -0.011295841085610167, 0.17700138593233863] [2.205611228942871, 4.451005935668945, 2.5791234970092773] [0.0, 0.0] 0.10077935457229614
bus [1526.4606370845477, 1257.7641594721254, 2.6790605693998035] [-0.6419859804160588, 0.0006406623957606918, -0.014180415616576587, 0.7665849635323325] [3.0512442588806152, 12.095304489135742, 4.635723114013672] [-0.7195473261891102, -3.9581996908394284] 0.6746832728385925
trailer [1569.1457653900447, 1190.1918944062663, 3.5835152564702946] [-0.9871343242475594, -0.00879832779395593, -0.011139302643985109, 0.15926183239228967] [2.698059558868408, 6.195035934448242, 3.3678183555603027] [0.0, 0.0] 0.48538827896118164
trailer [1557.3616519973755, 1221.9236517297331, 0.13701876209552055] [-0.4399171170351055, 0.004015006598446523, -0.013615225204844091, 0.8979261859998051] [1.3984644412994385, 2.172410488128662, 1.8292689323425293] [0.0, 0.0] 0.1405361443758011
bus [1513.4209367802894, 1263.3689251222374, 3.0225686790120614] [-0.6401427414966925, 0.0006747228257322803, -0.014178835793979237, 0.7681248439373214] [3.064258098602295, 9.221424102783203, 3.4363484382629395] [-0.00031620180059238216, -0.001169817246695948] 0.1204872727394104
trailer [1520.370149284904, 1178.2306402620939, 2.7554547506174862] [-0.8746585709313648, -0.0045001733219858075, -0.013462654843539527, 0.48453161884539425] [1.9531809091567993, 2.3405821323394775, 2.303126335144043] [0.0, 0.0] 0.11092220991849899
barrier [1478.5093870117312, 1240.8082307347945, 1.083070312900109] [-0.15754536872703048, -0.011123989114069066, 0.008817681189193896, -0.9874097235480819] [3.3193724155426025, 0.5137949585914612, 0.951869010925293] [0.0, 0.0] 0.2101786732673645
barrier [1514.8245446048766, 1264.8954260171797, 2.9297891271988554] [-0.998399214784656, -0.009919144578583467, -0.01015407337935615, 0.05474955051886685] [3.1229424476623535, 0.6426429748535156, 0.9605332612991333] [0.0, 0.0] 0.16843193769454956
barrier [1515.6052177668785, 1239.226571653439, 0.5405290407948902] [-0.9767318667101171, -0.008164258685765088, -0.011612041830621363, 0.21399384551338319] [3.3043479919433594, 0.6219532489776611, 0.9748914241790771] [0.0, 0.0] 0.1501452922821045
barrier [1495.790845470537, 1192.6989747344703, 0.9950040710319372] [-0.9764558566253073, -0.008149318506545093, -0.011622531705401909, 0.21524977451038746] [2.40726375579834, 0.5923510789871216, 0.9837881326675415] [0.0, 0.0] 0.1401161402463913
barrier [1530.717809416903, 1229.4393529722056, 0.692681834384844] [-0.8743680510073137, -0.004492104815238752, -0.013465349222842302, 0.48505568416657807] [2.885852813720703, 0.45675602555274963, 0.916480541229248] [0.0, 0.0] 0.12355068325996399
barrier [1517.5057296916495, 1243.6166141497981, 0.5280101837812131] [-0.9637159576421604, -0.007523709684290356, -0.012036960910076364, 0.26655216815942273] [3.022101640701294, 0.5809115767478943, 0.9281632304191589] [0.0, 0.0] 0.11411266773939133
barrier [1559.60631704849, 1214.8788326867318, -1.331414035399639] [-0.990290629599166, -0.009032646808656957, -0.0109501564826376, 0.13828584270532834] [2.001586437225342, 0.4197743833065033, 1.022618293762207] [0.0, 0.0] 0.11008306592702866
barrier [1518.1978899733022, 1211.1660166391146, 3.728983201229566] [-0.6623581436451598, -0.014117554109285448, 0.0014796287830359713, -0.7490528652315358] [0.4005763828754425, 0.3642798662185669, 0.9582951664924622] [0.0, 0.0] 0.10236643999814987
bicycle [1536.530566074404, 1225.314104602695, 1.3145671735660014] [-0.9917796319740704, -0.009154919393230581, -0.010848137456155394, 0.12716786923595605] [0.5532312989234924, 1.5949385166168213, 1.1034691333770752] [0.0, 0.0] 0.7343199253082275
bicycle [1515.5056408394323, 1210.3913320519896, 1.2013678426140082] [-0.7737496058539046, -0.014172322388483753, -0.0007999459238431303, -0.6333324978284021] [1.0156244039535522, 1.707418441772461, 1.9291505813598633] [-0.0009072865116476267, -0.00030815561943570803] 0.554510772228241
bicycle [1536.55640066529, 1224.9135582508043, 1.2803623135627997] [-0.9968869450958825, -0.009684458539831041, -0.010378145217450209, 0.07755594150053802] [0.5243959426879883, 1.5924745798110962, 1.0691365003585815] [0.0, 0.0] 0.5107536911964417
bicycle [1537.236103263872, 1225.124449565154, 1.2912304753135102] [-0.893419762711231, -0.005037440193881814, -0.013270977042300052, 0.44899847768299106] [0.5062515139579773, 1.4841525554656982, 1.096785545349121] [0.0, 0.0] 0.5075992941856384
bicycle [1536.6017926421646, 1225.7472448533365, 1.2988136642707109] [-0.9972678301408219, -0.009737020927251558, -0.010328845958114398, 0.07249400203363182] [0.5159326195716858, 1.6103219985961914, 1.084993839263916] [0.0, 0.0] 0.48723769187927246
motorcycle [1496.1273196463917, 1223.3239954502342, 0.6515807363420394] [-0.48334861611670743, 0.0033436435963486964, -0.013795458776886954, 0.8753128701571226] [0.6589804887771606, 1.9497452974319458, 1.2190839052200317] [0.0019957401477046087, -0.003927109731824045] 0.3984373211860657
motorcycle [1494.48903143879, 1215.129799162947, 2.5692411649645477] [-0.8383220078195862, -0.014000044385053123, -0.002343798750049475, -0.544990565578867] [0.6628240346908569, 2.002933979034424, 1.3027896881103516] [0.0, 0.0] 0.3660025894641876
motorcycle [1505.9779916093505, 1233.8212291695547, 1.0727879887716347] [0.03274925470780549, 0.009933168728409497, -0.010140354746119025, 0.9993627928238669] [0.6889297366142273, 2.0685112476348877, 1.6759216785430908] [-1.2751977350081976, 0.06867701304200842] 0.34293416142463684
bicycle [1537.354410930383, 1225.6775224425976, 1.2842200237253387] [-0.7260681645412268, -0.0009981287708526881, -0.014159744853668343, 0.6874762001730458] [0.5015486478805542, 1.5289565324783325, 1.1085638999938965] [0.0, 0.0] 0.28398144245147705
bicycle [1516.0048712639023, 1199.9326683060015, 1.0065003345382857] [-0.5293195989708579, 0.0026035292218534387, -0.013954077216181159, 0.8483037589861109] [0.5372457504272461, 1.6068370342254639, 1.0692120790481567] [0.0, 0.0] 0.2274790108203888
bicycle [1511.6146638633334, 1203.0888353742746, 1.2015048175739629] [-0.8023407231499279, -0.014119847995747703, -0.0014575760498754878, -0.596697468856611] [0.5645456314086914, 1.7204420566558838, 1.0860025882720947] [0.0, 0.0] 0.22192351520061493
bicycle [1537.6578914911008, 1224.7265420243468, 1.2105334509972128] [-0.35978351587600416, 0.005189208307871524, -0.013212371191489748, 0.9329278252193665] [0.5282230377197266, 1.5771516561508179, 1.113951325416565] [0.013053166408118223, -0.004474271603430995] 0.21907484531402588
bicycle [1535.677519340676, 1225.5783896714481, 1.1493317518845771] [-0.9967835025561187, -0.011184587921090937, -0.00874068809645886, -0.0788742949039261] [0.5094300508499146, 1.550536870956421, 1.0472991466522217] [0.0, 0.0] 0.1964310109615326
motorcycle [1526.5086096081031, 1245.0667645036083, 1.1577226803137486] [-0.1596808176295167, -0.011143036183625908, 0.008793598806779558, -0.9870666349572378] [0.6474514007568359, 1.9443848133087158, 1.2588846683502197] [0.0, 0.0] 0.1610090583562851
bicycle [1534.865105468963, 1258.0744987209437, 1.5666576852849667] [-0.8283065488947482, -0.0032901097393730656, -0.013808324057142978, 0.5600953190508808] [0.7519152164459229, 1.9840608835220337, 1.8207926750183105] [0.3962306217013169, -1.2683636947908044] 0.15917882323265076
motorcycle [1527.246637136371, 1246.7575767565302, 1.6999477642080736] [-0.19710850702593544, -0.011469439009737306, 0.00836340864517017, -0.9802789102202711] [0.7683120965957642, 2.173335075378418, 1.359681487083435] [0.0, 0.0] 0.15879113972187042
bicycle [1498.711833983424, 1211.8859202617678, -0.04750198035157305] [-0.6014666538150124, 0.0013734342114781577, -0.014128280639587121, 0.798771788255699] [0.5519824624061584, 1.603301763534546, 1.0536290407180786] [0.0, 0.0] 0.15692299604415894
bicycle [1531.0680585046844, 1205.7485462035738, 0.4519655648684928] [-0.7775868988378549, -0.014167195449945083, -0.0008861198831119112, -0.6286152401273478] [0.5183253288269043, 1.5093588829040527, 1.1352931261062622] [0.0, 0.0] 0.15415789186954498
bicycle [1539.261355377399, 1219.2926406691524, -0.12905776975073346] [-0.17183440827269808, 0.007655347681047054, -0.011953672542213899, 0.985023574082472] [0.5803913474082947, 1.5758237838745117, 1.0932981967926025] [0.0, 0.0] 0.14786139130592346
motorcycle [1494.1219677208635, 1215.5995616985404, 2.5104363638548612] [-0.1316308034914737, -0.010889235903681781, 0.00910599674929431, -0.9911971735920279] [0.879047155380249, 2.548152446746826, 1.504258394241333] [0.0, 0.0] 0.14764350652694702
motorcycle [1566.2697598178881, 1168.8673029497534, 3.266189737661626] [-0.2788382536280789, -0.01213206615014021, 0.00736936946372029, -0.9602331663082039] [0.7306309938430786, 2.02398943901062, 1.6709665060043335] [-2.0730862806168737, 1.2723936806312275] 0.14531615376472473
motorcycle [1495.734504237749, 1192.707849106618, 1.2060528676830051] [-0.829766504182688, -0.014034719766947227, -0.0021263293318420154, -0.5579301514536354] [0.7957127094268799, 2.23893666267395, 1.4849488735198975] [0.9135613639919321, 2.3265944247538917] 0.1441730409860611
motorcycle [1487.5145412299514, 1194.5353623701424, 0.6125895784481628] [-0.9711544460363949, -0.007875258999268305, -0.011809950510422752, 0.2380284590303826] [0.6476840972900391, 1.7184386253356934, 1.221765160560608] [0.0, 0.0] 0.1432787925004959
bicycle [1530.0241453924932, 1229.0112151834755, 0.6826283586498847] [-0.9524121785218377, -0.012885495874771495, -0.005954715058291024, -0.3044824257127543] [0.49581825733184814, 1.534205436706543, 1.093682885169983] [0.00012617698255169984, -0.0007913124552958325] 0.13981680572032928
bicycle [1537.5702448566635, 1227.0207843234189, 1.0689373163274212] [-0.9926746547202765, -0.0092332488167148, -0.010781546811697554, 0.11998139539368266] [0.44251325726509094, 1.4584764242172241, 1.0702242851257324] [0.0, 0.0] 0.13319388031959534
bicycle [1511.5046418409702, 1206.3939945872858, 0.5624539860648922] [-0.9362230741528319, -0.013163697393640279, -0.0053114693158164, -0.3511194394909755] [0.6111001968383789, 1.5581121444702148, 0.9143245816230774] [0.0, 0.0] 0.12916961312294006
motorcycle [1495.4635179311294, 1215.3527281843674, 2.647629523919538] [-0.9871083530510878, -0.011856371033914148, -0.007805197068002355, -0.1594227232906416] [0.7835604548454285, 2.1783876419067383, 1.3487231731414795] [0.0, 0.0] 0.12873141467571259
motorcycle [1496.2500940227071, 1224.402503210276, 0.6504706972237773] [-0.7863143717931953, -0.0141533959340627, -0.0010844440501235723, -0.6176635120161365] [0.7377534508705139, 2.112825632095337, 1.3223345279693604] [0.024729854883660113, -0.0009219117612950772] 0.12719835340976715
bicycle [1535.7422064564576, 1225.9546716627117, 1.1757577070672018] [-0.676696038311664, -0.01414348883018292, 0.001206797031269951, -0.736125653063344] [0.5164651274681091, 1.5851463079452515, 1.0518302917480469] [0.0, 0.0] 0.12085474282503128
motorcycle [1541.8664709155314, 1227.267071307152, 1.909342291229533] [-0.9917703744170663, -0.009154129871144192, -0.0108488036974782, 0.127240047914435] [0.7061153054237366, 2.3028042316436768, 1.43024742603302] [0.0, 0.0] 0.11571820080280304
motorcycle [1491.3139591989138, 1230.9353200565497, 2.8481684436303443] [-0.8618052252406745, -0.004149698133284132, -0.013574779584465051, 0.5070406878274225] [0.6749218702316284, 1.8010810613632202, 1.5217328071594238] [0.0, 0.0] 0.10818310081958771
bicycle [1486.1345916537623, 1219.0399822750076, 2.4603106434180755] [-0.9527366226756759, -0.007054603983894493, -0.012317759455136754, 0.3034657034611691] [0.6430800557136536, 1.8621797561645508, 1.25985586643219] [0.0, 0.0] 0.1065838560461998
motorcycle [1471.2149800560862, 1224.4371468015695, 3.4755558238725826] [-0.9870314215893679, -0.011860130544373534, -0.00779948324151087, -0.1598983369516615] [0.7162603139877319, 1.999646782875061, 1.5500034093856812] [0.2679387988386224, 0.10980694730383271] 0.10615787655115128
bicycle [1500.6244207366801, 1248.2087443669434, 0.6112198359373984] [-0.7914430881891995, -0.014143850092035731, -0.0012025555863293055, -0.6110780175412781] [0.5638179183006287, 1.641167163848877, 1.167999029159546] [0.012977267387497198, 0.015147323628930502] 0.10545863956212997
motorcycle [1482.2492377418826, 1195.8549710609554, 2.372881004155542] [-0.9937954681653374, -0.011455041491451311, -0.008383117546194847, -0.11031352056150383] [0.6823787689208984, 1.9548319578170776, 1.418026089668274] [0.011425779867196487, 0.003408459550907988] 0.10463210195302963
bicycle [1540.4568617661505, 1238.5622576632834, 1.8814763833551398] [-0.9386519144528952, -0.013126289594040238, -0.005403254284001633, -0.34457377854176685] [0.6917023658752441, 1.7480860948562622, 1.49675452709198] [0.11464408720859168, 0.04560489433680351] 0.10404056310653687
bicycle [1525.398778345386, 1232.94988746009, 0.5772523739892885] [-0.560588744459979, -0.013810281932097239, 0.003281881826053379, -0.8279726836976083] [0.5931596755981445, 1.6095832586288452, 1.0801336765289307] [0.0, 0.0] 0.10205794870853424
bicycle [1576.6212425052772, 1210.9780260589475, -0.7639298119570583] [-0.3077329645530733, -0.012349255524652453, 0.006999323063770654, -0.9513668734468383] [0.5763323307037354, 1.7312616109848022, 1.2359521389007568] [-0.02680339596304087, 0.0006609779277864544] 0.1000773161649704
pedestrian [1524.0142938013364, 1222.8137537597217, 1.0660548059446546] [-0.4647120408771937, 0.0036349112396443645, -0.013721590856897684, 0.8853480809423991] [0.6621444225311279, 0.6168195605278015, 1.7668869495391846] [0.0, 0.0] 0.8775087594985962
pedestrian [1514.1441290751045, 1206.470965619219, 1.1561734647094615] [-0.7705568239931475, -0.0019458961478901991, -0.014060872076290896, 0.6372132189167365] [0.6984217762947083, 0.8469469547271729, 1.7429392337799072] [0.2997467085705617, -1.2789008528996042] 0.85430508852005
pedestrian [1513.3421187162858, 1234.5247512307217, 0.7986082245413291] [-0.23776856087729503, -0.01180784259768113, 0.00787841916583384, -0.9712181098100342] [0.6282777786254883, 0.6936646103858948, 1.716629981994629] [-1.0431034862159343, 0.507351579118081] 0.8394498229026794
pedestrian [1534.5360021747038, 1227.4641529741796, 1.604353487566778] [-0.7712271573728612, -0.014175388850618559, -0.0007436304848176048, -0.6364017419014594] [0.6503987312316895, 0.6042877435684204, 1.773627758026123] [0.0, 0.0] 0.8341169953346252
pedestrian [1510.8190596963138, 1237.017368036991, 0.7539875892571167] [-0.22097858519478136, -0.01167017395849824, 0.008080945188688054, -0.9751753535902907] [0.6663309335708618, 0.7291169762611389, 1.8498437404632568] [-1.236347021800174, 0.6168566699016642] 0.8281904458999634
pedestrian [1510.548172035446, 1235.2776243052567, 0.7269018622653343] [-0.2466873191010643, -0.011879773133280471, 0.0077695318820362996, -0.9689911619614316] [0.6906818151473999, 0.7992249727249146, 1.8657171726226807] [-1.2802638506241035, 0.7674311469081491] 0.8157550096511841
pedestrian [1531.851833093339, 1209.593558076236, 0.5266012748989783] [0.05365536527990907, 0.010143196825043766, -0.009930266538850463, 0.9984586156377815] [0.690072774887085, 0.8198909759521484, 1.6711913347244263] [-1.242170053412526, 0.11615096014979612] 0.807434618473053
pedestrian [1501.2804820430579, 1222.9005015899745, 0.5909799810022468] [-0.632595585533724, -0.014048988634198706, 0.002029914707653147, -0.7743522005701803] [0.7120152115821838, 0.8407258987426758, 1.7919827699661255] [-0.3454867931949428, 1.6018678666196924] 0.8035383820533752
pedestrian [1522.8312925378914, 1222.6614490850463, 1.1339138650941893] [-0.5260522631190786, 0.0026571912007685057, -0.013943958200121995, 0.850333770840563] [0.7408879995346069, 0.7011581659317017, 1.857535719871521] [0.0, 0.0] 0.802570104598999
pedestrian [1508.044743942037, 1235.866366313786, 0.5612630688605339] [-0.26813314329351734, -0.012049290145768924, 0.007503948450467052, -0.9632772824229654] [0.649380087852478, 0.7283713817596436, 1.790725588798523] [-1.0589580540173873, 0.6923300830138099] 0.7724220752716064
pedestrian [1524.2095278478946, 1229.3707673745212, 1.0612368619817594] [-0.9633758782398607, -0.007508381543341943, -0.012046528212053178, 0.26777868210560146] [0.6815905570983887, 0.803089439868927, 1.7330278158187866] [1.2025894224609694, -0.7246721248709183] 0.7660744190216064
pedestrian [1513.8698622655486, 1234.9669782704582, 0.8589199763364184] [-0.24981722976006987, -0.01190481757901462, 0.00773110301150977, -0.968188957321679] [0.6126677989959717, 0.6751978397369385, 1.705263376235962] [-1.0449263126343025, 0.5342073058995359] 0.7640564441680908
pedestrian [1501.1130707568334, 1228.038313629473, 0.6192734900708613] [-0.6744420575251657, -0.014139732746881512, 0.001250037283827025, -0.7381913142308414] [0.6831269860267639, 0.7817029356956482, 1.709883213043213] [-0.14133845182376756, 1.5745064762807808] 0.7594682574272156
pedestrian [1520.6227327456108, 1231.6876374540504, 1.06976393542512] [-0.9180116140309705, -0.0058004398339804985, -0.012955675709763786, 0.3962993589054717] [0.6710301637649536, 0.7622420787811279, 1.7342779636383057] [0.9221122805588211, -0.9726305429185976] 0.753474235534668
pedestrian [1505.4654524971857, 1238.7560163048229, 0.7069151238461399] [-0.3887313779578606, -0.012907503654907258, 0.005906859128398681, -0.9212417821373596] [0.6147846579551697, 0.6739341616630554, 1.7823002338409424] [-0.7967883218532523, 0.8645047282557012] 0.7506111264228821
pedestrian [1507.4766597584166, 1239.5978830421227, 0.7538160723729633] [-0.39626030465916934, -0.012955428936754821, 0.005800990986795875, -0.9180284724974809] [0.6113444566726685, 0.6648052334785461, 1.756320595741272] [-0.8492129003863877, 0.9224880561321716] 0.7474429607391357
pedestrian [1522.2540843415766, 1229.1031914676903, 1.0679969392325381] [-0.9653125960461153, -0.007596470810100448, -0.011991174529439676, 0.2607107540538844] [0.6575438976287842, 0.7802808880805969, 1.720116138458252] [1.1015378285131243, -0.6604388964172562] 0.7402220964431763
pedestrian [1506.9242817412478, 1239.0481357186927, 0.6798209991640096] [-0.39504596810903914, -0.012947746446703098, 0.005818118021841626, -0.918551679790216] [0.602934718132019, 0.6629588007926941, 1.791285753250122] [-0.8729709886349132, 0.9443613108785902] 0.7305388450622559
pedestrian [1497.3169747642337, 1233.6533926174397, 0.9917035150329101] [-0.7695155016147973, -0.0019229381898148452, -0.014064030150790437, 0.638470358074016] [0.6810468435287476, 0.7167218327522278, 1.7950713634490967] [0.21889728958799992, -1.27363444958962] 0.7209467887878418
pedestrian [1509.1681396143263, 1236.1757538995691, 0.613910605218001] [-0.30857141152240153, -0.012355420164365586, 0.0069884352988476145, -0.9510952577716432] [0.636989176273346, 0.7097072601318359, 1.7944142818450928] [-1.0433322473623965, 0.7839429559683129] 0.6900219917297363
pedestrian [1505.9203324623302, 1236.0163788014413, 0.4990032109781315] [-0.24344881930696188, -0.011853751050675349, 0.007809175461775972, -0.9698098668000247] [0.6712787747383118, 0.7333747148513794, 1.811635971069336] [-0.9205529210130398, 0.4853788947699626] 0.6866014003753662
pedestrian [1505.799391917645, 1239.2732317859895, 0.7146994941831218] [-0.3722656139818392, -0.012800276444129174, 0.0061357606144684905, -0.9280176819497352] [0.599668025970459, 0.6587098240852356, 1.774735450744629] [-0.8272175196526516, 0.8935251592037409] 0.6513155698776245
pedestrian [1528.219160072029, 1234.485552165857, 1.1784493923512818] [-0.7542962507926348, -0.014190001568991339, -0.0003721435693578509, -0.6563807366192355] [0.6855154037475586, 0.7401638627052307, 1.7637250423431396] [0.16398380235527998, 1.2105114514111592] 0.6503355503082275
pedestrian [1496.4611321490443, 1237.786613859175, 1.1362952651115887] [-0.46662674462107145, 0.0036052107803494562, -0.013729424262999635, 0.8843404245928018] [0.6443962454795837, 0.6033506989479065, 1.8323620557785034] [0.00023004126299476472, -0.00033086436323243615] 0.6453406810760498
pedestrian [1490.1489194132541, 1224.287197117486, 1.8191544477859458] [-0.5601128349830758, 0.002089371217145048, -0.01404026934503597, 0.8282947044692831] [0.6369680166244507, 0.6563653349876404, 1.724831461906433] [-0.3899356642151115, -0.9636205982854371] 0.6151823401451111
pedestrian [1499.7677450068102, 1246.452683399751, 1.1644058907446384] [-0.8100801639194972, -0.014099565815308943, -0.0016422177638676407, -0.5861472796053872] [0.6060413122177124, 0.6127324104309082, 1.7728158235549927] [0.34199374890454853, 0.8080023861604733] 0.609081506729126
pedestrian [1499.2197663718791, 1244.2840466068405, 1.1778677448437822] [-0.7346280913628457, -0.014194805632904062, 4.613467531037335e-05, -0.6783215113389947] [0.6745907664299011, 0.6760215759277344, 1.7994916439056396] [0.1301476535181696, 0.903455106243091] 0.6006540060043335
pedestrian [1543.20445171724, 1243.5587793908269, 1.8209985345448616] [-0.599922380552517, 0.0014007261380491569, -0.01412560093059325, 0.7999322738062495] [0.6701884269714355, 0.6738479137420654, 1.81243097782135] [-0.34372883452322106, -1.1636708517448242] 0.593703031539917
pedestrian [1540.3139787828125, 1243.9668485187683, 1.7810541907381652] [-0.6610897346404347, 0.0002833075372773372, -0.014192053135593624, 0.7501725588940688] [0.6604251861572266, 0.6748355031013489, 1.7847402095794678] [-0.1686323599691091, -1.2689813496539153] 0.5886282920837402
pedestrian [1505.6373436789622, 1235.5081931255484, 0.5433565828891805] [-0.24853668961685632, -0.011894583650082106, 0.007746839042821938, -0.968518466152778] [0.6812142133712769, 0.7506880164146423, 1.8337950706481934] [-0.9678640560087037, 0.4895975988147647] 0.5864721536636353
pedestrian [1495.1626486066043, 1234.3259458048872, 0.9398706756943899] [-0.6627598500950761, 0.0002516798914328211, -0.014192649245170521, 0.748697459903924] [0.6358965635299683, 0.6572909951210022, 1.7166762351989746] [-0.0837256597728159, -0.9167055043752586] 0.5710644721984863
pedestrian [1498.4525133626396, 1222.4886715748642, 0.7382425079115507] [-0.6316835864150776, -0.014046589301530129, 0.0020464516506212144, -0.7750963501516575] [0.7061842679977417, 0.7940031290054321, 1.7753127813339233] [-0.25237489128797536, 1.2445384585924324] 0.5605459809303284
pedestrian [1506.1570576391014, 1239.4896838384188, 0.7466115194502166] [-0.379967438874389, -0.012850841228749472, 0.006029138833835532, -0.9248909399274452] [0.6052017211914062, 0.6763397455215454, 1.794181227684021] [-0.8025407230302705, 0.8412953277924802] 0.5238866806030273
pedestrian [1541.773657444586, 1249.9270468030907, 1.925252677144007] [-0.6783293608930139, -4.628634857558461e-05, -0.014194805139138983, 0.7346208433709942] [0.7121943831443787, 0.7191038131713867, 1.8446038961410522] [-0.11735718145866024, -1.2697126613726157] 0.5073533058166504
pedestrian [1499.305657448406, 1249.399566213231, 1.4927105840102477] [-0.6139992307178197, 0.0011502678781883033, -0.014148198442649834, 0.7891789721239164] [0.6850632429122925, 0.7082234025001526, 1.8556561470031738] [-0.34173485371068674, -1.1976567435282943] 0.48993903398513794
pedestrian [1499.5743158681798, 1251.520710544124, 1.2988312358342584] [-0.9803395600529179, -0.008366940072954026, -0.01146686309239746, 0.19680663698129455] [0.6425673961639404, 0.6751284003257751, 1.8400752544403076] [0.9493838067504751, -0.3544137382463633] 0.48752808570861816
pedestrian [1537.9793569574124, 1236.4805901195766, 1.8472990891695205] [-0.9108530984319552, -0.01348721491844739, -0.004426021815106783, -0.41248653122440554] [0.6331933736801147, 0.6569627523422241, 1.7493746280670166] [0.751510861714002, 0.8849458415169399] 0.48449987173080444
pedestrian [1505.8618477493985, 1233.8092925368178, 0.7009771400174759] [0.035281444892575585, 0.00995883158517033, -0.010115152436933653, 0.9992766008523005] [0.7311773300170898, 0.8630437850952148, 1.8903733491897583] [-1.4239392634344978, 0.08464061289971309] 0.47466719150543213
pedestrian [1499.180565835044, 1246.5711012356408, 1.1889134692760743] [-0.8245148424483434, -0.014053983027510578, -0.00199504296360644, -0.5656622490029] [0.5771840810775757, 0.5831687450408936, 1.7343626022338867] [0.22738132843453332, 0.5483482155318846] 0.45615190267562866
pedestrian [1498.6408811448848, 1246.8124783553856, 1.2065074715650486] [-0.8867684855810164, -0.013710383644448173, -0.003676957395216729, -0.46199584234599583] [0.5879994630813599, 0.6104614734649658, 1.7498252391815186] [0.10951350219909899, 0.09523001593152008] 0.4504491984844208
pedestrian [1515.5637502273569, 1210.4429297901665, 1.2814043261930774] [-0.6683775044121288, -0.014129027791541756, 0.001365726557562572, -0.7436867734204035] [0.9279369115829468, 1.0651226043701172, 1.9067524671554565] [-0.001997341520651756, 0.012235050286285782] 0.42085158824920654
pedestrian [1505.10556605027, 1235.5795968204584, 0.5893393060970292] [-0.22286293190956435, -0.011685770519616046, 0.008058374695127022, -0.9747464382829559] [0.7412678003311157, 0.8293471336364746, 1.9150795936584473] [-0.9419754352156757, 0.4645397194661371] 0.39693352580070496
pedestrian [1487.727765140445, 1228.5744684554468, 2.002164875033244] [-0.8535217655787816, -0.013927516771854533, -0.002742063444543485, -0.5208638027814132] [0.6842795610427856, 0.6988999247550964, 1.8253192901611328] [0.5526086901858798, 1.0372207690043218] 0.37196800112724304
pedestrian [1484.7627367424002, 1212.6424997478696, 2.3121258309249235] [-0.9085811255876177, -0.013511244797248747, -0.004352114358907602, -0.41746717666251715] [0.6476438045501709, 0.6445236206054688, 1.688491940498352] [0.016015094872685764, 0.04581466004417712] 0.3624710440635681
pedestrian [1488.6227768027327, 1224.166861566265, 1.8916703132165984] [-0.9881138677743686, -0.008868025472640295, -0.011083896407888056, 0.15306694508159815] [0.6462743282318115, 0.6796949505805969, 1.7687788009643555] [-0.01279865734849172, -0.05972757451622596] 0.35778382420539856
pedestrian [1540.3809555969942, 1238.5179070336328, 1.8651241738283568] [-0.9903082726490189, -0.01168578934825128, -0.008058347390903909, -0.13815943864807703] [0.6711093783378601, 0.700053870677948, 1.8064990043640137] [0.19915621433370592, 0.13297744526717092] 0.2864372134208679
pedestrian [1482.8545071267251, 1209.783595482832, 2.4741354652264684] [-0.8775763135974523, -0.01377958151618419, -0.003408484795774512, -0.4792267930503694] [0.6732291579246521, 0.6726521253585815, 1.759679913520813] [0.3551708055266044, 0.6576515011222908] 0.27424997091293335
pedestrian [1534.8285444407554, 1258.080211763977, 1.6278691252688722] [-0.8210257351917847, -0.00311203226363802, -0.01384954477787147, 0.5707146813578787] [0.6494742035865784, 0.6934786438941956, 1.7900476455688477] [0.516699851503143, -1.3330385496425967] 0.271513968706131
pedestrian [1497.5583956463363, 1250.5222929173872, 1.503899564051679] [-0.9718849999072232, -0.007911698217299116, -0.011785570273965405, 0.23502776925285274] [0.6562014818191528, 0.6631942987442017, 1.815600872039795] [0.29587352362262603, 0.07002066623202645] 0.255892276763916
pedestrian [1510.0667243416885, 1235.3950930656158, 0.6783545981551803] [-0.25218207097511813, -0.011923671534779457, 0.007701992761284648, -0.9675756861575927] [0.6781867742538452, 0.787925124168396, 1.833330750465393] [-1.0468173281678275, 0.6455349892495117] 0.2497246265411377
pedestrian [1559.1689899886765, 1176.8951975558975, 3.058930259516] [-0.5756386954144468, 0.0018241338700361043, -0.01407718618859529, 0.817580942602131] [0.6284468770027161, 0.6362276673316956, 1.776326298713684] [-0.13771110437784775, -0.402061458867477] 0.24414826929569244
pedestrian [1485.939589778178, 1237.0805505827616, 0.9091689281789805] [-0.12165412810138948, 0.008251769937354367, -0.011550018539602686, 0.9924710466711492] [0.6048717498779297, 0.6071560382843018, 1.7131977081298828] [-0.0173263091395902, 0.0034573809702429124] 0.22380304336547852
pedestrian [1499.5607954107825, 1245.1878601556114, 1.0643543355455556] [-0.7582385617210298, -0.0141875009304591, -0.0004576600402188512, -0.6518226667459945] [0.616479754447937, 0.6651946306228638, 1.747470736503601] [0.21186842282031165, 0.850397925867888] 0.22342821955680847
pedestrian [1490.3655740839226, 1228.1252968096103, 1.8006326592098776] [-0.7994055623608964, -0.0025988262636305395, -0.01395495386648251, 0.6006240523248253] [0.6058582067489624, 0.6334384083747864, 1.5819913148880005] [-0.002726266791969332, -0.00294787204133096] 0.22107291221618652
pedestrian [1491.3309344589507, 1230.8845141756383, 2.6216141858378412] [-0.7995256195296648, -0.0026016160020284323, -0.013954434045928932, 0.6004642279772721] [0.6729916930198669, 0.65493243932724, 1.7988848686218262] [-0.0007096413766705458, -0.00037293779934543023] 0.2197687029838562
pedestrian [1523.2608084487847, 1222.8079530354787, 1.1125144944051972] [-0.5388070442850361, 0.0024467541830236056, -0.013982418579489293, 0.8423096072071472] [0.7221094369888306, 0.6989699602127075, 1.8249248266220093] [0.0, 0.0] 0.21946898102760315
pedestrian [1508.5573716052584, 1235.7486432384069, 0.578789258566961] [-0.27401092940995153, -0.012094892465822632, 0.007430222850250044, -0.9616218154391726] [0.666196346282959, 0.7727906703948975, 1.783151388168335] [-1.0121339681178558, 0.6838518401492645] 0.2123573124408722
pedestrian [1512.96778029912, 1234.3683179704478, 0.7562206012112958] [-0.1925011949898372, -0.011430022974636378, 0.00841719728671459, -0.9811940660705812] [0.6449629068374634, 0.7237515449523926, 1.730358600616455] [-1.039245330305842, 0.47666776484669793] 0.2104179859161377
pedestrian [1513.6497276297412, 1206.5749766826634, 1.104704836939913] [-0.7496675268718948, -0.0014927359739485661, -0.014116174222368853, 0.661662379555021] [0.7266478538513184, 0.8685711622238159, 1.7861473560333252] [0.0937579005950096, -1.0280081733988469] 0.2102184295654297
pedestrian [1572.73457849545, 1209.4862238904018, -1.1018797444165813] [-0.5466271854554667, 0.0023164452292923667, -0.014004596276361544, 0.8372557706493701] [0.6258813142776489, 0.5978992581367493, 1.8090264797210693] [-1.8074612648758686e-05, -1.0977357998911233e-05] 0.20970886945724487
pedestrian [1499.6829516573675, 1246.0146099532856, 1.113234349817409] [-0.8241136160217709, -0.01405539385673864, -0.001985079065464336, -0.5662466364157555] [0.6334178447723389, 0.6843132972717285, 1.7802155017852783] [0.27819302830527015, 0.6507047476389061] 0.19784946739673615
pedestrian [1498.162705018388, 1246.8548844223437, 1.2056860025372067] [-0.8056710818753285, -0.0027452813999660347, -0.013926882831387342, 0.5921930539903971] [0.6208238005638123, 0.6632754802703857, 1.7582216262817383] [-0.012392095290084285, -0.10175416988304399] 0.19726020097732544
pedestrian [1504.5362763558812, 1235.7403599152797, 0.6586980064391023] [-0.16826826877659878, -0.011219171844323693, 0.008696253129464744, -0.9856390287968317] [0.7536214590072632, 0.8316540718078613, 1.9216458797454834] [-0.7425105059543762, 0.352521516071635] 0.19538119435310364
pedestrian [1495.718654183856, 1238.5047886939776, 1.0361185730436968] [-0.7791487767906291, -0.00213687949375933, -0.014033117308472193, 0.6266782978453156] [0.6115937232971191, 0.6346284747123718, 1.679533839225769] [0.0, 0.0] 0.19490857422351837
pedestrian [1499.1694571884902, 1246.9438353402518, 1.1991659236345935] [-0.8356062294674016, -0.014011506993644455, -0.002274270681173092, -0.5491454585443714] [0.5999982357025146, 0.634499728679657, 1.74435555934906] [0.18965786430077022, 0.5397362386491876] 0.19028577208518982
pedestrian [1474.9779309869207, 1187.5568031733092, 1.8793421659156888] [-0.5394837416694598, 0.0024355172649876064, -0.013984380251414014, 0.8418763554340716] [0.6589932441711426, 0.6966885328292847, 1.7804843187332153] [-0.1291595704040198, -0.3724583601035051] 0.18323498964309692
pedestrian [1506.0264343902086, 1238.6141708458756, 0.6879227289294972] [-0.37615699453715373, -0.012825913977583581, 0.00608198701115163, -0.9264472034743325] [0.6285524368286133, 0.7088040113449097, 1.7917519807815552] [-0.7318217005127775, 0.7906150078704137] 0.17650920152664185
pedestrian [1485.244688975826, 1212.384118262419, 2.221052547967428] [-0.8658750872976521, -0.013857089940635885, -0.003078261480335732, -0.50005883510035] [0.6527613401412964, 0.6775212287902832, 1.645437479019165] [0.00931362900402299, 0.023716496221216313] 0.17389804124832153
pedestrian [1505.897222514561, 1236.50565278906, 0.5067942967753807] [-0.2569125218831041, -0.011961207703813932, 0.0076435689066308024, -0.9663304100897887] [0.6927743554115295, 0.7716358304023743, 1.8282405138015747] [-0.849635650488867, 0.49997834758908555] 0.17110063135623932
pedestrian [1576.5549391934649, 1210.997501815564, -0.7391008388089186] [-0.6072179883391396, 0.0012713943778019828, -0.014137828394073983, 0.7944084717587069] [0.5717517137527466, 0.5672356486320496, 1.6204853057861328] [0.007680227569278983, 0.009024286367190146] 0.1708693504333496
pedestrian [1504.28667652933, 1270.1649692699789, 2.027819936456855] [-0.8291209819809466, -0.0033102065354648994, -0.013803520132805124, 0.5588889895172262] [0.6447967290878296, 0.6372870802879333, 1.8332123756408691] [0.4693231276637274, -1.1400675187988492] 0.1704249382019043
pedestrian [1505.9443093973948, 1234.983765004279, 0.5745471604936271] [-0.20602643729352846, -0.011545118002450738, 0.00825862492632272, -0.978443464131051] [0.7199530601501465, 0.834412693977356, 1.8687117099761963] [-0.9550407729424363, 0.43536023899019066] 0.1671614944934845
pedestrian [1542.0213307971926, 1227.1754509934206, 1.7356711783991958] [-0.3557210469952993, 0.005246644724254304, -0.013189668475805045, 0.93448437230871] [0.7047737240791321, 0.755518913269043, 1.5845446586608887] [-0.00014119086458334718, -9.397836064236841e-05] 0.16637331247329712
pedestrian [1485.397829051505, 1211.9902414556593, 2.1246292895396186] [-0.8567190619376879, -0.013910334160011058, -0.0028279389882068795, -0.5155879694845914] [0.5921810865402222, 0.6085389852523804, 1.582987666130066] [-0.0022164451059976005, -0.0029128324665028257] 0.16602139174938202
pedestrian [1506.8215605158853, 1238.5895536703706, 0.6591309372855472] [-0.33384357336060816, -0.012537521312209018, 0.0066562147433879846, -0.9425216039383159] [0.6517996788024902, 0.7197969555854797, 1.8091585636138916] [-0.817194559849563, 0.6972012231223816] 0.16500213742256165
pedestrian [1494.1604558330469, 1229.871867217885, 1.2613702837262233] [-0.8920145658949087, -0.004996011018251178, -0.013286628965606884, 0.45178370886515273] [0.6150558590888977, 0.6448816657066345, 1.6584179401397705] [0.003533893679417416, -0.005647383059263898] 0.1646365225315094
pedestrian [1491.0218093428398, 1222.8222747450855, 1.3793494556252994] [-0.980981908145269, -0.008404630220173903, -0.011439266857029371, 0.19357944430208168] [0.5099627375602722, 0.5186138153076172, 1.450260877609253] [-0.01023891223997511, -0.04771888846902664] 0.1644333004951477
pedestrian [1506.433109281005, 1234.0108515581528, 0.6705706922207847] [-0.14744169496884635, -0.011033254263499907, 0.008930953796832236, -0.9889688832058111] [0.7561367154121399, 0.888837456703186, 1.889215350151062] [-1.1040733623372878, 0.28677865981856937] 0.16415946185588837
pedestrian [1495.1022979790412, 1215.3374780538836, 2.3833770784884836] [-0.22165164989874214, 0.00703821804136992, -0.012327129518518328, 0.9750225902315295] [0.6621679663658142, 0.6833640336990356, 1.6880228519439697] [0.0, 0.0] 0.16034537553787231
pedestrian [1510.9385808181369, 1235.5408835647108, 0.7102256763124515] [-0.23545846268026785, -0.011789075394624858, 0.007906474353594138, -0.9717807457018691] [0.6954715847969055, 0.8002772927284241, 1.8369022607803345] [-1.0252667469185208, 0.6186524491991447] 0.15839841961860657
traffic_cone [1530.9401027868748, 1205.711278755823, 0.4051492905968639] [-0.9922929829477397, -0.011562013068729417, -0.008234955322448397, -0.12309809648127108] [0.40397271513938904, 0.4163587987422943, 0.9235590696334839] [0.0009284139907977416, -0.0007330541491367248] 0.1541629135608673
pedestrian [1495.303529786149, 1238.5724337565318, 0.9547302026913431] [-0.8078406018797509, -0.002796412296840767, -0.013916706278077035, 0.5892300631495284] [0.6137391924858093, 0.6330888867378235, 1.6644237041473389] [0.0, 0.0] 0.15394863486289978
pedestrian [1505.2106340499845, 1236.1260157522197, 0.5565779278736237] [-0.2577481694949212, -0.011967813872525827, 0.007633221238557771, -0.9661078544793291] [0.7184566259384155, 0.8026682138442993, 1.8817484378814697] [-0.6880306784768697, 0.4089880628624483] 0.1537887006998062
