car [1497.0866505025801, 1207.4047473940664, 0.5535214043995373] [-0.8453686081689246, 0.009200880118165451, 0.022451954281100316, -0.5336320547685887] [1.8956468105316162, 4.50738525390625, 1.656213402748108] [0.0, 0.0] 0.787056028842926
car [1500.5540722374365, 1206.672148980056, 0.8906936815290126] [-0.9068134266625819, 0.006246121845507324, 0.02344637302186731, -0.4208332957103996] [1.9458755254745483, 4.789120674133301, 2.046947956085205] [0.0, 0.0] 0.7861948609352112
car [1504.5012748225233, 1201.4040344585046, 0.7565620507270843] [-0.5164655566200841, -0.022633038547500723, 0.00874597119231577, 0.8559641244696634] [1.9571309089660645, 4.546719551086426, 1.8531088829040527] [-3.0411243487437267, -5.4521240771631545] 0.7146139144897461
car [1490.5016546488912, 1216.253157387179, 1.0343900519192242] [-0.8343561408505704, 0.009654982528576281, 0.022260452788799193, -0.5506914596931332] [1.9208102226257324, 4.720302104949951, 1.656135082244873] [0.00036103592797103465, 0.0013096114412523563] 0.7038716077804565
car [1520.684833650749, 1240.2248876398485, 1.3710770134786074] [-0.5594408424273033, -0.022157621553711874, 0.009888693193337229, 0.8285150556134995] [1.8405146598815918, 4.3819899559021, 1.5828286409378052] [-0.0012740920378446654, -0.0027871469531296246] 0.6412431597709656
car [1523.3078656052942, 1238.6897252034944, 1.35370266733541] [-0.5436217860700314, -0.02234123930555674, 0.009466544896704277, 0.8389795034826772] [1.9129732847213745, 4.4169111251831055, 1.6954679489135742] [-0.07583886385468858, -0.1502098962230241] 0.6396347284317017
car [1490.9762928031328, 1193.8527839431229, 0.9094425354162252] [-0.83956819179701, 0.009442325746682328, 0.022351486091153113, -0.5427121749847793] [1.9518728256225586, 4.535452842712402, 1.677184820175171] [0.0, 0.0] 0.6299424171447754
car [1511.5727348193516, 1231.991012465451, 0.9134546788547988] [-0.710150858888905, 0.013833213033208658, 0.019934609681840708, -0.7036313034348041] [1.929084300994873, 4.650308609008789, 1.6350082159042358] [0.05816449895862941, 2.5879348640473947] 0.6156872510910034
car [1494.448696646859, 1208.4518115214826, 1.2424737772119059] [-0.8393191519854449, 0.009452577767271274, 0.02234715238107889, -0.5430972423649787] [2.5783169269561768, 6.894078254699707, 2.9571356773376465] [0.0010886519870660371, 0.009593918031115402] 0.5848587155342102
car [1536.2101147200337, 1211.6181471860857, -0.045528346376136675] [-0.14478169973025984, 0.023036291317205485, 0.007620743293033449, -0.9891660694631755] [1.9415634870529175, 4.496235370635986, 1.5963157415390015] [-2.6593298762201405, 0.9240226112993246] 0.5351350903511047
car [1523.9314864172993, 1213.4659437098353, 0.9449953009004337] [-0.08296791988921026, 0.023465741799462113, 0.006172957782979546, -0.996256783075161] [1.949197769165039, 4.876150131225586, 1.9508450031280518] [-3.475888491837864, 0.5598920012133105] 0.47290346026420593
car [1487.0891847786359, 1185.650005503987, 0.7949087128290686] [-0.8544248277752036, 0.00881322325472082, 0.02260693570238831, -0.519008157195361] [1.9382127523422241, 4.57450532913208, 1.7241183519363403] [-0.0003599228563264317, -0.0005025992763116262] 0.448221892118454
car [1471.8573667423136, 1196.5773740307525, 2.2098003771321784] [-0.4658763195851445, 0.019184409529441386, 0.014856139370514459, -0.8845171046417424] [1.9092612266540527, 4.477076530456543, 1.6841806173324585] [0.0, 0.0] 0.3284946084022522
car [1493.8542288679882, 1200.291769834461, 0.6968151522249505] [-0.8522675619195257, 0.008906794423617876, 0.022570233917371806, -0.5225430666019386] [1.7186022996902466, 3.9689011573791504, 1.540449619293213] [-0.0005518149132088049, 0.0020739492161016247] 0.27338647842407227
car [1473.534289587384, 1198.382979426088, 2.1250791090188828] [-0.4636474741711427, 0.01922175905265149, 0.01480778257914674, -0.8856874579944838] [1.9349865913391113, 4.4820404052734375, 1.6946187019348145] [-0.0018243868685935082, 0.0022587040397855107] 0.2563604414463043
car [1546.076404963216, 1209.581087594397, -0.6070367376224353] [-0.10386962691928708, 0.02333094422908759, 0.006664344481543228, -0.9942949030130139] [1.9421876668930054, 4.475070476531982, 1.6384882926940918] [-2.8073181376447973, 0.775411907730801] 0.24598000943660736
car [1527.168507538066, 1246.831510305878, 1.8346241902896305] [-0.614610157029709, -0.021432096384266807, 0.011375925921214884, 0.7884577404210875] [1.9051681756973267, 4.422799110412598, 1.6670359373092651] [-0.0011542280681313033, -0.0032811850010906578] 0.1668645739555359
car [1485.885045186842, 1177.7361701841567, 1.3484560391314204] [-0.9559473608500076, -0.01101292557110261, 0.021620867613368927, 0.29253358241049177] [2.071489095687866, 4.867712497711182, 1.8437387943267822] [0.0, 0.0] 0.15494835376739502
car [1543.8960544204124, 1259.4583866391965, 3.433195513201044] [-0.8233778261107518, -0.017015690063974014, 0.01729776683957346, 0.5669746105630686] [2.057844638824463, 4.746126651763916, 1.7974305152893066] [0.3521391129800972, -0.8782581861301858] 0.14697220921516418
car [1510.0585746978547, 1271.444216665217, 2.5185009321249163] [-0.6995272278669225, -0.020013995445357025, 0.013718106002750502, 0.7141938889593145] [1.9338091611862183, 4.487071990966797, 1.6990602016448975] [0.0, 0.0] 0.14275223016738892
car [1492.9562143622934, 1152.8649194527652, 2.3046325255697035] [-0.1415851418727156, 0.023060792221424417, 0.007546277765213933, -0.9896286683170076] [1.9552576541900635, 4.490164756774902, 1.72111177444458] [0.0, 0.0] 0.14005188643932343
car [1486.027689970751, 1192.7762425010178, 1.0753910720010662] [-0.8545340104595635, 0.008808466461022013, 0.02260878954288622, -0.5188283709685751] [1.8887207508087158, 4.476913928985596, 1.728156566619873] [0.0, 0.0] 0.1324024796485901
car [1484.1336783648674, 1186.6873477769727, 1.33338550159718] [-0.8667818268567297, 0.008261391234594736, 0.02281437837983828, -0.4980968963815383] [1.9590575695037842, 4.551525115966797, 1.8035136461257935] [0.003062697949937465, 0.019478126009975137] 0.1259431391954422
car [1545.0827875970863, 1183.8422044388417, 2.2759872812805453] [-0.9810845478840475, -0.008716737174051784, 0.02264431361353165, 0.1920530225150457] [1.817453145980835, 4.160039901733398, 1.5817456245422363] [0.0, 0.0] 0.11637222766876221
car [1547.9279648916606, 1208.058692860372, -0.40134858254477024] [-0.15752577071384205, 0.02293609998981502, 0.007917181521645101, -0.9872167366465284] [1.9640703201293945, 4.682624816894531, 1.6792984008789062] [-1.7842808841688125, 0.41025845169986774] 0.10424226522445679
car [1565.2232402569482, 1222.2135326320329, 0.46070113374359434] [-0.7556511222348469, 0.01246801522492533, 0.0208157402544445, -0.6545247398068519] [1.966387152671814, 4.677884101867676, 1.752159595489502] [0.0, 0.0] 0.10407330095767975
car [1513.828901082886, 1273.260092152888, 3.084641165243608] [-0.08135881040098791, 0.023475680811125242, 0.006135051462183286, -0.9963894808377631] [2.0586562156677246, 4.674774169921875, 1.8564014434814453] [0.0, 0.0] 0.10063604265451431
truck [1494.442508703392, 1208.4700937136192, 1.178812457943506] [-0.8386962014684919, 0.009478181804519701, 0.022336304879499266, -0.5440587607936606] [2.541973829269409, 6.966984748840332, 2.967407464981079] [0.0003173698270469901, 0.0075263290004139415] 0.40072065591812134
truck [1524.2140173570028, 1213.3984758877875, 0.8925508949119128] [-0.08542249805120705, 0.023450460064163556, 0.006230759886927207, -0.9960493212590942] [2.0034115314483643, 5.44725227355957, 1.9368011951446533] [-3.2118881180109837, 0.5389439297472498] 0.3889937400817871
construction_vehicle [1473.972228337713, 1213.0193529012204, -0.14050182297265967] [-0.9355576623467097, -0.01235678669554614, 0.02088196036176309, 0.3523394868282159] [3.0375752449035645, 5.7475666999816895, 2.239407539367676] [0.0, 0.0] 0.3855210244655609
construction_vehicle [1487.9378399351224, 1237.2705997753842, 1.3791472870869756] [-0.17299561569987948, 0.022809057716163653, 0.008276069845656594, -0.9846236694812034] [2.404045581817627, 5.807585716247559, 2.3868396282196045] [0.0, 0.0] 0.2821219861507416
construction_vehicle [1484.0293537158393, 1231.219963037432, 2.0868771768476266] [-0.6953675675664857, 0.014244699486793471, 0.019642682671173427, -0.7182445262796506] [3.233670473098755, 6.306293487548828, 3.5849013328552246] [0.0, 0.0] 0.23285652697086334
truck [1490.4297360578603, 1216.1520675581044, 1.0048643889089997] [-0.8335151939224569, 0.009688925434377244, 0.022245700032063474, -0.551963472572615] [1.918505072593689, 4.907717227935791, 1.765211820602417] [0.0, 0.0] 0.17812420427799225
construction_vehicle [1471.5628999877556, 1213.5123390627605, -0.49161237903204236] [-0.4881949770630486, 0.018800834882033816, 0.015338678356624195, -0.8723972248491052] [1.946876049041748, 3.2666730880737305, 2.0891671180725098] [-0.0030147932242607757, -0.007926750742098598] 0.17286317050457
construction_vehicle [1491.9448065099364, 1163.1022231282877, 2.5190759458637] [-0.5352649483862618, -0.022434129299811756, 0.009244257057697972, 0.8443356492432753] [2.8567676544189453, 6.823135852813721, 3.3865034580230713] [0.0, 0.0] 0.17213121056556702
truck [1471.53653177079, 1196.9660035030327, 2.0831776462419] [-0.9045471901371451, -0.013979577075218295, 0.019832243211182696, 0.42568255116812814] [2.2829184532165527, 5.612381458282471, 2.246922492980957] [0.0, 0.0] 0.16640977561473846
truck [1523.5117690334207, 1239.246292598337, 1.2426765312692682] [-0.5375254943613224, -0.022409278003335253, 0.009304337986052836, 0.8428983310373955] [2.1190080642700195, 5.563318252563477, 1.8738099336624146] [-0.005913479516346678, -0.03665176986713597] 0.15376095473766327
construction_vehicle [1486.3890964684315, 1193.064337377527, 0.953244886138093] [-0.9456038603773322, 0.0037781772617041694, 0.02396814182552775, -0.3244142302573941] [2.1735734939575195, 4.197158336639404, 2.3100528717041016] [0.0, 0.0] 0.1476484090089798
construction_vehicle [1512.78790656483, 1193.4586701812532, 1.6353317469186412] [-0.8630592925159187, 0.008430572504456859, 0.022752404119929105, -0.5045194854075832] [2.678330183029175, 4.510760307312012, 3.0718588829040527] [0.004960590996078937, 0.0031828804595964376] 0.14643706381320953
construction_vehicle [1493.8874749982133, 1200.2677146379751, 0.6349297765528121] [-0.8483899697156315, 0.00907303572023821, 0.02250392118740093, -0.5288153863494525] [1.6321371793746948, 3.969740867614746, 2.0086538791656494] [0.0, 0.0] 0.1413341462612152
construction_vehicle [1568.1971336740298, 1201.2946503183225, 1.188999237076613] [-0.48948396465166444, 0.018778141705146634, 0.015366451772966451, -0.8716746536999334] [3.256848096847534, 8.47346305847168, 3.5775864124298096] [0.0, 0.0] 0.13311979174613953
truck [1473.207803650349, 1198.8305010270342, 2.0933914940491247] [-0.4678455689093193, 0.019151267468879598, 0.014898838891836675, -0.8834770948960285] [2.3569095134735107, 5.73348331451416, 2.2857778072357178] [0.0, 0.0] 0.12745799124240875
truck [1500.5768711720632, 1206.6691647311418, 0.8767927488096801] [-0.9079032109337385, 0.006185214018252689, 0.02346251422030217, -0.41847701625085476] [1.9799448251724243, 4.890809059143066, 2.0310113430023193] [0.0, 0.0] 0.12087671458721161
truck [1490.699135616051, 1193.310377873734, 0.763977078331259] [-0.8430871575397305, 0.009296463121508126, 0.022412546027167694, -0.5372292791216693] [2.2177224159240723, 5.932995796203613, 1.9454519748687744] [0.0, 0.0] 0.11992330104112625
truck [1485.8419398152082, 1177.7375390876202, 1.481476133381983] [-0.34484891986760147, 0.020980079270057333, 0.012189451169416186, -0.9383445401451214] [2.122762441635132, 5.563779830932617, 2.0128719806671143] [0.0, 0.0] 0.11442842334508896
construction_vehicle [1494.0820124120853, 1246.4550511742952, 2.4311510049774823] [-0.2425859643434895, 0.02216268562261809, 0.009877338304546844, -0.9698264295519843] [3.2115988731384277, 6.277704238891602, 3.1233503818511963] [0.0, 0.0] 0.11417016386985779
construction_vehicle [1483.8172924206144, 1186.3157030103425, 1.7301849564234657] [-0.8848525329651561, 0.007399954643578026, 0.02310816126961336, -0.46523891546081797] [2.5826077461242676, 4.863883018493652, 2.7257168292999268] [0.0, 0.0] 0.11205606162548065
truck [1565.1720093762165, 1220.9450780923262, 0.47956374360465226] [-0.6500069697906117, -0.0208897199670722, 0.01234366419207749, 0.7595407775607823] [2.4172377586364746, 5.302496433258057, 2.2876570224761963] [0.0, 0.0] 0.10998037457466125
construction_vehicle [1500.8795857013677, 1168.8619926122765, 2.519884118451684] [-0.693684316021353, 0.014290642222907456, 0.019609283282321303, -0.7198703517023037] [1.6820794343948364, 3.0309219360351562, 2.476895809173584] [0.0, 0.0] 0.10861997306346893
construction_vehicle [1564.032982165646, 1204.2832438751154, 2.006095896357216] [-0.3513160852137397, 0.020895462114088097, 0.012333941342011483, -0.9359424457861194] [2.8350296020507812, 5.723493576049805, 3.322256565093994] [0.0, 0.0] 0.10480909049510956
truck [1486.6859508118282, 1185.3132890139002, 0.8869126763067887] [-0.866343372682564, 0.00828145523816482, 0.022807102953416585, -0.49885911253881177] [2.1574032306671143, 5.5560197830200195, 1.9618370532989502] [0.0, 0.0] 0.10465016961097717
bus [1524.3884040199832, 1249.4881033927288, 3.327397306024197] [-0.587768079784029, -0.021802263805837475, 0.010649306969476472, 0.8086655290916055] [3.1501286029815674, 13.246816635131836, 5.012162685394287] [-0.0038613888868852236, -0.023318101315530252] 0.8235459327697754
trailer [1473.5072687141403, 1196.0727124792465, 1.9548201655902382] [-0.5044565837996229, -0.0227530184845784, 0.008428914273493621, 0.8630960599001855] [2.060807943344116, 4.231858730316162, 2.7864065170288086] [0.0, 0.0] 0.12615954875946045
trailer [1474.190018027168, 1182.2237257014397, 1.7213032655164837] [-0.5527546612165868, -0.022236490197278858, 0.009710043753546749, 0.8329907190703549] [1.9027055501937866, 3.4835541248321533, 2.92922306060791] [0.0, 0.0] 0.12516362965106964
barrier [1494.3729103169921, 1199.9869145962173, 0.5788619088034186] [-0.9786809493453186, -0.00899097205892378, 0.022536833571403125, 0.20394816239073282] [3.346038818359375, 0.6381453275680542, 0.942836344242096] [0.0, 0.0] 0.29153528809547424
barrier [1536.2355137270972, 1222.5421189680617, 1.3773996787495353] [-0.6287749897227182, -0.02122276541584707, 0.0117618312389439, 0.7772086372739344] [2.547837734222412, 0.4709753394126892, 0.9883824586868286] [0.0, 0.0] 0.23394691944122314
barrier [1564.356271333008, 1221.5966704812124, 0.3766943763133811] [-0.10013962119162839, 0.023355775901379452, 0.0065767908613558485, -0.9946774903563506] [2.2041635513305664, 0.45889079570770264, 1.0435973405838013] [0.0, 0.0] 0.2188466191291809
barrier [1515.25132455279, 1208.020495121294, 0.5603369476009472] [-0.9042774370565125, 0.006386394788177099, 0.02340855415439013, -0.42625528780827565] [0.6124952435493469, 0.5188313722610474, 0.8548673987388611] [0.0, 0.0] 0.18700745701789856
barrier [1500.3033533828523, 1202.5278971889759, 0.3857088188158448] [-0.9727245707525337, -0.009605178337393707, 0.022281988131590363, 0.2306906218473347] [2.30672287940979, 0.457412987947464, 0.9245588183403015] [0.0, 0.0] 0.16605132818222046
barrier [1497.4962644848013, 1219.8215439358255, -0.38830041749002664] [-0.971311524215273, -0.009739767810608143, 0.022223486877286217, 0.2365696017678811] [1.9298290014266968, 0.43185341358184814, 0.9828130006790161] [0.0, 0.0] 0.14215829968452454
barrier [1474.5026868953062, 1196.687149103936, 2.0755607159881446] [-0.905750176719401, -0.013923305336219653, 0.019871789413735956, 0.4231168525676857] [2.2372097969055176, 0.4469480514526367, 0.9038723111152649] [0.0, 0.0] 0.13042901456356049
barrier [1530.2438834697884, 1218.6739084762294, 0.26099597289067955] [-0.6233786351297899, -0.021303693958754928, 0.01161460587799603, 0.7815435565710533] [3.077784776687622, 0.5287085771560669, 0.9156606197357178] [0.0, 0.0] 0.1268637478351593
barrier [1520.63416871692, 1252.440832505043, 1.3900781244001486] [-0.9803028919562988, -0.008807890141506926, 0.022609014070600605, 0.19600381010615098] [2.1831576824188232, 0.5342311859130859, 1.081218957901001] [0.0, 0.0] 0.11190514266490936
barrier [1515.6180333562622, 1240.1171410465186, 0.9641926516119367] [-0.9758582777670879, -0.009292354209466195, 0.02241424991462545, 0.2170527015898766] [1.7712253332138062, 0.47907930612564087, 0.8842819929122925] [0.0, 0.0] 0.10383931547403336
bicycle [1536.5563382152236, 1225.0805196349183, 1.4195811783601082] [-0.9992814747331199, -0.004898413335659758, 0.02376451120436736, 0.02911679599839545] [0.5384072065353394, 1.6301978826522827, 1.1550705432891846] [0.0, 0.0] 0.684952974319458
bicycle [1496.01115418096, 1223.5068929945103, 0.6049682705439908] [-0.47819536644185134, -0.022996890473176254, 0.007738829016989992, 0.8779182450932173] [0.5527158379554749, 1.7778761386871338, 1.147736668586731] [0.0, 0.0] 0.5723708271980286
bicycle [1476.4206669028072, 1211.6282761203263, 0.12455355409187041] [-0.8662145347289084, 0.00828734392299003, 0.02280496386078152, -0.49908279210807427] [0.6108733415603638, 1.6576213836669922, 1.1114017963409424] [0.0, 0.0] 0.514069139957428
bicycle [1537.334148936162, 1224.7259474135017, 1.352231966692469] [-0.740657650633428, 0.01293551746771584, 0.020528488347462154, -0.6714443373148525] [0.5129006505012512, 1.5639256238937378, 1.1203467845916748] [-0.00010791064738631638, -0.00021334265406838747] 0.42975732684135437
bicycle [1535.9045317729515, 1225.8790445114307, 1.3048717092307458] [-0.9660637147328275, 0.002084521917059218, 0.024174391706240944, -0.2571617246610018] [0.4927099049091339, 1.53134024143219, 1.1073790788650513] [0.00019902100749998898, 0.0003981451713358347] 0.42240190505981445
bicycle [1497.6054880709223, 1219.9715323941239, -0.4176345731551882] [-0.8227202274009973, 0.010115950906740577, 0.022054795016999945, -0.5679284118436603] [0.5414785742759705, 1.561627984046936, 1.1043134927749634] [0.0004641186060249156, 0.0004226407104881027] 0.3865971267223358
bicycle [1536.7442977410035, 1225.729994877998, 1.353741938702636] [-0.987867971418268, -0.007821029580905185, 0.02296906489790294, 0.1533888020683603] [0.5009881854057312, 1.5178394317626953, 1.1649671792984009] [-0.0019567934860953372, -0.0186536926206311] 0.36882859468460083
bicycle [1535.5728836745313, 1225.7087030569053, 1.281858214665876] [-0.437899069606212, 0.01964101534020614, 0.01424699836440147, -0.8986966442532345] [0.48979634046554565, 1.4691684246063232, 1.0638401508331299] [0.0152462273241094, 0.012000471127566407] 0.34402450919151306
motorcycle [1527.4624061165428, 1246.297217400583, 1.9368787764324498] [-0.9255625011733447, 0.005138994817115732, 0.023713649619135573, -0.3778165030484415] [0.6489530801773071, 1.9172344207763672, 1.2638771533966064] [0.0, 0.0] 0.3134576380252838
motorcycle [1487.903275079901, 1187.399928593878, 0.7136989034763448] [-0.9847579784172608, -0.008258319730070698, 0.022815490378806147, 0.17222943272727942] [0.7328954935073853, 2.097024917602539, 1.341148853302002] [0.00013319978060939548, -0.0003853744324571684] 0.2923785150051117
bicycle [1526.1818891696514, 1207.0795967978856, 0.5964793485479776] [-0.07356700331123533, 0.023522924502709326, 0.005951341767140258, -0.9969950599565754] [0.6357684135437012, 1.7408215999603271, 1.1051985025405884] [0.0, 0.0] 0.27668458223342896
bicycle [1509.5903178081867, 1250.4343167207214, 1.4560712598350887] [-0.7113220243937141, -0.01978280587608533, 0.014049449727964253, 0.7024473155806343] [0.6272769570350647, 1.7191745042800903, 1.1402194499969482] [0.0, 0.0] 0.2010451704263687
bicycle [1497.7088545550735, 1220.6443728361057, -0.3343068307341285] [-0.9122413810462175, -0.01361157184416662, 0.02008660145272369, 0.4089338776145849] [0.5529544949531555, 1.5934391021728516, 1.1021636724472046] [0.0, 0.0] 0.18704991042613983
bicycle [1484.9401351059046, 1179.1867989588736, 1.3161565245171853] [-0.9526021468089249, -0.0112550179584696, 0.021495837195699027, 0.30324973775592684] [0.6153813600540161, 1.682570457458496, 1.081781029701233] [0.0, 0.0] 0.17338275909423828
motorcycle [1505.3703278334235, 1253.8312227223985, 1.8313276687725055] [-0.6489977332380095, -0.02090609382305316, 0.012315911945575507, 0.7604033112802286] [0.7013189792633057, 1.9908108711242676, 1.4594229459762573] [0.0, 0.0] 0.1687815934419632
motorcycle [1507.633185800923, 1246.7909808404045, 1.899632103473403] [-0.8359120870886327, -0.016622641202044867, 0.01767580961250577, 0.5483267604386427] [0.6677663922309875, 1.9004884958267212, 1.2940282821655273] [-0.01562001670738951, -0.020175298574328697] 0.16845297813415527
bicycle [1508.4354843586925, 1201.13906835902, 0.006531870016448213] [-0.9255120039245991, 0.00514216371191029, 0.023712962664951508, -0.37794018593619255] [0.49835240840911865, 1.4660534858703613, 0.8639906048774719] [0.004453495048027947, 0.002674205308990514] 0.16465318202972412
bicycle [1521.217232825894, 1227.5738136909713, 0.6203179929733021] [-0.7150596715109921, 0.013693309128253546, 0.020030969300250032, -0.69864219721729] [0.565872848033905, 1.6390924453735352, 0.8851684331893921] [0.0, 0.0] 0.1587298959493637
bicycle [1515.3369994520435, 1210.44107115266, 1.0417523199743703] [-0.821911197914109, 0.010147325969545616, 0.0220403770761132, -0.5690986173743572] [0.861746609210968, 1.5948312282562256, 1.8614308834075928] [-0.0021419171877281023, -0.0027778070968833644] 0.15782836079597473
bicycle [1507.879476897239, 1185.6663918802126, 0.4973698748174965] [-0.4056706788730996, -0.023547158196766997, 0.0058547234645113504, 0.913697189366723] [0.5641645789146423, 1.6052515506744385, 1.290482759475708] [-0.3988803988433317, -0.3263374545636567] 0.15593530237674713
bicycle [1537.2321845567528, 1226.1258153857991, 1.3540349525994784] [-0.9343472363793135, -0.012428128013822677, 0.020839579651746987, 0.35553691147945543] [0.5226261019706726, 1.594163179397583, 1.1735270023345947] [0.0006148283378097175, 0.0012299761860157135] 0.1543074995279312
motorcycle [1486.2588360956945, 1192.5550683995634, 1.482634816022948] [-0.542658817409769, 0.0177878661610005, 0.016502674432582264, -0.839602680701677] [0.7167503833770752, 1.9015552997589111, 1.2801313400268555] [0.0, 0.0] 0.15272963047027588
motorcycle [1472.1567623441783, 1213.8289691606728, -0.03763104438463616] [-0.8653863611934556, 0.008325120561713294, 0.022791200355014425, -0.5005174316788187] [0.9006086587905884, 2.284012794494629, 1.5000286102294922] [0.016840154749884987, 0.0007043171973460217] 0.1489805430173874
bicycle [1487.6227886740153, 1193.4855617875344, 0.7973432510557348] [-0.6163625161389679, -0.021406738255029888, 0.011423572263968527, 0.7870886241414313] [0.6564739346504211, 1.7517471313476562, 1.1873081922531128] [-0.0013663223166445063, -0.005223698781004559] 0.14523246884346008
bicycle [1535.6392873297423, 1226.3315707653699, 1.336917021801592] [-0.4548167108245068, 0.019368066512297805, 0.014615897015396607, -0.8902544653686314] [0.504751443862915, 1.5748226642608643, 1.1080665588378906] [0.0022330582062133676, 0.0014391904692967463] 0.14386418461799622
motorcycle [1543.9303296780208, 1205.210978279208, 0.6441334141491255] [-0.9990769011146399, -0.005048907958696527, 0.023732993372393672, 0.03544854317428231] [0.6107688546180725, 1.9453938007354736, 1.2973169088363647] [1.7492536594654765e-05, 0.0007491471054239324] 0.14260616898536682
bicycle [1526.9163711824208, 1213.6078219781612, 1.06937419589156] [-0.10030266019146944, 0.02335469756760143, 0.006580619082984732, -0.9946610628312165] [0.518265426158905, 1.7998470067977905, 1.2026962041854858] [-0.24680483995853508, 0.1137059894411133] 0.14036321640014648
motorcycle [1485.5346272872778, 1237.9210830613931, 0.9452151449472923] [-0.6816878152390117, 0.014612891172144522, 0.019370334472603508, -0.7312407101007671] [0.7019988298416138, 1.9446518421173096, 1.3797184228897095] [0.0, 0.0] 0.13898111879825592
bicycle [1512.0627808525728, 1205.8714664899635, 0.8941652387231559] [-0.4961987118590603, -0.022832404174706528, 0.008211441139794828, 0.8678698588517866] [0.5018324255943298, 1.6450281143188477, 1.1083656549453735] [-0.012772022215174478, -0.025975331937633173] 0.13574549555778503
motorcycle [1556.7619348589672, 1221.6840620324285, -0.10383212524731422] [-0.7280034828104763, -0.01943933560889616, 0.014520973695801975, 0.6851439137654419] [0.6827357411384583, 1.926508903503418, 1.34968900680542] [0.0, 0.0] 0.13309337198734283
bicycle [1531.2159876480184, 1204.9129407804535, 0.5142663640926964] [-0.6463305226659848, 0.015512913985408192, 0.018657329542857894, -0.7626716915058049] [0.4687230587005615, 1.5167278051376343, 1.0908970832824707] [0.0, 0.0] 0.131303071975708
bicycle [1538.6921091982008, 1199.825008625768, 2.08129231371411] [-0.9452111593235081, 0.0038071367591342507, 0.023963558911120023, -0.3255566277075626] [0.677864134311676, 1.8320335149765015, 1.2842077016830444] [0.0, 0.0] 0.12763185799121857
bicycle [1497.5413440830448, 1250.3697595481624, 1.749540240214107] [-0.9835462351469776, -0.008415539564938452, 0.022757968710331474, 0.17901971087625218] [0.7792942523956299, 1.8079837560653687, 1.7496931552886963] [0.9342141471668248, -0.49065354306048753] 0.1268877536058426
bicycle [1560.2277934567744, 1214.527788301707, 1.8209633675648327] [-0.9986925669255459, -0.0031243954345377602, 0.024062098810330543, -0.04499344754155593] [0.6020216941833496, 1.7946847677230835, 1.247152328491211] [3.854608087142235e-05, -2.8382532751098665e-05] 0.12446063756942749
bicycle [1500.257899260723, 1186.507018008666, 0.6429991099372405] [-0.45622849707487345, -0.023182122329228373, 0.007164890110962094, 0.8895317937043133] [0.6105289459228516, 1.7570874691009521, 1.1580147743225098] [0.0, 0.0] 0.1244245395064354
bicycle [1534.1051792341311, 1227.5418197396277, 1.6542716964129418] [-0.2927555795185217, 0.02161830943708888, 0.01101794640900675, -0.9558793983629865] [0.7476454377174377, 1.3814194202423096, 1.8005719184875488] [0.0, 0.0] 0.12203513085842133
motorcycle [1543.6487605428404, 1223.236826120051, 2.4376162557097705] [-0.9952405562773476, -0.006441467907223784, 0.023393459282236927, 0.09437949297790416] [0.7787808179855347, 2.4814445972442627, 1.5566707849502563] [0.0, 0.0] 0.12045438587665558
bicycle [1492.4979365059614, 1154.6398646129348, 2.0025857267072693] [-0.38802918086440574, 0.020391713559588017, 0.013150074680137198, -0.9213276335548115] [0.7585805058479309, 1.95233154296875, 1.6886286735534668] [-0.3894423345390076, 0.34878266302139815] 0.11934877187013626
motorcycle [1512.6219889600075, 1265.4500853972195, 2.0871096224285126] [-0.02377074765187226, 0.023790375110696288, 0.004771215576960829, -0.9994229360536417] [0.697502076625824, 2.0722179412841797, 1.3573092222213745] [0.0, 0.0] 0.11818777769804001
bicycle [1534.9612623456987, 1268.8170981894725, 3.492444299119227] [-0.13061014550048566, 0.023142998360486, 0.007290272482974377, -0.9911368439556432] [0.6456698775291443, 1.8437480926513672, 1.283708930015564] [-0.0035280527805007103, 0.0036945324987744184] 0.11808054149150848
bicycle [1538.305219005241, 1220.3752858173466, 0.7869370049156555] [-0.9139719833597117, 0.0058387595132729075, 0.02355112170015764, -0.40505119082348784] [0.5583056211471558, 1.6299488544464111, 1.1170048713684082] [0.0, 0.0] 0.11593081802129745
bicycle [1538.9134571194545, 1206.2700290271807, 0.9598152873959047] [-0.9990346625010382, -0.0050767239411929335, 0.023727058815082615, 0.036619621454176465] [0.5628772974014282, 1.75907564163208, 1.1623337268829346] [0.0, 0.0] 0.1137927919626236
bicycle [1513.4489408475351, 1204.4919172792652, 0.49115720795226264] [-0.7005752312980396, 0.014101398851952773, 0.019745809591090867, -0.7131658985437463] [0.6463518142700195, 1.6023263931274414, 0.8765114545822144] [0.0, 0.0] 0.11125072836875916
bicycle [1511.1317625409033, 1199.3848308638692, 0.4997115912174032] [-0.890607179716192, 0.0071101008903017605, 0.02319898513554421, -0.45412564890345203] [0.47392863035202026, 1.4822943210601807, 1.013878345489502] [0.03311156216744231, 0.05211077968598121] 0.11091823130846024
bicycle [1537.7364311396882, 1225.1028880283789, 1.3032786933107672] [-0.4995500144017031, 0.018598851341147346, 0.015582977083323098, -0.8659451695490131] [0.575526773929596, 1.6873019933700562, 1.1831003427505493] [-0.011320479010984727, 0.00925461319287107] 0.11013969033956528
motorcycle [1526.9606370087554, 1245.1769193875894, 1.3356927885432275] [-0.9032261127025885, 0.006443960517192658, 0.023392772790807273, -0.4284785209157884] [0.7071869373321533, 1.9743077754974365, 1.2617548704147339] [0.0, 0.0] 0.10857340693473816
motorcycle [1493.1054215046968, 1163.6770692564987, 1.3985508436288725] [-0.7866536431027297, 0.011438669842413825, 0.021398674683861234, -0.6169175790551069] [0.7918397188186646, 2.0622284412384033, 1.7001495361328125] [0.05723573436103709, 1.1280928518616868] 0.10596882551908493
bicycle [1535.1030883047308, 1225.4251371920616, 1.2949923788026978] [-0.5280083741167163, 0.01807154164212636, 0.01619153571056075, -0.848892461043584] [0.49297434091567993, 1.5296785831451416, 1.08055579662323] [0.04650788030471554, 0.04692656254752727] 0.10549876093864441
motorcycle [1488.8661605567097, 1235.9471601286405, 1.241619657641717] [-0.1686839147547417, 0.02284506645434033, 0.008176147300914115, -0.9853714987034208] [0.7243266105651855, 2.0092830657958984, 1.3370202779769897] [0.0, 0.0] 0.1048855185508728
bicycle [1510.5553707439924, 1191.2486853062258, 0.9039392935354366] [-0.7594332063469708, 0.01234712077878097, 0.020887677095925872, -0.6501326469664249] [0.6802759766578674, 1.8255921602249146, 1.5305825471878052] [-0.04038272239619797, 0.7662988218723904] 0.10429602116346359
bicycle [1514.0364738193325, 1197.0404948880364, 1.14818437849088] [-0.32344791216641466, -0.023971989579820108, 0.003753686397991611, 0.9459348295042308] [0.5856114625930786, 1.6758943796157837, 1.1737756729125977] [0.0, 0.0] 0.10189029574394226
bicycle [1495.8946152510805, 1163.410394041751, 1.7596240323241383] [-0.8634069868471708, 0.008414881213945383, 0.022758212147369138, -0.503924229043911] [0.7678011655807495, 1.9513423442840576, 1.7097374200820923] [0.5253317623489099, 0.6635344854044339] 0.10100075602531433
bicycle [1494.0319449881133, 1199.143046873147, 0.6891986228878637] [-0.4910271940270132, -0.022880847964131108, 0.008075471653828555, 0.8708062633444759] [0.4947702884674072, 1.5000529289245605, 1.0533995628356934] [-0.001346862959443825, 0.012380184216770363] 0.10085852444171906
pedestrian [1523.6855706328256, 1222.859873311367, 1.1181569815951355] [-0.31728417789853175, -0.02399591372061461, 0.0035975784497756986, 0.9480200440967816] [0.6770910620689392, 0.6580070853233337, 1.7499154806137085] [-0.000662489508836314, -0.0004397763347868661] 0.870187520980835
pedestrian [1505.4571913051952, 1217.415198741473, 0.7075567119577577] [-0.4787348041551557, 0.01896556529451528, 0.015134522755903096, -0.8776242025175328] [0.8116129636764526, 1.0293854475021362, 1.8475192785263062] [-0.6936994241945896, 1.1330949056272415] 0.8582086563110352
pedestrian [1508.8245626543942, 1236.5825778747442, 1.0331665046822909] [-0.2681770466717886, 0.021893414968240054, 0.010460632247522781, -0.9630640296431014] [0.6494659185409546, 0.7485562562942505, 1.7670423984527588] [-1.0446114128213155, 0.6637483814957467] 0.7998230457305908
pedestrian [1501.164074024911, 1230.3144718953772, 1.1181900183866125] [-0.48679602124962207, -0.022919763018886454, 0.007964352399759567, 0.873178611310165] [0.7217569351196289, 0.862757682800293, 1.850563883781433] [-0.8715140690862337, -1.3550410465359723] 0.7991674542427063
pedestrian [1497.7916554146823, 1228.097736555609, 1.0306999117842617] [-0.7291367941960435, -0.019415268365358205, 0.014553137128832123, 0.6839377083503492] [0.6476749777793884, 0.7605811357498169, 1.7553374767303467] [-0.09539078166716156, -1.0650244753395293] 0.7914955019950867
pedestrian [1509.1769751605307, 1237.2107822710655, 1.0556116184918773] [-0.2953658691633968, 0.02158812866140304, 0.011076964696530342, -0.9550760476984865] [0.6364623308181763, 0.732524037361145, 1.7462618350982666] [-0.9868025841432466, 0.7322909176098986] 0.7801095247268677
pedestrian [1498.4183372923992, 1227.2339597194195, 0.9865873869838441] [-0.7792332030816886, 0.011693299217998353, 0.02126060204669261, -0.6262642164207233] [0.6568524837493896, 0.7568829655647278, 1.7701363563537598] [0.2634197871810071, 1.0073421930308748] 0.7790734767913818
pedestrian [1526.083800175986, 1227.4695836280557, 1.3385646341755313] [-0.9995397060209679, -0.004638798543178001, 0.023816548743789072, 0.01821070129148844] [0.6730195879936218, 0.7509100437164307, 1.727281093597412] [0.9902064251663889, -0.06942997788243216] 0.7770024538040161
pedestrian [1496.7606345334918, 1217.492068538628, 0.613299504460838] [-0.060163396169977235, 0.0236007709551872, 0.005634718831518003, -0.9978935911785912] [0.5963736772537231, 0.6867572665214539, 1.6657129526138306] [-0.8617206363912205, 0.11121321021268392] 0.7694865465164185
pedestrian [1496.4196310457135, 1216.9065689262877, 0.648343811071471] [-0.0827080634873642, 0.023467351093349128, 0.006166837005382617, -0.996278389702487] [0.617854118347168, 0.7237679362297058, 1.687469720840454] [-0.9380771321845072, 0.13033378576224142] 0.7645881772041321
pedestrian [1526.0401454112118, 1210.5053398395155, 0.6894781471080222] [-0.13996483061111947, 0.0230731153334797, 0.007508514819684044, -0.9898591312636418] [0.6951467990875244, 0.8176828622817993, 1.7030658721923828] [-1.2337997125493785, 0.32757387579606007] 0.7590872049331665
pedestrian [1501.370199637519, 1232.6889346858343, 1.120311309987709] [-0.41726875422227766, -0.02347072238198452, 0.006153993569811568, 0.9084591572017969] [0.6237174272537231, 0.7236995697021484, 1.7326068878173828] [-0.9535405892122537, -0.9994694969383308] 0.7570069432258606
pedestrian [1499.733146539477, 1227.714754349345, 1.0308599541152605] [-0.6467605053476057, 0.015502390286599655, 0.018666074611214105, -0.7623070918445667] [0.7001634240150452, 0.8499577045440674, 1.856179118156433] [-0.19926405556996402, 1.2916392387374023] 0.7544370293617249
pedestrian [1503.8403607761434, 1242.8827006214929, 1.5444161745313818] [-0.5621595081306934, 0.01739678021337427, 0.016914446020991066, -0.8266728137372535] [0.6309878826141357, 0.6739524602890015, 1.786120057106018] [-0.3475689210695588, 1.0563544563682767] 0.7458209991455078
pedestrian [1504.9343825769965, 1240.0540748283024, 1.2650213671384765] [-0.5073300157263381, 0.01845772828445971, 0.01574987976355779, -0.8614101860885581] [0.6640070676803589, 0.7245804071426392, 1.8292076587677002] [-0.6564607383485269, 1.2722466649645936] 0.7374352216720581
pedestrian [1534.0788283299153, 1227.5386864033787, 1.7078163695210362] [-0.11807065628673225, 0.0232333062069784, 0.006997137177607006, -0.9927087053501804] [0.6820324659347534, 0.6690390706062317, 1.7638381719589233] [6.391709268216278e-05, 0.0005486341887364284] 0.7347068786621094
pedestrian [1500.6304433852376, 1238.089625377111, 1.4779744535822248] [-0.475066502548382, 0.019028587460784598, 0.015055208574999625, -0.8796152975650543] [0.7585510015487671, 0.8365210294723511, 1.9374783039093018] [-0.6994605295015617, 0.9993616178786164] 0.7274428606033325
pedestrian [1522.6338350852077, 1222.8137699310876, 1.099493329527556] [-0.5792332288724202, -0.02191302621285883, 0.010419487904116636, 0.8148006628151705] [0.6919735670089722, 0.6750946640968323, 1.771730661392212] [0.0, 0.0] 0.7258615493774414
pedestrian [1500.7113143496972, 1233.8037948825533, 1.1280827741192336] [-0.7079606552636006, 0.013895099820705721, 0.019891521987070143, -0.705834941153202] [0.6307166218757629, 0.7244826555252075, 1.7327024936676025] [-0.013552675011701413, 1.321922482170559] 0.7246647477149963
pedestrian [1506.4499380395891, 1240.0771103994994, 1.3115427863743245] [-0.45776844741981193, 0.01931945814470128, 0.014680087976051314, -0.8887402894551736] [0.6808530688285828, 0.7563221454620361, 1.833735466003418] [-0.7479445376464988, 1.0487592308290141] 0.7209428548812866
pedestrian [1502.3984189208595, 1235.605481825571, 1.2082654105108133] [-0.32324041822423655, -0.023972812355831305, 0.0037484281694562392, 0.9460057534604276] [0.6367891430854797, 0.7288121581077576, 1.7333743572235107] [-1.159192241055038, -0.8291359793221843] 0.7110313177108765
pedestrian [1496.7325092844744, 1218.0013123168094, 0.5998971274536699] [-0.05742975268121747, 0.02361611696709319, 0.0055700507525555205, -0.9980546463300419] [0.5979800224304199, 0.6879922151565552, 1.6790915727615356] [-0.9494088303998419, 0.14143660062158603] 0.7008373737335205
pedestrian [1523.716074878318, 1228.5554343044073, 1.2777048702103737] [-0.9529394871970717, -0.011231056692556949, 0.021508366082946484, 0.30218799991825096] [0.6585781574249268, 0.7580612897872925, 1.6846427917480469] [0.9717865641846466, -0.6702261169176701] 0.698236346244812
pedestrian [1497.3033798781917, 1242.9434123593176, 1.958863210321335] [-0.6018224727675463, -0.021612662305511406, 0.011029019632650825, 0.7982612134044637] [0.6217857003211975, 0.6852230429649353, 1.8346847295761108] [-0.40345584905191856, -1.3939085907757318] 0.6862042546272278
pedestrian [1505.8443622012448, 1244.1403335389873, 1.5180416756277126] [-0.7654678747813295, 0.01215163648950837, 0.02100200410952059, -0.6430164743082136] [0.6427649855613708, 0.7154718637466431, 1.796496868133545] [0.22731686133630508, 1.3632724793444573] 0.675706148147583
pedestrian [1506.0271286170528, 1238.2869544930475, 1.24301351183328] [-0.4832413323125515, 0.018887490875711142, 0.015231846060455028, -0.8751508831617557] [0.7406799793243408, 0.8456789255142212, 1.9087293148040771] [-0.7680952336457664, 1.1614659917847163] 0.6743966937065125
pedestrian [1513.295545785582, 1201.1522888018812, 0.9480174912966862] [-0.5802825483977527, -0.02189958341454343, 0.010447712297863364, 0.814053694530662] [0.6711359024047852, 0.7791727781295776, 1.7096973657608032] [-0.37438445928276015, -1.112987560958757] 0.6645632982254028
pedestrian [1484.9293900386435, 1213.6574342149017, 2.0015104938895014] [-0.8342381859164703, 0.00965974959431739, 0.022258384572213595, -0.5508701323477319] [0.6487689018249512, 0.7084621787071228, 1.8018853664398193] [0.5553460103883697, 1.056615790870222] 0.6401710510253906
pedestrian [1515.306017850872, 1210.577815411016, 1.047719053838269] [-0.624184177163688, 0.016041789212679267, 0.018204599551910998, -0.7809003563403596] [0.8964442014694214, 0.9666615128517151, 1.9277937412261963] [0.0005128569031380122, 0.004937469455866845] 0.6377547979354858
pedestrian [1493.0577157288124, 1230.041089652893, 1.5949777179322964] [-0.5479824166468555, -0.022291650624589016, 0.009582732304553407, 0.8361378621973069] [0.6031925678253174, 0.6573261618614197, 1.728793978691101] [-0.411975498051719, -0.9524222267733967] 0.634120523929596
pedestrian [1506.4520125540835, 1244.0395044172508, 1.5129961589400673] [-0.7588945600240874, 0.012364413986367102, 0.020877445072690307, -0.6507613236201562] [0.6365528106689453, 0.7090094685554504, 1.8018501996994019] [0.11728300835294952, 1.2552331312902727] 0.633405327796936
pedestrian [1528.924035385835, 1239.0958725580547, 1.523504745327245] [-0.8138867679363945, 0.010454010324270534, 0.021896577680759068, -0.5805166513822496] [0.7460925579071045, 0.8408620953559875, 1.8705202341079712] [0.3974914753479386, 1.2827946660478757] 0.6305066347122192
pedestrian [1499.0820894310702, 1247.8274341478411, 1.9578467708057121] [-0.7715944110852001, 0.011949827661054175, 0.021117482446081866, -0.6356518845532467] [0.6534006595611572, 0.680268406867981, 1.8169000148773193] [0.1910587942973395, 1.1029058585998073] 0.6195056438446045
pedestrian [1494.342345081709, 1234.3784085303005, 1.618779151363912] [-0.5550622567331143, -0.022209480661872387, 0.00977166386647574, 0.8314548362384773] [0.579933762550354, 0.6428741812705994, 1.7656961679458618] [-0.5025683965237713, -1.2444728346543183] 0.606301486492157
pedestrian [1496.7844512655201, 1218.4508257573789, 0.5810596292438465] [-0.0785554293140015, 0.023492847142345747, 0.0060689850169405105, -0.9966144179567662] [0.6064308881759644, 0.6870449781417847, 1.6588234901428223] [-0.9231801099587186, 0.19925398399716962] 0.5982014536857605
pedestrian [1497.1965629256892, 1241.65647066383, 1.8272135814268082] [-0.5943472408050725, -0.021714639333562068, 0.010826859406253967, 0.8038424042692746] [0.6140199899673462, 0.6731220483779907, 1.774892807006836] [-0.3926352765698522, -1.2458270020663544] 0.5690832138061523
pedestrian [1503.2999424410339, 1242.3742681045276, 1.5448454613428664] [-0.5247631786803892, 0.018133234431053104, 0.016122414678265206, -0.8509023797447418] [0.6049371361732483, 0.6618009209632874, 1.7568989992141724] [-0.5039403864698437, 0.9943900565420138] 0.5590897798538208
pedestrian [1494.3947230394901, 1234.9833209044457, 1.6354388870651235] [-0.5332021905060769, -0.022456629214528245, 0.009189464092680679, 0.8456398036951265] [0.5941027402877808, 0.6588540077209473, 1.7796821594238281] [-0.652742413564847, -1.218208577974667] 0.5464907884597778
pedestrian [1500.1027350939357, 1249.6076479209619, 2.027208382227152] [-0.8103270592766736, 0.010587512279712236, 0.02183233908028211, -0.5854752860352255] [0.653455376625061, 0.6819669604301453, 1.8226308822631836] [0.4284222790677786, 1.0357633181229031] 0.5428236722946167
pedestrian [1503.2357717314292, 1241.9934070918741, 1.495988403379264] [-0.41493615971711756, 0.01999647271780398, 0.01374363579390811, -0.9095269302847615] [0.6011719703674316, 0.6479122042655945, 1.753230094909668] [-0.7083423467345727, 0.7819168074246665] 0.5281115770339966
pedestrian [1493.6834910089192, 1229.847835786011, 1.5299603071385723] [-0.5663119722606776, -0.022074614360919162, 0.010072628594670441, 0.8238337232890094] [0.5981088876724243, 0.6566551923751831, 1.720847249031067] [-0.33538703448016305, -0.8693378959212072] 0.5262685418128967
pedestrian [1528.354677360566, 1227.3526045926837, 1.458013728504111] [-0.9736510063089937, 0.0013256170079811317, 0.024227859697827668, -0.22674869672722414] [0.6809697151184082, 0.7589385509490967, 1.7876076698303223] [1.0744511918064679, 0.5155241826766095] 0.514512300491333
pedestrian [1540.0156960995391, 1244.495954692237, 2.5771711717328327] [-0.5583584754311884, -0.022170515497960147, 0.009859750937228585, 0.8292448772637488] [0.6937696933746338, 0.7082781195640564, 1.806471347808838] [-0.5185587019992791, -1.2352671735686849] 0.5041401386260986
pedestrian [1494.4126396346014, 1233.9978276937222, 1.5608862802734709] [-0.5577472103366647, -0.02217777563839828, 0.009843409659378136, 0.829656135345047] [0.5953965783119202, 0.673999011516571, 1.7697272300720215] [-0.47318951718445285, -1.2415659722324628] 0.48261943459510803
pedestrian [1493.297198978017, 1229.6425115833702, 1.5456749314691205] [-0.5557224000109813, -0.022201713274181432, 0.009789298937130642, 0.8310137590196962] [0.6011472940444946, 0.6706738471984863, 1.696242332458496] [-0.4191291498521891, -0.9624172803327672] 0.4572901129722595
pedestrian [1485.9256005449297, 1215.7643348282738, 2.157056175058421] [-0.8179588293071507, 0.010299393209902549, 0.021969727934075204, -0.5747648276577878] [0.594723641872406, 0.6393572092056274, 1.7504411935806274] [0.17106187328477232, 0.4652410686563863] 0.42163366079330444
pedestrian [1490.6655581691532, 1227.0167664611854, 1.8622243484227246] [-0.9995318382339522, -0.003757940098884431, 0.023971323121652413, -0.018637540359911664] [0.6647913455963135, 0.6393661499023438, 1.7360522747039795] [0.059264060169764085, 0.056482256005785846] 0.39929288625717163
pedestrian [1486.0610694390734, 1215.409611779848, 2.0999164042866125] [-0.7644243043396075, 0.012185672428206933, 0.020982274268103264, -0.644256731814979] [0.5871722102165222, 0.6350347995758057, 1.7350531816482544] [0.09489563710404751, 0.33692690851682366] 0.3956020772457123
traffic_cone [1497.8433803118971, 1220.4043070594, -0.28549488247130206] [-0.9950127326694167, -0.006497218326104777, 0.023378036701408422, 0.09675182365077495] [0.34517407417297363, 0.35948050022125244, 0.740932047367096] [-0.00011572133404123467, 0.00016237868897405933] 0.3834215998649597
pedestrian [1507.651773375458, 1246.6744818043571, 1.677525396049365] [-0.9556930488539332, 0.0029935032973173485, 0.024078733023114425, -0.2933633411424891] [0.7257007956504822, 0.781674325466156, 1.6778162717819214] [0.011435036356774939, 0.014739968055397503] 0.37565603852272034
pedestrian [1485.2706414617799, 1216.2546794237915, 2.244426299098307] [-0.9804969674773751, 0.0005386341087441201, 0.02425811862627373, -0.19503063944334997] [0.5955673456192017, 0.6232851147651672, 1.7328776121139526] [0.08425265778995093, 0.36326530002624396] 0.3713570833206177
pedestrian [1488.08498585039, 1219.6703671571934, 2.196107733561333] [-0.5020505239805279, -0.022776408458234358, 0.008365504392034071, 0.86449784552935] [0.6197019219398499, 0.6297714710235596, 1.68565034866333] [-0.05695246387803995, -0.3108674486983967] 0.36989861726760864
pedestrian [1501.269446285604, 1255.342542743316, 2.3586898044814717] [-0.783097585980793, 0.011561378141343401, 0.021332627158002316, -0.6214253168201833] [0.6775649785995483, 0.7204381227493286, 1.8408029079437256] [0.297976672306243, 1.227945820927639] 0.3546731173992157
pedestrian [1498.826999187792, 1227.3432259868032, 1.0051951319199737] [-0.7312764963099614, 0.013218913005087915, 0.02034715667982602, -0.681649425657088] [0.6949228048324585, 0.8376904726028442, 1.8408687114715576] [0.16920973623617327, 1.1746773241168378] 0.34724530577659607
pedestrian [1505.3560598064125, 1240.2275716058355, 1.280256201799947] [-0.48498767391257036, 0.018857041699895237, 0.015269526001742268, -0.8741843110619665] [0.6749139428138733, 0.7725447416305542, 1.8361661434173584] [-0.6713490268773926, 1.2535186283506807] 0.3230007588863373
pedestrian [1499.647963699388, 1249.4559014181107, 2.011033430592382] [-0.8173789971744393, 0.010321535509548488, 0.021959334022565453, -0.5755891143273286] [0.6418834924697876, 0.6852473020553589, 1.8049156665802002] [0.3373402136488075, 0.9730190388944455] 0.30067551136016846
pedestrian [1505.9373449523837, 1239.958414735327, 1.26707829837623] [-0.4730186988752324, 0.019063563491609075, 0.01501089580907351, -0.8807182092294862] [0.6648532152175903, 0.7629654407501221, 1.8208391666412354] [-0.621915197558167, 1.1761924283422296] 0.268779456615448
pedestrian [1474.2338133707347, 1182.1350361416007, 1.656542108733674] [-0.5764427455646823, -0.021948538757642095, 0.010344471586009308, 0.8167772123656866] [0.6866317987442017, 0.6890980005264282, 1.8395311832427979] [-0.02398111932797697, -0.3326672532659837] 0.25034046173095703
pedestrian [1546.1922760923962, 1223.6625617230427, 1.3843451094633847] [-0.8155793529392888, -0.017249704538101387, 0.017064411485242487, 0.5781362924199982] [0.7560799717903137, 0.797858476638794, 1.7071013450622559] [-0.001490222232416494, 0.0008351058021864009] 0.24793440103530884
pedestrian [1496.970406603994, 1242.6699896787431, 1.9648621913930566] [-0.6041558839896632, -0.021580295043754444, 0.011092218525343719, 0.7964966549802197] [0.609053373336792, 0.6969490051269531, 1.8094747066497803] [-0.40565830260818553, -1.3591669924179108] 0.24779394268989563
pedestrian [1492.5268886479398, 1154.6008550715983, 2.1080787443885782] [-0.3364028132975289, 0.02108876940472027, 0.012000427116732354, -0.9414055453201445] [0.6705303192138672, 0.7186980843544006, 1.792747139930725] [-0.6095843859046318, 0.5595077615076308] 0.24219787120819092
pedestrian [1502.0873474754685, 1262.0696588281994, 2.310798736228274] [-0.6256541092320809, -0.02126974802237438, 0.011676654703046255, 0.7797231490439556] [0.6868593692779541, 0.7245957255363464, 1.8845051527023315] [-0.31141115237039435, -1.258604800583618] 0.22658781707286835
traffic_cone [1476.4003025835348, 1211.6235269153412, 0.19859379601782756] [-0.9877065396598816, -0.00046233064790600006, 0.024259692833205407, -0.1544248848700025] [0.48807284235954285, 0.5218933820724487, 1.1510794162750244] [0.0, 0.0] 0.21641193330287933
pedestrian [1501.4360408924117, 1233.2344875966314, 1.078771631930072] [-0.001356679667661953, 0.02389137018839956, 0.00423661144198094, -0.9997046628751363] [0.6139152646064758, 0.716741681098938, 1.711315393447876] [-0.5476908050650393, -0.04387404587748518] 0.21164385974407196
pedestrian [1523.2392704421366, 1228.9354537288586, 1.238821081710592] [-0.9435525608415632, -0.011864359967064397, 0.021165618548990975, 0.33033289040502595] [0.634966254234314, 0.7170717716217041, 1.6648736000061035] [0.6676379791124621, -0.32399188886092717] 0.2057221233844757
pedestrian [1495.671373127671, 1163.1342105893218, 1.9886548959150374] [-0.8697252527575526, 0.008125727056623342, 0.022863048917209847, -0.4929393859997615] [0.6708863377571106, 0.6999262571334839, 1.7920022010803223] [0.21433771081487724, 0.40849249961517287] 0.20512044429779053
pedestrian [1497.5738579891924, 1242.4582206508794, 1.889765606228221] [-0.5923693337673421, -0.021741189727854007, 0.010773444908984615, 0.80530107783738] [0.6186997294425964, 0.6984302997589111, 1.7963778972625732] [-0.3687541660594343, -1.3155510617388613] 0.19585983455181122
pedestrian [1523.3017512117024, 1223.1344102081293, 1.1034940744425898] [-0.3839772215473364, -0.02367887015054744, 0.005296938208341161, 0.9230236979009794] [0.7130287885665894, 0.7458950281143188, 1.7987701892852783] [-0.00016808144282122234, -5.66324077567361e-05] 0.1928405463695526
pedestrian [1491.697511575709, 1230.5150263219543, 1.618825108288085] [-0.8927670580963369, -0.014508089601491149, 0.019448953239302506, 0.44986468357943216] [0.6079059839248657, 0.635034441947937, 1.6477324962615967] [0.010890647997669084, -0.05924199651932367] 0.18710100650787354
pedestrian [1490.7064364225225, 1222.6341685141183, 1.5143187697388865] [-0.9986329028581351, -0.0053064067666265015, 0.02367675005604805, 0.04629880001841474] [0.6543142199516296, 0.6761948466300964, 1.7093408107757568] [0.20637653527143723, 0.034073618943593884] 0.1819404810667038
pedestrian [1506.402763351119, 1238.7193890049243, 1.196661711876016] [-0.4793039983348544, 0.018955743882915748, 0.015146822103490004, -0.8773134734712744] [0.6944261789321899, 0.7948609590530396, 1.8576667308807373] [-0.6844428259011726, 1.025897012630675] 0.1800367683172226
pedestrian [1493.3111664443766, 1163.9402959534236, 1.5861552158307741] [-0.8671847179710542, 0.008242921863426327, 0.02282105793215817, -0.497395133140116] [0.700361430644989, 0.738560140132904, 1.8340506553649902] [0.19504758330289926, 0.6369654294756062] 0.17617513239383698
pedestrian [1488.3883493559579, 1224.0790783176233, 1.878315737298143] [-0.9991715655794129, -0.003420951970728918, 0.02402173044564935, -0.032671640479100844] [0.6657689213752747, 0.6769819259643555, 1.686547875404358] [0.004814953695706405, 0.0030099429273030918] 0.17336846888065338
pedestrian [1500.9733099232967, 1232.4446651286162, 1.0816627072669411] [-0.37000074520041665, -0.023756127880727597, 0.004938910214205965, 0.9287145428521871] [0.6332042217254639, 0.7399541139602661, 1.739927887916565] [-0.7435848061866026, -0.7996379272595393] 0.1725916862487793
pedestrian [1510.7711782514514, 1253.7107356995728, 2.4554999981551955] [-0.8666017218818677, -0.01555849144764466, 0.018619339136044518, 0.4984101816630485] [0.7400997877120972, 0.7100719809532166, 1.860644817352295] [-6.109931969159381e-05, 1.1907528569673456e-05] 0.1698797345161438
traffic_cone [1493.9722469723908, 1198.9923261574388, 0.5921203874840807] [-0.9888857149459793, -0.0006523205521344073, 0.024255327742307136, -0.1466843424834096] [0.3740643262863159, 0.3837393820285797, 1.0580930709838867] [3.422564659805439e-05, 0.009077905777613193] 0.1690525859594345
pedestrian [1539.01772131398, 1236.8397770516806, 2.66535889516581] [-0.23991035415895295, 0.022189842082485173, 0.009816178194381008, -0.9704917699400324] [0.6731104850769043, 0.6466320753097534, 1.8557523488998413] [0.0, 0.0] 0.1683996021747589
pedestrian [1497.758390343094, 1227.3953451893503, 0.9608922827980073] [-0.7891166465474297, 0.011352926809928122, 0.021444288256733685, -0.6137639380867448] [0.6603128910064697, 0.7864645719528198, 1.7071478366851807] [0.03476070527622421, 0.023321090749819126] 0.16791246831417084
pedestrian [1540.0880354807687, 1237.967778495207, 2.6097641216874417] [-0.5520812251745777, -0.02224433096931812, 0.009692068185733423, 0.8334372048113452] [0.6852707266807556, 0.6912788152694702, 1.8244656324386597] [8.476539500086752e-05, -9.921480825735345e-05] 0.1606341302394867
pedestrian [1508.5485129142564, 1237.1512444917375, 1.0468852503844586] [-0.30246546839048905, 0.0215050948606026, 0.01123731912094494, -0.9528514543124406] [0.6953653693199158, 0.82059246301651, 1.7846349477767944] [-0.9143780171946944, 0.6774886046609843] 0.15983861684799194
pedestrian [1500.6279833039966, 1232.8003049187078, 1.0189619880852592] [-0.21854313347957588, 0.022400029105622013, 0.009326582549720863, -0.9755255775031935] [0.6170051693916321, 0.7034938335418701, 1.706239938735962] [-0.26366917490300673, 0.12149217917118356] 0.1593669205904007
pedestrian [1540.830607276592, 1233.7495509286866, 2.2084378330284293] [-0.7952850250311749, -0.017824438526714552, 0.01646316607450842, 0.6057499339786792] [0.6915901899337769, 0.7029296159744263, 1.713597059249878] [0.001736284479914778, -0.0004629545940437142] 0.1569463461637497
pedestrian [1486.4053813710952, 1219.145150701582, 2.6578147775769736] [-0.999330252484228, -0.004857379267279245, 0.023772932352641666, 0.027391604988021123] [0.6538867950439453, 0.6760440468788147, 1.6744436025619507] [0.022162031566072573, 0.0024892386088066682] 0.1567409336566925
