car [1494.1578551536343, 1200.9790396015135, 0.8021635040939141] [-0.8448493513045653, -0.009553387713317435, 0.003586123972466314, -0.5349069508786637] [1.8183609247207642, 4.507944107055664, 1.4863238334655762] [0.0, 0.0] 0.8968970775604248
car [1491.0278163726257, 1193.867624945448, 1.0873614052649025] [-0.8419639183154863, -0.009533987079408501, 0.0036373881173905323, -0.5394373297732435] [1.9446619749069214, 4.7708353996276855, 1.697439432144165] [0.0, 0.0] 0.8696086406707764
car [1495.0806437890178, 1181.1325627588394, 1.3874226613537102] [-0.5311377384031835, -0.0035435269087020103, -0.009569269512045673, 0.8472240408191953] [1.961634874343872, 4.685693740844727, 1.7796149253845215] [-3.6505513520874633, -7.57041789302216] 0.8079208135604858
car [1487.5625531246042, 1186.559929162832, 1.1405799661434666] [-0.8350233362005078, -0.00948687423945646, 0.0037585527948399916, -0.5501198964758753] [1.8010375499725342, 4.26121711730957, 1.5582525730133057] [0.0, 0.0] 0.785592257976532
car [1484.097804681566, 1186.3645367565018, 1.3385377329032297] [-0.8410211975901125, -0.009527624506257076, 0.0036540215126120556, -0.5409059231531366] [2.0431935787200928, 5.279640197753906, 2.27927303314209] [0.0, 0.0] 0.7643275856971741
car [1500.6439152380087, 1206.6446137036955, 1.0143689756556262] [-0.9070438343708921, -0.009937555839393838, 0.0023178623526412265, -0.42091252657506384] [1.8994255065917969, 4.802061557769775, 2.089517593383789] [0.0, 0.0] 0.7454273104667664
car [1497.15419131613, 1206.944032370282, 0.7628664993557429] [-0.8574659105753352, -0.009636847353786138, 0.003355394913670701, -0.5144395831380643] [1.8533304929733276, 4.432567119598389, 1.5799503326416016] [0.0, 0.0] 0.7230937480926514
car [1515.6910085474613, 1213.6156089427604, 1.3257026473724358] [0.08617059935920773, -0.0012119240751495113, 0.010132065040401938, -0.9962281366755954] [2.059715509414673, 5.097336769104004, 2.0527942180633545] [-2.6718459460211417, -0.5746996418293862] 0.6922612190246582
car [1490.6718125539483, 1200.0123082744099, 0.8205993406993171] [-0.8270382555920948, -0.009431928359150025, 0.003894384338342021, -0.562053019105172] [1.7683719396591187, 4.241793632507324, 1.4865570068359375] [0.0, 0.0] 0.6695108413696289
car [1486.181107795796, 1193.3281894585425, 0.9648672355037129] [-0.8968027625037851, -0.00987976960955647, 0.0025529697234684305, -0.44231287304761296] [1.7817857265472412, 4.0770182609558105, 1.5931048393249512] [0.0018548437096422734, 0.00045676096866630115] 0.5543195009231567
car [1484.4046006460255, 1180.2689182494926, 1.2400937101776985] [-0.854294116341096, -0.009616083469305606, 0.0034144458786470114, -0.5196897490648049] [1.814283013343811, 4.2480340003967285, 1.5573848485946655] [0.7935010469186694, 1.540933443540417] 0.463992714881897
car [1494.4062247503114, 1208.2749746776049, 1.5561050735081436] [-0.8496997522852704, -0.009585743544504727, 0.0034987172857846114, -0.5271680979198231] [2.507986307144165, 6.487904071807861, 2.7960002422332764] [0.0, 0.0] 0.43678221106529236
car [1515.7243160456453, 1246.4252847076834, 1.161770948206297] [-0.80098834523138, -0.009247704921149716, 0.004313636011325642, -0.5985929696392615] [1.9340063333511353, 4.622035026550293, 1.6880667209625244] [2.7051450239511428, 8.972973014354972] 0.3996718227863312
car [1521.8140075425504, 1238.2319830996607, 1.242096296692349] [-0.974084864899756, -0.009261422890832703, -0.004284104105180234, 0.2259525358814949] [1.8608888387680054, 4.456109046936035, 1.5530762672424316] [0.0, 0.0] 0.3916028141975403
car [1527.5637216137716, 1213.3793420623476, 0.9640915618773216] [-0.12886973801513146, -0.00335066439972308, 0.00963849314090592, -0.9916090273499761] [1.9233198165893555, 4.536221504211426, 1.6057319641113281] [-2.2890084632480994, 0.7466311035598759] 0.382254958152771
car [1487.216125456397, 1181.558391669491, 1.3140716864004776] [-0.8605471945361084, -0.009656871529862202, 0.00329732227763665, -0.5092684935022853] [1.8077917098999023, 4.217074394226074, 1.5662624835968018] [3.732919855805901, 7.204357487676858] 0.2240833342075348
car [1520.7017138211552, 1240.158167900789, 1.1621584781584673] [-0.5537836258529847, -0.003800201239409359, -0.009470267814948722, 0.8325980832521628] [1.8511093854904175, 4.2575883865356445, 1.6363946199417114] [0.0, 0.0] 0.20315656065940857
car [1483.5277998930865, 1149.6726337864136, 2.3550656015434264] [-0.8686184964504611, -0.009708602861712209, 0.003141740348981059, -0.4953764024680572] [1.9075080156326294, 4.38393497467041, 1.693511724472046] [0.014384795053699093, 0.02965483214860214] 0.18148891627788544
car [1523.9403201611515, 1238.8676874472794, 1.2824236430164753] [0.527519978604083, 0.0035026871780086113, 0.00958429363489434, -0.849481338624694] [1.9612698554992676, 4.765863418579102, 1.655310869216919] [0.0, 0.0] 0.18071472644805908
car [1537.111781203053, 1223.0574050682217, 1.2997585383635328] [-0.5078537617867052, -0.006865931928556985, 0.0075489390446130825, -0.8613828586274204] [1.9045134782791138, 4.375522136688232, 1.6121879816055298] [0.002090932589377972, 0.001018254817531611] 0.16644851863384247
car [1506.2757882653189, 1174.2535366312234, 1.4772066275819418] [-0.6858902283477644, -0.0053384016961858915, -0.00869649177985133, 0.7276334703373022] [1.9783124923706055, 4.647193908691406, 1.8117042779922485] [0.0, 0.0] 0.1337132751941681
car [1482.6584567222471, 1179.1634103128602, 1.447830693749446] [-0.8677471816927818, -0.009703070395956137, 0.0031587856587590316, -0.4969010979684872] [1.9057693481445312, 4.508776664733887, 1.6519854068756104] [0.5282325951067545, 0.9068844024624112] 0.13241294026374817
car [1493.7996699466364, 1148.8834036135486, 2.5671437794038274] [-0.9235668956290894, -0.010024373226466033, 0.0019077325188225705, -0.3833015285595669] [1.9034464359283447, 4.449379920959473, 1.6376197338104248] [0.005306365526055052, 0.005164922328225565] 0.1295807659626007
car [1521.7830616750641, 1177.1022683676335, 2.629456426337903] [-0.9813934624338865, -0.009405631668452184, -0.00395747329293218, 0.19173613219756397] [2.0826737880706787, 5.129836082458496, 2.091191291809082] [0.0, 0.0] 0.12032130360603333
car [1481.8421678921175, 1180.1886169480388, 1.4968778241967278] [-0.8668573556080316, -0.009697407105489376, 0.003176129307390729, -0.49845180060493793] [1.926619529724121, 4.56126070022583, 1.6677465438842773] [0.12283645121685845, 0.23795043932627952] 0.118594229221344
car [1497.650097472938, 1257.3305104912283, 3.048451876527967] [-0.9898393134504547, -0.009593859833524149, -0.00347639978160655, 0.14182385570131123] [2.157851219177246, 5.156771183013916, 2.039712905883789] [0.0, 0.0] 0.10709626227617264
truck [1494.5772355656857, 1208.7247081645796, 1.532479481449995] [-0.8508008550729613, -0.00959304272257725, 0.0034786539450870606, -0.525389167670187] [2.6145894527435303, 7.0897016525268555, 2.9496994018554688] [0.0, 0.0] 0.4962419867515564
construction_vehicle [1466.9677222903265, 1168.7687129464393, 3.3677923014150055] [-0.8219984833967434, -0.009396861628750619, 0.003978252565760044, -0.5693982488482975] [2.7842044830322266, 4.220844268798828, 3.2222542762756348] [0.0, 0.0] 0.2976417541503906
construction_vehicle [1503.3203295367541, 1175.0585579382546, 1.2939318573415852] [0.41515595734688665, 0.002254839541334477, 0.009952045045602266, -0.9096930271126871] [1.7742598056793213, 3.648879051208496, 2.17678165435791] [0.0, 0.0] 0.23740531504154205
truck [1515.7806127347608, 1213.6256063557776, 1.3304743933166547] [0.08229732467360351, -0.0012513011523289349, 0.010127277391927328, -0.9965555794082042] [2.064046859741211, 5.3599629402160645, 2.0009243488311768] [-2.7578431805947865, -0.5762354363364648] 0.21534183621406555
construction_vehicle [1506.3215666356557, 1175.611000403115, 1.3274529860405289] [-0.9998399687182115, -0.010019430405302222, -0.0019335243210695519, -0.0146938576153402] [1.9745794534683228, 2.8578524589538574, 2.1917457580566406] [0.0, 0.0] 0.19740337133407593
truck [1521.8221548033532, 1177.0779444242391, 2.6760956792958677] [-0.30747040506844536, -0.005051519583993092, 0.00886620842521742, -0.951502928269325] [2.336707592010498, 5.474571704864502, 2.538529872894287] [0.0, 0.0] 0.163264200091362
truck [1497.247689350469, 1257.4865974720228, 3.0187061165871567] [-0.9885252617916582, -0.009562241642247494, -0.003562448136061779, 0.15071058124029513] [2.5291075706481934, 6.0046916007995605, 2.5788638591766357] [0.0, 0.0] 0.1594296097755432
construction_vehicle [1527.2285419824634, 1224.7390873627626, 2.824947239587148] [-0.8476685508931233, -0.009572233722165938, 0.0035355117755554583, -0.5304280350102232] [3.070563316345215, 6.869513034820557, 3.2718234062194824] [0.0, 0.0] 0.1349693089723587
construction_vehicle [1494.623961369576, 1149.1830641936406, 2.4634944461119206] [-0.9999459845342736, -0.009985807458784048, -0.0021002741113852127, 0.0019749713506825306] [2.4814043045043945, 4.905568599700928, 2.6819558143615723] [0.0, 0.0] 0.12125131487846375
construction_vehicle [1527.2439739667527, 1207.2907437904998, 1.4023428711882018] [0.2782642370396834, 0.0007816202643283077, 0.010174309397165657, -0.9604503562822896] [1.6168978214263916, 3.0788276195526123, 2.378602981567383] [0.0, 0.0] 0.12040989845991135
construction_vehicle [1465.562431340561, 1164.8777164983405, 3.3204699817571557] [-0.8550920684241662, -0.009621321412907391, 0.0033996582499409836, -0.5183757585151286] [2.9226670265197754, 9.406026840209961, 3.5746915340423584] [0.0, 0.0] 0.11097478866577148
truck [1528.2006883170232, 1213.471155505333, 0.9391292747740867] [-0.10694602493298339, -0.0031370533531696124, 0.009710118341515174, -0.9942124623283937] [2.2128994464874268, 5.6973114013671875, 1.9932985305786133] [-2.1011047551818445, 0.6281192389454566] 0.1080084890127182
construction_vehicle [1499.6564066599026, 1160.6625923785573, 3.627293804800838] [-0.8006554798777082, -0.009245305659094087, 0.004318775893327289, -0.5990381248633936] [2.5688631534576416, 6.030298233032227, 3.1384050846099854] [0.0, 0.0] 0.10000399500131607
bus [1524.3563789378477, 1249.0192102643175, 2.6658877875085043] [-0.596809700278458, -0.004293053937226591, -0.009257277668889775, 0.8023179258570702] [3.0881173610687256, 12.109790802001953, 3.7711076736450195] [-0.00017155535794730547, -0.0036711209428489386] 0.7958896160125732
trailer [1465.1298501424776, 1189.7525771640353, 2.810892192564692] [0.38548356935751027, 0.0019314226312123076, 0.010019835755465407, -0.9226582738226801] [3.190042495727539, 15.439827919006348, 3.8848843574523926] [-0.00042945834598660603, -0.0004034220614517203] 0.12522238492965698
trailer [1519.8559132705502, 1176.9087901663934, 2.480174262565873] [-0.7040488523745999, -0.008511197575978806, 0.005629122291220414, -0.7100782252456859] [1.6456868648529053, 3.839270830154419, 2.465383529663086] [0.0, 0.0] 0.12373070418834686
trailer [1522.2766553080648, 1176.8618922268881, 2.442897698980386] [-0.22340405133244784, -0.004259866269302501, 0.009272596255338678, -0.974672510306053] [2.4633395671844482, 6.067276954650879, 2.653120279312134] [0.0, 0.0] 0.10965578258037567
trailer [1506.4487240479739, 1258.516890916245, 3.025359454262539] [0.45110026734899505, 0.002649889354608071, 0.009854216780404056, -0.8924149378488233] [2.1597676277160645, 3.5691604614257812, 3.0713915824890137] [0.0, 0.0] 0.10813126713037491
bus [1497.2431617992174, 1250.8591345824188, 2.920614512514387] [-0.5852224848668983, -0.004159626288624254, -0.009317993941071655, 0.8108085567532368] [2.9067344665527344, 13.206295013427734, 3.536715269088745] [-4.685636765059794e-05, -8.829940570449084e-05] 0.10173588991165161
barrier [1536.529845275151, 1222.37233826558, 1.3795043912742018] [-0.6143508359787985, -0.004496076572193954, -0.009160392862963397, 0.7889669973010314] [2.2569406032562256, 0.5115303993225098, 0.9943601489067078] [0.0, 0.0] 0.15907037258148193
barrier [1512.3785319960225, 1205.9532665501984, 0.9964736864955901] [-0.25532084926807086, -0.004562354931259579, 0.009127563718105367, -0.9668025322821021] [1.0474059581756592, 0.49758169054985046, 1.0480008125305176] [0.0, 0.0] 0.14173655211925507
barrier [1445.312764678403, 1174.8229300124797, 1.4936966230193258] [-0.9650029979372028, -0.009095604814238385, -0.00462574048235151, 0.26204023826554745] [2.0529227256774902, 0.5046338438987732, 1.0778000354766846] [0.0, 0.0] 0.11233820766210556
barrier [1503.1665866041658, 1175.7075638173228, 1.193360975356474] [-0.25410128202137744, -0.004550839309330299, 0.009133310655371152, -0.9671237826530513] [2.182447910308838, 0.565233588218689, 1.0400327444076538] [0.0, 0.0] 0.10332116484642029
bicycle [1515.4574656859832, 1210.4889033515167, 1.311152701960404] [-0.7790116221119486, -0.009087099629753544, 0.004642426333911514, -0.6269264431435033] [0.8720673322677612, 1.7631125450134277, 1.949296474456787] [-6.877376957955228e-05, -0.001253828702965493] 0.602847695350647
motorcycle [1488.0826019132087, 1182.460723735139, 1.1394946762153944] [-0.8554045965848136, -0.009623370332902947, 0.003393854060307469, -0.5178598735561837] [0.793796718120575, 2.0579001903533936, 1.6867845058441162] [5.509851406676071, 10.268741778807401] 0.5536224246025085
bicycle [1484.1973291429567, 1197.7079228849561, 1.0100228531935067] [0.42727411361778794, 0.0023876163821893136, 0.009921027666444808, -0.9040645465508464] [0.7248157262802124, 1.6120424270629883, 1.0698189735412598] [0.0, 0.0] 0.4045848548412323
bicycle [1522.6346346187918, 1236.9083570635153, 0.9471220862924037] [-0.22024443253687864, -0.004229795868788756, 0.00928635175164282, -0.9753913380969519] [0.5488041043281555, 1.6179122924804688, 1.086169719696045] [0.0, 0.0] 0.34315744042396545
motorcycle [1445.314265902001, 1174.9238047437875, 1.6753803265674112] [-0.8824719287297756, -0.009794734662507293, 0.0028619355055521786, -0.47025436468150267] [0.7018679976463318, 1.9076051712036133, 1.451949119567871] [0.0066780003681741265, 0.028933212195789735] 0.3368021845817566
motorcycle [1519.8483316343709, 1238.5056607817305, 0.8326471371890761] [-0.9869238456580645, -0.00952511719764625, -0.00366055246075859, 0.16086390325225486] [0.7028334736824036, 2.0022664070129395, 1.328274130821228] [0.0, 0.0] 0.3323267698287964
motorcycle [1494.8929715917536, 1235.4172732694692, 1.0666276685597793] [-0.0065911993852992845, -0.0021463511952637907, 0.00997600513700007, -0.9999262115719925] [0.6097948551177979, 1.8398805856704712, 1.1858510971069336] [0.0, 0.0] 0.27012428641319275
bicycle [1462.139621612449, 1201.327567973389, 2.8161005425735675] [-0.8818019602833543, -0.007828555154483397, -0.00654532093484143, 0.47150946473903094] [0.686138391494751, 1.68223237991333, 1.6237316131591797] [1.7088027215511319, -2.7794283796264594] 0.22943100333213806
motorcycle [1506.6623897083891, 1176.1944099436782, 1.3834897326767546] [-0.9985237862404952, -0.00986470728900847, -0.002610565465382018, 0.05334904694556092] [0.8232146501541138, 2.137638568878174, 1.5025081634521484] [0.0, 0.0] 0.22297818958759308
motorcycle [1495.8541591400112, 1219.4212302646808, 1.5101921248075856] [-0.9211157958584916, -0.010012064543480553, 0.0019713106107464634, -0.389154934592935] [0.7322002649307251, 1.991279125213623, 1.388434648513794] [0.0, 0.0] 0.20284217596054077
bicycle [1496.2246865431862, 1223.4325942617222, 0.7113372317901565] [-0.9182787753962122, -0.009997553613412112, 0.0020436300286041193, -0.3958029347476935] [0.4702514410018921, 1.5435680150985718, 1.10239839553833] [-0.001812892397264292, -0.013623795761192511] 0.20112735033035278
bicycle [1473.5748019410746, 1189.576405704962, 1.1268705172722868] [-0.2614528245340473, -0.0046202034337090555, 0.009098418663592324, -0.965162314349883] [0.6000121831893921, 1.6791527271270752, 1.1565189361572266] [0.0, 0.0] 0.16000831127166748
bicycle [1511.5127531252951, 1206.4925991292848, 0.6428315260953553] [-0.8729990710850638, -0.009736218222028812, 0.0030550870167470228, -0.4876151088539706] [0.5693535804748535, 1.6035699844360352, 0.8627752065658569] [0.0, 0.0] 0.14147746562957764
bicycle [1511.0607198365044, 1190.7423685300168, 1.154833309610709] [-0.6531327607180035, -0.00810051405292163, 0.006205576042985958, -0.7571746623962883] [0.526104748249054, 1.5499017238616943, 1.0732533931732178] [0.00014018032932326704, -0.00014679944915239881] 0.14037524163722992
motorcycle [1520.3397420645413, 1239.3579893009733, 0.8779395858293311] [-0.6678042219264774, -0.005123105554704793, -0.008825037757551805, 0.7442670177263171] [0.8467942476272583, 2.2812066078186035, 1.5216822624206543] [0.0, 0.0] 0.13868141174316406
motorcycle [1494.9999568101211, 1150.286624782263, 2.1968050444710134] [-0.9775517837955885, -0.01020405833403122, 6.85234452585861e-05, -0.21044805177553205] [0.8138587474822998, 2.1956796646118164, 1.6804591417312622] [0.8958490588367111, 0.28144892339826566] 0.1372556984424591
bicycle [1514.3759491925462, 1237.9341608278537, 0.7170300544547439] [-0.12198042016187693, -0.003283649268673269, 0.009661529352395696, -0.9924800499733916] [0.6505086421966553, 1.8079900741577148, 1.2091505527496338] [0.0, 0.0] 0.131648451089859
bicycle [1511.4627248919264, 1252.6081980326278, 1.7028564961564054] [-0.7656094293457207, -0.006310458379988251, -0.008019078312455746, 0.6432247462551278] [0.638712465763092, 1.7391566038131714, 1.3017181158065796] [-0.00011770383978197436, -0.0009372550983402988] 0.12884217500686646
bicycle [1471.9364163889484, 1193.0202702821487, 1.324064465712174] [-0.3634567830689479, -0.005569344638154905, 0.008550432869060917, -0.931555172461205] [0.5592915415763855, 1.5676755905151367, 1.1281955242156982] [0.0, 0.0] 0.12090069055557251
bicycle [1497.3313288565698, 1163.1487751770992, 1.482150801905343] [-0.9758436967346923, -0.01020318827076092, 0.00014983677208504215, -0.21823141854743072] [0.6148149967193604, 1.759257435798645, 1.2277055978775024] [0.0, 0.0] 0.11033262312412262
bicycle [1470.052206819276, 1197.359077308407, 1.0855048899147524] [-0.25438171459742215, -0.004553487564302935, 0.009131990634500268, -0.9670500585680813] [0.6259559392929077, 1.7467693090438843, 1.2052743434906006] [0.0, 0.0] 0.10891097784042358
bicycle [1496.1427709519044, 1172.6619764098857, 0.8296900042590989] [-0.9916784614900369, -0.009640300809153436, -0.0033454599468380596, 0.12833433490226803] [0.5411258935928345, 1.5663429498672485, 1.1096456050872803] [0.006524224014942018, 0.0017951756037921328] 0.10773154348134995
motorcycle [1457.0179558265663, 1184.342295409744, 2.5354463971793515] [-0.98693460145165, -0.009525361980958196, -0.003659915446916534, 0.16079790096741575] [0.9272840619087219, 2.1970765590667725, 1.8343912363052368] [0.0, 0.0] 0.10324794054031372
bicycle [1519.5907147182265, 1209.7682161252708, 0.5204405303717239] [0.20591147968598156, 2.1191870090727163e-05, 0.010204266404377344, -0.978517416825875] [0.5154098868370056, 1.6502447128295898, 1.0155675411224365] [-0.20859315194634834, -0.06630359925691538] 0.10286251455545425
bicycle [1534.394793530761, 1227.367350727315, 1.832902193713007] [-0.5197411926019522, -0.006969878438030885, 0.007453072957239468, -0.8542628197520682] [0.7317094206809998, 1.7347097396850586, 1.575482726097107] [0.0, 0.0] 0.1025332361459732
motorcycle [1504.2001146382675, 1220.516946966612, 0.7436011679114263] [-0.6907687819675128, -0.008405417091816943, 0.005785885019550054, -0.7230037083979394] [0.7893718481063843, 1.879982590675354, 1.8212645053863525] [-0.11279189154974084, 1.4199221611068498] 0.10131886601448059
pedestrian [1504.060760114026, 1220.0824408839067, 0.8174099690026501] [-0.6098060118957513, -0.007741128746612066, 0.006648490631356739, -0.7924850158544654] [0.7991174459457397, 0.9347231984138489, 1.8403314352035522] [-0.3660462438921775, 1.2883913245945051] 0.8457462191581726
pedestrian [1506.4339031134637, 1238.399484722788, 0.9964557812331021] [-0.3886763935176193, -0.005799999659233889, 0.008395683766063897, -0.9213178244342126] [0.6050119996070862, 0.6642034649848938, 1.6704975366592407] [-0.7326986025967764, 0.7804067761905069] 0.789437472820282
pedestrian [1498.6550869603686, 1226.9997322454162, 1.0225290338204869] [0.4440547705913546, 0.002572163993748061, 0.009874789837567588, -0.8959415344837593] [0.6708306670188904, 0.8179557919502258, 1.7908720970153809] [-0.9935249749861136, -1.2355412738756195] 0.7490910887718201
pedestrian [1497.1511815192162, 1230.3335846121336, 1.1715831191755117] [-0.4958779449390453, -0.006760747391318321, 0.007643284415592856, -0.8683322729353571] [0.6430091261863708, 0.6920568943023682, 1.7958762645721436] [-0.6602527284472385, 1.0518003079498963] 0.7353953123092651
pedestrian [1498.1222469058791, 1231.1086740192468, 1.193945568034263] [0.2927567637655615, 0.0009353912002157596, 0.010161325959215213, -0.9561324959269867] [0.6590137481689453, 0.720694899559021, 1.8633023500442505] [-0.6536047942577142, -0.526846951552458] 0.7311496734619141
pedestrian [1506.8936189540502, 1238.9280465304425, 1.0367081699200444] [-0.3717873858412497, -0.0056457188354807, 0.008500197690498763, -0.9282618231013187] [0.609925389289856, 0.6724079251289368, 1.687326192855835] [-0.8267882369335813, 0.7766446238251624] 0.7276662588119507
pedestrian [1488.7975319597151, 1204.7271544349483, 1.1585662563517656] [-0.5426404419156035, -0.0036736765153023146, -0.009520063172467836, 0.8399031035159309] [0.7240484952926636, 0.8732022643089294, 1.8322889804840088] [-0.5259141916536595, -1.1882533240569406] 0.7061480283737183
pedestrian [1511.7511352788358, 1197.3948837076402, 1.2432393668542396] [0.5150322081600311, 0.0033620558594764233, 0.009634525538116672, -0.8571100845608202] [0.6704077124595642, 0.76695317029953, 1.6902868747711182] [-0.48982817167692755, -0.9828008467778927] 0.7050039768218994
pedestrian [1506.4678454392392, 1247.6163525713691, 1.639431675800429] [-0.7724460957418168, -0.009038301879086974, 0.004736728944045136, -0.6349983477705106] [0.6290844678878784, 0.688444972038269, 1.8210561275482178] [0.26290211283362513, 1.2408381106323185] 0.6923996210098267
pedestrian [1500.44535727127, 1237.958030593353, 1.4764566672008506] [-0.6066454332329017, -0.007714592506749832, 0.0066792637619472245, -0.7949070328256751] [0.6562668085098267, 0.7139074802398682, 1.7985330820083618] [-0.40304926725823215, 1.185336790136274] 0.6635943651199341
pedestrian [1499.2041021578307, 1230.6757107441924, 1.1428157890722688] [-0.6226868426145925, -0.00784884026327446, 0.006520982170537183, -0.7824046066663486] [0.6522753238677979, 0.6925206184387207, 1.7764654159545898] [-0.19190920006605242, 0.8497659532045875] 0.6503020524978638
pedestrian [1497.4716709278475, 1224.0651138319954, 0.926198207941149] [-0.6334583523703814, -0.00471871498085585, -0.009047719650625159, 0.7737094986558297] [0.6319564580917358, 0.717884361743927, 1.6927069425582886] [-0.2500357352015631, -1.2020477263614269] 0.6475241184234619
pedestrian [1503.0808967322473, 1242.5436987539977, 1.4389766587602395] [-0.47345103685376144, -0.006562552304363938, 0.007814116021620722, -0.8807610278617874] [0.6556079983711243, 0.6858457326889038, 1.8153860569000244] [-0.7889443842172483, 1.129207341257451] 0.6300836205482483
pedestrian [1502.6013520556246, 1245.4857383150786, 1.5682117715723445] [-0.5568784523954364, -0.007291519516959638, 0.007138714525785352, -0.8305313129290899] [0.6261499524116516, 0.6534066796302795, 1.8046646118164062] [-0.4589117396873353, 1.1483495773038168] 0.6286243796348572
pedestrian [1505.6249901205135, 1247.665736334459, 1.627893205349551] [-0.7504084185309321, -0.008872018822886742, 0.0050413077621987564, -0.6608956633962426] [0.6097476482391357, 0.6576410531997681, 1.782008171081543] [0.15814716878761037, 1.330777494589772] 0.6234816312789917
pedestrian [1499.431301707798, 1232.6595226210798, 1.1373924218209717] [0.2678667292939274, 0.0006716031989005364, 0.010182163379659975, -0.9634019347268448] [0.6631459593772888, 0.7382844090461731, 1.7733196020126343] [-1.2152887216181751, -0.6839656252369963] 0.6220327615737915
pedestrian [1489.795436787532, 1154.2299995230803, 2.512453020377555] [-0.8160042873831873, -0.009354782135930563, 0.004076217994187315, -0.5779557729362259] [0.6816701889038086, 0.7120932340621948, 1.8263384103775024] [0.4760842047909688, 1.333080542473339] 0.6157004237174988
pedestrian [1501.7916935131457, 1244.7557032094617, 1.560450747068042] [-0.5852025511219054, -0.007533483859797619, 0.0068828862318820044, -0.8108229440873437] [0.6365702152252197, 0.668181300163269, 1.8022847175598145] [-0.36885653721402145, 1.1179567384952505] 0.6126832962036133
pedestrian [1490.3942025858712, 1224.7101419821277, 2.111192714814311] [-0.6257298893244849, -0.004628471789034392, -0.009094215240743695, 0.7799730624220441] [0.654179573059082, 0.6863042712211609, 1.801405906677246] [-0.22817411295182136, -1.0048716283029626] 0.6004817485809326
pedestrian [1503.9814887946548, 1241.074683781417, 1.4288958663167382] [-0.41994534179079784, -0.006083624002043461, 0.00819249784550614, -0.9074920288389667] [0.6857401132583618, 0.7599401473999023, 1.847097396850586] [-0.9287008524500743, 1.020126112286842] 0.5987476110458374
pedestrian [1494.5196050477014, 1167.0668517200884, 1.846617466974888] [-0.8615760065330186, -0.00966352433668324, 0.0032777735341528395, -0.507526016539714] [0.6582993865013123, 0.7232472896575928, 1.7582156658172607] [0.5967438287738693, 1.0885202589626928] 0.5980150699615479
pedestrian [1498.1053799956517, 1239.5784512382122, 1.5154691463727847] [-0.35579961224964135, -0.00549898682604113, 0.008595850500903803, -0.9345065587897492] [0.6269087791442871, 0.6539240479469299, 1.7660011053085327] [-0.6049356829389545, 0.6255852549383407] 0.5227320194244385
pedestrian [1500.7748912714994, 1251.3571229539316, 1.9209584112684235] [-0.838488005620554, -0.009510469973649394, 0.0036984405939767878, -0.5448245010354434] [0.6463633179664612, 0.6732131838798523, 1.7965660095214844] [0.3967216758458867, 0.8029634373703615] 0.49630194902420044
pedestrian [1498.7814676232529, 1230.887225088629, 1.1717200816316307] [-0.17026938126072594, -0.003751231854082624, 0.009489771415781202, -0.985344716484106] [0.6440459489822388, 0.7041423320770264, 1.795350432395935] [-0.45366373815421884, 0.12573549119465527] 0.4626207649707794
pedestrian [1495.9374334243455, 1238.5847967765492, 1.5647110303946796] [-0.6896716441318511, -0.0053836350244497, -0.00866856250311322, 0.7240503406383588] [0.5998353958129883, 0.6470242738723755, 1.7327923774719238] [-0.1445387738967344, -0.7043233362435685] 0.4515853822231293
pedestrian [1496.6937787266015, 1238.5416806893277, 1.5662780672250824] [-0.5932184517357781, -0.0042516434044954764, -0.009276369457275417, 0.8049768574426599] [0.5842207670211792, 0.6259884238243103, 1.7189297676086426] [-0.22106175595334876, -0.8001079942048566] 0.4457376301288605
pedestrian [1491.5299528032633, 1228.1743402159973, 2.1514472794318356] [0.3105972475981162, 0.0011253724524647613, 0.010142043127008261, -0.9504868343551784] [0.6731627583503723, 0.6974429488182068, 1.73842453956604] [-0.09325398339943233, -0.13090706049217374] 0.42441070079803467
pedestrian [1502.2900497319745, 1245.0989263999209, 1.5963431669487496] [-0.5758526058845699, -0.007453945167823591, 0.006968945643491664, -0.8174898462941322] [0.6286669969558716, 0.6641716361045837, 1.8155933618545532] [-0.39990988896401414, 1.1595614250338955] 0.4174872636795044
pedestrian [1497.4366946108944, 1240.3007108575005, 1.558266634186294] [0.06587915043240294, -0.0014178642955441157, 0.010105303695895698, -0.9977754306638137] [0.6474994421005249, 0.7090712785720825, 1.8058019876480103] [-0.7537644018406952, -0.034376474359773534] 0.41242092847824097
pedestrian [1530.272188780185, 1242.4650403933067, 1.5872069829510926] [-0.8193928789132167, -0.009378618873818547, 0.004021070748757926, -0.5731415030202965] [0.642684280872345, 0.690321147441864, 1.7751712799072266] [0.4147204200942026, 1.1075460552162129] 0.40985962748527527
pedestrian [1515.4291436452013, 1210.434518245275, 1.2919319115760948] [-0.5345081802451981, -0.007098346240942336, 0.00733082414129284, -0.8451016966904166] [0.767654538154602, 0.8498381972312927, 1.9001303911209106] [0.009222510998656362, 0.029193369760088902] 0.404629647731781
pedestrian [1534.408074439039, 1227.4368961326102, 1.9009504927363496] [-0.4676697649719575, -0.00651121012508727, 0.007856948813236796, -0.8838443660674248] [0.65364670753479, 0.6609058976173401, 1.8233171701431274] [0.0045241555366293635, 0.005430597785090699] 0.40013444423675537
traffic_cone [1485.85433931717, 1204.9744067875915, 0.6582842428542535] [-0.9856819284060208, -0.009497224825876057, -0.00373232133579433, 0.16830629373805966] [0.3841010332107544, 0.38342249393463135, 0.9249669909477234] [0.0, 0.0] 0.3459723889827728
pedestrian [1497.8520508358274, 1230.6675742769075, 1.1581353867169022] [-0.2525537061825698, -0.004536221580340031, 0.009140579616245322, -0.9675290682927837] [0.6443516612052917, 0.7329325079917908, 1.8331433534622192] [-0.5514088725260163, 0.27708731045065027] 0.3452696204185486
pedestrian [1501.6508780458632, 1258.87618011606, 1.9170187834160601] [-0.8257775335207771, -0.007076605062648637, -0.007351813567695917, 0.5639036598838456] [0.6433297395706177, 0.684645414352417, 1.8213852643966675] [0.4006674384833409, -1.2292210117161289] 0.3406205177307129
pedestrian [1507.8357895775555, 1246.5214797943656, 1.5241093354880655] [-0.787648423711303, -0.006587199154902331, -0.007793350321942168, 0.6160404476356676] [0.6312732696533203, 0.6265010833740234, 1.7925689220428467] [-0.0014211366224637742, 0.003895789667134849] 0.32064586877822876
traffic_cone [1476.6181099962655, 1211.7150315477254, 0.39282775872502174] [-0.9888252515087712, -0.009569360412274425, -0.003543281423603996, 0.14872960188432288] [0.32840660214424133, 0.32984185218811035, 0.7953668832778931] [0.0, 0.0] 0.2756288945674896
traffic_cone [1515.0386825576375, 1237.8715090892838, 0.7747568818710505] [-0.7208819294386517, -0.005760080937654306, -0.008423121128093413, 0.6929827676839163] [0.553157389163971, 0.5573430061340332, 1.1161061525344849] [-1.1567300775299811e-05, -3.219728044282635e-05] 0.27292492985725403
pedestrian [1501.213956408475, 1251.366985725595, 1.870836182047533] [-0.8901842610182404, -0.009841057317354135, 0.0026983500186989673, -0.4554863926984682] [0.6594414114952087, 0.7143387198448181, 1.8009496927261353] [0.5621802841250862, 0.8114502435278372] 0.26997625827789307
pedestrian [1502.9139660792223, 1258.360990383219, 1.8514150011977375] [-0.7431386727848759, -0.008816377143923405, 0.005137995329208374, -0.669059627768398] [0.6309801936149597, 0.6651225090026855, 1.8166862726211548] [0.08513941449137734, 0.9509900642546801] 0.26750993728637695
pedestrian [1492.771146662066, 1232.4891636210277, 1.5671974608666157] [-0.9201092067324226, -0.010006947771278328, 0.0019971224924300018, -0.3915289519106929] [0.6516319513320923, 0.6660653948783875, 1.6760811805725098] [-0.04564894056901201, 0.10827776690733024] 0.25053101778030396
pedestrian [1489.6528320342823, 1148.805801105295, 2.401239917127399] [-0.7782214243934105, -0.009081245538355123, 0.0046538673615571895, -0.6279070688510724] [0.7032535076141357, 0.7192555665969849, 1.5978169441223145] [0.026552508022402006, 0.043462232555478014] 0.24270887672901154
pedestrian [1489.125300421071, 1155.6940606671496, 2.2778956762074523] [-0.8228040781012944, -0.009402486466419616, 0.003964940125103794, -0.5682335097105178] [0.6512831449508667, 0.7047685384750366, 1.7325353622436523] [0.42847111771454266, 1.1022176608047034] 0.23923379182815552
pedestrian [1497.0468297913574, 1238.7205851180693, 1.514809052877232] [0.17145726631013003, -0.0003367980754909652, 0.01019872879349224, -0.9851387101964428] [0.610987663269043, 0.6543823480606079, 1.7634844779968262] [-0.3829301178996948, -0.2693626550650548] 0.23446977138519287
pedestrian [1456.9161559752852, 1184.3363347697496, 2.9063078240087004] [-0.9603402374087111, -0.009014474915594782, -0.004781918437507537, 0.2786440397924104] [0.6650609970092773, 0.6707619428634644, 1.7626793384552002] [0.008491902970751378, -0.00118691733474532] 0.22344577312469482
traffic_cone [1501.2229683474552, 1204.535533551816, 0.7251307051008332] [-0.974690667364291, -0.010202266596651877, 0.0002031212389274166, -0.22332482049921587] [0.39610669016838074, 0.4047205448150635, 1.243170976638794] [-0.004976446864922659, 0.002285860509548308] 0.22203105688095093
pedestrian [1490.9597586095754, 1228.4882529589554, 2.245904966668217] [-0.8220806224562627, -0.007028485644895016, -0.00739783018772172, 0.5692796524380417] [0.6562857627868652, 0.6789743900299072, 1.7340610027313232] [-0.016302143179980376, -0.05060554916989691] 0.20508822798728943
pedestrian [1496.1361512016751, 1243.3283733697358, 1.720695818176347] [-0.9814730106295715, -0.009407274495440317, -0.003953566556199625, 0.191328518271007] [0.6017029881477356, 0.6054589748382568, 1.5406075716018677] [0.00036819526855213976, 0.00018385833834193977] 0.19870063662528992
traffic_cone [1512.2794921392456, 1205.4923606870411, 1.0110787401164305] [-0.5252353658739047, -0.007017762152608843, 0.0074080035310651006, -0.8508958120318605] [0.44427257776260376, 0.45992445945739746, 1.0035902261734009] [-3.0914625645821413e-06, -3.698133796846569e-05] 0.17907756567001343
pedestrian [1503.5225792425842, 1242.3844578005328, 1.407234699951653] [-0.48977081437395237, -0.006706931833247499, 0.007690550521973927, -0.871791501384092] [0.6917042136192322, 0.7566304206848145, 1.8360333442687988] [-0.6171680900671366, 1.0364445580734944] 0.1781873106956482
pedestrian [1497.8783712947497, 1240.3075584970882, 1.5431399206588863] [-0.32356800057242385, -0.005201204087580404, 0.00877923561514321, -0.9461498937819619] [0.6558694243431091, 0.7219399213790894, 1.787828803062439] [-0.47779901945899833, 0.6475141351853151] 0.17673392593860626
pedestrian [1488.022250215493, 1230.5033564396435, 2.4970056648575873] [-0.9848966109588488, -0.010199192356552669, -0.0003224549905020916, -0.17284252433885566] [0.6656368970870972, 0.6377818584442139, 1.7239162921905518] [0.016173281662411363, -0.004690769778054195] 0.17669051885604858
pedestrian [1527.5561690676461, 1240.7715789430692, 1.3872326312956436] [-0.482048044096246, -0.006638711872375977, 0.007749516541206704, -0.8760853586729077] [0.6484296321868896, 0.6766856908798218, 1.7092556953430176] [0.0039046928824820132, 0.04135832702051715] 0.17561723291873932
pedestrian [1483.7709693579966, 1197.3898515821656, 1.0228875734600942] [-0.9999206091971171, -0.010005044252967289, -0.0020066368488165284, -0.007392415093862181] [0.4909384846687317, 0.4897351562976837, 1.3795032501220703] [2.323446419979039e-05, 9.769209912864474e-05] 0.16964659094810486
pedestrian [1511.5524416460719, 1252.6371148544006, 1.518200381939216] [-0.735865085739435, -0.005942917427059059, -0.008295133175665102, 0.6770512891116507] [0.6444212198257446, 0.6608251333236694, 1.7287967205047607] [-0.08378068123158847, -0.17536844872362634] 0.1670508086681366
traffic_cone [1472.8069790834995, 1213.6618596451603, 0.043706375153577004] [-0.9469153994405942, -0.00879155887961704, -0.005180346939451919, 0.3213208658028828] [0.3501332402229309, 0.34992408752441406, 0.851669192314148] [0.00046464231707828315, 0.0010906377686958912] 0.16568467020988464
pedestrian [1506.2771997481923, 1238.9649317517114, 1.032977840265838] [-0.40795530925359474, -0.0059751835930675215, 0.008271921359394007, -0.9129448713640149] [0.6589418053627014, 0.7380623817443848, 1.7435622215270996] [-0.804626730834184, 0.8001969755341287] 0.16008347272872925
pedestrian [1507.2446739640018, 1176.305122311926, 1.498013676329999] [-0.9622785138241426, -0.010179279412141518, 0.0007139836107460037, -0.2718748504927457] [0.6254156231880188, 0.6512949466705322, 1.6540579795837402] [0.16383363589661154, 0.0591127814080057] 0.1568118929862976
pedestrian [1498.4170030602124, 1230.368953559076, 1.0773599580560236] [-0.32705156730556845, -0.005233512852173684, 0.008760013993881228, -0.9449513981263931] [0.6490564346313477, 0.7183884382247925, 1.7805712223052979] [-0.2825754284943548, 0.11432237123293479] 0.156626358628273
pedestrian [1490.020200257799, 1224.9134151376645, 2.152620448940064] [-0.6112901025286755, -0.004460559354346539, -0.009177740037351986, 0.7913408134606325] [0.7028191685676575, 0.7822253704071045, 1.8134238719940186] [-0.27138797521143504, -0.881250706356479] 0.15635499358177185
pedestrian [1497.9303366754295, 1231.6123388803683, 1.1793808741010172] [0.3329724059310831, 0.0013647348784507352, 0.010112615915696696, -0.9428813548832747] [0.66524338722229, 0.736995279788971, 1.7981266975402832] [-0.5239531804126062, -0.2692233594612937] 0.1548881232738495
pedestrian [1485.930182018427, 1223.6493376223912, 2.764276593994431] [0.27022280441668006, 0.0006965109415720209, 0.010180489892688493, -0.9627437397725517] [0.6830631494522095, 0.6680788397789001, 1.6989893913269043] [0.0128809753157937, 0.023739406125422774] 0.15231871604919434
pedestrian [1495.0976125948578, 1239.93078156262, 1.5929288407450404] [-0.918177642400849, -0.008348996018200251, -0.005867006684412288, 0.3960374849597859] [0.6586074829101562, 0.6917188167572021, 1.7826013565063477] [0.019013363738617173, -0.010942993188459201] 0.1483231782913208
traffic_cone [1511.505751102522, 1205.0920506158827, 0.6521593357627435] [-0.6729740159916319, -0.00826216154606573, 0.005988671683568472, -0.7395957316657181] [0.32658615708351135, 0.33224302530288696, 0.7624077200889587] [0.0, 0.0] 0.13952873647212982
pedestrian [1489.4102737619858, 1230.6937799851275, 2.3817054406982914] [0.2291892402156493, 0.000264543887528966, 0.010200858712796346, -0.9733283950791878] [0.6282859444618225, 0.6579618453979492, 1.5282297134399414] [-8.765507849514273e-05, -0.0007607724897466633] 0.13925248384475708
pedestrian [1502.798172776146, 1245.892656373152, 1.5822920621208085] [-0.5818474605703513, -0.0075049813802707255, 0.006913953747939874, -0.8132339178403023] [0.6994577646255493, 0.7690343260765076, 1.8320093154907227] [-0.3604980355304582, 1.2509408642032402] 0.13921202719211578
pedestrian [1504.4222809342086, 1175.6258501085579, 1.3623411661383305] [-0.39901270597796545, -0.005894048478689201, 0.008329927639405014, -0.9168886153542293] [0.5669397711753845, 0.563086211681366, 1.4834260940551758] [-0.012510062530686167, -0.0018973844785420127] 0.13808007538318634
pedestrian [1503.412227855973, 1241.916114973909, 1.4272021200565383] [-0.45524038274540096, -0.006400487881387106, 0.007947405666447315, -0.8903100956497545] [0.6998195648193359, 0.7925584316253662, 1.8379303216934204] [-0.7763110595688305, 1.0036916914783203] 0.13771797716617584
pedestrian [1503.3164773737572, 1242.9724173199563, 1.467618985268952] [-0.4783618008952397, -0.0066060838000662325, 0.007777349083933714, -0.8781035587801231] [0.7049989700317383, 0.7749632000923157, 1.8468278646469116] [-0.6111003949177413, 1.1564579209663202] 0.13701827824115753
pedestrian [1496.939302883665, 1230.8944525173597, 1.2026457339669763] [-0.43939003077198147, -0.00625863176129488, 0.008059592447721722, -0.8982384278999931] [0.701887309551239, 0.800474226474762, 1.8173959255218506] [-0.5307974791111605, 0.846016875536222] 0.13692103326320648
pedestrian [1487.9430811178265, 1222.5878908424402, 2.5979974387972913] [-0.9381547691656049, -0.008652550607897951, -0.00540933174473769, 0.34606574749588326] [0.5984291434288025, 0.596959114074707, 1.6468274593353271] [0.005942928063224494, 0.005309533500482513] 0.13614782691001892
pedestrian [1495.320726471897, 1238.5851970453382, 1.6429146162216322] [-0.7153765991012816, -0.005693258282582651, -0.00846843031940785, 0.6986645790050747] [0.6515828371047974, 0.7010641098022461, 1.7729629278182983] [-0.09693615216271362, -0.36572827718288314] 0.13420546054840088
pedestrian [1487.7209287651385, 1222.170035904414, 2.5780135644042086] [-0.8675641293791192, -0.007632816647760637, -0.006772563175676556, 0.4972206290096026] [0.6391249299049377, 0.6339672207832336, 1.5908417701721191] [-0.0010554045956709648, 0.00028069058440286486] 0.13118909299373627
pedestrian [1488.6288940137133, 1223.7977730790926, 2.5645829406692338] [-0.9978614190024138, -0.009834756274446545, -0.002721226004780998, 0.06456361951240791] [0.6525763273239136, 0.652021586894989, 1.6721361875534058] [-0.006984544133078632, -0.0009620630700610267] 0.1307554543018341
pedestrian [1497.0059635323687, 1224.19545240978, 0.8927863128973164] [-0.5828116282315748, -0.004131931501344036, -0.009330307819952293, 0.8125432163867436] [0.668346107006073, 0.7594397068023682, 1.7340879440307617] [-0.2925512849155817, -0.9385896068967713] 0.1266525834798813
pedestrian [1496.9708171427944, 1240.408875041225, 1.5767532535130986] [0.4583411019221972, 0.002729921091797337, 0.009832346249976255, -0.8887177880445515] [0.6981596350669861, 0.7586854696273804, 1.8118736743927002] [-0.36353257391204574, -0.3552545533240299] 0.12553031742572784
pedestrian [1544.2671684603324, 1226.582259328286, 1.0959121364431783] [0.5148911990232085, 0.003360470849566169, 0.009635078495584667, -0.857194800302998] [0.6423139572143555, 0.6634564995765686, 1.765809178352356] [0.044871178673076426, -0.02083330380492135] 0.12482945621013641
pedestrian [1488.6646243750072, 1224.2088897778385, 2.4076344890161105] [-0.9530852017236766, -0.008892295100500918, -0.005005456002450673, 0.3025301154486813] [0.6215999126434326, 0.6253066062927246, 1.6574122905731201] [-0.00033975814572890687, -0.014794882932655429] 0.1228792816400528
pedestrian [1506.0312779726846, 1176.4486359508778, 1.323832860314087] [-0.9326521865796742, -0.010067972904231044, 0.001662354819685491, -0.36063246022260187] [0.6030369400978088, 0.6203681826591492, 1.4423789978027344] [0.005721740308601653, -0.0015372716320328835] 0.12078525125980377
pedestrian [1489.4553686287104, 1155.0025033183947, 2.432401877302629] [-0.8261304424895647, -0.009425633436271091, 0.00390959541025801, -0.5633865142955146] [0.6968303918838501, 0.7586238384246826, 1.7987982034683228] [0.4457228006454841, 1.1963713960330467] 0.1195056289434433
traffic_cone [1513.8599127863213, 1186.4336550974676, 0.5446150760567625] [-0.49443967366965025, -0.006748084073484106, 0.0076544668843788344, -0.869152047457465] [0.3298337757587433, 0.34059637784957886, 0.8036852478981018] [0.0010685565727782968, -0.0008035082559742309] 0.1161976009607315
pedestrian [1482.9142110647642, 1231.627904350982, 3.3653520118548914] [-0.8977300170897251, -0.008052353852357006, -0.006267942196869191, 0.44042784756885656] [0.6270575523376465, 0.6434144973754883, 1.751676321029663] [0.3898341736606276, -0.48810713463483674] 0.11503328382968903
pedestrian [1492.5564230485536, 1233.0212424152908, 1.5166866364709852] [-0.9647352979704215, -0.010185408443658965, 0.0006204488558315836, -0.26302410031777745] [0.6851640939712524, 0.7457723021507263, 1.6571437120437622] [-0.09931046912935812, 0.19875820263128008] 0.11499438434839249
