car [1484.7975130815842, 1180.4119444383512, 0.6296546339760983] [-0.8365268080373182, -0.001102120970447108, -0.008006868901561383, -0.5478663840889099] [1.803921103477478, 4.395350933074951, 1.6034181118011475] [0.0, 0.0] 0.8614912629127502
car [1475.0658040512978, 1157.993585380209, 1.2053685820074984] [-0.8431937296769009, -0.0010036807217963422, -0.008019803317350397, -0.5375490764695983] [1.9132435321807861, 4.733669281005859, 1.5458571910858154] [3.4478725394576863, 7.448834958743489] 0.8339358568191528
car [1487.5415327314126, 1186.4598496498124, 0.5748802518855163] [-0.844672329589048, -0.000981569581772512, -0.008022539585220445, -0.5352226929105036] [1.8707146644592285, 4.580940246582031, 1.6510486602783203] [0.0, 0.0] 0.7986709475517273
car [1484.0550156653085, 1186.1657794251812, 0.948857103254541] [-0.853714497897071, -0.0008440343174501109, -0.008038173070496589, -0.5206786258913582] [2.024270534515381, 5.323817253112793, 2.1367175579071045] [0.0, 0.0] 0.7582287788391113
car [1490.991736467212, 1193.5315475554598, 0.5352263563688651] [-0.8443827614332398, -0.000985907970812573, -0.00802200758622044, -0.5356794074576114] [1.9249554872512817, 4.620328426361084, 1.72372567653656] [0.0, 0.0] 0.7386951446533203
car [1472.5096737160623, 1134.539983047177, 1.8512493555284744] [0.5147279480679535, -0.008043849375287538, 0.0007881037165096772, -0.8573154698578086] [1.9034721851348877, 4.5584235191345215, 1.6488628387451172] [-5.0683886189641445, -9.873544674215294] 0.7367555499076843
car [1479.290136055237, 1185.0080951204814, 0.4301253226522021] [-0.8703011934395525, -0.0005804554021136459, -0.008061494387918852, -0.49245355931036966] [1.9417684078216553, 4.512278079986572, 1.6929082870483398] [0.0, 0.0] 0.7248371839523315
car [1470.686838463239, 1157.2422868438466, 1.2477047913875632] [-0.7869701992629036, -0.001778211865964224, -0.007884325132821076, -0.6169380688949797] [1.8811020851135254, 4.388386249542236, 1.6343215703964233] [1.4586730605112626, 5.969507040423437] 0.583236575126648
car [1494.228416524583, 1200.6517335044766, 0.11332488335489121] [-0.8353835898964675, -0.0011187997661546894, -0.008004555410735954, -0.5496079813025383] [1.753713846206665, 4.265990257263184, 1.5475538969039917] [0.0, 0.0] 0.5813374519348145
car [1503.7915918952733, 1198.7939213214245, 0.6214347461971819] [0.5282326084404031, -0.008030368095109434, 0.0009153187954688575, -0.8490612385217032] [1.915482997894287, 4.510900974273682, 1.7516987323760986] [-2.469720825922126, -4.9844549777165605] 0.4592526853084564
car [1494.6086174796997, 1208.3221636829269, 0.7995740236519444] [-0.8526089190189313, -0.0008610706055509412, -0.008036365948147595, -0.5224870396374731] [2.4790830612182617, 6.606949329376221, 2.982205867767334] [0.0, 0.0] 0.37991124391555786
car [1500.496050483133, 1206.4555444268528, 0.4208498230654285] [-0.891023349564691, -0.00022702025902622113, -0.008079175826919579, -0.4538855207101005] [2.0016555786132812, 4.619292259216309, 1.852433204650879] [0.0, 0.0] 0.35795170068740845
car [1485.9167339710468, 1192.6655276898541, 0.4359500756306437] [0.5258432433483675, -0.00803290992441785, 0.000892736459700884, -0.8505430963829114] [1.8377470970153809, 4.369319438934326, 1.666378378868103] [0.0, 0.0] 0.33064889907836914
car [1497.1735951512344, 1206.6542210510156, 0.10296324209191599] [-0.8505204578081814, -0.0008930822792347151, -0.008032871484270551, -0.5258798591213799] [1.841538429260254, 4.308060646057129, 1.6608072519302368] [0.0, 0.0] 0.2758623957633972
car [1477.3472230254883, 1222.0727823997229, -0.9975349295507431] [-0.8456522074485071, -0.000966859104303391, -0.008024325748168236, -0.533673139119094] [1.868238925933838, 4.293826103210449, 1.6654996871948242] [0.004961613860696915, 0.002944824319231959] 0.2103327512741089
car [1490.6975977385484, 1216.2356946191683, 0.964564033856838] [-0.8315560721165259, -0.001174225386418721, -0.007996612719281824, -0.5553820075460636] [1.9493639469146729, 4.564737319946289, 1.7386350631713867] [0.002554011932400234, 0.007726209268751885] 0.17956538498401642
car [1503.2038972294654, 1191.1082005796097, 0.33223684175184354] [0.5062708715120663, -0.008051211734396263, 0.0007089498206572812, -0.8623366396240935] [1.8741748332977295, 4.493589401245117, 1.6302728652954102] [-0.007116024426987384, -0.01721179976614561] 0.15569859743118286
car [1516.352050722982, 1189.265858181444, 0.9812112737995751] [-0.9782693821697774, 0.004902554178431355, -0.0064256970647421086, 0.20718033518874995] [2.0837292671203613, 4.920530319213867, 1.9488754272460938] [0.0, 0.0] 0.1328078806400299
car [1507.9215627297995, 1199.533245408308, 0.3484531782509215] [0.5254009990139371, -0.008033372947314783, 0.0008885602566179839, -0.8508163524609277] [1.848617672920227, 4.294350624084473, 1.6170576810836792] [-0.08243619875817751, -0.14845882506641792] 0.1255527287721634
car [1475.236658288999, 1221.704036521081, -0.8732627725682428] [-0.9605703816700935, 0.005357782562067122, -0.006051345822038229, 0.27791944379249817] [1.9540867805480957, 4.5358381271362305, 1.691394329071045] [0.0, 0.0] 0.11406896263360977
car [1447.8562033545118, 1160.8437305623079, 0.9717351323958527] [-0.24298361385014727, -0.006241230827574239, -0.0051353342634367066, -0.9699967210151195] [1.894153356552124, 4.339529991149902, 1.6631630659103394] [0.0, 0.0] 0.11017224192619324
truck [1494.616191585319, 1208.3589886334696, 0.8779198497509999] [-0.8520778085156907, -0.000869232400748772, -0.00803548724557376, -0.5233527334550371] [2.515704393386841, 6.682448387145996, 3.120026111602783] [0.0, 0.0] 0.3920878469944
truck [1433.8750486402987, 1135.7419386148058, 4.982499625743967] [-0.8839160417404665, -0.0003516165487179772, -0.008074712752968845, -0.46757577624768676] [3.00699782371521, 8.300254821777344, 3.742832660675049] [0.0, 0.0] 0.3172987997531891
construction_vehicle [1529.0952438731388, 1192.0535146969478, 2.091953475197863] [0.4195174336631052, -0.008081951146623521, -8.176737662911153e-05, -0.9077112967416914] [2.4439048767089844, 3.7124555110931396, 2.7692666053771973] [0.0, 0.0] 0.2733967900276184
truck [1504.1854997271603, 1199.1638790850664, 0.49736365882082545] [0.518422069143989, -0.00804037421029413, 0.0008228017979605368, -0.8550866819242514] [2.0986199378967285, 5.5096564292907715, 1.9624086618423462] [-2.4958223351849433, -4.84438705543966] 0.2543184757232666
truck [1497.6874601898824, 1207.5446071377603, 0.11119879100149244] [-0.8431792471002615, -0.0010038967853546717, -0.008019776273977012, -0.5375717930092658] [2.1373281478881836, 5.866519451141357, 2.0111870765686035] [0.0, 0.0] 0.24497030675411224
construction_vehicle [1519.55489560977, 1156.7486911366295, 2.14190771087215] [0.028262637305344118, -0.00739702601105084, -0.003257088643578391, -0.9995678559819274] [2.5108213424682617, 5.267482757568359, 3.288282871246338] [0.0, 0.0] 0.23414936661720276
truck [1500.7315152421202, 1206.7938419027612, 0.4564673526817502] [-0.878865411575058, -0.00043794454986363293, -0.008070490989495917, -0.47700132464885736] [2.1314175128936768, 5.411304950714111, 2.0227456092834473] [0.0, 0.0] 0.1872057020664215
construction_vehicle [1477.980186985094, 1210.3839713399661, 1.365193885980255] [-0.2038823670729405, -0.006442182303037924, -0.004880871583509959, -0.978962029793033] [2.0116991996765137, 3.4417638778686523, 2.53891921043396] [0.0, 0.0] 0.1684974730014801
truck [1485.7601944427206, 1193.3509706502796, 0.5145889762947233] [0.5326606657435636, -0.008025477154931784, 0.0009572547602169999, -0.8462903110336218] [2.1807425022125244, 5.730601787567139, 1.991239309310913] [0.0, 0.0] 0.14917778968811035
truck [1516.8664723577028, 1189.0969846599583, 1.0622978597735722] [-0.9756408531921359, 0.004981399602204228, -0.006364768514521925, 0.21922500076926033] [2.27016019821167, 5.836220741271973, 2.200284242630005] [0.0, 0.0] 0.14730022847652435
construction_vehicle [1512.3464031416888, 1184.874590966458, 2.392718770696159] [-0.4981271192986535, -0.004605543429067818, -0.006641806227470078, -0.8670663460191416] [1.6336997747421265, 2.7780559062957764, 2.535600185394287] [0.0, 0.0] 0.10963621735572815
bus [1457.3802183573698, 1127.731334407621, 2.815729385210738] [-0.8471790469168742, -0.0009438452473483211, -0.008027065241378572, -0.5312460238390284] [2.9421725273132324, 12.492315292358398, 3.4399831295013428] [2.784515683955391, 5.835050561619452] 0.8035849332809448
trailer [1431.717815090123, 1132.8163322840182, 5.676611330897666] [-0.9022876139980189, -2.1303882366725986e-05, -0.00808233669088873, -0.43105885561663476] [2.8612072467803955, 12.82777214050293, 4.021422863006592] [0.0, 0.0] 0.2157619744539261
trailer [1515.3186435238567, 1189.8798825354538, 0.7771922252009407] [-0.2166940567694638, -0.006377665769573947, -0.004964876591809187, -0.9762061058713747] [2.0629875659942627, 3.555286407470703, 1.9338066577911377] [0.0, 0.0] 0.10805951058864594
barrier [1514.9857717491377, 1188.8892191006123, 1.2340663706329205] [0.5334981591983251, -0.008024525623053839, 0.000965198821612649, -0.8457626082487681] [2.1482150554656982, 0.4865250587463379, 1.115391731262207] [0.0, 0.0] 0.49708694219589233
barrier [1459.1164189248714, 1148.1292759836863, 1.5216231427645284] [-0.9753499681295075, 0.004989815731639948, -0.00635817263091909, 0.22051556645626963] [3.260344982147217, 0.5154937505722046, 0.9261147975921631] [0.0, 0.0] 0.19705908000469208
barrier [1499.1877715923038, 1205.0171016221225, 0.6101146494498286] [0.5208854968626847, -0.00803796829406924, 0.0008459822361182746, -0.8535882933463153] [1.9300978183746338, 0.468829870223999, 1.0319691896438599] [0.0, 0.0] 0.18206048011779785
barrier [1507.302731701321, 1163.2896359683903, 0.5801404621770192] [0.44725927738093574, -0.008080638348941967, 0.0001670452450640526, -0.8943678293501193] [2.597158432006836, 0.4817154109477997, 0.9387425780296326] [0.0, 0.0] 0.167557954788208
barrier [1507.6843652986877, 1161.0195542621846, 0.7260015897296869] [-0.5551787893047724, 0.007996899417941322, -0.0011722712739036956, 0.8316917621846738] [2.990006685256958, 0.5376108288764954, 0.9096419811248779] [0.0, 0.0] 0.14648890495300293
barrier [1478.4154244343367, 1210.361290047953, 2.1034429117658733] [0.47227923804537436, -0.00807272446250602, 0.000394639066422617, -0.8814119335991778] [2.0126349925994873, 0.4598711133003235, 1.0540220737457275] [0.0, 0.0] 0.13181987404823303
barrier [1485.9016754179736, 1192.0398693501663, 0.5923499026668987] [-0.9807523142095566, 0.004822860770931697, -0.006485725420066608, 0.19508862999252397] [2.333081007003784, 0.5075876712799072, 0.9942120909690857] [0.0, 0.0] 0.11687800288200378
barrier [1486.1844712488653, 1191.8549543028842, 0.4879577308225824] [-0.9799015178191735, 0.004850797186947265, -0.006464857839998849, 0.1993180642978477] [2.1150331497192383, 0.4881146252155304, 1.0094410181045532] [0.0, 0.0] 0.11684997379779816
barrier [1455.9439102451906, 1121.9544038956074, 2.2200940773614395] [-0.9747303280706363, 0.005007552820733515, -0.006344212716157444, 0.22323857847395134] [2.9886651039123535, 0.526044487953186, 0.9053293466567993] [0.0, 0.0] 0.107394278049469
motorcycle [1497.4180065960975, 1203.8270782406203, 0.3792932050990374] [0.4947816466092915, -0.008059911584610219, 0.0006020344579474243, -0.868979745194535] [0.6645735502243042, 1.8470892906188965, 1.5056453943252563] [-0.08745353907075457, -0.13151320972232908] 0.3985685408115387
bicycle [1459.9294230578528, 1147.1178600560431, 2.0399105029143834] [-0.6097398539706536, 0.007900204605452167, -0.0017062788260663623, 0.7925603988716612] [0.6017614603042603, 1.6753125190734863, 1.2380298376083374] [0.0013562995745402115, -0.009807852674732633] 0.30333957076072693
bicycle [1485.9779573719152, 1191.4279613917058, 0.432574705521799] [-0.7820986235424943, -0.0018401041480203047, -0.007870110352766888, -0.6231022535930171] [0.5311211943626404, 1.534170150756836, 1.053828477859497] [0.0, 0.0] 0.29421690106391907
bicycle [1511.8059146483008, 1158.9234554038308, 1.110994888570266] [-0.01606354657593867, -0.007245412143329631, -0.003581706731934038, -0.9998383058530832] [0.7060579061508179, 1.9571669101715088, 1.3099324703216553] [-1.0534711617955237, 0.19525430442765496] 0.21074150502681732
bicycle [1455.9573079253794, 1159.9584710394408, 1.016739014864147] [-0.15975950021946106, -0.006654659156157625, -0.004586952338498576, -0.9871228786070096] [0.6680501103401184, 1.7266886234283447, 1.4646066427230835] [0.0, 0.0] 0.1972338855266571
motorcycle [1502.0363791317654, 1190.1617519573833, 0.048946618293256305] [-0.8735325061331488, -0.0005272356610114505, -0.00806514989309237, -0.48669871184183455] [0.6965371370315552, 1.9276387691497803, 1.3003418445587158] [0.0, 0.0] 0.19226877391338348
bicycle [1485.9354155518488, 1191.9509330195624, 0.712975180564782] [-0.23677296989451185, -0.006273957022706399, -0.005095300140082336, -0.971531387093126] [0.6789546608924866, 1.9072089195251465, 1.1972439289093018] [0.0, 0.0] 0.18481415510177612
bicycle [1507.2760290782385, 1144.891973839985, 1.0956068897967948] [-0.9496425977991736, 0.005577771499053804, -0.005849195273251964, 0.31323092411988607] [0.5429059267044067, 1.5466220378875732, 1.0858384370803833] [0.0, 0.0] 0.1756446361541748
motorcycle [1449.6575935767585, 1131.5957316286294, 2.130088986450353] [0.2335619145821894, -0.007909325344307438, -0.001663488153906156, -0.9723083396929509] [0.7015246748924255, 1.9561936855316162, 1.6265100240707397] [-0.9504425885359185, -0.3784332161053847] 0.17170795798301697
bicycle [1490.2096908077976, 1149.4037514443044, 0.5236677166014263] [0.4872290106124524, -0.008064828281280871, 0.0005321325340009661, -0.8732368330512471] [0.5235247015953064, 1.4257500171661377, 0.8710415363311768] [0.0, 0.0] 0.15112781524658203
bicycle [1461.8060456904504, 1151.1120077467187, 1.4227643968338402] [-0.6402456489426507, 0.007827492538046132, -0.002013698290986553, 0.7681277135931008] [0.6400097608566284, 1.7631168365478516, 1.605475664138794] [-0.2547924495238793, -1.305452027507455] 0.14950190484523773
bicycle [1503.854159116732, 1156.1638358870705, 1.2013197310486023] [-0.9932622640473356, 0.0025974365910816912, -0.007653622893479921, -0.11560601281647043] [0.7720504403114319, 1.8276399374008179, 1.2021400928497314] [0.0, 0.0] 0.13381321728229523
bicycle [1476.601489824692, 1220.3890445248503, -0.9677868474546556] [-0.6668558862041732, 0.007751855025583251, -0.0022876546729412063, 0.7451428738266292] [0.6086391806602478, 1.645269513130188, 1.4234845638275146] [0.003816115323819846, -0.10842822203237724] 0.13123749196529388
motorcycle [1473.7383860572816, 1200.427246030564, 1.4786917940874096] [-0.16130748393279531, -0.006647456903891565, -0.004597383707196345, -0.9868711015158118] [0.7464075684547424, 2.1046760082244873, 1.721627950668335] [0.0, 0.0] 0.13035637140274048
bicycle [1491.4512317308452, 1124.2634046673757, 2.8242154900504426] [-0.9145998633693196, 0.0002169086158046547, -0.008079453625875936, -0.4042793159494841] [0.6682149171829224, 1.8053553104400635, 1.4757421016693115] [0.7320509068593958, 0.6800256566671785] 0.12038016319274902
bicycle [1468.2519007704182, 1181.693760896391, 1.8735797955642441] [-0.9996823682864705, 0.0036381804405318085, -0.007217219916451337, 0.023871278074591162] [0.7260700464248657, 1.694321632385254, 1.6135972738265991] [0.39008438449780003, 0.048919418667699756] 0.1145775243639946
bicycle [1468.2559335599242, 1173.8576566840952, 0.8478975448384579] [-0.8012602590235074, -0.00159231534549455, -0.007923960630946665, -0.5982613748934014] [0.5558162331581116, 1.552300214767456, 1.0631704330444336] [0.0, 0.0] 0.11372976005077362
bicycle [1517.0500685730115, 1151.3220926095569, 1.643653387287789] [-0.9646023943850356, 0.005267077462026787, -0.00613045799669972, 0.26358470389310756] [0.6504387855529785, 1.7423243522644043, 1.3617726564407349] [0.5355870999353043, -0.20370783765449374] 0.11136765778064728
bicycle [1481.335293023819, 1117.1876800788616, 1.9773706511906042] [-0.9998092055743808, 0.0033344513606893417, -0.007362476102744719, -0.017782795856849443] [0.6303693056106567, 1.8259168863296509, 1.2272467613220215] [5.608143726479274e-05, -3.358636375864743e-05] 0.11124109476804733
motorcycle [1507.4697627581959, 1198.3239778726665, 0.1145914825736205] [-0.5617998068269658, 0.007987287384826366, -0.0012360665323855402, 0.8272337350646095] [0.7079351544380188, 1.9694957733154297, 1.321799635887146] [0.0, 0.0] 0.10881363600492477
bicycle [1478.5215065785137, 1210.1589766906138, 1.9955879288067186] [-0.9756733527327652, 0.004980455675453923, -0.006365507167942621, 0.21908031437572384] [0.6422665119171143, 1.7786576747894287, 1.2862738370895386] [-0.0012249899216239327, 0.0016212779038254003] 0.1019609123468399
bicycle [1507.7829279901464, 1164.2315058126296, 1.0523324964487526] [-0.9289086234742878, 0.0005151918425313228, -0.008065928192445011, -0.37022080521610967] [0.638178288936615, 1.7702785730361938, 1.242647409439087] [0.0, 0.0] 0.10165014863014221
motorcycle [1466.375126249154, 1187.350609733647, 0.5044631140833856] [-0.8842799189910965, -0.00034532790254795595, -0.008074984141161633, -0.4668872457551833] [0.7409483194351196, 2.0368034839630127, 1.4888911247253418] [9.774539987743039e-06, -1.94180790731652e-06] 0.10140974074602127
pedestrian [1496.9105699026927, 1171.9644171324294, 0.8347763493997941] [-0.8721124783517188, -0.000550703607243074, -0.008063581448541308, -0.4892386947932303] [0.6615510582923889, 0.7811211347579956, 1.6791772842407227] [0.5791013970473277, 0.948352960810106] 0.7785975337028503
pedestrian [1492.1635182961822, 1160.26264403617, 1.2397989146135382] [-0.8451810675295368, -0.0009739378542926534, -0.008023469654474043, -0.5344189727820234] [0.7393892407417297, 0.9226694703102112, 1.8197267055511475] [0.6554151336403362, 1.315517334895047] 0.7550087571144104
pedestrian [1485.5910388096777, 1150.7143342943557, 1.2758200078474609] [-0.7369070945620626, 0.007489285015773766, -0.0030389521537524354, 0.675945714805457] [0.7200118899345398, 0.8906522393226624, 1.7478079795837402] [0.10748068676368898, -1.2364710134998766] 0.7238680720329285
pedestrian [1489.307267049817, 1161.4253911016795, 0.9861522678951294] [-0.7105346082471071, -0.0026760016111183216, -0.0076265087436901465, -0.7036158368477012] [0.7149900197982788, 0.8620285391807556, 1.6561064720153809] [0.05597168125667607, 0.9758119477064061] 0.7160879969596863
pedestrian [1473.71572435244, 1181.7951382103945, 0.8872123282749532] [-0.9864714284312988, 0.004613717295626018, -0.006636130872453568, 0.16373391911413449] [0.6143631935119629, 0.5589783787727356, 1.758833885192871] [0.0, 0.0] 0.6426030993461609
pedestrian [1473.92990718571, 1183.0134258769478, 0.8765504516213658] [-0.9674293353333296, 0.00519966938267467, -0.0061877345249425255, 0.2530121667356595] [0.6281861662864685, 0.5797860026359558, 1.7974697351455688] [0.0, 0.0] 0.6010593771934509
pedestrian [1474.8169184393703, 1183.84754828897, 0.8025189149983674] [-0.859905404531328, 0.0067065362941795565, -0.00451076392367661, 0.5103894303740764] [0.6054205894470215, 0.5500603318214417, 1.803282618522644] [0.0, 0.0] 0.5762775540351868
pedestrian [1508.9167669242108, 1190.905962766184, 0.6034037240444237] [0.5233330141081037, -0.008035507359628812, 0.0008690464392891806, -0.8520899199757547] [0.6599754095077515, 0.6780219078063965, 1.7839710712432861] [-0.5818707589087031, -1.175414394560278] 0.5525906085968018
pedestrian [1474.9595332423921, 1124.2904541125479, 2.4613517614717533] [-0.8699815668888873, -0.0005856845884335011, -0.00806111616360672, -0.49301800033398074] [0.6738159656524658, 0.7224403023719788, 1.8183116912841797] [0.4992733557947099, 0.8832280887897933] 0.5346214771270752
pedestrian [1484.512791454641, 1213.1316551217, 1.7032725398376516] [0.5109645076015715, -0.008047227142572626, 0.0007528316917694306, -0.8595638122625012] [0.6566845178604126, 0.6668385863304138, 1.7805193662643433] [-0.3852649314003121, -0.6740124316087468] 0.5185455679893494
pedestrian [1461.817768750466, 1151.1381359897646, 1.4949079098557574] [-0.6491103111058267, 0.007803614019313034, -0.002104335638122185, 0.7606513520633864] [0.6153538823127747, 0.6846020221710205, 1.7134572267532349] [-0.30655902174210753, -1.2482467608700702] 0.41415154933929443
pedestrian [1448.415132874372, 1157.2547727362487, 1.0193837857638686] [-0.05982866012851562, -0.007081628455803148, -0.0038955305998347816, -0.9981759398056974] [0.6446753740310669, 0.6713510155677795, 1.778520107269287] [-1.1514284700463076, 0.20279401182908727] 0.3638191819190979
pedestrian [1487.7286642277377, 1135.5374839180222, 1.417694329148989] [-0.9695524585949378, 0.005146695638513841, -0.006231865229992757, 0.24475029195543846] [0.5652247667312622, 0.5512340068817139, 1.7128572463989258] [0.0, 0.0] 0.30975592136383057
pedestrian [1473.815617436893, 1182.5291661116253, 0.9067189068570642] [-0.9829086645235263, 0.004748749818017208, -0.0065401831324643795, 0.18391637388862014] [0.6280906200408936, 0.5909582376480103, 1.7840962409973145] [0.0, 0.0] 0.30806952714920044
pedestrian [1480.0234315817083, 1204.6633945714577, 1.4500395053657678] [-0.6427647061796231, 0.007820837402244651, -0.002039392695863453, 0.766021023125073] [0.6965646743774414, 0.7443781495094299, 1.7606538534164429] [-0.09772242027091917, -0.17716979692305454] 0.290890097618103
pedestrian [1474.518585870263, 1183.5958398118185, 0.8591260779193988] [-0.8670884281119777, 0.0066416020482379335, -0.004605837868741339, 0.49808868007018653] [0.607526421546936, 0.5692455172538757, 1.7827256917953491] [0.0, 0.0] 0.2898251712322235
pedestrian [1473.394562738102, 1181.5066450934962, 0.8406222479674992] [-0.9530842094155858, 0.005512047633494707, -0.0059111717219495034, 0.30259736473146726] [0.6154886484146118, 0.5967175960540771, 1.667536973953247] [0.0, 0.0] 0.27081429958343506
pedestrian [1453.4382060817252, 1128.2101392922884, 1.7003993142221072] [-0.3260767572781262, -0.0057730380001069954, -0.005656558360841924, -0.9453087451953162] [0.646573543548584, 0.6899524331092834, 1.6363255977630615] [-0.2973328247983911, 0.17758700396479482] 0.24401652812957764
pedestrian [1449.7113672771272, 1157.131074561047, 0.9028816826957307] [-0.22746024252133906, -0.006322454124413009, -0.005034996929987443, -0.9737538258984632] [0.6021528244018555, 0.6247488260269165, 1.7142667770385742] [-0.33383917401380553, 0.11131442300200751] 0.23563343286514282
traffic_cone [1462.3909345784193, 1165.3494219361064, 0.8881310884644402] [-0.7702922487171926, 0.007325244078265573, -0.0034154676742907727, 0.6376398097248726] [0.3565293252468109, 0.3502886891365051, 0.9964021444320679] [0.0, 0.0] 0.232377827167511
traffic_cone [1478.1330784714144, 1139.9527037596422, 0.9542728790113632] [-0.04497829946317372, -0.007138775317384683, -0.00378978986332874, -0.9989552682463624] [0.3918686509132385, 0.4185217618942261, 0.7304580807685852] [0.0, 0.0] 0.21870295703411102
traffic_cone [1479.1532309119632, 1141.4514862222145, 1.1378622446254694] [-0.34320725893365944, -0.005669255760063243, -0.0057605693613808516, -0.9392249213021366] [0.3480317294597626, 0.35223957896232605, 0.7825057506561279] [2.2830530570122633e-05, -1.374288670854402e-05] 0.21508395671844482
pedestrian [1497.6625849493496, 1204.1932516342765, 0.4073864131402374] [-0.8215354759610183, -0.0013164217324207663, -0.00797443753895536, -0.5701001114868021] [0.6321772336959839, 0.6783583164215088, 1.7377219200134277] [0.09209722176822151, 0.16272266693101028] 0.20585910975933075
pedestrian [1477.7486721229955, 1184.6112078139668, 0.5273934056168568] [-0.9949719088614262, 0.004176512058074916, -0.006919636353815482, 0.0998277313997008] [0.6084582805633545, 0.5909730195999146, 1.732863426208496] [0.004296872904822065, 0.007114760350093089] 0.19658108055591583
pedestrian [1497.412388131311, 1203.8003057742944, 0.3500371552848853] [-0.5415144204480706, 0.0080149871929998, -0.0010414415664545358, 0.8406526082910534] [0.6865086555480957, 0.7554815411567688, 1.765700101852417] [-0.11459990765262713, -0.20048339252393288] 0.19584019482135773
pedestrian [1459.9609478040277, 1146.6577420041021, 1.7903383631313359] [-0.6440161655629566, 0.007817492879398669, -0.0020521757529122983, 0.764969184917502] [0.5470153093338013, 0.5875517129898071, 1.5449436902999878] [-0.11839717807469088, -0.46029869728941647] 0.1943301558494568
pedestrian [1476.4913725107356, 1220.4334897999356, -1.1327546934452002] [-0.6382559336767799, 0.00783267688673675, -0.001993437490434541, 0.769781812272895] [0.6119975447654724, 0.6302422881126404, 1.5517679452896118] [-0.03642416967652193, -0.031504215987617275] 0.19174794852733612
pedestrian [1472.8502803598951, 1181.4566245884619, 0.7679290711088191] [-0.9903012654933381, 0.004444193793544221, -0.006750834153326023, 0.13870140209116083] [0.5202738046646118, 0.49400609731674194, 1.5524027347564697] [0.0, 0.0] 0.18209604918956757
pedestrian [1473.5647506713983, 1200.4045811161216, 1.436100846966647] [-0.9993664926889526, 0.0032096786053096575, -0.007417720909478025, -0.034659611514593125] [0.6856979131698608, 0.7107999324798584, 1.6438395977020264] [0.021558163062939353, 0.007158344998408292] 0.1787574738264084
pedestrian [1473.8875735040317, 1183.6803697186053, 0.8782786689358528] [-0.9533676798536741, 0.005506499482526102, -0.005916340396666666, 0.3017030699051357] [0.6069825887680054, 0.5806535482406616, 1.7860296964645386] [0.0, 0.0] 0.16904594004154205
pedestrian [1497.1498553970284, 1203.409211371989, 0.295263103231294] [0.5324026763518798, -0.008025768570715573, 0.0009548084046572744, -0.8464526363554646] [0.6358064413070679, 0.6860997676849365, 1.6880738735198975] [-0.26107375570593055, -0.45579687710542377] 0.16639745235443115
pedestrian [1459.904884320191, 1147.0720989023318, 2.0153756191091605] [0.5142661339792222, -0.008044272671466655, 0.0007837712851239019, -0.857592571575702] [0.587436854839325, 0.630584180355072, 1.6014881134033203] [-0.13417970453716097, -0.27244275311974014] 0.1631927490234375
pedestrian [1448.0172565621765, 1159.0210829968812, 0.7625064083918865] [-0.7249609385933756, 0.007541337770083213, -0.0029073776634290956, 0.6887425592291889] [0.5763293504714966, 0.5917239785194397, 1.5290539264678955] [-0.013423948428961515, -0.008405301337611366] 0.16229045391082764
pedestrian [1474.4800852992048, 1182.1333323560382, 0.7562575652505373] [-0.9963537794033812, 0.0028321217696803554, -0.007569921170130681, -0.08493421953699837] [0.5687111020088196, 0.557411253452301, 1.6402831077575684] [0.0, 0.0] 0.15489047765731812
pedestrian [1468.3006500567524, 1181.6828075532228, 1.78870696618001] [-0.9883108983677111, 0.002312788211122542, -0.007744393516007737, -0.15223745776703074] [0.6950851082801819, 0.7317278385162354, 1.7473877668380737] [0.5847535419840442, 0.11361086203321105] 0.1535215824842453
traffic_cone [1461.1444101272195, 1162.5721262452014, 0.9896215127786712] [-0.8656356101974456, 0.0066549742453079035, -0.004586495179827248, 0.5006092944980715] [0.3793725371360779, 0.3799261152744293, 1.157070517539978] [0.0, 0.0] 0.1487264633178711
pedestrian [1478.5800669522473, 1209.42238179033, 1.7845961249637328] [-0.17482861480102235, -0.006583772057600272, -0.004688130302567536, -0.9845657067085551] [0.6113561987876892, 0.6102572679519653, 1.6311254501342773] [0.0, 0.0] 0.14539101719856262
traffic_cone [1462.0386760738259, 1165.4746348887197, 0.8831937985119804] [-0.6927070763882388, 0.007666399969646593, -0.0025594788035247975, 0.721173752781824] [0.39465269446372986, 0.39376652240753174, 1.0180975198745728] [0.0, 0.0] 0.14323338866233826
pedestrian [1469.5750400868485, 1191.9623700875477, 0.9015790662967083] [-0.9883866890732476, 0.0023166496842841264, -0.007743239275690527, -0.15174461520127974] [0.6107155680656433, 0.6227917671203613, 1.7237260341644287] [0.23026704500568607, 0.174305600086993] 0.1422860324382782
pedestrian [1473.1677136362161, 1182.0547397918633, 0.8435019777447285] [-0.9854768080643062, 0.004653235219977324, -0.006608481083263583, 0.16961761744331683] [0.6161158680915833, 0.6008741855621338, 1.7473937273025513] [0.0, 0.0] 0.1376248598098755
pedestrian [1474.605773656559, 1182.6794840521484, 0.720222046411408] [-0.9766548410211796, 0.004951596639483226, -0.006387981759534735, 0.2146625185952482] [0.5734257698059082, 0.5736429691314697, 1.6413452625274658] [0.0, 0.0] 0.13694129884243011
pedestrian [1448.0600980236952, 1157.0131454486573, 1.0372985713572995] [-0.06790128210135327, -0.007049884498706636, -0.003952688805760707, -0.9976593062106689] [0.6731115579605103, 0.7294581532478333, 1.7669415473937988] [-1.0840567007219168, 0.071134354033257] 0.12906023859977722
traffic_cone [1455.9407999290684, 1159.9367641532322, 0.9796047706611946] [-0.982373483005303, 0.002040167561774867, -0.0078206353041279, -0.18675388956535954] [0.5342907309532166, 0.5308030247688293, 1.5126261711120605] [2.8759040148184616e-05, -4.915969349858024e-05] 0.12816143035888672
traffic_cone [1456.3795203971677, 1159.7623761838256, 0.8989733714362593] [-0.9716411462599207, 0.001641020419389717, -0.007914017451549883, -0.23632214935225282] [0.5189721584320068, 0.5212737917900085, 1.4189800024032593] [0.0003887042264459512, -0.00010513994917003673] 0.12738527357578278
traffic_cone [1462.654310024149, 1165.6125027141575, 0.9367666134830288] [-0.9121401255365345, 0.0061529897809500834, -0.005240738210959779, 0.40979881254825035] [0.35592368245124817, 0.3529972732067108, 0.9897905588150024] [0.0, 0.0] 0.12023760378360748
pedestrian [1490.4056205063896, 1134.765484628052, 1.1201624634945793] [0.31478461559684123, -0.008021495857180724, -0.0009900628533191813, -0.9491287168573659] [0.6313658356666565, 0.6695940494537354, 1.3232948780059814] [-8.029054768070579e-05, 8.428462501817653e-06] 0.111847884953022
pedestrian [1508.7813549637171, 1195.8575990996987, 0.3607026411498304] [0.230870679013861, -0.007904692256358935, -0.0016853665988588954, -0.9729508748911426] [0.6048234701156616, 0.6356559991836548, 1.4717469215393066] [-0.008786930871711006, -0.016411333391439298] 0.10972899943590164
traffic_cone [1490.2120802841534, 1149.4681464773164, 0.6112450670962696] [-0.07951281076398115, -0.007003383933916621, -0.004034505386593085, -0.9968010775998251] [0.3457699716091156, 0.40689241886138916, 0.5970288515090942] [-0.0005237573414175987, -0.0006266254682792155] 0.10963467508554459
pedestrian [1474.998822982024, 1200.3696429793827, 1.7984100648308994] [0.21146152805641233, -0.007869584913167861, -0.0018423500033193678, -0.9773529032707724] [0.6712268590927124, 0.7062658071517944, 1.691491723060608] [0.0031432240476384076, -0.0011268689728877066] 0.10754740983247757
pedestrian [1450.4326247970114, 1129.9066638097822, 1.9782285853621633] [-0.8760906577394418, 0.006555885269363541, -0.004727048611473354, 0.4820786603879423] [0.7044227719306946, 0.7799052000045776, 1.509574055671692] [-0.012235039270677135, 0.014451311866262462] 0.10698407143354416
pedestrian [1470.3759476653968, 1192.7190401462087, 1.0019423558373008] [-0.9768664522858548, 0.004945282855655617, -0.006392870851022154, 0.21369747255924382] [0.5936712622642517, 0.5931766033172607, 1.694448709487915] [0.02023650925247619, 0.009700783195474636] 0.10574750602245331
pedestrian [1490.7812569000073, 1128.5175464044403, 1.9979194892305536] [-0.504381505872278, -0.0045574142655176765, -0.006674922879910002, -0.8634430913000428] [0.6403211951255798, 0.6563298106193542, 1.7683680057525635] [0.0028722843394239305, -0.0002112279188690901] 0.10481937229633331
traffic_cone [1468.2775927150499, 1173.9100200300243, 0.8192985832109255] [-0.9899133893808687, 0.004462870550486418, -0.006738501813451647, 0.1414431225059794] [0.46339190006256104, 0.510644793510437, 0.810407280921936] [0.0, 0.0] 0.10418291389942169
traffic_cone [1479.937255331594, 1143.212801616928, 1.0132201362499629] [0.16112684016467205, -0.007764896660314855, -0.0022429890982617866, -0.9869006113881525] [0.3496823310852051, 0.34019920229911804, 0.7131431102752686] [0.0, 0.0] 0.10212234407663345
traffic_cone [1448.1832688464067, 1192.8303378952194, -1.0029078274851493] [-0.951992478839772, 0.005533219056302336, -0.00589135868159992, 0.3060146983598456] [0.4141218662261963, 0.4216744303703308, 1.3447585105895996] [-0.001050873351728736, -0.0005327278718198677] 0.10092870891094208
pedestrian [1509.1775599909422, 1191.2944712729168, 0.6204398785384615] [-0.5363905323791427, 0.00802117420280777, -0.0009926654262646765, 0.8439312010784887] [0.7130675911903381, 0.7623799443244934, 1.8387616872787476] [-0.551031601336693, -1.127655718713137] 0.10004296898841858
