car [1321.3041263669568, 910.374564248336, 0.8786015687869436] [-0.8913108078884215, -0.006278966728240045, 0.03645465082536224, -0.4518812639967671] [1.8984264135360718, 4.602742671966553, 1.5406535863876343] [5.650414217496688, 7.865644750967681] 0.8647251725196838
car [1307.1566780957846, 896.1702955005804, 0.1375816813634081] [-0.8590314537255498, -0.0038223592206617575, 0.03679343093490536, -0.5105845615764294] [1.9540519714355469, 4.656912803649902, 1.7118208408355713] [2.683377202792907, 4.912616012232486] 0.8113269805908203
car [1325.38333009591, 908.1114714094923, 1.2478459121167598] [-0.41916409003539085, -0.03620215582007037, -0.007600717331461144, 0.9071566009432049] [1.906087040901184, 4.921439170837402, 1.873694896697998] [0.0, 0.0] 0.7630783915519714
car [1345.613649990016, 944.3435676869826, 2.0732428651653296] [-0.9054288670761201, -0.007452092966343474, 0.03623304155593901, -0.4228831986202334] [1.8856366872787476, 4.612653732299805, 1.6151971817016602] [7.124073431371488, 8.75321556077137] 0.7435812950134277
car [1311.1219000978917, 895.4867004439386, 0.22314946155834015] [-0.8738918832111509, -0.004919111836281172, 0.036662914896603456, -0.4847108514028695] [1.8222541809082031, 4.478894233703613, 1.5820300579071045] [5.458168455741013, 8.672430702796376] 0.7421172261238098
car [1304.0933356421156, 905.6053277356226, 0.2184541850878985] [-0.5039183383144453, 0.014489618736239218, 0.034035539350094846, -0.862958829446941] [1.7998052835464478, 4.3390350341796875, 1.6335320472717285] [-1.9981751253352933, 3.366052119979507] 0.7234848737716675
car [1303.6787837851423, 919.1867266675716, 0.062164818208063355] [-0.9490067849905595, -0.03027004937422588, 0.021262434029418097, 0.31307787378208046] [1.852347731590271, 4.326834678649902, 1.6182864904403687] [0.0, 0.0] 0.6747665405273438
car [1297.4362926497063, 924.2039003419827, 0.2639843731694287] [-0.9400334550545235, -0.030843606021544602, 0.0204215317143736, 0.3390704003422911] [1.9552216529846191, 4.5540595054626465, 1.667576789855957] [0.0, 0.0] 0.5969785451889038
car [1296.3072608985083, 854.525710034227, -1.176181683601655] [-0.4616223239109922, -0.03652127498919756, -0.005879069921071033, 0.8863049492567674] [1.922123670578003, 4.506063461303711, 1.7345318794250488] [0.0, 0.0] 0.5375378131866455
car [1308.4876098451332, 857.7249747837086, -0.7158511770015874] [-0.11489268054358526, 0.02693948429120825, 0.025350171125599393, -0.9926889265865396] [1.913063645362854, 4.355691909790039, 1.645179033279419] [0.0, 0.0] 0.15358108282089233
car [1365.5982647919648, 912.8556435954772, 3.392501829426931] [-0.36724931832832475, 0.019482615692964375, 0.031445105751669644, -0.9293866639872809] [1.9744867086410522, 4.585452556610107, 1.8502039909362793] [0.0, 0.0] 0.1344384402036667
car [1275.1760820739908, 883.2312118022104, -0.13715923407087516] [-0.9809470365050471, -0.016015257063277902, 0.03334484264726041, -0.1907211172943154] [1.8869051933288574, 4.382569313049316, 1.6948974132537842] [0.0, 0.0] 0.1336980164051056
car [1273.8500983917024, 889.5292484417173, -0.08018322163823033] [-0.9882144526773554, -0.017428495002624098, 0.032628431649666154, -0.14853897983230283] [1.883880853652954, 4.370841026306152, 1.6818166971206665] [0.0, 0.0] 0.11851130425930023
car [1296.977594013772, 867.4248522230619, -0.96056543725573] [-0.8661552344941941, -0.004341498860956078, 0.036735791506564086, -0.4984041961784971] [1.951695203781128, 4.658390045166016, 1.7061171531677246] [2.90624472541182, 4.54859465923722] 0.11792666465044022
car [1294.4585818093003, 923.0356567154217, 0.705993186972399] [-0.9098432869932409, -0.03238070403983053, 0.017884546286063056, 0.41329992272363325] [2.0296034812927246, 4.692249298095703, 1.7970995903015137] [0.0, 0.0] 0.10508166998624802
construction_vehicle [1337.2905240085965, 889.2669486136213, 1.6128808255690048] [-0.6195961156961257, 0.009589854578516169, 0.035726764185080376, -0.7840486505468263] [2.123044490814209, 3.3900890350341797, 2.197014808654785] [0.0, 0.0] 0.170449361205101
truck [1296.3301048362976, 854.138403787823, -1.1466711302458368] [-0.8547627620430097, -0.003516753169772953, 0.03682389763613191, -0.5176989990666696] [2.086970090866089, 5.071172714233398, 2.0133771896362305] [0.0, 0.0] 0.13441964983940125
truck [1294.4678992488734, 923.1128373206163, 0.6110403749699649] [-0.6566135745614137, 0.00785924706896277, 0.036146911700481815, -0.7533194851533506] [2.22261905670166, 5.504676342010498, 2.107771635055542] [0.0, 0.0] 0.1251608431339264
truck [1366.2335791605624, 912.5919222100069, 3.4278057384590976] [-0.3044406946620905, 0.02153663994303364, 0.030075573642701435, -0.9518127423205103] [2.284637928009033, 5.895241737365723, 2.420693874359131] [0.0, 0.0] 0.11501964926719666
construction_vehicle [1347.7578958352892, 960.0832775919027, 3.1553512454892494] [-0.4578011341681085, -0.0364956178618811, -0.006036295789055887, 0.8882847260672783] [2.2459769248962402, 4.089582920074463, 2.5534727573394775] [0.0, 0.0] 0.1130569577217102
construction_vehicle [1357.2999614992582, 927.4996260326768, 2.5798351330669393] [-0.2963259003861307, -0.03488948419836922, -0.012291903121371132, 0.9543702603132471] [2.0231595039367676, 3.585179567337036, 2.6124539375305176] [0.0, 0.0] 0.1097014769911766
construction_vehicle [1341.9928249173063, 867.328309174757, 2.6700117341461103] [-0.7361703636844847, 0.003798594450690351, 0.03679589202849434, -0.6757846022533214] [2.6674914360046387, 4.394025802612305, 2.883283853530884] [0.0, 0.0] 0.10927776992321014
construction_vehicle [1272.6721423192923, 913.1299521107709, 1.327366133734425] [-0.8593012943774825, -0.03413917658927213, 0.014243721837354286, 0.5101302956022212] [2.865797758102417, 4.909418106079102, 3.4374561309814453] [0.0, 0.0] 0.10640338063240051
bus [1299.088645580038, 918.9386652849876, 1.5788338339455925] [-0.9435505846624106, -0.03062693064770796, 0.020745074332812495, 0.32915638713725337] [2.814897060394287, 11.234610557556152, 4.570746421813965] [0.0, 0.0] 0.8648144006729126
barrier [1297.0820231001007, 866.1755207002394, -1.2687011508045738] [-0.9657897864626143, -0.02896600965258987, 0.02300733089212001, 0.2566743488830233] [2.2632110118865967, 0.4562371075153351, 1.0059514045715332] [0.0, 0.0] 0.14080758392810822
barrier [1301.1959879508647, 873.4765014647687, -0.7768784496753656] [-0.9655127429823672, -0.02899077576796088, 0.022976116084866077, 0.2577145245202366] [3.291081428527832, 0.6351252794265747, 0.9048300385475159] [0.0, 0.0] 0.1353779435157776
barrier [1335.3195191256073, 905.228380280303, 1.4095116945953319] [-0.3308055298329845, 0.020691496386939425, 0.030663153250158438, -0.9429736658263288] [2.462599515914917, 0.4266780912876129, 1.0365020036697388] [0.0, 0.0] 0.12180250883102417
barrier [1281.3949940640573, 864.9893263756643, -1.8282571124726128] [-0.9759250069041504, -0.027950860215378882, 0.02423048499708124, 0.2149465373276816] [2.323367118835449, 0.4975234866142273, 1.035796046257019] [0.0, 0.0] 0.12164124846458435
barrier [1308.8182051535568, 858.4079639984438, -0.7795357730389105] [-0.7746209800181924, 0.0016291133858610035, 0.03695555410962522, -0.6313429894484308] [2.15614914894104, 0.5650820732116699, 1.1107970476150513] [0.0, 0.0] 0.11872562766075134
barrier [1270.5132440608938, 920.9809781640345, -0.20884015361119912] [-0.9286325098215279, -0.009560474066848613, 0.035734637616611484, -0.36915212949757764] [2.555710554122925, 0.513695240020752, 0.9903663396835327] [0.0, 0.0] 0.11006322503089905
barrier [1346.3837042714374, 914.420466025559, 1.7421553871827375] [-0.5956639760588401, 0.01066315988567658, 0.03542123672637542, -0.8023814932037004] [2.427885055541992, 0.34335261583328247, 1.052632212638855] [0.0, 0.0] 0.10254037380218506
bicycle [1307.3394481422545, 889.8982224384199, -0.371319752579367] [-0.45613546874350097, 0.01632312060518278, 0.03319522139829898, -0.8891411964160546] [0.5198321342468262, 1.5842583179473877, 0.9960360527038574] [0.0, 0.0] 0.6574049592018127
bicycle [1301.7312351012279, 901.970810857866, 0.21546534824578667] [-0.6975875561528007, 0.005831955609076251, 0.036528828118996555, -0.7155440129794878] [0.610471248626709, 1.4443638324737549, 1.6880871057510376] [0.0, 0.0] 0.5680035948753357
motorcycle [1290.9750149536592, 877.0890402158383, -3.326940612002043] [-0.4798642423601449, 0.01542518526448105, 0.03362187754319895, -0.8765625715909564] [0.7536794543266296, 2.041269302368164, 1.3427115678787231] [0.0, 0.0] 0.23999598622322083
bicycle [1356.86854805802, 913.0522985379727, 1.7555642657889479] [-0.017788546994357834, 0.029277559722485275, 0.02260954414997651, -0.9991572451850889] [0.5706959366798401, 1.5856447219848633, 1.1742854118347168] [0.0, 0.0] 0.20725858211517334
motorcycle [1341.4205472710162, 875.0257436653919, 1.8811245554719112] [-0.6062912522853428, -0.03698872618165746, 0.0004484701013414494, 0.7943818668702711] [0.6308689713478088, 1.8278148174285889, 1.2105934619903564] [0.0, 0.0] 0.2008255571126938
motorcycle [1316.4112829693956, 866.540905469743, 0.2966027418765571] [-0.8703209230449069, -0.004650647576504206, 0.03669793546090276, -0.49109380358571764] [0.6735663414001465, 2.1476986408233643, 1.3921104669570923] [0.0, 0.0] 0.18824872374534607
bicycle [1332.0494696465869, 936.7927784977692, 1.5380065241917444] [-0.9269463394742544, -0.009398078061318585, 0.03577769023744813, -0.37336592874190644] [0.4713273048400879, 1.4565544128417969, 1.0846364498138428] [0.0, 0.0] 0.16290634870529175
bicycle [1345.4213041447615, 909.8274763047461, 1.8219649503004485] [-0.9528248697002731, -0.012111287003537682, 0.03495259242304308, -0.30125803008498186] [0.3809666931629181, 1.2895258665084839, 1.0504229068756104] [0.0, 0.0] 0.1595873236656189
bicycle [1299.534393173501, 897.7627442066741, -0.3773647601202177] [-0.9639193279114361, -0.013474406349168553, 0.03445007058789453, -0.26361176432168587] [0.5123739838600159, 1.5428086519241333, 1.0731662511825562] [0.0034310966866588936, 0.002286974204759914] 0.15289059281349182
motorcycle [1337.746149469448, 926.8457902782303, 1.3921554541660726] [-0.9375240008230779, -0.010446022944851696, 0.035485878805646916, -0.3459485234694837] [0.6210892200469971, 1.9493963718414307, 1.1907362937927246] [0.0, 0.0] 0.1510547399520874
motorcycle [1340.9086992279724, 858.070304014694, 2.3303529801170604] [0.022147810168089754, 0.030157563034707326, 0.021421680181094183, -0.9990701214203057] [0.6289116740226746, 2.0771212577819824, 1.3031233549118042] [0.0, 0.0] 0.14369073510169983
bicycle [1323.21719802353, 847.2766247420777, -0.3767290132736243] [-0.92326429667424, -0.009049017889090065, 0.03586756564385653, -0.38238027079943226] [0.6775548458099365, 1.8512599468231201, 1.2723984718322754] [0.0, 0.0] 0.14129354059696198
bicycle [1292.080016205916, 884.9809855597465, -0.576721897328021] [-0.9463335879182264, -0.011379572292465808, 0.03519761816393226, -0.3210675526861021] [0.7027682662010193, 1.8678065538406372, 1.5925860404968262] [2.8125207089404323, 1.819171401476778] 0.13796719908714294
bicycle [1306.283964980262, 927.9026781470586, 1.5413145175675818] [0.11450659871950891, 0.032010515935597034, 0.018538982159501574, -0.9927335351743264] [0.604783296585083, 1.7435545921325684, 1.2139678001403809] [0.0, 0.0] 0.13729152083396912
motorcycle [1290.2849593591347, 877.2755768066341, -3.477083937079578] [-0.6275422407066493, 0.009225815084278926, 0.035822497484180524, -0.7777032654804172] [0.7449859380722046, 1.9968674182891846, 1.4468302726745605] [-0.0008392302836915647, -0.00033435954391320734] 0.13645365834236145
bicycle [1294.443048058834, 892.167710203182, -0.37554119891992266] [-0.4483030530479555, -0.03642917603848583, -0.006425116584968631, 0.8931158970916979] [0.5315880179405212, 1.6426664590835571, 1.1333162784576416] [0.0, 0.0] 0.13500641286373138
bicycle [1345.4426449649818, 914.0848285460035, 1.7832314916383822] [-0.971245180217226, -0.014480305539917145, 0.03403950266152657, -0.23519020582250982] [0.512790322303772, 1.577881097793579, 1.0845520496368408] [0.0, 0.0] 0.13460350036621094
bicycle [1265.0861863383063, 919.5245512750942, -0.2949379963617247] [-0.9945015909493893, -0.024887714642070128, 0.027367291606374154, 0.09797049866750607] [0.655903697013855, 1.7937757968902588, 1.8103986978530884] [1.1186164012690942, -0.4581535028845312] 0.13452965021133423
bicycle [1303.8378419420435, 899.0982739600366, -0.8412830679529495] [-0.893725238760484, -0.033027829170873574, 0.016659216375118663, 0.44708705037446794] [0.44961053133010864, 1.3502384424209595, 0.8976574540138245] [0.0, 0.0] 0.1326483190059662
motorcycle [1295.055864308621, 922.9259834455144, 1.0438888208060049] [-0.8658637182349204, -0.004320022290041537, 0.03673832327947171, -0.49891046737307965] [0.7360756397247314, 2.3065710067749023, 1.4426958560943604] [0.0, 0.0] 0.13086900115013123
motorcycle [1348.4400898663062, 877.3540328224158, 1.496339677320679] [-0.11152579101639343, 0.027025292363301114, 0.02525867301842137, -0.993072822580597] [0.6028994917869568, 1.8393641710281372, 1.2072486877441406] [0.0, 0.0] 0.12804965674877167
bicycle [1304.0816439193618, 899.2857059136644, -0.8143254830096327] [-0.962142812106748, -0.013244736095189131, 0.03453902076988031, -0.2700237806589364] [0.4155157208442688, 1.3130570650100708, 0.8737778663635254] [0.0, 0.0] 0.12235019356012344
motorcycle [1339.9965659173884, 857.4687115976651, 2.284679343192143] [-0.8548472070024569, -0.003522760496748595, 0.03682332343034747, -0.5175595479653767] [0.6934404373168945, 2.0243148803710938, 1.2314348220825195] [0.0, 0.0] 0.1216302216053009
motorcycle [1281.4372426297643, 865.0981990045694, -1.8535250576247952] [-0.9942791068876622, -0.018997887398783036, 0.03174030977096143, -0.10020324653772009] [0.707649827003479, 1.925452709197998, 1.4801427125930786] [0.24298492303235042, 0.27503309443313606] 0.11630308628082275
bicycle [1284.1252386145418, 891.749188869712, -0.08494216811581934] [-0.39257242983203333, -0.03596549394184406, -0.008651603059121913, 0.9189768878191658] [0.6747373938560486, 1.7812119722366333, 1.6475083827972412] [-0.8471888460701491, -1.0507349065622609] 0.11581171303987503
motorcycle [1356.9363296826436, 913.6808552315049, 2.261188742401841] [-0.3932773817654603, -0.035972121133727185, -0.008624006674040036, 0.9186754236408693] [0.6862177848815918, 1.9729937314987183, 1.2812734842300415] [0.0, 0.0] 0.11540190130472183
motorcycle [1280.9050673604422, 916.206702844332, 0.15451154898872055] [-0.999296247718314, -0.022268969797534233, 0.029537433438434315, 0.006216293600237843] [0.607894241809845, 1.9521064758300781, 1.3208723068237305] [0.0, 0.0] 0.11518897116184235
bicycle [1292.201713287349, 917.3803306986138, -0.5194035789404843] [-0.04873858045130425, 0.02856295272733135, 0.023505844410904787, -0.9981263365855136] [0.5553244352340698, 1.6195861101150513, 1.0927495956420898] [0.0, 0.0] 0.11472849547863007
bicycle [1297.9783191230638, 901.0442943525401, 0.041930257666495496] [-0.9105608805646834, -0.007897111720414986, 0.036138658199339854, -0.41171654787644185] [0.5800583958625793, 1.637014389038086, 1.1339671611785889] [0.0, 0.0] 0.11408671736717224
motorcycle [1340.8224055016126, 875.7696623124414, 1.7945591997470425] [-0.524159990291393, 0.013681691029298318, 0.03436827491382492, -0.8508160421546793] [0.8541644811630249, 2.1267640590667725, 1.5612597465515137] [0.0004085315507305345, -0.0007842262493910623] 0.10886971652507782
bicycle [1325.783637452164, 875.9578111447128, 1.0597244246529005] [-0.9371999078665973, -0.031011279679752615, 0.020165999171813723, 0.34682555514965663] [0.6089532375335693, 1.5339632034301758, 1.1429755687713623] [0.0, 0.0] 0.10868183523416519
bicycle [1299.7256598136487, 898.4158265485511, -0.1744508082568127] [-0.9992728622728266, -0.02180946391461462, 0.029878324479972962, -0.00924011553491877] [0.5915178060531616, 1.6202960014343262, 1.1491931676864624] [0.008585677438338915, -0.002814428007478238] 0.1053856760263443
motorcycle [1301.2907461978737, 848.7180119092949, -1.3969041029106122] [-0.8725680910009654, -0.004819208924935326, 0.03667618048967549, -0.48708988860061253] [0.8037813305854797, 2.0909509658813477, 1.6828441619873047] [2.5950982953889636, 3.96733874318919] 0.10233639925718307
motorcycle [1281.43590259392, 916.5625312405023, 0.19106062834099002] [-0.6530590842268849, -0.03689448166027218, 0.0026766047510360857, 0.7564029782587908] [0.5966079235076904, 1.8944653272628784, 1.2822420597076416] [0.0, 0.0] 0.10203739255666733
motorcycle [1347.1210224056044, 875.1493636143142, 2.304594588558766] [-0.9990807569461961, -0.021436319862474743, 0.030147158750487582, -0.02166273551151876] [0.6894976496696472, 2.0084333419799805, 1.3964802026748657] [0.0, 0.0] 0.10175052285194397
pedestrian [1333.9550111242884, 907.2459543699266, 1.5030874040400222] [-0.37024348463430556, 0.01938114450485829, 0.03150774869226981, -0.9281979288362333] [0.642379105091095, 0.5886721611022949, 1.7888970375061035] [0.0, 0.0] 0.8497556447982788
pedestrian [1310.6230367246642, 918.0339909508841, 0.6173618754829924] [-0.5266706407791604, -0.0368588863225724, -0.0031288159155045516, 0.8492641927876713] [0.6221441626548767, 0.5681763291358948, 1.8646693229675293] [0.0, 0.0] 0.813257098197937
pedestrian [1330.0036447914217, 904.0239030634312, 1.3184264659811464] [-0.3475179899079148, 0.020143078358477944, 0.031026172567973104, -0.9369433705941831] [0.6500455737113953, 0.6094484329223633, 1.8129451274871826] [-0.0004949073588271387, -0.0006616371547916208] 0.8071329593658447
pedestrian [1330.8116551625833, 905.2555907276126, 1.3246660838975772] [-0.48271350669866925, 0.015315718395354337, 0.033671883820297815, -0.8749967448286308] [0.6467577219009399, 0.6459025144577026, 1.7561960220336914] [0.0007876145174827896, 0.008183864065685928] 0.79793381690979
pedestrian [1328.5943847120689, 903.1050120432348, 1.2425482716848826] [-0.343973247593425, 0.020260233625624246, 0.03094979682338082, -0.9382505198240279] [0.6676214933395386, 0.6223023533821106, 1.787561058998108] [0.0, 0.0] 0.7914091348648071
pedestrian [1332.820651070975, 904.6703534057796, 1.5366073302086072] [-0.3054610796930768, 0.021504379698351183, 0.03009864853714483, -0.9514857654230915] [0.6315575242042542, 0.6110515594482422, 1.858821153640747] [0.0, 0.0] 0.7665054202079773
pedestrian [1334.13819317853, 905.2472764060122, 1.550592648329447] [-0.39718640021985063, 0.018452944396772676, 0.03206019078332263, -0.9169921463624555] [0.6170100569725037, 0.5919783711433411, 1.8122937679290771] [0.0, 0.0] 0.7560452222824097
pedestrian [1296.3193179344164, 907.8080399183252, 0.31581484454347564] [-0.9103589179375287, -0.032358335373491726, 0.017924985964570886, 0.41216292111450076] [0.7163161039352417, 0.8435217142105103, 1.8198579549789429] [0.871680666430248, -1.0605365940603653] 0.6904423236846924
pedestrian [1331.5446920964725, 903.1364043771132, 1.4899569323749442] [-0.3242664430519, 0.020903376871165488, 0.030519105906881557, -0.9452422477441934] [0.6033008098602295, 0.5950438380241394, 1.7753870487213135] [0.0, 0.0] 0.6819818019866943
pedestrian [1265.0392640831747, 919.4795293897803, -0.32028272200938357] [-0.9743269649327424, -0.028127314812793354, 0.024025427184452823, 0.22207791068671526] [0.6769795417785645, 0.7145806550979614, 1.8881819248199463] [1.044387136300091, -0.4586212225164921] 0.3543294668197632
pedestrian [1352.0778191340855, 922.1018240377433, 2.3036740442005517] [-0.25535011564342747, 0.023047018500465956, 0.02893444190255981, -0.9661407513664426] [0.6112356781959534, 0.5767935514450073, 1.7852234840393066] [-7.403587968750947e-05, -5.562674395599179e-05] 0.3490750789642334
pedestrian [1353.5502075290249, 924.9532104200701, 2.489027422561387] [-0.5959007156848893, -0.036991430110504445, -3.299019694082226e-05, 0.8022056906157317] [0.6600679159164429, 0.7148146629333496, 1.8051507472991943] [-0.2665226709759121, -0.8996563103448515] 0.3296194076538086
pedestrian [1351.4060909571767, 921.3169965877642, 2.2065223588407785] [-0.49407527191955036, 0.01487561360147635, 0.03386861541239915, -0.8686318314957431] [0.6014028191566467, 0.586326003074646, 1.7321513891220093] [0.0, 0.0] 0.32417476177215576
pedestrian [1284.2121128676663, 891.7811619007423, -0.13421997305702704] [-0.4580275159460335, -0.03649715514396977, -0.006026993974646913, 0.888168017689408] [0.6359869241714478, 0.6925626993179321, 1.770941138267517] [-0.8237266533615102, -1.1467947099650646] 0.27930766344070435
pedestrian [1310.1348957755717, 918.7351480804778, 0.6585045652819275] [-0.4739922371593676, -0.03660004471160129, -0.0053669094535137695, 0.8797516650297879] [0.6297163367271423, 0.6297026872634888, 1.8432589769363403] [0.0, 0.0] 0.24751999974250793
pedestrian [1334.35205361915, 907.5725388599934, 1.5187808812965051] [-0.3041296710675633, 0.02154646606692304, 0.030068534882836628, -0.9519121683151036] [0.6563968062400818, 0.6321851015090942, 1.7691946029663086] [0.0, 0.0] 0.24334466457366943
pedestrian [1333.3594990091794, 904.8187962574553, 1.5502628650185266] [-0.3937604733069193, 0.018572497482121746, 0.031991081995612625, -0.9184684658011604] [0.632988691329956, 0.6267781853675842, 1.8568779230117798] [0.0, 0.0] 0.2409428060054779
pedestrian [1341.0890990272826, 875.156773109147, 1.8005809991194157] [-0.43559768690029876, 0.017081084038619136, 0.03281163753973672, -0.8993810583824499] [0.6183450818061829, 0.6241683959960938, 1.6757327318191528] [-0.0019068695332769647, -0.0008270957517496447] 0.21724864840507507
pedestrian [1332.9438766592014, 905.9188203832334, 1.4151043577691573] [-0.3632581752097026, 0.019617359323969647, 0.03136122132710539, -0.9309538823987703] [0.6269404888153076, 0.6236851215362549, 1.8186399936676025] [0.0, 0.0] 0.2068175971508026
pedestrian [1334.3043642461223, 904.8083058745673, 1.577359287103186] [-0.3713365583601207, 0.01934401787068801, 0.031530556014633365, -0.9277611726275716] [0.6254556179046631, 0.6552020907402039, 1.7791337966918945] [0.0, 0.0] 0.19305402040481567
pedestrian [1332.4215095916397, 904.6334381800988, 1.5002854410413444] [-0.37316114377181786, 0.01928194630705142, 0.03156855296945705, -0.9270287987915666] [0.6586692333221436, 0.6731507778167725, 1.8347042798995972] [0.0, 0.0] 0.18268461525440216
pedestrian [1288.596732692021, 899.8206746333951, 0.3339806105504388] [-0.9791290851559201, -0.027573207589215554, 0.02465938387745028, 0.19984460866322434] [0.6459560394287109, 0.6362558603286743, 1.7620669603347778] [0.0, 0.0] 0.18260277807712555
pedestrian [1334.1456581184757, 880.7845668774523, 1.8402471560832372] [-0.975883709249229, -0.027955513071643324, 0.02422511669475729, 0.21513395601808816] [0.5390034914016724, 0.5227999091148376, 1.6398156881332397] [0.0, 0.0] 0.17555004358291626
pedestrian [1279.1257686962813, 911.5657722292009, -0.018235359324801026] [0.03484109763152465, 0.03042733120435634, 0.02103674180461014, -0.9987080308708131] [0.6110177040100098, 0.6467899084091187, 1.5910751819610596] [-0.025425476601916748, 0.02367086026879149] 0.16703805327415466
pedestrian [1353.0057694749266, 921.7962712897764, 2.425277787064857] [-0.28269448369350625, 0.022215707305302, 0.0295775140757059, -0.9584964589915228] [0.6175477504730225, 0.5897772312164307, 1.824560523033142] [-0.00031585988744717796, 0.0006596242944347755] 0.16680769622325897
pedestrian [1353.5181402152846, 923.4963479952099, 2.3674842424204794] [-0.14424855432597183, 0.026176716985115107, 0.026137070950177553, -0.988849830654227] [0.6245191097259521, 0.6289443969726562, 1.7738738059997559] [-0.012950424971590928, -0.1135120134145487] 0.16604343056678772
pedestrian [1333.0067457898717, 905.1566350192057, 1.5059633408525421] [-0.34743712334971055, 0.02014575607563609, 0.031024433953166664, -0.9369733605223278] [0.6475257873535156, 0.6465570330619812, 1.8719357252120972] [0.0, 0.0] 0.1627885401248932
pedestrian [1327.858945075318, 898.9874446742892, 1.0768480822021584] [-0.30903619646510366, 0.02139106662815894, 0.030179285254675833, -0.9503306068334367] [0.5208228230476379, 0.5146043300628662, 1.522739052772522] [3.083915507700507e-05, -4.048861587521565e-05] 0.15728861093521118
traffic_cone [1319.562209789433, 886.9121162100475, 0.36907136426147946] [-0.10956171024621003, 0.02707519010088627, 0.025205179447373494, -0.9932914298723975] [0.4139755368232727, 0.4041774868965149, 1.3384815454483032] [0.0, 0.0] 0.15175610780715942
pedestrian [1334.727566741923, 905.0121737494463, 1.5303078963304981] [-0.396774410412005, 0.018467345260997, 0.032051897743886566, -0.9171704859251808] [0.6171131134033203, 0.6649351716041565, 1.725879192352295] [0.0, 0.0] 0.1477576345205307
pedestrian [1310.7071154795613, 918.5048093278037, 0.6620264932957416] [-0.4748014583654251, -0.036604967084041165, -0.005333233048507432, 0.8793151927176578] [0.689178466796875, 0.6867364645004272, 1.9111049175262451] [0.0, 0.0] 0.14434409141540527
pedestrian [1288.772151017403, 899.4446927209349, 0.39598090417599185] [-0.9389417242922689, -0.0309089094350209, 0.02032255661847459, 0.34208196589865325] [0.657241702079773, 0.6394325494766235, 1.7783337831497192] [-0.00021995376573725168, 0.0001248715379900135] 0.14315372705459595
pedestrian [1356.039691010674, 927.5032962829371, 2.223158638596219] [-0.45358752287862836, 0.0164181089432774, 0.033148343679588334, -0.8904437051823412] [0.6068474054336548, 0.6041780710220337, 1.5785295963287354] [0.0007457345301511466, -0.000579460231433517] 0.14299845695495605
traffic_cone [1294.456288963565, 892.1601043064431, -0.41471480799614013] [-0.9883359160438207, -0.02622905699439842, 0.026084546366728877, 0.14772863658698] [0.4300025999546051, 0.43294620513916016, 0.9386441707611084] [0.0, 0.0] 0.13068529963493347
traffic_cone [1356.6386718056112, 913.0239435770094, 1.8005346858805855] [-0.42070063255995743, 0.017620077792246735, 0.03252537238170537, -0.9064450401285662] [0.47136592864990234, 0.4894692897796631, 1.0705273151397705] [6.142817992977798e-05, 0.00023050625640512034] 0.1259913444519043
traffic_cone [1323.2801459181535, 847.331457954355, -0.3217288775327358] [-0.672500588415436, 0.007088012473560636, 0.03630601973706396, -0.7391715576176607] [0.5133001804351807, 0.518014669418335, 1.4678497314453125] [0.00010843171953184079, 9.739758472222623e-05] 0.12265311181545258
pedestrian [1333.8337214234768, 905.5607780180768, 1.5222194639978623] [-0.43275180841107036, 0.017184743880761744, 0.03275746583186879, -0.900753853906257] [0.6550726890563965, 0.6596614122390747, 1.8387022018432617] [0.0, 0.0] 0.1192222312092781
pedestrian [1296.7191561976163, 908.0710476225383, 0.24709344828765312] [-0.9400968177276932, -0.03083978828664382, 0.020427296649542633, 0.3388946832104196] [0.7397053241729736, 0.8622761964797974, 1.8486136198043823] [0.8438982738785582, -0.7742127460552023] 0.11910967528820038
traffic_cone [1293.8299057570339, 885.4345805003048, -1.011086107300181] [-0.9941288643627783, -0.018950624490245, 0.031768550823151435, -0.10168300767974622] [0.46830955147743225, 0.48027095198631287, 1.0571285486221313] [0.011181017655424556, 0.003795076923604414] 0.11764892190694809
pedestrian [1275.6231149794728, 889.510882855839, -0.11381645742518742] [-0.9138215558638153, -0.032205157712834546, 0.018198758382507382, 0.4044277402066558] [0.6167365312576294, 0.6360439658164978, 1.6923854351043701] [0.0037334451887349506, 0.006840388794711573] 0.11688929796218872
pedestrian [1301.736804547916, 902.003294782709, 0.2258464258572227] [-0.8261643845352308, -0.0015628407718068045, 0.03695841607395273, -0.5622135205911982] [0.6841894388198853, 0.7502603530883789, 1.6306369304656982] [-0.002826293807287451, 0.015560452458093482] 0.1168290302157402
pedestrian [1336.0873627822625, 906.0451808989934, 1.6256459889875299] [-0.32996574318714555, 0.02071879168818419, 0.03064471668909763, -0.9432678523796838] [0.4807091951370239, 0.4767049551010132, 1.5477439165115356] [-0.0001552880044711023, -0.0012974021532863428] 0.11621873080730438
traffic_cone [1292.3530651443148, 907.6075242132549, 0.17092864725101564] [-0.94281431116797, -0.010999141593514457, 0.035318350388703734, -0.33125942653288015] [0.4230845272541046, 0.42488691210746765, 1.3437896966934204] [0.0, 0.0] 0.11539144068956375
pedestrian [1346.773407964745, 855.974990331073, 1.8077915965454248] [-0.2909777665459589, 0.02195894147599977, 0.02976863919004438, -0.9560144205951872] [0.6110386848449707, 0.6354435682296753, 1.7434542179107666] [-0.024653377761200326, -0.031573972616103604] 0.10996721684932709
traffic_cone [1297.7383253815833, 895.738765558538, 0.033223298017432734] [-0.9992486386261286, -0.02242680518586503, 0.029417773524328564, 0.011566815199321512] [0.36726707220077515, 0.3602825105190277, 0.9775439500808716] [0.0, 0.0] 0.10815703123807907
pedestrian [1333.805776311417, 904.4315607964123, 1.5488471154049905] [-0.3819941228459394, 0.01897969491194805, 0.03175119164728786, -0.9234241295965726] [0.6091595888137817, 0.643109917640686, 1.7687404155731201] [0.0, 0.0] 0.1067463681101799
pedestrian [1264.9370961094264, 919.0511355466493, -0.37509932736384144] [-0.9684851474266084, -0.028717772251615696, 0.023316443701340065, 0.2463090583476112] [0.7245296239852905, 0.7919984459877014, 1.937741994857788] [0.8376485785840918, -0.6854457882114627] 0.10577674210071564
pedestrian [1280.0575623119316, 913.0289461392971, 0.038064949560323136] [-0.5458076622620877, -0.03692039748122934, -0.00229155837836689, 0.8370935603778237] [0.5492526292800903, 0.5734038352966309, 1.3848824501037598] [-0.00994300876516383, 0.010771861792237521] 0.10568985342979431
pedestrian [1292.0426981669057, 884.9631626250878, -0.6293223148629277] [-0.9612096505693845, -0.01312602229535363, 0.03458431044093996, -0.2733269848776518] [0.620180606842041, 0.6696913242340088, 1.6396087408065796] [0.509642590225176, 0.3549970044321556] 0.10563930869102478
pedestrian [1278.778949458597, 906.5328977886476, 0.21632502542393994] [-0.9884741641939977, -0.026204557968332196, 0.026109158003615265, 0.1468007484006944] [0.7416900992393494, 0.6646670699119568, 1.8465040922164917] [0.004386100309715862, -0.005380521927841526] 0.10546192526817322
pedestrian [1328.5269558650232, 873.8193192025807, 1.4853572012383967] [-0.8852638795657498, -0.03333166311014402, 0.016042668864166373, 0.46361567763204875] [0.6107948422431946, 0.5817274451255798, 1.7503998279571533] [2.6379314416705043e-05, 1.1900251830180013e-05] 0.10530748963356018
pedestrian [1309.5987449801707, 858.2338894401195, -0.6344292048482802] [-0.5480018653573488, 0.012704681542401067, 0.03474130188809284, -0.8356587752036666] [0.6074374914169312, 0.6413489580154419, 1.4585011005401611] [1.1549377507710461e-06, -2.622414121266831e-06] 0.10133213549852371
pedestrian [1333.7864787288875, 906.7122583683187, 1.489624692657631] [-0.3829841892858281, 0.01894563381177708, 0.03177152733885291, -0.9230139455973041] [0.656633198261261, 0.6474014520645142, 1.805757999420166] [0.0, 0.0] 0.10118748992681503
