car [1318.999075320281, 907.4288922633398, 0.7881295492405054] [-0.8852726271823353, -0.0057470311358336435, 0.03646234555910097, -0.46360526803643887] [1.8181735277175903, 4.361248016357422, 1.5870401859283447] [5.583046948611836, 8.091265593071412] 0.8567743301391602
car [1321.0634235367584, 896.4896068146955, 0.6372991062201077] [-0.46773350852279016, -0.03648878073470766, -0.005576727628453636, 0.883098428259508] [1.8809096813201904, 4.672480583190918, 1.642524003982544] [-8.119056698026931, -11.475789757657644] 0.8052455186843872
car [1312.1376865821546, 904.3445715642881, 0.49857992959276837] [-0.8782070882394997, -0.005198540355105223, 0.036544578102967254, -0.476854043870189] [1.8940738439559937, 4.564276218414307, 1.6375800371170044] [3.257874009308104, 5.089471118403228] 0.7685945630073547
car [1325.2353681332993, 907.9645283871565, 1.2413152518652522] [-0.4191607973330547, -0.03613271040882514, -0.007547068905178423, 0.9071613389957547] [1.8793333768844604, 4.559678077697754, 1.845170497894287] [0.0, 0.0] 0.762856125831604
car [1331.0310281205457, 922.8254498283915, 1.451622421089838] [-0.9112227866792085, -0.007900564016049997, 0.036057067251453315, -0.4102566294723705] [1.770037293434143, 4.246931552886963, 1.4899556636810303] [7.39931586811151, 8.457932599840788] 0.6835800409317017
car [1298.5448520649152, 910.4941710386184, 0.22386921972235785] [-0.32110702817861403, 0.020992011893287716, 0.030362253658442393, -0.9463232774500221] [1.9906895160675049, 4.731581211090088, 1.708418846130371] [-4.296330695186655, 3.3463416812938034] 0.6266798973083496
car [1305.3553585622285, 886.7004745706964, -0.2890875458341887] [-0.8594718427104132, -0.003807496086298727, 0.03671558230643157, -0.5098486251598795] [1.8255146741867065, 4.551313400268555, 1.5010125637054443] [4.215151286199401, 7.621337538652497] 0.5959281921386719
car [1296.3325570817315, 854.1959653388249, -1.4149700611451625] [-0.492231496856268, -0.036630385079240935, -0.004554766678333188, 0.8696813338758572] [1.9341208934783936, 4.48811149597168, 1.7075823545455933] [0.0, 0.0] 0.5678895711898804
car [1287.322042770867, 861.6081421593113, -1.5421186529737052] [-0.8590454535998605, -0.003776810934070746, 0.03671875147272596, -0.5105667220245189] [1.9297847747802734, 4.497408866882324, 1.6949999332427979] [5.382828992531141, 10.150368546764904] 0.5508408546447754
car [1297.3893431774686, 924.1730376840262, 0.3748362363045749] [-0.9466819571558146, -0.03033874764831028, 0.021025969696536678, 0.32004802918482234] [1.9780633449554443, 4.589685440063477, 1.6986896991729736] [0.00047178038081288664, -0.0008533302489506158] 0.5189007520675659
car [1303.649273743863, 919.2096349393478, 0.08917303103558546] [-0.944689359163195, -0.030467892843313395, 0.020838390442543868, 0.32588262253959555] [1.8750032186508179, 4.36258602142334, 1.6353331804275513] [0.0, 0.0] 0.47308969497680664
car [1292.7840234246348, 915.5440135150459, 0.14519376153317032] [-0.9244028411143321, -0.03161495286460651, 0.019053235051199043, 0.37962725972880773] [2.0106935501098633, 4.701655387878418, 1.7356699705123901] [0.003021040322005006, 0.0030647204330141683] 0.15069854259490967
car [1308.4794813891083, 857.7015672421701, -0.8305549762598861] [-0.11143813046805084, 0.02699604937781089, 0.025174279106626424, -0.9930856015808699] [1.9256095886230469, 4.357515335083008, 1.6494163274765015] [0.0, 0.0] 0.14338359236717224
car [1275.1589460453515, 883.214607647209, -0.11166161229467164] [-0.44473520984231446, -0.03633232770622165, -0.006518663512964184, 0.8949011465608732] [1.8898108005523682, 4.387270927429199, 1.7049124240875244] [0.0, 0.0] 0.12502360343933105
car [1295.5024664509672, 864.2651577397111, -0.8643905118134361] [-0.4951939163209885, -0.03664570216765209, -0.0044298446008038065, 0.8679979575022827] [1.9155731201171875, 4.568619728088379, 1.6325490474700928] [-4.584245397215191, -7.3303009937275] 0.12371458113193512
car [1304.3904144175121, 852.8848050710214, -1.063344058196134] [-0.8329142802534423, -0.001967614212439304, 0.03685999870942128, -0.5521696032373957] [1.9147804975509644, 4.47169303894043, 1.6787422895431519] [0.04971104391495382, 0.09161410957277429] 0.1136070117354393
car [1266.9289681320818, 926.5861832983346, 0.5162125484665623] [-0.3232989751418188, 0.020921600483605775, 0.030410814585471367, -0.9455766714876706] [2.06076717376709, 4.796413421630859, 1.8628275394439697] [-1.2682574104267237, 1.1531863892416574] 0.10265667736530304
construction_vehicle [1327.6593221032842, 897.2797959397958, 1.4000672769500122] [-0.4354118093157314, -0.03626262714603972, -0.006895859845939042, 0.8994743049681041] [2.178807258605957, 5.408821105957031, 2.6948413848876953] [0.0, 0.0] 0.19707787036895752
construction_vehicle [1296.7537167163932, 854.9556867180696, -1.4055629467892063] [-0.5195398425910858, -0.03675630947345157, -0.0033918615006196815, 0.8536485347904502] [2.2319681644439697, 3.744971513748169, 2.3501267433166504] [0.0, 0.0] 0.18161910772323608
construction_vehicle [1335.6456713673751, 894.839457663703, 1.6644679005212846] [-0.9483605279180012, -0.030227178965320123, 0.021186048766724766, 0.3150393278251823] [2.8014938831329346, 8.673773765563965, 2.857387065887451] [0.0, 0.0] 0.15114295482635498
construction_vehicle [1336.0422588007077, 906.4258894291638, 1.7017197509992639] [-0.40066738949212044, -0.03597213461864685, -0.008278679938582, 0.9154797168627069] [1.7046812772750854, 3.5952916145324707, 2.1868631839752197] [0.0, 0.0] 0.14027006924152374
truck [1294.4897248364175, 923.0885169443354, 0.6855857038581453] [-0.43449901423457093, 0.017118685133216044, 0.032702929988876216, -0.8999155936078886] [2.242274761199951, 5.620920181274414, 2.0237598419189453] [0.0, 0.0] 0.10528858751058578
truck [1287.0187164839954, 860.9629375407807, -1.5896669543929975] [-0.8625463588477561, -0.00402996732343989, 0.036691829797920114, -0.5046298126626394] [2.0650994777679443, 5.743966579437256, 1.949733853340149] [5.113550043884574, 10.196220941699416] 0.10203878581523895
construction_vehicle [1354.7638406251137, 923.724894839821, 2.701361292182268] [-0.36065181828172, -0.03557993512468425, -0.009828490579473074, 0.9319698144036327] [1.855400800704956, 3.5498456954956055, 2.773749351501465] [0.0, 0.0] 0.1006351038813591
bus [1299.1270894782722, 918.9907738596869, 1.6374513890483469] [-0.9454458901271379, -0.0304192703351161, 0.02090930421670356, 0.32368122872844607] [2.8200483322143555, 11.260956764221191, 4.6720662117004395] [0.0, 0.0] 0.8734104037284851
trailer [1273.1621017905466, 921.373295550785, 0.38329538624444526] [-0.989463965209702, -0.017638239523140996, 0.03242566139760048, -0.13999475183358107] [3.0661568641662598, 14.633212089538574, 3.2947256565093994] [0.0, 0.0] 0.10691466927528381
barrier [1308.7611742318516, 858.4201258499362, -0.9249153264392385] [-0.7696640071985361, 0.001952236623905047, 0.03686081635981242, -0.637381192860712] [2.140918731689453, 0.563274085521698, 1.094712734222412] [0.0, 0.0] 0.14001025259494781
barrier [1346.5176772038242, 914.2705456169363, 1.7131574279819042] [-0.5778911695496531, 0.011451004374869723, 0.03509138796562834, -0.8152786426406538] [2.349184274673462, 0.34371626377105713, 1.0727972984313965] [0.0, 0.0] 0.12842723727226257
barrier [1300.0080777063117, 892.7723790357394, -0.24561542364340105] [-0.9580398969842013, -0.029527219547629317, 0.0221511696380491, 0.2842481746220257] [2.072584390640259, 0.5141969919204712, 1.019355058670044] [0.0, 0.0] 0.11745898425579071
barrier [1288.2387970860038, 909.6281244125996, -0.34325146612543933] [-0.9751725375537366, -0.0149999277072939, 0.033727335787510526, -0.21834832490875394] [2.428431510925293, 0.5554616451263428, 0.9930008053779602] [0.0, 0.0] 0.11383145302534103
bicycle [1297.349964799179, 906.1518802130214, 0.27838541808873773] [-0.8857448437624226, -0.033227241255729054, 0.01607735827432817, 0.4627024321718377] [0.8043215274810791, 1.82309889793396, 1.9645757675170898] [0.5999881567757384, -0.7330508353726405] 0.39955049753189087
bicycle [1332.0699375000984, 936.815526494288, 1.5446227696620554] [-0.9409991149148813, -0.010746824907409913, 0.03531340772223781, -0.3363898552555687] [0.4650017321109772, 1.4876396656036377, 1.1059941053390503] [0.0, 0.0] 0.2354336977005005
bicycle [1335.515793368573, 906.9877490670326, 1.724406610109385] [-0.7816561219573301, 0.0012502957539587047, 0.03689129668465402, -0.6226163955406894] [0.5987248420715332, 1.6645441055297852, 1.3540520668029785] [0.0885614330152277, 0.073270124784172] 0.21977925300598145
bicycle [1303.7775604732908, 899.0721010909278, -0.862355683522131] [-0.9942039167348332, -0.018899745989359826, 0.03170694895579214, -0.10097544720658239] [0.4937121570110321, 1.4360952377319336, 0.9463626146316528] [0.0, 0.0] 0.20516341924667358
bicycle [1318.9328112054227, 909.7505976341513, 0.5080243778282877] [-0.39593002147099277, -0.03592886247305547, -0.00846450541613613, 0.9175384935180821] [0.5223050117492676, 1.6496578454971313, 1.153720736503601] [0.25149769925301985, 0.7392087064117342] 0.18902909755706787
bicycle [1294.4503571565222, 892.1745547556421, -0.1821676124526268] [-0.43399954013515274, -0.03625175936895639, -0.0069527658671074116, 0.900156579797053] [0.5266498923301697, 1.5995972156524658, 1.109490990638733] [0.0, 0.0] 0.16902843117713928
bicycle [1301.744345853849, 901.945224367091, 0.18097275222077092] [-0.9851860873247807, -0.026661920136399397, 0.025527887205716648, 0.16746892945003894] [0.5877346992492676, 1.585174798965454, 1.1297978162765503] [0.0, 0.0] 0.16625255346298218
bicycle [1337.365466960791, 905.8113103892739, 1.1274799502706516] [-0.9149102995209154, -0.008227631743496874, 0.03598384479792194, -0.40196593489996324] [0.4288148283958435, 1.3900588750839233, 0.9956704378128052] [0.0, 0.0] 0.16614443063735962
bicycle [1297.969470170648, 901.0101031027896, -0.05107177402128371] [0.033176185845313844, 0.030349223275859108, 0.021010846177619384, -0.9987676454922885] [0.6033940315246582, 1.710525631904602, 1.1464977264404297] [0.0, 0.0] 0.16546207666397095
bicycle [1266.8891590679675, 918.0535638273569, -0.5267692909802933] [-0.9460666845087975, -0.030378998757926268, 0.02096777157958006, 0.32186223365282196] [0.7132532596588135, 1.9384050369262695, 1.7823972702026367] [0.5861820184845391, -0.5135821504585304] 0.16494819521903992
bicycle [1327.9706719762082, 899.1302796228795, 1.0658978504742143] [-0.34284271395377597, -0.035386361786308766, -0.01050411395958735, 0.9386673225793374] [0.5330452919006348, 1.6209678649902344, 1.127089023590088] [0.0, 0.0] 0.14466848969459534
bicycle [1356.8372134728152, 913.0848417158811, 1.8257599180366069] [-0.037317594618835326, 0.02879248673160088, 0.023098132356494078, -0.9986214829059691] [0.5408275127410889, 1.563204050064087, 1.1498483419418335] [0.0, 0.0] 0.14295752346515656
motorcycle [1335.8727546096973, 906.504725938779, 1.8706469461309687] [-0.9230487629295426, -0.008972025215127785, 0.03580549921571605, -0.38290788741379206] [0.6775466203689575, 1.7801461219787598, 1.3412121534347534] [0.03960750414044922, -0.004582728315774556] 0.14204297959804535
bicycle [1292.200831030399, 917.3625620486245, -0.5553314170897059] [-0.02557876424344374, 0.029061957991311012, 0.022758154763925953, -0.998991088953866] [0.5538154244422913, 1.627394437789917, 1.087015986442566] [0.0, 0.0] 0.13910159468650818
motorcycle [1337.7822562543702, 926.8648152427594, 1.5173919654550434] [-0.9989282849056771, -0.022826320505778527, 0.029008448816077812, 0.02792401484126522] [0.6544243693351746, 1.99116051197052, 1.2065401077270508] [0.0, 0.0] 0.11965883523225784
motorcycle [1354.250358599121, 923.4890146570145, 2.7842540598637524] [-0.3667095015836006, -0.0356431460894794, -0.00959672586831369, 0.9296029315991639] [0.6903641819953918, 1.9478932619094849, 1.8009394407272339] [-0.16306778700678165, -0.12219030005247579] 0.1177067831158638
bicycle [1345.4332225891524, 914.0416785315538, 1.6696399850254648] [-0.969254025921587, -0.014130302592582614, 0.034100814641142875, -0.24327782929039768] [0.5067699551582336, 1.5148892402648926, 1.0585784912109375] [0.0, 0.0] 0.11402621865272522
motorcycle [1341.471986218053, 875.0249824556162, 1.7928755728149397] [-0.5081146967406075, -0.03670783089438412, -0.003881515371195966, 0.8604980673689238] [0.6034169793128967, 1.8764485120773315, 1.177274227142334] [0.0, 0.0] 0.11262532323598862
bicycle [1297.7804051547123, 906.5476235787112, 0.12271615005683356] [-0.8783024147276163, -0.0334778062812912, 0.015548874465371147, 0.47667844221559974] [0.6851178407669067, 1.7579137086868286, 1.4582955837249756] [0.3520527158494035, -0.14412320976141968] 0.11257556080818176
bicycle [1345.401933235908, 909.8021962536096, 1.8215211506556985] [-0.9560441311241181, -0.012427444675353748, 0.03475758376798584, -0.290890165410559] [0.4203888177871704, 1.337338924407959, 1.0814467668533325] [0.0, 0.0] 0.10974078625440598
bicycle [1335.0619506449357, 907.1690777722051, 1.6948403481931467] [-0.8770112974047785, -0.005107093118914503, 0.03655746996746721, -0.47904973981189025] [0.5940156579017639, 1.7225102186203003, 1.2757066488265991] [0.016105345448165838, 0.01627580434612907] 0.10755808651447296
bicycle [1281.9036322615184, 909.2533062485485, -0.7652860687241637] [-0.5312367702028511, -0.03679950134149375, -0.002885777462821946, 0.8464189051373414] [0.6134021878242493, 1.7055485248565674, 1.2703807353973389] [0.0, 0.0] 0.10639052093029022
bicycle [1315.6657889229118, 880.4711945513029, -0.042991764084233774] [0.10095954993463227, 0.03170664674597115, 0.018900252979093382, -0.9942055311988809] [0.5283865332603455, 1.5589735507965088, 1.0656540393829346] [0.0, 0.0] 0.10232160240411758
bicycle [1351.4810959343372, 921.4315087234344, 2.2495604978477513] [-0.3620716944167439, -0.03559487214198238, -0.009774256378029903, 0.9314191092583621] [0.6509196758270264, 1.6823115348815918, 1.5380265712738037] [0.0, 0.0] 0.10019386559724808
pedestrian [1331.3757514944227, 902.7237122932202, 1.4993062331839175] [-0.4061621224147891, 0.018132372615485885, 0.032151952878180026, -0.9130552005793333] [0.6138537526130676, 0.5782734751701355, 1.8056753873825073] [0.0, 0.0] 0.8667861223220825
pedestrian [1328.937944245693, 903.0711593812407, 1.278575134117855] [-0.840243635240643, -0.0024617063595199842, 0.03683030019355028, -0.5409511090912392] [0.6448405385017395, 0.659345269203186, 1.6860594749450684] [0.2219701991974971, 0.12302755123708184] 0.8277773261070251
pedestrian [1331.2146458218217, 905.3615762920573, 1.3640503900329248] [-0.6868031547294531, 0.006402189565236164, 0.03635303260139809, -0.7259055693705094] [0.641165554523468, 0.6759449243545532, 1.7505896091461182] [0.10238755264586483, 0.07257890866002334] 0.8275988101959229
pedestrian [1329.9977598410483, 904.0346680187076, 1.332719664621046] [-0.33796246914194106, 0.020446219762027797, 0.030732443898759426, -0.9404354515015558] [0.6253623366355896, 0.6034778356552124, 1.7485264539718628] [0.00033522655118095384, 0.0009832822359207298] 0.7909713983535767
pedestrian [1333.413156914131, 907.4792098380567, 1.4673536234712525] [-0.18195136120472316, 0.02513269542147456, 0.027034767086086077, -0.9826144570202501] [0.6666051149368286, 0.7060707211494446, 1.7960333824157715] [-0.38588389262496886, 0.1764231440106287] 0.7391759753227234
pedestrian [1332.7621590960655, 904.8403044983583, 1.5135211458438016] [-0.20580707772827544, 0.02446742723025468, 0.027638307026294558, -0.9778961681826963] [0.593807578086853, 0.5635514259338379, 1.8102641105651855] [0.00017330983123289034, -0.00017423101206533764] 0.6846224069595337
pedestrian [1310.6093974835537, 918.0591966275117, 0.675920009647047] [-0.47329440038121806, -0.036523230413376, -0.005346461513840496, 0.8801306036931313] [0.6361859440803528, 0.5812910199165344, 1.8963502645492554] [0.0, 0.0] 0.6445116996765137
pedestrian [1334.4065158349458, 907.7357595207975, 1.4780921253516073] [-0.3413417540657936, 0.020335584710825753, 0.03080576252937689, -0.9392141800040819] [0.5846718549728394, 0.5895337462425232, 1.7500239610671997] [-0.016711847826193307, 0.004000764081555695] 0.4658893048763275
pedestrian [1352.0553571180776, 922.1201123317888, 2.29942499361157] [-0.3178748342233779, 0.021095532702757887, 0.030290419451278715, -0.9474138793351681] [0.6118074655532837, 0.5792115926742554, 1.788379192352295] [3.389961268005543e-05, -9.83338358573593e-06] 0.4195250868797302
pedestrian [1335.5008351768051, 907.1401319063855, 1.5731795432842057] [-0.80106522185494, 7.619770546823078e-05, 0.036912399061253286, -0.5974378455738707] [0.6767610311508179, 0.7130704522132874, 1.8456546068191528] [0.2598178823995845, 0.29322497237003653] 0.41505515575408936
pedestrian [1353.764745166086, 924.4850734835854, 2.500551631957272] [-0.6065123426796857, -0.036909143530732186, 0.0004961193156305206, 0.7942167507467041] [0.647357702255249, 0.6203634738922119, 1.8635650873184204] [0.02484818115104908, -0.008567151869411805] 0.39836543798446655
pedestrian [1351.3818162743432, 921.3142707847976, 2.2391597883165755] [-0.5068020908485625, 0.01438045077173642, 0.03399608280595276, -0.8612717978089018] [0.6051322221755981, 0.5896387696266174, 1.74068284034729] [0.0, 0.0] 0.3780518174171448
pedestrian [1301.7650001119814, 901.877965212376, 0.2027779846048947] [-0.9850997929447901, -0.02667505089103829, 0.02551416607510519, 0.16797579268925783] [0.5222969055175781, 0.5252645015716553, 1.5462566614151] [0.0, 0.0] 0.3528148829936981
pedestrian [1297.32075331267, 906.1606563116515, 0.2581392884431303] [-0.9373751134821455, -0.0309140848144756, 0.020170532234696743, 0.3463601674756891] [0.7274793386459351, 0.8020263314247131, 1.8435957431793213] [0.6312845539194974, -0.7509626485442816] 0.3466731309890747
pedestrian [1266.9330299799674, 918.0462863981711, -0.521519245035581] [-0.9572189389754096, -0.02959076560689055, 0.02206620949201731, 0.2870006478324456] [0.6811548471450806, 0.7109523415565491, 1.8663287162780762] [1.1228450955732159, -0.815686392312864] 0.34477198123931885
pedestrian [1333.2207406670304, 906.2364170749769, 1.415486364878591] [-0.3438157331313717, 0.020254329921217614, 0.030859247074256364, -0.938311361244651] [0.5876314640045166, 0.5653724670410156, 1.758600115776062] [0.004312976985816275, -0.002232504948805573] 0.29961538314819336
pedestrian [1332.5395333537424, 904.3799918452388, 1.4904291274788992] [-0.2772087414496295, 0.022367295475542354, 0.02936384007001322, -0.9601004023816285] [0.576162576675415, 0.569668710231781, 1.7156964540481567] [0.0, 0.0] 0.26921725273132324
pedestrian [1332.9324576752213, 905.9358293934863, 1.4340388401845352] [-0.2649517802181307, 0.022739659563637913, 0.02907643192479749, -0.9635548884981573] [0.5898505449295044, 0.5701355934143066, 1.7860617637634277] [0.0003999882719117046, 0.00013719382971758083] 0.2665712237358093
pedestrian [1353.5448348498169, 923.5114488225857, 2.39924267372879] [-0.20229769033446732, 0.024566418279237428, 0.02755035577768608, -0.9786281793790697] [0.624518632888794, 0.6146112680435181, 1.7941088676452637] [-0.04168221989772083, -0.03405548578463986] 0.2656978368759155
pedestrian [1310.1084952592946, 918.7313527839033, 0.8498245798035655] [-0.5999263425642114, -0.03691198355820956, 0.00019099828794786212, 0.7992032610587753] [0.6365424990653992, 0.6378558278083801, 1.8650983572006226] [0.0, 0.0] 0.2536926865577698
pedestrian [1288.5719105881062, 899.8514994742025, 0.386940563794943] [-0.8797109302403434, -0.03343158890780066, 0.015647999030142842, 0.4740739902221195] [0.6423496007919312, 0.6267374157905579, 1.7709661722183228] [0.0, 0.0] 0.22657771408557892
pedestrian [1354.2719955203306, 923.5239020867073, 2.4898653991818707] [0.16966166328193227, 0.03294099184949918, 0.01665599191038348, -0.9848108391979958] [0.6882014274597168, 0.7279470562934875, 1.8684991598129272] [-0.48209412566108023, -0.5283993891993133] 0.21482953429222107
pedestrian [1354.005228861956, 923.9387131693272, 2.478456434782109] [0.16359731583911977, 0.03283785669225809, 0.01685841565528184, -0.9858363896913565] [0.6697816848754883, 0.6774190068244934, 1.8425226211547852] [-0.1949458073524548, -0.14139272418021148] 0.20764760673046112
pedestrian [1335.0531617164952, 907.2316662823439, 1.525491120521539] [-0.4906137717679925, 0.015013427330627086, 0.033721328715451165, -0.8705949666412256] [0.6463779211044312, 0.673624575138092, 1.7929928302764893] [0.06742840480693901, 0.09401724761442987] 0.20509900152683258
pedestrian [1353.0439691869396, 921.8161293560349, 2.3571557623505215] [-0.3075933082773943, 0.021422416381653223, 0.030060124532653006, -0.9508016752679922] [0.6192867159843445, 0.5973001718521118, 1.7977533340454102] [-0.0008254178543620819, -0.0005212326489500361] 0.19223736226558685
traffic_cone [1310.2099008382058, 912.1317241215207, -1.0489332880053335] [-0.9266712360014426, -0.03149969035456447, 0.019243194072556914, 0.3740559976220288] [0.3465125560760498, 0.42292192578315735, 0.6949220895767212] [1.2042574195425085e-05, -2.8295944688475445e-05] 0.19043134152889252
pedestrian [1333.18179802619, 906.5955702316296, 1.410198726059985] [-0.23474483152856365, 0.023636212913817137, 0.0283524328698656, -0.9713559250141417] [0.6151629090309143, 0.634560227394104, 1.7451634407043457] [-0.02926358542022174, 0.047069843613265286] 0.1890352964401245
pedestrian [1288.778602181913, 899.451462589427, 0.43579998688390753] [-0.9203547500218349, -0.03181380011857929, 0.018719325109699227, 0.38933867403803923] [0.6588704586029053, 0.6359889507293701, 1.7799853086471558] [-1.8549552454544844e-05, 0.0004043962193409569] 0.18046215176582336
pedestrian [1332.9928844622739, 905.1917043753891, 1.5319719408993047] [-0.22544716560597686, 0.023906204464493656, 0.02812515597555603, -0.9735558764188544] [0.6253235340118408, 0.6173810362815857, 1.8342443704605103] [0.0, 0.0] 0.17860519886016846
pedestrian [1310.7085488752004, 918.5127749253322, 0.767553371960086] [-0.5266140893432485, -0.0367832207606022, -0.003086370202087713, 0.8493026962718495] [0.7034009695053101, 0.6913354396820068, 1.9331092834472656] [0.0, 0.0] 0.17659907042980194
pedestrian [1333.1956279858434, 904.8014680109114, 1.5740420018843186] [-0.31749352124340746, 0.02110772139036147, 0.030281927089510143, -0.9475417315126097] [0.6041646599769592, 0.6137956380844116, 1.7974488735198975] [0.0, 0.0] 0.17428149282932281
pedestrian [1335.9526688195965, 906.3632244150066, 1.7030624809986579] [-0.7379178429011308, 0.0037337339252227417, 0.036723156747795686, -0.6738803500010921] [0.6661455631256104, 0.7148910760879517, 1.7678542137145996] [0.07424847131313368, 0.06675603295113614] 0.16746629774570465
traffic_cone [1347.3019225802195, 914.509691896828, 1.8311715743976906] [-0.5486265054661326, 0.012687788404693123, 0.03466339619750589, -0.8352523130704113] [0.3860764801502228, 0.38201960921287537, 1.2148598432540894] [-5.021043358552771e-05, 7.680286543347675e-05] 0.16004398465156555
pedestrian [1341.1086658959741, 875.1761677844722, 1.7719814140415524] [-0.5257421198802941, 0.013624426198898403, 0.03430606391439132, -0.8498427456731198] [0.594785213470459, 0.6006996631622314, 1.6044872999191284] [1.3007529177553679e-05, -2.321184201192104e-05] 0.15649034082889557
pedestrian [1354.3654992078284, 924.2247245450955, 2.437206654580458] [0.10930741680343348, 0.03186429216018279, 0.018633247051387594, -0.9933223835297446] [0.6888632774353027, 0.7106602191925049, 1.8726205825805664] [-0.09697821093452352, -0.06407996658214594] 0.15288180112838745
pedestrian [1342.9240112339044, 892.1681910876628, 2.001127514604283] [-0.3508456683426632, 0.02002224067833163, 0.03101033519274652, -0.9357055017443482] [0.5094631314277649, 0.5040649771690369, 1.4708939790725708] [-0.0032165718691195885, 0.002236878516933029] 0.1527014821767807
traffic_cone [1349.415382866827, 922.5564731097434, 1.7870960067694752] [-0.2869913060621505, 0.02206649827519281, 0.029590550255418437, -0.9572217398462037] [0.42672058939933777, 0.42510005831718445, 1.2791953086853027] [0.0, 0.0] 0.14028950035572052
pedestrian [1335.9920496994553, 907.2711270358576, 1.5987627546597882] [-0.8090427453244126, -0.000421189868968044, 0.03691007463609102, -0.586589554311522] [0.7435128688812256, 0.8224176168441772, 1.87710440158844] [0.30832828303837434, 0.33278655439296917] 0.13649526238441467
traffic_cone [1319.293829472563, 910.3529506777497, 0.44833088443698876] [-0.8775166067543221, -0.005145688982702359, 0.03655205733526948, -0.4781234922693435] [0.3482489287853241, 0.34599098563194275, 0.7932754158973694] [-0.0007241505009535833, 0.0006833975332630464] 0.13469986617565155
pedestrian [1334.884521021098, 907.8225039063382, 1.469636669857167] [-0.4881724293968732, 0.015107855916671877, 0.033679128553877606, -0.8719662540294821] [0.6538006663322449, 0.6825140118598938, 1.7870960235595703] [0.05113146016314785, 0.03934871933515293] 0.13295142352581024
traffic_cone [1351.3187787205918, 924.9136127496889, 1.8567536651192544] [-0.3897594592040785, 0.018704776512038456, 0.03182235607528497, -0.9201766313868206] [0.38643959164619446, 0.37907058000564575, 1.1627495288848877] [0.0, 0.0] 0.1292286515235901
pedestrian [1330.970373325973, 902.4838441452363, 1.4363767056143728] [-0.3565160812065644, 0.019833734321402074, 0.03113123822490151, -0.9335597210840701] [0.6571633815765381, 0.6570896506309509, 1.7660720348358154] [0.0, 0.0] 0.12888959050178528
pedestrian [1334.1414077617135, 880.7870152142071, 1.771246450805634] [-0.6957191998340599, -0.03659458439805214, 0.004833984203674041, 0.7173648053617545] [0.5780735611915588, 0.5607234239578247, 1.6976866722106934] [0.0, 0.0] 0.12833929061889648
pedestrian [1332.4829897224859, 905.4272190166923, 1.421368806300919] [-0.3256819489415743, 0.02084486181168793, 0.03046346576801736, -0.9447585602274637] [0.6390975117683411, 0.6588626503944397, 1.8080496788024902] [0.002218310137593649, -0.0008122803594339236] 0.12488808482885361
traffic_cone [1297.849479650767, 906.7797453074842, -0.030633649304732335] [-0.9522295818107481, -0.029959625041391456, 0.02156274282012289, 0.30314401282885406] [0.4494870901107788, 0.4649437367916107, 1.3289178609848022] [0.22740442881965844, -0.2439768332094183] 0.12280745059251785
pedestrian [1333.621761912578, 906.5964590308882, 1.4204560780768354] [-0.32837914400446155, 0.020757763669025146, 0.03052288089300273, -0.9438244576044581] [0.610508382320404, 0.6256574988365173, 1.7656525373458862] [-0.016448786094941263, -0.013719186316161761] 0.11742245405912399
pedestrian [1328.5049580687037, 873.8217998039031, 1.3791176943401617] [-0.9562574392704313, -0.02966411837731584, 0.02196750080104981, 0.2901881783074731] [0.6358135342597961, 0.6087998151779175, 1.7859646081924438] [0.0, 0.0] 0.11667802184820175
traffic_cone [1292.3742434480378, 907.6305146269639, 0.14156087423200736] [-0.9351375603095449, -0.010144244609484616, 0.03549120048477473, -0.35235665495030016] [0.3748677670955658, 0.3697507381439209, 1.281446933746338] [0.0, 0.0] 0.11517287790775299
pedestrian [1317.7434324088867, 884.3287075064217, 0.3850288225252354] [-0.2818386630388693, 0.022225334173572985, 0.02947143585610549, -0.9587514990892664] [0.5620517134666443, 0.5647721290588379, 1.5793321132659912] [0.0, 0.0] 0.11112390458583832
traffic_cone [1341.84073202387, 909.6896940544149, 1.730983711173287] [0.03654617034447871, 0.030419948060777545, 0.020908318213742776, -0.9986500119774719] [0.3919861912727356, 0.3774458169937134, 1.2098503112792969] [0.0, 0.0] 0.11032511293888092
traffic_cone [1294.4586513834224, 892.2188968965708, -0.1984288294041543] [-0.9604381138373291, -0.029336511344827183, 0.022403127296481563, 0.2760364078849856] [0.44840532541275024, 0.4520891010761261, 1.0449179410934448] [-0.00011535894427226616, -0.0004165720792264544] 0.11010421812534332
pedestrian [1355.9703826535203, 927.434037590321, 2.2781455556177375] [-0.32892258185269835, 0.020740183918263724, 0.030534828992220122, -0.9436352071308105] [0.5921266078948975, 0.5793833136558533, 1.5728626251220703] [-0.00103211552559583, -0.0020977580324199343] 0.10633985698223114
traffic_cone [1345.334861166791, 909.8188428952355, 1.783511042606611] [-0.47445542320672485, 0.015633500295696483, 0.033438371357648225, -0.8795052702395707] [0.34513038396835327, 0.3471236526966095, 0.8393654823303223] [0.00066910236419256, -1.5994344320672292e-05] 0.10623347759246826
pedestrian [1310.1121170774452, 918.1649599448562, 0.6590596184802792] [-0.5711512754588635, -0.03689546307494228, -0.0011206315331554664, 0.8200144447088514] [0.7076683640480042, 0.7001423835754395, 1.9131428003311157] [0.0, 0.0] 0.10506598651409149
traffic_cone [1311.7445683288208, 866.5512960766725, -0.870150051025319] [-0.31863928159066596, 0.021071081853032428, 0.030307433413114, -0.9471570499219423] [0.40447551012039185, 0.40677082538604736, 0.8829435110092163] [0.0, 0.0] 0.10410457849502563
traffic_cone [1281.5502150628802, 909.6994709593363, -0.2677956336661691] [-0.8955304496872518, -0.032872298279546144, 0.01679115887507706, 0.4434666646687224] [0.458588570356369, 0.4754944443702698, 0.9611598253250122] [0.0, 0.0] 0.10312624275684357
pedestrian [1278.9921130900154, 906.7212669806112, 0.19601182528747407] [-0.9687729994365732, -0.02860519701091363, 0.023329674547973217, 0.2451863465858526] [0.7200534343719482, 0.6709182262420654, 1.8385553359985352] [0.003446559687575144, -0.004705847556834013] 0.10121191293001175
pedestrian [1287.7845737010825, 898.1397141707115, 0.47011573408141794] [-0.9565609188700326, -0.029641088702821936, 0.021998565204553077, 0.2891862332130829] [0.6837310791015625, 0.6245087385177612, 1.8258352279663086] [0.0, 0.0] 0.10061706602573395
