car [1325.2445448328863, 907.9522081403037, 1.2434034375161533] [-0.4147879812620051, -0.036091886886891966, -0.007637036184774142, 0.9091699411990298] [1.8570339679718018, 4.530731678009033, 1.8403434753417969] [0.0, 0.0] 0.7725540399551392
car [1318.5787374925978, 913.0457120171417, 0.786955745623115] [-0.8998994197666704, -0.006847410283728744, 0.036249987491722535, -0.4345343319956054] [1.8198384046554565, 4.467555046081543, 1.6112136840820312] [4.865750589419936, 6.257947836792802] 0.7459167242050171
car [1327.970083942963, 918.9198739851058, 1.3094599337528205] [-0.9027323562764573, -0.007085211059558458, 0.03620425948676847, -0.428617946790393] [1.850370168685913, 4.397782325744629, 1.5978044271469116] [6.483409040404701, 7.646868203851058] 0.736923098564148
car [1313.3532687734864, 899.8083723976678, 0.3955442727617441] [-0.8775186760195293, -0.005062356077737799, 0.036542046626946684, -0.4781213492578945] [1.8525538444519043, 4.654480934143066, 1.5126094818115234] [5.305075034724582, 8.311731537003773] 0.7297004461288452
car [1292.040771721671, 915.9228149476154, 0.15301364225224368] [-0.38141884910431006, 0.019050487785148673, 0.03159157381156651, -0.9236659098002916] [1.8588818311691284, 4.19722843170166, 1.6076672077178955] [-4.071339343313646, 3.726289485131785] 0.7147375345230103
car [1309.742799264012, 877.3954365709524, -0.35158782630908925] [-0.5401608495207526, -0.03681198084906718, -0.002413853084109664, 0.8407528221922753] [1.8339321613311768, 4.393673896789551, 1.575604796409607] [-5.548479402810172, -12.251471469496373] 0.6444668173789978
car [1303.8003568890103, 919.2565617134992, 0.09182153471171203] [-0.9445657980425539, -0.03041222797953322, 0.020881690785581775, 0.32624301455738464] [1.8682482242584229, 4.247086524963379, 1.5521535873413086] [0.0, 0.0] 0.6412163376808167
car [1297.3822321024236, 924.1621718045806, 0.22945275298518858] [-0.9469194863297716, -0.03025916086688068, 0.021102886162228884, 0.31934704913028167] [2.004542589187622, 4.621001243591309, 1.700425386428833] [0.0, 0.0] 0.5477300882339478
car [1296.3597614130833, 854.183164514777, -1.4883314164977446] [-0.535980619027909, -0.03679954469101825, -0.0025965614334162853, 0.8434238717310036] [1.9407811164855957, 4.479445457458496, 1.7172067165374756] [0.0, 0.0] 0.4600791335105896
car [1340.249342366474, 935.0507367680975, 2.1111839741240908] [-0.902705938322444, -0.007082979734048667, 0.036204696088087934, -0.4286735824571568] [1.907366156578064, 4.603523254394531, 1.6393675804138184] [6.566056579739797, 8.153503842178383] 0.18349087238311768
car [1295.1577336765738, 922.7437723773425, 0.5854949671549816] [-0.9426910787544658, -0.030530746422306028, 0.02070802123913828, 0.33162114138878235] [2.0509188175201416, 4.701176643371582, 1.8377583026885986] [0.0, 0.0] 0.16902075707912445
car [1296.6331648176447, 867.0638872294446, -1.1098676775126952] [-0.8634370731230504, -0.004011656576752457, 0.03667226789079117, -0.5031058259809332] [1.9570789337158203, 4.617513179779053, 1.6689807176589966] [1.6318380556065248, 2.969304554760273] 0.15593624114990234
car [1337.9151126505953, 932.0646330285194, 1.9289990280513072] [-0.8579153742619755, -0.003612653997556975, 0.03671372157433361, -0.5124648885379283] [1.946070909500122, 4.64802885055542, 1.6932470798492432] [1.038199634856835, 1.9934318309952705] 0.12705452740192413
car [1365.5857241803499, 912.8771468736978, 3.320563077875785] [-0.4047676816313984, 0.0182415373177234, 0.032065478899119204, -0.9136750928453723] [1.9506416320800781, 4.550474643707275, 1.8339588642120361] [0.0, 0.0] 0.12470722943544388
car [1259.8420085620037, 924.2154862924999, 0.40722355525517484] [-0.4141159027138758, -0.03608623251445568, -0.007663709523226701, 0.9094762616466294] [1.939079761505127, 4.463651657104492, 1.7035973072052002] [0.0, 0.0] 0.10809172689914703
car [1333.4403713312688, 937.8300219595421, 1.9554774177970118] [-0.8976510768308259, -0.03273483660367965, 0.01701114614816266, 0.43916010251810855] [1.9116449356079102, 4.483405113220215, 1.656181812286377] [-0.05588422802673456, -0.06166209377960225] 0.10513292253017426
car [1297.5487706992133, 865.607737771617, -1.0173118425450842] [-0.8774465939677554, -0.005056847666776774, 0.03654280931207628, -0.47825362111921527] [1.9240022897720337, 4.565364837646484, 1.6519039869308472] [2.7001854794003606, 3.849458025452558] 0.10440197587013245
construction_vehicle [1288.9132759490924, 882.1558774844278, -0.8969624707588559] [-0.7453738854832834, 0.0034036861773635955, 0.03673368401276651, -0.6656251364084816] [2.923952579498291, 5.61732816696167, 2.729038715362549] [0.0, 0.0] 0.2250775545835495
construction_vehicle [1296.7861083714072, 854.98535389929, -1.5396046856983867] [-0.549460976892351, -0.03683650926542492, -0.0020050451072277727, 0.8347045502761802] [2.355349540710449, 3.534456968307495, 2.38230037689209] [0.0, 0.0] 0.22299304604530334
construction_vehicle [1337.45554173914, 888.9523164755304, 1.7442513088853708] [-0.5507258400072808, 0.0126695717416409, 0.034647230374550406, -0.833870553819675] [2.249889850616455, 3.9679484367370605, 2.2224464416503906] [0.0, 0.0] 0.21776820719242096
truck [1294.4753046157543, 923.0791092139021, 0.5835289803276542] [-0.5813748824092736, 0.011371482928093694, 0.03509470040846378, -0.8127990511084888] [2.287724018096924, 5.982037544250488, 2.096112012863159] [0.0, 0.0] 0.19904689490795135
construction_vehicle [1335.3119669627588, 895.2492805803498, 1.7644133015585872] [-0.9140061882045757, -0.032050532980507834, 0.018267784660684332, 0.40401947886580747] [2.8886876106262207, 8.756670951843262, 3.039912700653076] [0.0, 0.0] 0.18821072578430176
construction_vehicle [1347.4895613248111, 960.5304316943124, 2.8634176510611673] [-0.5245181400609508, -0.036761037894832885, -0.0030943034173162728, 0.8505996544357738] [2.2468104362487793, 4.15476131439209, 2.4970486164093018] [0.0, 0.0] 0.13459359109401703
truck [1313.4881886980104, 923.2956149100861, 1.4649137170458322] [-0.7369816056384443, 0.0038633377388995324, 0.03668818941102094, -0.6749053002679989] [2.2700915336608887, 5.6962761878967285, 2.312225341796875] [0.0, 0.0] 0.1288551688194275
truck [1366.2037762236234, 912.5941215644541, 3.3891782311688825] [-0.3322674739314541, 0.020687081203648913, 0.03054493889365946, -0.9424634619689335] [2.3035123348236084, 5.823441505432129, 2.546574831008911] [0.0, 0.0] 0.11341020464897156
construction_vehicle [1319.1094639069643, 848.9496697943391, 0.31364278325676764] [-0.9192430344694369, -0.03180739639356166, 0.018687914688551934, 0.3919582821662] [3.707360029220581, 9.163276672363281, 3.962926149368286] [0.0, 0.0] 0.10351875424385071
bus [1299.120478265961, 918.9431053331215, 1.6050797500013334] [-0.9497833959220512, -0.030066074001791215, 0.021377086210767095, 0.3107258473478397] [2.812347412109375, 11.337589263916016, 4.6052141189575195] [0.0, 0.0] 0.876157820224762
trailer [1305.13383285863, 860.5262378628378, 0.450002694016824] [-0.4170466685511677, -0.03611075914095067, -0.007547297198865432, 0.908136073300488] [1.9138820171356201, 2.076350450515747, 2.8438143730163574] [0.0, 0.0] 0.14412380754947662
trailer [1348.9273994566804, 906.2488762507735, 2.6403887805630752] [-0.9519215500276739, -0.0299166672217696, 0.02158568143667581, 0.30411250216353736] [2.486495018005371, 7.853471279144287, 2.9449446201324463] [0.0, 0.0] 0.1321319192647934
trailer [1352.314581554662, 904.2671458877996, 2.6726070370618906] [-0.8386058741960443, -0.03453627700984601, 0.012968970315446639, 0.5434880303586687] [2.6954166889190674, 11.417346954345703, 3.3053581714630127] [0.0, 0.0] 0.11378160864114761
trailer [1352.6699474804584, 903.8133290937519, 2.687833380856548] [-0.11420492912457486, 0.026965657655877134, 0.025175423093362084, -0.992772020930741] [2.7471892833709717, 12.163427352905273, 3.486345052719116] [0.0, 0.0] 0.10492941737174988
trailer [1338.142766558159, 910.7442459005116, 2.335423624154772] [-0.9983632833912988, -0.020610462230706082, 0.030596690464499456, -0.04370132441245145] [2.08760929107666, 5.945250034332275, 2.898977756500244] [0.0002894357462136162, -0.00023243228926714707] 0.10221551358699799
barrier [1306.6214435363208, 859.2541693150695, -0.9692384392945075] [-0.1672302055335229, 0.025578115680354722, 0.026583991780508548, -0.9852274406128123] [2.171968460083008, 0.442961722612381, 1.0574535131454468] [0.0, 0.0] 0.23809976875782013
barrier [1336.8815524922884, 907.2512828144163, 1.9966923944651578] [-0.41438069223362883, 0.01790236381462533, 0.03225606905052983, -0.9093556473037574] [2.8187596797943115, 0.40861397981643677, 0.9227597117424011] [0.0, 0.0] 0.15202520787715912
barrier [1337.7154424831272, 911.3277651140203, 2.4103289507378833] [-0.3747226766320326, 0.019278671916234107, 0.031452844543696845, -0.9264027023908026] [3.200052261352539, 0.4922982454299927, 0.8950194120407104] [0.0, 0.0] 0.14422112703323364
barrier [1325.6852355585238, 912.7759006518137, 0.7895903034196465] [-0.9298613045361447, -0.03127145788700776, 0.01957152376195717, 0.36605601443712965] [1.9158282279968262, 0.3844604194164276, 0.951641857624054] [0.0, 0.0] 0.14106068015098572
barrier [1301.1681027641123, 873.4509888492377, -0.8012559667134507] [-0.9612254358098704, -0.02920567539476632, 0.022538348330773828, 0.27328503971381546] [3.253744602203369, 0.6323586702346802, 0.9015874862670898] [0.0, 0.0] 0.14023691415786743
barrier [1308.7773822015374, 858.41465184694, -0.8525477643333186] [-0.7541596369455702, 0.002914890809219776, 0.03677569893712532, -0.6556540958320802] [2.105602502822876, 0.5343191027641296, 1.0970816612243652] [0.0, 0.0] 0.13477323949337006
barrier [1297.1693005732498, 866.302477037973, -1.3006770029601114] [-0.9637568216554142, -0.02899209512465689, 0.022812431721028786, 0.26421930302669216] [2.6609652042388916, 0.481289803981781, 0.9619845747947693] [0.0, 0.0] 0.13099275529384613
bicycle [1301.7248475288109, 901.9678286033105, 0.2372757210845129] [-0.744172585095235, 0.0034699096453229376, 0.0367274876325219, -0.6669679264941695] [0.6014484763145447, 1.4552156925201416, 1.6761130094528198] [0.0, 0.0] 0.5334072709083557
bicycle [1289.3822659500665, 884.8201956651541, -1.149326441317026] [-0.30237290943955064, -0.034910667002280966, -0.011924510480502132, 0.9524755508758838] [0.6540315747261047, 1.8338228464126587, 1.224405288696289] [0.0, 0.0] 0.25787776708602905
bicycle [1337.6829563950523, 906.0620778388569, 1.0684774153852097] [-0.7374140606432267, 0.003839820244860819, 0.036690658228368034, -0.6744327650291942] [0.4038268029689789, 1.382825493812561, 0.9626337289810181] [0.0, 0.0] 0.23608627915382385
motorcycle [1340.9169506690585, 858.0935881895042, 2.340874491043955] [0.0022941540431651863, 0.02971636582353017, 0.021860608934471205, -0.9993166606419024] [0.6585016250610352, 2.0335984230041504, 1.2510594129562378] [-0.022693108910385847, 0.021991372328703566] 0.22575128078460693
motorcycle [1306.5926595704043, 859.2971736081217, -0.7401030760283174] [-0.8216690367103715, -0.001145790936568197, 0.03687323940032164, -0.5687697649231254] [0.6890020966529846, 1.9808980226516724, 1.6064002513885498] [0.7301318612168929, 1.8541138727151496] 0.2109258770942688
bicycle [1356.8450440974004, 913.0607366127163, 1.7247772411871856] [-0.02964630080154168, 0.02900249449983351, 0.022799209054940497, -0.9988794462937163] [0.5756086111068726, 1.6327295303344727, 1.2064857482910156] [0.0, 0.0] 0.18680374324321747
bicycle [1305.958100502979, 891.1199574536248, -0.7013810118418065] [-0.8781789130669577, -0.03342812865995787, 0.015604769624606999, 0.47690758855756693] [0.5184686779975891, 1.520583987236023, 1.030104398727417] [0.0, 0.0] 0.1833454668521881
motorcycle [1339.9925257078564, 857.4695082417869, 2.3284041988464983] [-0.875603994450948, -0.004916513602151155, 0.03656195447105662, -0.4816188288271141] [0.6942489147186279, 1.9943881034851074, 1.21138596534729] [-8.601660347065294e-05, -0.0001601330778016985] 0.18202409148216248
bicycle [1344.1540319548083, 904.121356975981, 1.0850771853572994] [-0.9663910694263043, -0.028758867726118662, 0.023105760057945828, 0.25441570767611976] [0.4300132095813751, 1.3972266912460327, 1.023414134979248] [0.0, 0.0] 0.17042884230613708
bicycle [1345.413871163057, 909.8101683710998, 1.8184719744894604] [-0.9579103303674782, -0.01256879061269213, 0.03468391735773306, -0.28468728519996456] [0.40324193239212036, 1.3269168138504028, 1.0708619356155396] [0.0, 0.0] 0.16342005133628845
bicycle [1304.1024140603704, 899.3345605571985, -0.8700254633800192] [-0.9495454405561788, -0.011590680704768073, 0.03502291737625338, -0.31145225588881004] [0.4251523017883301, 1.3353546857833862, 0.956795871257782] [0.0, 0.0] 0.15792319178581238
bicycle [1295.2248951083918, 885.5719445038569, -1.909649442044407] [-0.8827190551493894, -0.03327670439339376, 0.015925123718779792, 0.4684507669493415] [0.6402537226676941, 1.811785340309143, 1.2070201635360718] [0.0, 0.0] 0.15354689955711365
bicycle [1334.2312784620199, 944.0931513393266, 4.841243898165565] [-0.32997842900159613, -0.03524307689609204, -0.01090294233864866, 0.9432673469239223] [0.5998191833496094, 1.7709832191467285, 1.231055736541748] [0.0, 0.0] 0.15324971079826355
motorcycle [1295.050542246912, 922.9115010008809, 1.1247206690696534] [-0.8449587448897314, -0.002702171114007625, 0.03679194058505717, -0.5335576546294005] [0.7534147500991821, 2.299913167953491, 1.4404003620147705] [0.0, 0.0] 0.1527823507785797
motorcycle [1285.531631464458, 858.3847319213078, -2.0146854884654006] [-0.9630298881028438, -0.013210457652444942, 0.034444628454328156, -0.26685667688832687] [0.7142686247825623, 1.8959296941757202, 1.6085069179534912] [0.8056028527129637, 0.5174480192589778] 0.14808747172355652
bicycle [1297.9598356670597, 901.0063979086196, 0.0755033274655641] [-0.7227072844786354, 0.004629691851163049, 0.036599379422430495, -0.6901689882490907] [0.5728585720062256, 1.6122796535491943, 1.1359654664993286] [-0.011456349911333078, -0.0025665132499564894] 0.1442679464817047
bicycle [1294.444836642794, 892.2032605381172, -0.20983894992485164] [-0.30314468172890896, -0.034920318979346145, -0.011896215495882361, 0.9522301997514756] [0.5334210395812988, 1.6829025745391846, 1.1580419540405273] [0.0, 0.0] 0.1375269889831543
bicycle [1290.231966435261, 885.3843423358448, -1.3001537278593824] [-0.5230409757380343, -0.036755611781196455, -0.0031581043893016384, 0.8515087721675342] [0.6428706049919128, 1.8535469770431519, 1.180828332901001] [0.0, 0.0] 0.13506880402565002
bicycle [1341.0552588211049, 945.7438956126557, 3.9906109724481356] [-0.5950334475103551, 0.010776525985423495, 0.035281937424541276, -0.8028538146656578] [0.6097951531410217, 1.8148458003997803, 1.2365248203277588] [0.0, 0.0] 0.12727022171020508
motorcycle [1348.406791857117, 877.3618081909459, 1.5150649363158624] [-0.17749741034993805, 0.025299443006727478, 0.02684933526724828, -0.9834295707870099] [0.5881182551383972, 1.8242833614349365, 1.2154381275177002] [0.0, 0.0] 0.12720565497875214
bicycle [1268.505657200962, 916.8336270512825, -0.46624067429960137] [-0.9514472962140712, -0.029950211446327764, 0.021539114537603713, 0.3055930200547623] [0.6773368716239929, 1.896054744720459, 1.6771364212036133] [0.6592236939633691, -0.6361293272539208] 0.1262456476688385
motorcycle [1347.1035465182213, 875.1409865952614, 2.372752759287965] [-0.9990523296805676, -0.021237234332676796, 0.030165021111259446, -0.023097487722412713] [0.6791283488273621, 2.0455353260040283, 1.3770438432693481] [0.0, 0.0] 0.12532415986061096
motorcycle [1328.5255173742341, 873.8404658679717, 1.462348459639476] [-0.9091266046968698, -0.03226595339358352, 0.017884542833040213, 0.41488295700305433] [0.7181654572486877, 1.759047031402588, 1.5947811603546143] [-5.127277120151631e-05, -9.968958788824086e-05] 0.11674095690250397
motorcycle [1356.9237224274138, 913.6888350587584, 2.195426898079026] [-0.40402347431037144, -0.035999191575154195, -0.008062681109848077, 0.9140044220819904] [0.7128217220306396, 2.016693115234375, 1.3246828317642212] [0.0, 0.0] 0.11362742632627487
bicycle [1331.949899452394, 936.8778415985099, 1.7442239613989037] [-0.8218497909341265, -0.0011575118330049332, 0.03687287332308411, -0.5685085509654094] [0.6134312152862549, 1.812303066253662, 1.2786251306533813] [0.11287942858385033, 0.1841599382559431] 0.11233577132225037
motorcycle [1337.3075352187068, 926.5084292168142, 1.6276128463945236] [-0.9112010888984299, -0.007814638393265062, 0.03605384927474821, -0.410306747409268] [0.645481288433075, 1.9395179748535156, 1.205056071281433] [0.0, 0.0] 0.10970801115036011
motorcycle [1339.6301206380226, 857.8155129497443, 2.29262248890862] [-0.9402005433499734, -0.010579175340970439, 0.035341613854615594, -0.3386177633610967] [0.7247235774993896, 1.9053183794021606, 1.1960760354995728] [0.0, 0.0] 0.10730314254760742
bicycle [1284.74580296803, 909.3382874628354, -0.8605200872953866] [-0.9434580760938419, -0.030482610719980187, 0.02077881287364375, 0.32943270941508457] [0.5581877827644348, 1.6708009243011475, 1.1502671241760254] [0.0, 0.0] 0.10650231689214706
bicycle [1351.484437454161, 921.4249838249684, 2.3343593865175185] [-0.4135227681505342, -0.03608122753088816, -0.0076872388155977125, 0.9097461028223073] [0.6165109276771545, 1.6662341356277466, 1.4256641864776611] [0.0, 0.0] 0.10484492033720016
motorcycle [1341.1331792379694, 875.3015973583583, 1.7558106106620697] [-0.7038362831869203, 0.005614797713684302, 0.036461248845564245, -0.7094036494471102] [0.7446138858795166, 1.824217677116394, 1.411924123764038] [0.0, 0.0] 0.10377159714698792
bicycle [1306.2741947449256, 927.8630923383738, 1.5922192747158723] [-0.367967000086343, -0.03565631094564822, -0.009464465673824422, 0.92910674210594] [0.5971285700798035, 1.674701452255249, 1.1945852041244507] [0.0, 0.0] 0.10353831946849823
motorcycle [1284.360343118089, 914.2894851889776, 0.06280310191363214] [-0.8754037468765946, -0.004901317181865443, 0.03656399473015093, -0.4819827085422004] [0.6615480184555054, 2.051784038543701, 1.3953282833099365] [0.0, 0.0] 0.10333876311779022
motorcycle [1274.634725599837, 919.3565114056979, -0.018021885855468156] [-0.9985662006507509, -0.020760740794692117, 0.030494921911678352, -0.038789100236809565] [0.6540263891220093, 1.8804237842559814, 1.2844858169555664] [0.0, 0.0] 0.10003301501274109
pedestrian [1331.3324414721455, 902.7500009038347, 1.4740566954891712] [-0.37158736516403734, 0.019384937702795105, 0.031387462640400016, -0.9276647462471047] [0.6073956489562988, 0.5602010488510132, 1.7953267097473145] [0.0, 0.0] 0.8642241358757019
pedestrian [1332.7922410570482, 904.5876303652847, 1.5757357417646927] [-0.11533081494800101, 0.02693708743198825, 0.025205990189341394, -0.9926418561105947] [0.6132546663284302, 0.577157735824585, 1.8326377868652344] [0.0, 0.0] 0.8189791440963745
pedestrian [1330.000843067819, 904.0707538776644, 1.296850505658795] [-0.2625574051849757, 0.02286237984423332, 0.02895272368192237, -0.9642109003541649] [0.584717333316803, 0.5447381734848022, 1.6905138492584229] [0.0, 0.0] 0.8014132380485535
pedestrian [1329.3078741044203, 903.2453232920393, 1.206301779610995] [-0.600713131121279, 0.010525999672276349, 0.03535748791476838, -0.798613038634936] [0.5872440338134766, 0.5681877732276917, 1.6150119304656982] [0.000762350972524763, 0.0005026961913516476] 0.7850497364997864
pedestrian [1310.6092509990772, 918.0233474733212, 0.5851032481772133] [-0.5079435653825332, -0.03669420404983533, -0.0038057863698323724, 0.8606000149696356] [0.6130325794219971, 0.5621587038040161, 1.8426568508148193] [0.0, 0.0] 0.7824378609657288
pedestrian [1336.926425444878, 908.5685707180385, 1.605352261576174] [-0.9346981093391881, -0.010015950725636947, 0.03550534258115765, -0.35352297772139807] [0.6632407903671265, 0.8196606040000916, 1.778550624847412] [1.0126660110481267, 0.8824926359568319] 0.7766905426979065
pedestrian [1331.316676200914, 905.3422917829155, 1.4300772133455595] [-0.2537436836956095, 0.02312575142860159, 0.02874279460327902, -0.966567739149119] [0.5958220958709717, 0.562025785446167, 1.7610158920288086] [0.0, 0.0] 0.7657545804977417
pedestrian [1298.5397387119422, 904.7085858357987, 0.20549598903239585] [-0.9022276282497336, -0.03255381506015268, 0.017355049575646004, 0.4296793667400348] [0.6906036138534546, 0.7927573919296265, 1.7309298515319824] [0.7604901127618733, -0.9656562328043323] 0.7646512985229492
pedestrian [1332.5396170323224, 908.0671981027949, 1.411151410224122] [-0.35256806175859656, 0.020021791606061774, 0.03098510096202994, -0.9350587217961464] [0.6663066148757935, 0.7752981185913086, 1.7540149688720703] [-0.6437018923781177, 0.5500126896219204] 0.698857843875885
pedestrian [1352.5325028305951, 922.9280206075993, 2.4763895971249856] [0.2618623658156849, 0.03437570512185662, 0.013388783294941862, -0.9643998925490759] [0.6448268890380859, 0.6954988837242126, 1.819444179534912] [-0.8891204875631956, -0.47432763949746853] 0.4529169797897339
pedestrian [1353.6581908277767, 924.6974538083745, 2.5159536457681835] [-0.778636164455174, 0.0015090501318000063, 0.03686015990800187, -0.626390273537027] [0.660575270652771, 0.6772076487541199, 1.834001898765564] [0.22001410309228678, 0.41170721148645173] 0.3438764214515686
pedestrian [1352.0890266482215, 922.089676145902, 2.3974283021787866] [0.1362234470102503, 0.03237842745102251, 0.017680103408708493, -0.9899910221127777] [0.5987672209739685, 0.6035181879997253, 1.7850183248519897] [-0.23314319639744732, -0.14900878873035703] 0.336225688457489
traffic_cone [1306.0534061383544, 890.9979118263068, -0.6935930617935121] [-0.8897044261875029, -0.006014836544524232, 0.036397394990389215, -0.4550440477597999] [0.3422858715057373, 0.3468964993953705, 0.7369163036346436] [0.0, 0.0] 0.29370686411857605
pedestrian [1351.3896058626858, 921.3073658289301, 2.2775711535600944] [-0.48369527185668915, 0.015345381879252997, 0.03354799361696088, -0.8744586527462236] [0.5944143533706665, 0.5882228016853333, 1.7336419820785522] [1.581422422054885e-05, -0.00025752135750313243] 0.27022451162338257
pedestrian [1337.1391525723905, 908.1266544943285, 1.650439221457161] [-0.9474465880756048, -0.011356782065175212, 0.03509946042132085, -0.31777982019497697] [0.6448434591293335, 0.7992871999740601, 1.7545344829559326] [0.9387604308731275, 0.6625715282419173] 0.24689751863479614
pedestrian [1310.1319804028617, 918.7354676543747, 0.6877051573071142] [-0.44772374606549015, -0.036346783016774326, -0.00631347646509271, 0.8934105991023059] [0.6391844153404236, 0.6547327041625977, 1.8457356691360474] [0.0, 0.0] 0.23398375511169434
pedestrian [1352.085736440911, 922.4794795378565, 2.429766254554477] [0.1739699701281941, 0.033030647219246465, 0.016429393324813916, -0.9840597039168163] [0.6176549196243286, 0.6473448872566223, 1.8018978834152222] [-0.6453135319546152, -0.33511524486592087] 0.20133081078529358
pedestrian [1333.194204796114, 904.8082214460622, 1.590459790042349] [-0.13347093336476934, 0.026471460399068468, 0.025694559834414446, -0.9903658724562321] [0.6320998668670654, 0.6475206613540649, 1.8206802606582642] [0.000643554866291957, 0.0015564178336240646] 0.1851177215576172
pedestrian [1341.0919533187634, 875.1656265380068, 1.7673867816962634] [-0.4928874193320034, 0.014990847501014112, 0.03370790874476037, -0.8693106713042781] [0.5735720992088318, 0.5772969126701355, 1.5983620882034302] [0.00014606016185897853, -8.369609165026907e-05] 0.18396973609924316
pedestrian [1268.6096989945513, 916.7625645860443, -0.49644842286736235] [-0.970250669474342, -0.02839410011562099, 0.023552573094416798, 0.23927534299180903] [0.6753629446029663, 0.7202519178390503, 1.8317540884017944] [0.8763217455137585, -0.6287483377807251] 0.17774035036563873
pedestrian [1332.3757661869627, 904.5987811864605, 1.5224825905032393] [-0.22731557393163937, 0.02390025787110074, 0.028102069219874917, -0.9731221306842149] [0.6200346946716309, 0.6139373779296875, 1.8149690628051758] [0.0, 0.0] 0.16913262009620667
pedestrian [1310.7164586856773, 918.5476985596131, 0.6517985530270922] [-0.45488114452805695, -0.036396293126472794, -0.0060215004272708705, 0.8897877250963296] [0.6916331052780151, 0.6975171566009521, 1.9008409976959229] [0.0, 0.0] 0.16511335968971252
pedestrian [1333.0115858366948, 905.1606056375279, 1.55458110147813] [-0.08277406081923577, 0.02774778888069664, 0.024310673231649548, -0.9958852876886726] [0.6586306095123291, 0.6708488464355469, 1.8544528484344482] [0.0, 0.0] 0.16468824446201324
pedestrian [1355.9663974297189, 927.4325091347234, 2.2973912591119903] [-0.432716893894155, 0.01724526422047997, 0.032612106382593375, -0.9007747449378516] [0.6300919055938721, 0.6320820450782776, 1.5888601541519165] [6.5017899806177875e-06, 2.3743253326287897e-06] 0.16390785574913025
pedestrian [1330.954115645104, 902.5176704506213, 1.4324445714780016] [-0.3553144924388765, 0.019930646045295496, 0.03104380725621297, -0.9340185559410263] [0.6462697386741638, 0.6370147466659546, 1.766821265220642] [0.0, 0.0] 0.1635296642780304
pedestrian [1278.9876038733398, 906.7137854086367, 0.14957541432754917] [-0.9918891465435609, -0.02537660862764625, 0.026776414160656837, 0.1216345853297624] [0.7277575731277466, 0.6973187327384949, 1.8436253070831299] [0.013780470158664685, -0.01716003872945425] 0.16104485094547272
pedestrian [1352.7799445540954, 921.7177517673869, 2.3968108601619544] [-0.14571287568264052, 0.026151558360599673, 0.02602008101555227, -0.9886388669476596] [0.6059073805809021, 0.6076148152351379, 1.7836167812347412] [-0.027065744899268, -0.018352688291415366] 0.14898763597011566
pedestrian [1324.6965500019178, 894.301257761999, 0.9697887550965053] [-0.31726882434611886, 0.021169221254519543, 0.030212790209130837, -0.947617826171125] [0.6042766571044922, 0.587378740310669, 1.7432656288146973] [0.0013312904917424581, 0.002938603440824489] 0.145313560962677
traffic_cone [1345.3407061697128, 909.8175883803282, 1.7794559235697416] [-0.4497252951182321, 0.016623562098145965, 0.03293335397302921, -0.8924047345851969] [0.3454611301422119, 0.34798315167427063, 0.8164330720901489] [1.5368187296529713e-06, -0.0002948859099832276] 0.14448755979537964
pedestrian [1285.6161041538123, 858.382347102271, -1.74992316925299] [-0.9598966620552069, -0.01281338474019729, 0.03459430288708581, -0.27791626356607674] [0.6262407898902893, 0.6426215171813965, 1.65274178981781] [0.5531352378900238, 0.3637728569289153] 0.143943190574646
pedestrian [1351.7171903687902, 922.1648298600717, 2.3840961417424262] [0.06321289232800012, 0.030993815853706717, 0.020008298267725627, -0.9973179942339283] [0.5979104042053223, 0.613021969795227, 1.7804460525512695] [-0.15702691572032446, -0.11599092330646124] 0.13782192766666412
pedestrian [1292.4565733744505, 934.658844301369, 0.7012137496850326] [-0.9245701994035488, -0.03154618811729368, 0.01912554929961683, 0.379221568155266] [0.6159958243370056, 0.6016550064086914, 1.5817939043045044] [0.0, 0.0] 0.13672463595867157
pedestrian [1332.9318285370048, 905.9080453005959, 1.40936518567431] [-0.17487965442234793, 0.025370805543026193, 0.02678191268079458, -0.9838984489510983] [0.598663866519928, 0.6012774705886841, 1.7503724098205566] [0.0005512029733370249, 0.0002924890843109815] 0.1355988085269928
pedestrian [1288.641363199085, 899.7974075990799, 0.28599661792974196] [-0.9468827814313077, -0.030261585763377195, 0.02109940870805438, 0.319455864883034] [0.6616005897521973, 0.6475692987442017, 1.7625267505645752] [0.0, 0.0] 0.13381192088127136
pedestrian [1327.8535456458735, 898.9826248632503, 1.06065341649942] [-0.35283763170028437, 0.02001285753190349, 0.030990872110211547, -0.9349570348606353] [0.4911060035228729, 0.48546338081359863, 1.4112021923065186] [5.282972503019017e-05, -2.4404766321864565e-05] 0.1324431598186493
pedestrian [1310.1266745020775, 918.135726283613, 0.5259628307180256] [-0.5450756383253659, -0.03682548675590745, -0.0021982142603120688, 0.837574832408097] [0.676774263381958, 0.6706466674804688, 1.8632724285125732] [0.0, 0.0] 0.13078737258911133
traffic_cone [1292.3850431372891, 907.6586300792959, 0.15970652375750927] [-0.9489389661068383, -0.011522661834927901, 0.03504535468477456, -0.31329521219345446] [0.3873593807220459, 0.3900492787361145, 1.2935378551483154] [1.2824939154199753e-05, -4.1554298607836715e-05] 0.12899233400821686
pedestrian [1333.2918621689864, 896.0809369390017, 2.0370064507078647] [-0.7013929469757492, 0.00574013094084256, 0.03644172769677277, -0.7118194892751467] [0.6807023882865906, 0.6861079931259155, 1.602371096611023] [-0.02811719335108547, 0.024050175545051126] 0.1277981698513031
pedestrian [1364.165488517837, 917.0431627484518, 2.9345415417780893] [0.15307502281629817, 0.03267502842162812, 0.017125744900282392, -0.987525740813396] [0.6708208918571472, 0.7036400437355042, 1.7697192430496216] [-0.027461084845142755, -0.03371603045699601] 0.12140104919672012
pedestrian [1317.7495063365484, 884.3472126974742, 0.24730716645735895] [-0.30429770745453516, 0.021579860278207588, 0.029920866483389028, -0.9518623622232214] [0.5097028017044067, 0.5115134716033936, 1.4078381061553955] [0.0, 0.0] 0.11538190394639969
pedestrian [1280.0647660690083, 913.0006721363794, 0.07089153233926959] [-0.8883981587773798, -0.005910619684451831, 0.036414464099990884, -0.457589076421431] [0.586479902267456, 0.6117663383483887, 1.5941015481948853] [-0.0011543058786863947, -0.0033745523118910896] 0.11438050866127014
pedestrian [1289.4211462538324, 937.0876744703996, 0.6832642409658761] [-0.693579769135054, -0.03657707091958927, 0.004802760007234501, 0.719434608026207] [0.5807875394821167, 0.5612903833389282, 1.596566915512085] [0.0, 0.0] 0.11420506238937378
pedestrian [1301.7389212897735, 901.9766303960312, 0.27060774399073295] [-0.8637003644756704, -0.004030856422638857, 0.036670162492738224, -0.5026536897147486] [0.6884706020355225, 0.7530975341796875, 1.6237775087356567] [-0.000824310373918633, 0.004310849298566131] 0.11231492459774017
traffic_cone [1294.9049295839945, 885.9803112449029, -1.7649659831728086] [-0.9237352613929285, -0.008952246689757718, 0.03578834866195248, -0.38125085998407215] [0.43653976917266846, 0.45300400257110596, 0.9773194789886475] [-0.0010643416019964172, -0.0025505824750966773] 0.1098262369632721
pedestrian [1312.343060083056, 928.0536627361301, 2.3865275191973145] [-0.7354963602666258, -0.03622300636343427, 0.006988735990031022, 0.6765235808261252] [0.6475035548210144, 0.6453676223754883, 1.6532869338989258] [0.0, 0.0] 0.10946996510028839
traffic_cone [1356.6245865601716, 913.0270371671594, 1.7876276094004235] [-0.294277896569767, 0.021893103446747716, 0.029692434090416997, -0.9550076287494934] [0.4958433508872986, 0.5164010524749756, 1.09358811378479] [-0.0001640668120520089, -7.932369500196937e-05] 0.10777554661035538
pedestrian [1333.2111928607776, 906.1897413889035, 1.372860564688115] [-0.25689335647995504, 0.023031926724848856, 0.028818032064749793, -0.9657353958386944] [0.5684240460395813, 0.5632790923118591, 1.6525278091430664] [-0.0004688432656611051, 0.002380445190441993] 0.1069260984659195
pedestrian [1306.6122838498916, 859.3712759953219, -0.7261220338336163] [-0.822562354344112, -0.001203768990081823, 0.03687139217553728, -0.5674770696646063] [0.6619316935539246, 0.7714084386825562, 1.7570090293884277] [0.33340698145899794, 0.9354107175641201] 0.10306703299283981
traffic_cone [1308.173298594805, 920.597305620334, 0.10271667655949468] [-0.5798966928629148, -0.03688541578575762, -0.000643989949872365, 0.8138543340094168] [0.3749673664569855, 0.38348913192749023, 0.8259744048118591] [-1.587019569251193e-05, 0.00020730491776061035] 0.10189581662416458
