car [1322.0291403026206, 912.3074086685983, 0.9078328679611918] [-0.898406736673145, -0.006263213597642921, 0.03644480392811434, -0.43760471195175943] [1.8211650848388672, 4.516048431396484, 1.5289794206619263] [6.313810621709943, 8.243789634523019] 0.8495110869407654
car [1325.3794545992416, 908.1556101357039, 1.2908712986022308] [-0.4270035804555481, -0.03636858680493728, -0.006691597099358203, 0.9034934923397148] [1.8686907291412354, 4.846184730529785, 1.911371111869812] [0.0, 0.0] 0.8284591436386108
car [1303.7591449851836, 919.2349936570483, 0.0760297258895716] [-0.9434473535449608, -0.03028067915576139, 0.021225740217816563, 0.32945354681818506] [1.8758660554885864, 4.351482391357422, 1.6123979091644287] [0.0, 0.0] 0.8092997670173645
car [1325.6187635683693, 921.6804916430247, 1.2730765770167427] [-0.8997225918626551, -0.006373113148298688, 0.036425746481402135, -0.43489286739841804] [1.8590329885482788, 4.349798202514648, 1.6039674282073975] [4.731757928539561, 6.090965944203642] 0.7881712317466736
car [1302.8665756782086, 888.1048306739798, -0.3682169869241235] [-0.8603423313081897, -0.0033147634645156548, 0.03683020392426181, -0.508373505782177] [1.8125288486480713, 4.396052837371826, 1.514404535293579] [4.844045393412424, 8.468070415698362] 0.7469816207885742
car [1302.3105770405982, 859.9159580024273, -0.7322596758524831] [-0.5696960763201194, -0.03697382127502998, -0.0006229913727638552, 0.8210230989731853] [1.9166829586029053, 4.557638645172119, 1.6728061437606812] [-4.949194609286327, -13.089466078084724] 0.6553587317466736
car [1337.2461293728384, 930.1467527986943, 1.8751026669883426] [-0.9076182392350863, -0.007046255343654285, 0.03630154078769138, -0.4181646568397114] [1.8082177639007568, 4.2833571434021, 1.5472911596298218] [6.696887666285224, 8.018544902161716] 0.6372717618942261
car [1295.8969571915452, 853.4592124400699, -1.1347518198512199] [-0.44408741779383365, -0.03648912544999533, -0.005999608472467252, 0.8952200365157591] [1.9297571182250977, 4.545544624328613, 1.7536215782165527] [-0.5920533571801296, -0.7460153939921028] 0.6075977087020874
car [1285.3958171062486, 921.0761589996295, 0.22149670796657994] [-0.33273612120995616, 0.021120190714714018, 0.030354392138577, -0.9422946577712438] [1.927025556564331, 4.493053913116455, 1.6410255432128906] [-4.999119226457551, 4.011973600816548] 0.5345685482025146
car [1297.634631096309, 923.9194079342158, 0.027531115689155672] [-0.9504395306911428, -0.02980833103038842, 0.021884126190259007, 0.30870252172872203] [1.906939148902893, 4.363593101501465, 1.634130597114563] [0.0, 0.0] 0.4532504677772522
car [1366.9642347983574, 929.1161602192292, 3.7206271369314363] [-0.3637223740172997, 0.0201046002002375, 0.031036375895342673, -0.9307731104094549] [2.28177547454834, 5.683382511138916, 2.224315881729126] [0.0, 0.0] 0.2479586899280548
car [1291.996494151445, 868.2261597304288, -0.932213977409112] [-0.8794670330439436, -0.004744961700515855, 0.036673381578319654, -0.47452111250286316] [1.9365276098251343, 4.502804756164551, 1.662980556488037] [5.090810387075632, 8.318638972549838] 0.23462703824043274
car [1296.9790316350427, 867.1230171724545, -0.870097356341129] [-0.8931374323730793, -0.0058292240467711105, 0.036516732122972656, -0.4482611686462427] [1.961817979812622, 4.630277156829834, 1.6905202865600586] [0.21199770660794, 0.12837875900730986] 0.13273732364177704
car [1317.8031284366036, 851.1707272014378, 0.8443835785180398] [-0.30410203026875726, 0.022028040727449932, 0.029702137964096195, -0.9519214797495074] [1.99040687084198, 4.48685359954834, 1.757070779800415] [0.0, 0.0] 0.12223160266876221
car [1286.4480981089005, 922.285557830961, 0.1875824551129479] [-0.4347555453811317, 0.017639095100254965, 0.032500983092401355, -0.8997889553569919] [2.012723445892334, 4.735145092010498, 1.7212778329849243] [-3.763186819033667, 4.934847854469463] 0.11874011158943176
car [1336.9986690493845, 897.7876972668302, 1.6056860564258209] [-0.872822565687169, -0.004237486464015271, 0.036735477217475825, -0.4866346856208874] [1.8748109340667725, 4.506976127624512, 1.629298448562622] [0.0, 0.0] 0.1174052283167839
car [1295.4624237824144, 863.951263711222, -0.8601570861809151] [-0.45419167974004393, -0.03655469566866676, -0.005586215400389935, 0.8901362066992834] [1.9268121719360352, 4.535246849060059, 1.677405595779419] [-0.7379050927861848, -0.8476590003692058] 0.11632958054542542
car [1297.506206274754, 865.2713253694999, -0.9049076817275623] [-0.8441103787423467, -0.002167370084360567, 0.03691549924958101, -0.5348927153378742] [1.9318482875823975, 4.5019965171813965, 1.6609256267547607] [-0.11970748447100932, -0.22525527166080647] 0.10620742291212082
car [1366.3934119445175, 931.3504918146552, 3.3876632728986835] [0.09504207619933783, 0.03193926324015087, 0.018636926828335856, -0.9947861841490316] [1.9360895156860352, 4.597725868225098, 1.7242920398712158] [0.0, 0.0] 0.10592919588088989
car [1308.8218260075853, 857.6708426490334, -0.4012923362631202] [-0.15830144606169178, 0.026222822577044676, 0.026073265120065678, -0.9866981304314149] [1.9387141466140747, 4.347846031188965, 1.6842833757400513] [0.0, 0.0] 0.10317637771368027
truck [1367.0622935939966, 929.069592881367, 3.7290130587613612] [-0.36117639013219094, 0.02018937488340904, 0.03098129628898006, -0.9317640064056731] [2.3396127223968506, 6.070106506347656, 2.420515298843384] [-0.00024477802089474456, 0.00016801530931932833] 0.2688784599304199
construction_vehicle [1337.5152842387902, 889.3829392436621, 2.0729008804910385] [-0.500649602212747, 0.015166103025540681, 0.03372596769474648, -0.8648598292360967] [2.13877272605896, 3.3940865993499756, 2.15429425239563] [0.0, 0.0] 0.20170524716377258
construction_vehicle [1311.2284528833509, 857.0588334635427, 0.5058440417606205] [-0.948722260692524, -0.0299285909162615, 0.021719369781268226, 0.3139404728424458] [3.267765760421753, 5.4119873046875, 3.263507604598999] [0.0, 0.0] 0.1604844331741333
construction_vehicle [1351.8816978975078, 913.6766112479992, 2.759771015838935] [-0.3152628363923945, -0.03530005173215406, -0.011016257333397995, 0.9482836560923605] [1.918472170829773, 4.068687438964844, 2.4741768836975098] [0.0, 0.0] 0.14633509516716003
construction_vehicle [1347.5375362092047, 960.7523802459809, 3.097671849525639] [-0.5469704611283999, -0.03694283877741609, -0.001636533224300607, 0.836334779304949] [2.254587173461914, 4.327230453491211, 2.515860080718994] [0.0, 0.0] 0.1311149299144745
construction_vehicle [1340.9707444646265, 866.0616621279753, 2.3563912342404554] [0.1665615742746665, 0.03320056766672237, 0.01628416054132932, -0.9853373992685027] [3.2172904014587402, 6.839633941650391, 3.298832416534424] [0.0, 0.0] 0.12081038951873779
construction_vehicle [1355.9867783354325, 926.29166071942, 2.8395701634130694] [-0.9901891684875137, -0.017344638292957886, 0.0326590737837872, -0.13475147135403795] [2.2155351638793945, 4.211105823516846, 2.874763250350952] [0.0, 0.0] 0.12038809061050415
construction_vehicle [1364.8751223257516, 913.4360992921225, 3.117602384226828] [-0.5563402758682177, -0.03695890553385348, -0.001221015834496758, 0.8301313425410148] [1.8568296432495117, 3.6579980850219727, 2.571934461593628] [0.0, 0.0] 0.10621248185634613
construction_vehicle [1350.810757535066, 875.9212175385292, 3.6767920322649568] [-0.5811314884535037, 0.011868373002226934, 0.0350227540351756, -0.8129690901564999] [2.5352942943573, 3.9058399200439453, 3.1114144325256348] [0.0, 0.0] 0.10473509132862091
construction_vehicle [1319.0789813041235, 849.269424175744, 0.7275426082336363] [-0.28151906960411766, 0.022723877451012443, 0.029173223536657137, -0.9588428243832792] [3.7572567462921143, 9.592931747436523, 4.005765914916992] [0.0, 0.0] 0.10291853547096252
construction_vehicle [1295.2085905629299, 893.168672137775, 0.4628723543107556] [-0.8931875505973063, -0.005833307249724355, 0.036516080080681045, -0.4481612967225712] [2.4786860942840576, 5.05247688293457, 2.718522548675537] [0.0, 0.0] 0.10002463310956955
bus [1298.8517442535704, 918.930550062587, 1.4444496995971328] [-0.9477761647933385, -0.02999361470311475, 0.02162948577681625, 0.31678524250934226] [3.025923013687134, 11.923498153686523, 4.715230464935303] [0.0, 0.0] 0.8366448879241943
trailer [1352.06147411822, 904.5138225020834, 2.3633410677474584] [-0.9227403810647343, -0.03146132651302144, 0.019432871943422345, 0.3836440245521633] [2.577700614929199, 8.019303321838379, 2.953765869140625] [0.0, 0.0] 0.13366086781024933
trailer [1334.1100244733643, 897.9606468670754, 1.909746281710169] [-0.9296009459100631, -0.031100741956247582, 0.02000488509587843, 0.366707826184809] [2.5803985595703125, 7.432744979858398, 2.7179832458496094] [0.0, 0.0] 0.10929103195667267
barrier [1351.9406500196603, 914.6057510596197, 3.479615553393838] [-0.3752612357069508, 0.01971735094105155, 0.03128382409162619, -0.9261811666179378] [1.9156074523925781, 0.43880602717399597, 1.0346094369888306] [0.0, 0.0] 0.18937459588050842
barrier [1297.2033297805851, 865.9643173819666, -1.1986843349743164] [-0.949647579140404, -0.029864155693391008, 0.021807883497700985, 0.31113023616299623] [2.3139545917510986, 0.5669687390327454, 1.0224311351776123] [0.0, 0.0] 0.18075932562351227
barrier [1301.4769380177925, 873.4851605776892, -0.7173424670542392] [-0.9660422047447633, -0.028553830433705192, 0.0234974540214809, 0.25572447492164097] [3.188664197921753, 0.6048126220703125, 0.8669983744621277] [0.0, 0.0] 0.1731213927268982
barrier [1295.3269867241213, 892.3302486060197, -0.39192963376117596] [-0.8681574582587318, -0.033624758183383924, 0.015389191500444505, 0.4949092604627745] [2.1752781867980957, 0.4484420120716095, 1.0327852964401245] [0.0, 0.0] 0.1625826209783554
barrier [1279.8599862114302, 910.89914016558, -0.096548406302982] [-0.8973923826711581, -0.006178918994944202, 0.03645919003464442, -0.43968108891087593] [2.2070586681365967, 0.48366498947143555, 1.0190494060516357] [0.0, 0.0] 0.13323591649532318
barrier [1346.3546282394695, 914.4612256072735, 1.729066427363162] [-0.6095223030726639, 0.010622204500490468, 0.0354206203993967, -0.7919059985118612] [2.3226747512817383, 0.29726287722587585, 1.013298749923706] [0.0, 0.0] 0.12707343697547913
barrier [1355.5224344652493, 926.6570757512525, 3.461903707793934] [-0.07340621594007363, 0.02835494067653687, 0.023737078951683845, -0.9966163132737851] [2.0440785884857178, 0.45645254850387573, 1.0401091575622559] [0.0, 0.0] 0.1255119889974594
barrier [1333.6238373615945, 855.5370948500395, 0.866883192296549] [-0.9233541794281142, -0.031430135068440695, 0.0194832796907495, 0.3821643726915236] [2.0706491470336914, 0.5195510387420654, 1.1352970600128174] [0.0, 0.0] 0.12255291640758514
barrier [1270.66324030188, 920.7289552157358, -0.2534891012817929] [-0.8885155050838281, -0.005456194139250492, 0.036574328749044815, -0.45735407033030934] [1.927053451538086, 0.47771990299224854, 1.051334023475647] [0.0, 0.0] 0.11596191674470901
barrier [1283.9347219331585, 918.7005267726809, -0.34169532458999224] [-0.9093168898186313, -0.007194315130627708, 0.03627248830352859, -0.41445788967353825] [2.073119640350342, 0.5380498766899109, 1.0245236158370972] [0.0, 0.0] 0.10370775312185287
barrier [1310.4392618591978, 882.9307390005964, -0.8724371496166835] [-0.36819669567585533, 0.019955032037783746, 0.031132752436934034, -0.9290122398092792] [2.4031519889831543, 0.4933874011039734, 0.9391313791275024] [0.0, 0.0] 0.10196174681186676
bicycle [1301.7719573005666, 902.1552437680276, 0.2642503947006233] [-0.7901976612330767, 0.0013059560025684234, 0.03695600163502205, -0.6117354040791227] [0.7179819941520691, 1.5767921209335327, 1.8077023029327393] [0.0, 0.0] 0.633644163608551
motorcycle [1297.1411092171566, 865.8978167638559, -1.1061911268438351] [-0.4914090803411541, -0.03675814071260608, -0.004036170125335278, 0.870143473330883] [0.7387195825576782, 2.296383857727051, 1.3864686489105225] [0.0, 0.0] 0.2609226703643799
bicycle [1351.4969055031183, 907.9460926127355, 1.5980988395681033] [-0.9913398598949068, -0.017632196921842813, 0.032504725958508784, -0.12600726409861804] [0.5110257267951965, 1.5330724716186523, 1.0661271810531616] [0.0, 0.0] 0.24766947329044342
bicycle [1357.0887010492943, 913.363982158256, 1.8896330204032687] [-0.9850596088534321, -0.016229036896648084, 0.03322754789832727, -0.1681966570048144] [0.5423882603645325, 1.5940794944763184, 1.1279559135437012] [0.0123722140008806, 0.0026131260042808815] 0.23323902487754822
motorcycle [1323.8025647819738, 847.3522462260037, -0.2763809128664294] [-0.6160474659650876, 0.010329050621874367, 0.03550721463560827, -0.7868405607872958] [0.6610506176948547, 1.8077912330627441, 1.256601095199585] [0.0, 0.0] 0.21783068776130676
bicycle [1352.0380001864673, 914.6396028441819, 3.411263645466507] [-0.9558481000548912, -0.011892823972841833, 0.03501445866894698, -0.29152522711341183] [0.604080319404602, 1.6658623218536377, 1.1732720136642456] [0.0, 0.0] 0.19652536511421204
bicycle [1292.4211140295315, 917.0449023005015, -0.6214442042242848] [-0.9924445808106483, -0.01792701160453243, 0.03234306467945419, -0.11698847140487226] [0.5612615942955017, 1.6338156461715698, 1.0797181129455566] [0.0, 0.0] 0.18222543597221375
bicycle [1310.0120681417666, 882.5518264568219, -0.7093808525981128] [-0.23743740906718938, 0.02403243758936794, 0.02810504441273012, -0.9706987303986403] [0.4475371837615967, 1.4387154579162598, 0.9511728286743164] [-0.0082059815658993, -0.002493534784922439] 0.180885910987854
bicycle [1295.1257833798588, 892.271948979862, -0.3175080900852296] [-0.9575725835295765, -0.029274687360780562, 0.022593013474456046, 0.2858098943258687] [0.5943197011947632, 1.8105874061584473, 1.1828597784042358] [0.0, 0.0] 0.1762399971485138
bicycle [1345.6069680809314, 910.1371674563384, 1.798813127651694] [-0.965302322337691, -0.01308914231574303, 0.03458505358339962, -0.25850333636441264] [0.4781162440776825, 1.4952870607376099, 1.0965168476104736] [0.0, 0.0] 0.16757622361183167
bicycle [1339.6015285359276, 928.6687750186311, 1.3768536104910505] [-0.9053355542851937, -0.006849148311141872, 0.036339245250010074, -0.4230840136062728] [0.48304322361946106, 1.5177223682403564, 1.1116783618927002] [0.00016009382240145159, -0.0005404789346178317] 0.16488079726696014
bicycle [1299.8874735847967, 898.0957448714927, -0.24748004630674725] [-0.7290010813424403, -0.036284433984288024, 0.007133822843906477, 0.6835129639031179] [0.5870915651321411, 1.6172614097595215, 1.1292381286621094] [-0.007083160723509097, -0.0500296734188636] 0.16327424347400665
bicycle [1288.462104429561, 880.2996547735331, -0.6482772717558642] [0.1312416492783593, 0.032597403773948104, 0.017460264749613374, -0.9906604756003785] [0.6135526895523071, 1.7316253185272217, 1.1543362140655518] [0.0, 0.0] 0.16298198699951172
bicycle [1310.4042449198184, 882.8560128029433, -0.6721007252240414] [-0.2888340548652612, -0.03498085035210362, -0.011991317132497585, 0.9566647464875893] [0.45965510606765747, 1.4688111543655396, 0.9535761475563049] [0.018969962140209094, 0.0016387797647740212] 0.15628795325756073
bicycle [1351.6475774328349, 908.3626785443091, 1.7909191838289877] [-0.9935921341185328, -0.01825775402646259, 0.0321575184962644, -0.10680458529413125] [0.6416149139404297, 1.7311384677886963, 1.2010809183120728] [0.0, 0.0] 0.15454833209514618
bicycle [1331.246242430515, 919.5522381184538, 1.0416937920965657] [-0.9457397017481772, -0.010734435460813164, 0.03538676974896175, -0.32281413376638424] [0.47897690534591675, 1.4954297542572021, 1.0123103857040405] [0.0, 0.0] 0.15065914392471313
bicycle [1296.7774133235337, 894.1930806637586, 0.6481637761002426] [-0.3982956764210042, -0.036139446260314005, -0.007835304839396706, 0.9165113761249264] [0.5588611364364624, 1.6708980798721313, 1.1607356071472168] [0.0, 0.0] 0.14768657088279724
motorcycle [1335.964009899791, 896.3832920611227, 1.4923756210280257] [-0.31979675804984464, 0.021534022467923096, 0.03006222636930573, -0.9467642694794101] [0.7209447622299194, 1.9576847553253174, 1.254306435585022] [0.0, 0.0] 0.14387966692447662
bicycle [1311.9593515426527, 866.0788348751903, -1.0333557733865073] [-0.4581896382489389, -0.036579444864804626, -0.005421788571229597, 0.8880849080033837] [0.6046695113182068, 1.7441444396972656, 1.1753461360931396] [0.0, 0.0] 0.13980883359909058
bicycle [1326.6433097891434, 935.3880566085196, 1.5426880898086626] [-0.9405196749852323, -0.010173825704586753, 0.03555200203168715, -0.33772072691462873] [0.5446394681930542, 1.5826709270477295, 1.1695644855499268] [0.31162587029639033, 0.17996508890716137] 0.13544823229312897
motorcycle [1262.1198527908887, 921.7285725236576, -0.540417389144646] [-0.9987101238322248, -0.022622313193481555, 0.029252051615304316, 0.03479420895916785] [0.696503221988678, 1.9517602920532227, 1.6041896343231201] [0.2201446254204479, -0.03779509349924045] 0.1310444176197052
bicycle [1303.8564065907435, 899.0805336912409, -0.9337910862886785] [-0.5334344177361465, -0.03691170188644591, -0.0022311077460632476, 0.845032703743808] [0.5300652980804443, 1.4813354015350342, 0.9686879515647888] [0.0, 0.0] 0.12996378540992737
bicycle [1334.5745303022375, 921.9103219368396, 0.7967494998450333] [-0.9416345784445225, -0.010291680637212426, 0.035518064243283645, -0.33459956530109003] [0.4237990379333496, 1.3759891986846924, 1.042830228805542] [0.0, 0.0] 0.1277375966310501
bicycle [1298.5269006876222, 922.4503580596712, -0.15568002651992802] [-0.9785200638278079, -0.015047942461944045, 0.033778854415009676, -0.2028078724026627] [0.44825148582458496, 1.468090295791626, 1.0496623516082764] [0.0, 0.0] 0.12765119969844818
bicycle [1337.8637413207193, 942.4483789304572, 1.6124134754955866] [-0.8549388124919481, -0.03401512299733364, 0.014505963787513785, 0.5174090986027684] [0.5864275097846985, 1.6400938034057617, 1.1459519863128662] [0.0, 0.0] 0.12695983052253723
bicycle [1337.955550150752, 864.8284842290516, 1.5694665032431663] [-0.1448773275697745, 0.026574743691152376, 0.0257144818279108, -0.9887583670332768] [0.6633007526397705, 1.7492984533309937, 1.256117343902588] [0.0, 0.0] 0.12608560919761658
motorcycle [1296.8838940737025, 865.0970731070572, -1.18265704141742] [-0.03580082144555213, 0.029229235042229545, 0.022651785730367885, -0.9986745463893109] [0.7040573358535767, 2.1812915802001953, 1.3227040767669678] [0.0, 0.0] 0.12403791397809982
bicycle [1327.9347281730375, 899.0818893122536, 1.0173415301053805] [-0.35936780036729954, 0.020249450160238283, 0.030942064348333694, -0.9324630461746142] [0.47661903500556946, 1.448732614517212, 1.1213657855987549] [0.0, 0.0] 0.11625607311725616
bicycle [1337.8573536744962, 926.7927617030297, 1.3655727056184008] [-0.7146303328834733, 0.005545932964346372, 0.03656082884021332, -0.6985241840802137] [0.5236755609512329, 1.5954757928848267, 1.104076862335205] [0.0, 0.0] 0.114964060485363
motorcycle [1316.6535257593123, 866.6680902127051, 0.35159737792329704] [-0.8947780605582002, -0.0059633262297584845, 0.03649507251953163, -0.4449772699428343] [0.6901024580001831, 2.138944625854492, 1.497148871421814] [0.0007037205305020773, 0.0014781056627273489] 0.11281998455524445
motorcycle [1281.8206428393737, 908.8401842788652, -0.505980082186168] [-0.9779735755744161, -0.014957451786874451, 0.033819021481582286, -0.20542695514528792] [0.6708352565765381, 1.880913257598877, 1.285873532295227] [0.0012877231269215706, -0.0007893210200704741] 0.10952414572238922
motorcycle [1274.4711246338911, 918.8197961444946, -0.10599685567300621] [0.12979046430301322, 0.03257179433730487, 0.017507992220032312, -0.9908516457058949] [0.7144815325737, 2.0005340576171875, 1.3373805284500122] [0.0, 0.0] 0.10481375455856323
bicycle [1270.6558317097306, 920.7045041977212, -0.10759425254577293] [-0.3542152241014202, 0.02041993871989936, 0.03082981804364003, -0.9344325141158417] [0.6931906938552856, 1.8822648525238037, 1.294828176498413] [-0.004720453826731587, 0.0016927750534043973] 0.10474518686532974
bicycle [1280.4425705843682, 912.6827248382757, -0.0035243766305670388] [-0.35099849844496483, 0.020525878455554217, 0.030759387047797508, -0.9356455538885715] [0.5811942219734192, 1.7041875123977661, 1.2008424997329712] [0.0, 0.0] 0.10458306223154068
motorcycle [1341.3078131985562, 875.4359601680387, 1.8290833413178595] [-0.7421928530808966, 0.004068435750137323, 0.03675458350295106, -0.6691653885682602] [0.7407345771789551, 1.9704668521881104, 1.4198017120361328] [0.0, 0.0] 0.10433217883110046
bicycle [1337.7247835082494, 906.0264817499683, 0.9560644570354261] [-0.8717575419693147, -0.0041572361518058066, 0.03674464539911246, -0.4885400049552654] [0.4067041575908661, 1.3263038396835327, 0.9992415904998779] [0.0, 0.0] 0.10275644063949585
bicycle [1350.7515169312383, 922.1910872833458, 2.2414698727075373] [-0.29835289358116523, -0.03509860715473429, -0.011642136991378883, 0.9537390100618817] [0.6805738806724548, 1.7201918363571167, 1.8359575271606445] [-0.8579184265711564, -0.752458141650594] 0.1016661524772644
bicycle [1338.3866233803155, 942.7666797579661, 1.702484781597739] [-0.4535599838357598, -0.036550722859453155, -0.005612150780213035, 0.8904582469071626] [0.6295080780982971, 1.7294197082519531, 1.162379503250122] [0.0, 0.0] 0.10032758116722107
pedestrian [1331.4444760397864, 903.3892774818365, 1.4656432634251335] [-0.5187420615167462, 0.014452887010031617, 0.034037709015203366, -0.8541306820595009] [0.6854144334793091, 0.6761634349822998, 1.8958280086517334] [0.008623058221286627, 0.21384501022849878] 0.8436787724494934
pedestrian [1331.307510914549, 905.4446942547373, 1.346929138870368] [-0.21795517209311513, 0.024590319704077785, 0.027618250393166496, -0.975257961454267] [0.6235371232032776, 0.5667788982391357, 1.8338178396224976] [0.0, 0.0] 0.8417331576347351
pedestrian [1310.5599576995216, 917.9859347359594, 0.554737724312658] [-0.45203584311512446, -0.036541067587095716, -0.005674676865135224, 0.8912329352987752] [0.6297451257705688, 0.5760723352432251, 1.8769233226776123] [0.0, 0.0] 0.8131637573242188
pedestrian [1330.0541236465147, 904.1751363624408, 1.2780507248171702] [-0.24003091753124392, 0.023957236271970116, 0.028169174786233923, -0.9700606718402625] [0.6141673922538757, 0.5659319162368774, 1.7938694953918457] [-0.00022618758036983168, -0.00034202719521412135] 0.8046298027038574
pedestrian [1329.687111223204, 903.6030435792973, 1.2560736328162105] [-0.3288029704418092, 0.02124661341560756, 0.03026603701008975, -0.9436742844068152] [0.606501579284668, 0.5429108738899231, 1.7387393712997437] [0.0, 0.0] 0.765160858631134
pedestrian [1338.672149501663, 908.8977972500988, 1.5950806987713106] [-0.982815269018098, -0.026666789681827032, 0.02561901453986084, 0.18084992509524417] [0.6510125398635864, 0.7386428713798523, 1.6845613718032837] [1.1444665667193834, -0.4120406755669802] 0.7411896586418152
pedestrian [1332.544441130925, 904.2353725546149, 1.4814486573693078] [-0.33827736149054743, 0.020941137584102466, 0.030478194411941283, -0.9403196132831994] [0.6073290705680847, 0.5787512063980103, 1.8033117055892944] [0.0022291349821618694, 0.0005638789105724194] 0.7387057542800903
pedestrian [1333.0297744728725, 904.9107065406829, 1.499808747228056] [-0.11105723111286325, 0.027436631142424235, 0.02479279833909343, -0.9931257925558151] [0.6203158497810364, 0.575166642665863, 1.8830583095550537] [0.0, 0.0] 0.7319790720939636
pedestrian [1330.9925682930675, 909.0475773512247, 1.2796113097086261] [-0.26459995996472935, 0.023233802583772018, 0.02876876770782347, -0.9636490074756139] [0.7341084480285645, 0.879668116569519, 1.7287704944610596] [-0.9226180195352008, 0.5443696599183476] 0.6883979439735413
pedestrian [1299.7279647448077, 903.2613265444752, 0.28499225646987025] [-0.8891052478422019, -0.03291460500484261, 0.01685468348274707, 0.4562065394988639] [0.644899308681488, 0.7204159498214722, 1.6609522104263306] [0.5963807830639646, -0.946103914493816] 0.6759676337242126
pedestrian [1350.6789755662103, 922.2253625355102, 2.262165382981244] [-0.35677903556834273, -0.03575156249169349, -0.009448669606401363, 0.9334566236312191] [0.639496386051178, 0.7181265354156494, 1.7986524105072021] [-0.9071066064401033, -0.7846627510580324] 0.5228002667427063
pedestrian [1353.6981678499417, 925.4708686199549, 2.5660119935979324] [-0.39625662872498013, 0.018999783665748293, 0.03172475056770599, -0.9173948073831599] [0.6248515248298645, 0.5979787111282349, 1.7995036840438843] [-0.054459673637964105, 0.006681543896198059] 0.3200654983520508
pedestrian [1352.0138699430383, 922.2102290934256, 2.3503843967664575] [0.03607548902570207, 0.030781816787307185, 0.02049222616508639, -0.9986646621932852] [0.5986810922622681, 0.5913965702056885, 1.7609658241271973] [-0.02940486621212785, -0.015659251765155084] 0.30283284187316895
pedestrian [1351.4498122617285, 921.3362944605732, 2.185323202646085] [-0.15892117345336415, 0.026206440429075755, 0.02608973089101728, -0.9865985044841075] [0.6046091914176941, 0.6165093183517456, 1.715153694152832] [-0.08814974374766063, -0.0339809359002113] 0.2622074484825134
pedestrian [1310.1649380536485, 918.7628656703084, 0.6423107061264692] [-0.4705982734260447, -0.0366518782615288, -0.0049082988733847605, 0.8815723529413214] [0.6393250823020935, 0.6448822021484375, 1.8570449352264404] [0.0, 0.0] 0.2554425895214081
pedestrian [1331.818216017866, 903.6607308256215, 1.4720092365788335] [-0.5062503606592701, 0.014946966397263868, 0.033823657008778076, -0.8615933616007211] [0.6798171401023865, 0.6761026978492737, 1.8652173280715942] [0.01712018386850701, 0.1343791790097019] 0.2333473265171051
pedestrian [1351.2020940340403, 921.6515413862459, 2.2528954098033926] [0.23375618208896087, 0.0342393457521464, 0.013968492416627218, -0.9715917845254068] [0.6194851398468018, 0.6617206931114197, 1.7541508674621582] [-0.5354830194649958, -0.4763758975319439] 0.22163689136505127
pedestrian [1270.3185227417737, 915.0550324637273, -0.39198400565907665] [-0.7690720189497209, -0.03578558637720071, 0.009318979856631538, 0.6380915123167459] [0.6197656393051147, 0.6387075185775757, 1.6740045547485352] [0.049711458834500746, -0.0819960429594663] 0.19859302043914795
pedestrian [1288.8252881650824, 899.4701615865904, 0.5059926732388149] [-0.7161941204041484, -0.036410544944380924, 0.006459395852679593, 0.696920748952562] [0.7145053148269653, 0.682773232460022, 1.782615065574646] [-0.0022424999012646955, -0.0032818417757115334] 0.19377222657203674
pedestrian [1301.76285854449, 902.17437256432, 0.3089377039439092] [-0.8289110797202703, -0.0011400803916941293, 0.03696149069814247, -0.5581567614380818] [0.7295649647712708, 0.7940356731414795, 1.7078858613967896] [0.000807311817913734, 0.012672683041204872] 0.1928480565547943
pedestrian [1326.3240177397965, 875.8347143074885, 0.9178443291721285] [-0.8871017279272868, -0.03298799681571179, 0.016710584789736912, 0.46009028758548487] [0.6686773300170898, 0.694411039352417, 1.794916033744812] [0.1763523428116093, -0.24544609353312843] 0.17261622846126556
traffic_cone [1310.1158914613604, 882.6895332882945, -0.7255822169843609] [0.16621411319019075, 0.03319482346448271, 0.016295866748664387, -0.9853960711300154] [0.35714542865753174, 0.3664708733558655, 0.7869561314582825] [-0.005020902284575944, -0.01818381173512428] 0.17153051495552063
pedestrian [1323.7011569931851, 847.3673094146586, -0.2562721955907843] [-0.7121639633368354, 0.005674756244183484, 0.03654105525976909, -0.7010385422688561] [0.6262195110321045, 0.63614422082901, 1.664953351020813] [-2.0433601349097754e-05, -2.0782571776742603e-05] 0.17075210809707642
pedestrian [1278.8687427874154, 906.5621147484981, 0.29539853092693047] [-0.9903225287850808, -0.025414518531111756, 0.02686175395911769, 0.13376784891293964] [0.7702754735946655, 0.7110508680343628, 1.9330077171325684] [0.0001160629086264062, -0.0015720902333973474] 0.16566482186317444
pedestrian [1292.3572257012756, 934.5754600884273, 0.6640142310873959] [-0.8832704333279784, -0.03312492500241034, 0.016437485255144338, 0.46740334833062247] [0.6022158265113831, 0.595732569694519, 1.650240182876587] [0.0, 0.0] 0.1596982777118683
pedestrian [1341.2835059544402, 875.3247643549857, 1.9456794094925003] [-0.5722743871938087, 0.01224776410323517, 0.03489188806011939, -0.81922803552126] [0.5850350856781006, 0.5856866836547852, 1.6447701454162598] [0.0001642958412949501, -6.881879134643229e-05] 0.15455257892608643
traffic_cone [1351.3078883079886, 924.960962015856, 2.0987078961462666] [-0.42170864685688136, 0.018106876890647827, 0.03224271370705824, -0.9059770226601832] [0.38502079248428345, 0.3788260221481323, 1.101900577545166] [-0.00010877663548532965, -0.0005783895899628826] 0.154457688331604
traffic_cone [1335.3006037447449, 904.9641672178691, 1.4689915049089404] [-0.1839877485305694, 0.0255337201037179, 0.02674847127582042, -0.982232689749595] [0.38623130321502686, 0.38205838203430176, 1.2211077213287354] [-0.0001449467868458345, 0.00012876674358267766] 0.15429627895355225
traffic_cone [1275.4330237782342, 920.9175495707456, 0.050251503043552415] [-0.9448489570829443, -0.010637143321311021, 0.03541613699841198, -0.3254120414510568] [0.4019010365009308, 0.4072369933128357, 0.9945834279060364] [0.0, 0.0] 0.1515098214149475
pedestrian [1298.3433383770616, 901.4330594776952, 0.07245260500935924] [-0.9808965502098658, -0.015454535210905868, 0.03359477517923387, -0.19098299978913336] [0.5744757652282715, 0.5868279933929443, 1.5213260650634766] [-0.003279541314595593, 0.006781447517768582] 0.15113261342048645
pedestrian [1287.8789232125864, 898.1410540246151, 0.4549382323389304] [-0.9699977489743776, -0.028175450761940078, 0.023949854953420655, 0.24028507112742595] [0.6937217712402344, 0.6396057605743408, 1.7987160682678223] [0.0, 0.0] 0.14941082894802094
pedestrian [1332.8626652686116, 905.6304227216947, 1.3834296886209323] [-0.09806797365440212, 0.027758320084172585, 0.02443209454862637, -0.9944924438955741] [0.6265331506729126, 0.6093482375144958, 1.8679702281951904] [0.0, 0.0] 0.14694595336914062
pedestrian [1256.483890254695, 922.5839627424264, 0.3618947550880487] [-0.6664735301162422, -0.036769074304990865, 0.003935321166367225, 0.744611027366951] [0.662061333656311, 0.6973965167999268, 1.7909023761749268] [0.001357946434279941, -0.9255327377405063] 0.1439882516860962
pedestrian [1262.186829323167, 921.7362709109383, -0.6671506188774887] [-0.9950128515214807, -0.02428023608365661, 0.027891247975848927, 0.09263894283271845] [0.6680405139923096, 0.7101936340332031, 1.8050951957702637] [0.7938780329029322, -0.17767197799343917] 0.13908134400844574
pedestrian [1351.1178293183264, 922.4366051329423, 2.340352259899361] [-0.34471044667333134, -0.035626728224021, -0.009908976434533633, 0.9379804136421743] [0.6386203169822693, 0.698397159576416, 1.7849087715148926] [-0.5946819425594144, -0.4846707100305882] 0.1357567012310028
pedestrian [1334.3005872196043, 880.8935048674347, 2.0170691742354094] [-0.9894425490159067, -0.02558659608043646, 0.02669789652659908, 0.14012847897189556] [0.51609867811203, 0.4993869662284851, 1.619863748550415] [0.0, 0.0] 0.13480086624622345
pedestrian [1333.2636945368072, 906.1474821802194, 1.3423415601723465] [-0.1677925391909193, 0.025970613805981615, 0.026324490431325634, -0.9851285257335389] [0.5960084199905396, 0.5764848589897156, 1.785470962524414] [0.0, 0.0] 0.1305219531059265
pedestrian [1332.4047822704315, 905.3167363675371, 1.4178378917825563] [-0.16720321299029905, 0.025986356263698225, 0.026308950303357788, -0.9852287216620275] [0.6188931465148926, 0.5995461940765381, 1.8501644134521484] [0.0, 0.0] 0.1301988661289215
traffic_cone [1273.862376442031, 922.1273977831573, 0.008090640377609759] [-0.9558618088651415, -0.011894470621918604, 0.03501389933373193, -0.29148027510473495] [0.37988191843032837, 0.38921070098876953, 0.9949288964271545] [-2.8352172104143883e-05, -9.405704817351464e-05] 0.12477024644613266
traffic_cone [1274.9272235390445, 921.337958376414, 0.03849760505712929] [-0.9492666863234125, -0.011126794467771805, 0.03526536576870231, -0.3122904203760344] [0.407257080078125, 0.4157021641731262, 1.0378999710083008] [0.0, 0.0] 0.12342879176139832
traffic_cone [1345.3425182988005, 909.9713294914033, 1.711950183327259] [-0.4024713615916851, 0.01878411721111876, 0.031852920094197795, -0.9146853839001732] [0.35799914598464966, 0.36300069093704224, 0.906599223613739] [0.0023569576122214188, 0.0003431823801778244] 0.12340398132801056
pedestrian [1326.5630764457792, 935.2931257280587, 1.4926625184860263] [-0.9804806066257858, -0.026984584267422545, 0.025284061972767925, 0.19310703884841457] [0.6975973844528198, 0.6478611826896667, 1.0096235275268555] [0.12042652113496029, 0.08640828367518388] 0.1224028617143631
traffic_cone [1323.9187909030438, 929.9145574552119, 0.8826063112624443] [-0.9729473265332822, -0.02787155387401609, 0.024302840627717086, 0.22804834622029294] [0.3389863967895508, 0.3450128138065338, 0.7713354825973511] [0.00035483677299122575, -0.0001324403519789869] 0.12216997146606445
pedestrian [1353.9649193317302, 925.1287091569493, 2.4724632022333233] [-0.33280071033733405, 0.021118110012924508, 0.03035583975795127, -0.942271848046538] [0.6333308219909668, 0.6264671087265015, 1.798119068145752] [-0.024442901978576438, -0.0013257375835982134] 0.12071345746517181
traffic_cone [1298.0471263498268, 895.6800441558573, 0.08314345276100488] [-0.7592769252927951, 0.003115032772890776, 0.03684763423548673, -0.6497161681380501] [0.4077575206756592, 0.4010007977485657, 0.9564917683601379] [0.0, 0.0] 0.11974114924669266
traffic_cone [1327.881314745346, 899.0124930996523, 0.9897339518456411] [-0.35527022425207544, 0.020385110530751156, 0.030852857996909393, -0.9340319138990659] [0.4543786942958832, 0.4633546471595764, 1.287935733795166] [-0.0018707348130241794, -0.0008188884606801892] 0.11924265325069427
pedestrian [1289.2713517309576, 936.9911910322538, 0.696891554748339] [-0.5968946386346816, -0.03697392792330244, 0.000616629427479593, 0.8014669917041155] [0.6405357122421265, 0.6361120939254761, 1.6757419109344482] [0.00010838464428874329, 1.974073903786658e-05] 0.11916010081768036
pedestrian [1350.1124210494982, 922.3574010531081, 2.131923575538582] [-0.3266049368387375, -0.03542954133992922, -0.010592411357695864, 0.9444372735415711] [0.654945969581604, 0.7391330003738403, 1.8127093315124512] [-0.9010581424338819, -0.6454514037146685] 0.11805088073015213
traffic_cone [1351.287295498765, 909.0976835264349, 2.611170929456847] [0.18821023573427678, 0.03355096670748, 0.015549411915630971, -0.9814323489609051] [0.42466220259666443, 0.4118613302707672, 1.4350712299346924] [-7.534335149401965e-06, -9.227197932619621e-05] 0.11514819413423538
pedestrian [1352.5558492680732, 874.8064065232596, 3.524483555400176] [-0.34604630693065136, 0.02068823371595703, 0.030650425178818257, -0.9374884009318352] [0.6222032308578491, 0.6215253472328186, 1.7582738399505615] [-0.012032929276678136, 0.014540985209648166] 0.11178722977638245
pedestrian [1363.4388627335788, 909.8688568169165, 3.1958523463090773] [-0.3603381743649084, -0.03578735497265782, -0.009312185671977386, 0.9320884874932406] [0.6992364525794983, 0.6501737833023071, 1.9250309467315674] [-0.000219066205338034, -0.0005211042122717398] 0.11106931418180466
pedestrian [1352.947131840987, 921.9647234386374, 2.417929057023369] [-0.3337831145258763, 0.0210864439752251, 0.03037784486114989, -0.9419242967879518] [0.5965707302093506, 0.5760841369628906, 1.7829322814941406] [4.115146048372514e-05, -0.0001293349972559362] 0.10992000252008438
pedestrian [1311.7294755491173, 858.6376939283256, -0.008722996247322534] [-0.5257286085569552, 0.014173287225965642, 0.034155080253729125, -0.8498482091331603] [0.6920672655105591, 0.6982229948043823, 1.852307915687561] [0.0002921031894888745, 0.0011535001914810235] 0.1087091714143753
traffic_cone [1294.6340281711814, 892.0779779879799, -0.4790645129482972] [-0.9922882249633406, -0.02499251443120075, 0.02725483077061055, 0.11830734136635274] [0.4555075466632843, 0.45991647243499756, 1.0686273574829102] [0.00016164218135575846, 0.0007817614285875336] 0.10822384804487228
pedestrian [1352.4350351252142, 921.9303451805853, 2.3863584477634525] [-0.22820679329391014, 0.02429830126173363, 0.02787551136252807, -0.9729101746392534] [0.6244221329689026, 0.6159161925315857, 1.797621250152588] [-0.002600487290578384, 0.010720805878738564] 0.10801917314529419
pedestrian [1365.0590478207237, 912.7204254138386, 3.525373848582804] [-0.14189611582563055, 0.02665213773210234, 0.02563425700576172, -0.9891905987905825] [0.6683713793754578, 0.6466020345687866, 1.8635066747665405] [-0.0008711173964620989, 0.0009499401022164463] 0.10786493867635727
pedestrian [1331.242063862281, 905.8528846402536, 1.3149576419371771] [-0.17895746126260897, 0.02567030631074676, 0.02661741820389109, -0.9831616222577617] [0.680730938911438, 0.6901599168777466, 1.7900617122650146] [0.0, 0.0] 0.10515685379505157
traffic_cone [1334.6654823986637, 904.1596728657493, 1.5730501091078195] [-0.25118445012449536, 0.02363130344943715, 0.028443155155661218, -0.9672326092712791] [0.4240855574607849, 0.42807960510253906, 1.3266130685806274] [0.0, 0.0] 0.10414884984493256
traffic_cone [1271.9393794978987, 923.7584716135943, -0.031503802745513454] [-0.8476001869182596, -0.002409424622516427, 0.03690049120156545, -0.5293453235442847] [0.40248870849609375, 0.41524195671081543, 1.0812160968780518] [0.009970956241004546, -0.011720649392762699] 0.10326695442199707
pedestrian [1344.4204036256222, 883.0022374920057, 2.6871518601807893] [-0.6728801650131898, 0.007658728315995634, 0.03617727820760103, -0.7388266589355681] [0.6136168241500854, 0.6236765384674072, 1.532667875289917] [0.0018171897305113574, 0.0010395457627138081] 0.10318830609321594
pedestrian [1274.3957066761561, 915.4233785412015, -0.21128684655746643] [-0.8909205587531619, -0.032847013104707674, 0.01698603273361852, 0.45265119729547326] [0.706136167049408, 0.7648838758468628, 1.683549404144287] [0.25963239884016287, -0.37458858954489715] 0.10276013612747192
pedestrian [1309.7521152831005, 841.7275803135101, -0.7094680795538795] [-0.14592734221403225, 0.02654741901507756, 0.025742690643487446, -0.9886039445685116] [0.6950086355209351, 0.6827160120010376, 1.8679803609848022] [-0.0014107609874760318, 0.0023241742133665623] 0.10216597467660904
pedestrian [1307.305038872055, 830.7840903756608, -0.28964836181049414] [-0.9804725852201742, -0.015380340565730195, 0.033628807621004814, -0.193147762228145] [0.6342661380767822, 0.6608129143714905, 1.8257019519805908] [0.09357186727510984, -0.09804180451741255] 0.10188359767198563
traffic_cone [1275.6738675675697, 920.6348140952846, 0.05205545095838571] [-0.8922154483576549, -0.005754257387105553, 0.03652862028398197, -0.4500934815502451] [0.4125622510910034, 0.4131935238838196, 1.0345271825790405] [0.0, 0.0] 0.10177327692508698
traffic_cone [1272.7693112366196, 922.9471718221131, -0.01611264610730334] [-0.9118840998642624, -0.007420399853847336, 0.03622691325433924, -0.4087785914609714] [0.3797864019870758, 0.37785112857818604, 1.0378613471984863] [0.0005142071218358766, -0.0005951384055254456] 0.10167772322893143
traffic_cone [1310.155439163485, 926.580014530471, 1.532076796262769] [-0.9018309917121236, -0.03241736398242734, 0.017792304245353382, 0.4305036710756359] [0.3797589838504791, 0.3783820569515228, 0.9501681923866272] [0.0, 0.0] 0.10127803683280945
