car [1325.3608247665213, 908.1702036044572, 1.2526102451214258] [-0.41797104407633745, -0.03577223751735743, -0.007460550961674457, 0.9077251200204203] [1.8882629871368408, 4.867672920227051, 1.9149248600006104] [0.0, 0.0] 0.8101411461830139
car [1303.6722583204971, 919.217028986177, 0.03594948194540472] [-0.9472925060445037, -0.029961352352112586, 0.020919611919979153, 0.31827911523421437] [1.8835680484771729, 4.377562999725342, 1.601501703262329] [0.0, 0.0] 0.8094666004180908
car [1331.7852076281517, 924.1029142284531, 1.5395435934273962] [-0.9055095203025898, -0.007271903344338382, 0.03581106280747022, -0.4227495663436257] [1.8731261491775513, 4.502314567565918, 1.579064130783081] [6.449908789233652, 7.689354832021551] 0.7523395419120789
car [1333.4104358115574, 931.653849061181, 1.7944564343533205] [-0.8963688341798945, -0.006513118304451048, 0.03595680864039801, -0.4418004077785883] [1.823148488998413, 4.3315277099609375, 1.5888112783432007] [5.235008179892505, 7.025644805866617] 0.7125239372253418
car [1311.1307331765406, 901.3920067002182, 0.32189589529070817] [-0.8750151779083678, -0.004846058771977167, 0.03621917326539245, -0.48271433128957075] [1.779065728187561, 4.335434913635254, 1.4944192171096802] [5.944256738997108, 9.301726058225253] 0.6817779541015625
car [1298.1566372087461, 879.4476096455721, -0.7386911107957805] [-0.8548473389282611, -0.0033822354293431335, 0.03638506948118242, -0.5175912618366161] [1.8123825788497925, 4.3176727294921875, 1.5288857221603394] [4.042375211040178, 7.739673105907651] 0.6704665422439575
car [1279.2326015247668, 925.6077934223277, 0.4428097537988356] [-0.3271933602967126, 0.02063629221252118, 0.030157192199696137, -0.9442505981889] [1.901591181755066, 4.3833208084106445, 1.7110577821731567] [-4.010508591288646, 3.095887462508376] 0.6117011308670044
car [1297.62710878677, 923.913518352897, 0.13654859319411644] [-0.9327938743904558, -0.030829708015596778, 0.019617387729333996, 0.3585530296929488] [1.889292597770691, 4.263053894042969, 1.6262961626052856] [0.0, 0.0] 0.5046736001968384
car [1295.5755869449713, 852.4282424879349, -1.3242013286450303] [-0.5192085084426143, -0.03639140665889352, -0.0033133546500513315, 0.8538660386519337] [1.8846020698547363, 4.276776313781738, 1.6838535070419312] [0.0, 0.0] 0.4936477839946747
car [1345.9171952394229, 941.9437501657513, 2.3182754676479713] [-0.8751985938425835, -0.004859825286588097, 0.036217328667832685, -0.48238170419110504] [1.9100227355957031, 4.606632232666016, 1.6415201425552368] [4.805342022139887, 7.551764826482271] 0.2236124873161316
car [1294.1162598054573, 844.4624487327136, -1.763451634598845] [-0.508418964959909, -0.036346815049875095, -0.00377118461231347, 0.8603341462893618] [1.9097888469696045, 4.407495021820068, 1.663016438484192] [-4.0463611476490335, -8.90379020175058] 0.20830994844436646
car [1296.3390656401325, 865.9200746861591, -1.1265927330920151] [-0.3784207803935732, -0.035417068364906094, -0.008996892023668206, 0.9249121040232252] [1.932584285736084, 4.587209701538086, 1.6811939477920532] [-0.26661475653886635, -0.3504228418758019] 0.14130476117134094
car [1297.5415309713185, 865.2172699133994, -1.1111743714650992] [-0.541793956109669, -0.03646682222670223, -0.00234172464992642, 0.8397166166781411] [1.8928310871124268, 4.497278690338135, 1.6475026607513428] [-0.4983577438884091, -1.1343569813708785] 0.14039498567581177
car [1294.9560117257067, 843.0311931810036, -1.7792152963439707] [-0.5772408483337916, -0.03653363536973669, -0.0007786426144907764, 0.8157559011231452] [1.9308366775512695, 4.469482421875, 1.669043779373169] [-2.583947595362399, -8.66660755597945] 0.13427209854125977
car [1275.281190440317, 883.0366155089864, -0.0794125228863547] [-0.9828036002122786, -0.01605879268562037, 0.03282419801198869, -0.18100212875028182] [1.8748310804367065, 4.293334007263184, 1.6972455978393555] [0.0, 0.0] 0.1329732984304428
car [1294.81520089738, 922.7160360777103, 0.6010068681204273] [-0.9195914339602027, -0.03150129124470204, 0.018519758302052297, 0.391172956362487] [1.9948335886001587, 4.666604995727539, 1.81214439868927] [0.0, 0.0] 0.10866978764533997
car [1335.7588423555655, 856.4113533909768, 1.2082616630973915] [-0.9379474509769526, -0.010267268097148709, 0.035069873160181925, -0.3448467288639795] [2.1667661666870117, 5.043414115905762, 1.9171528816223145] [0.0, 0.0] 0.10295671224594116
truck [1294.4643695110701, 923.1547455951427, 0.5817394703108472] [-0.32163317562018817, 0.020813333874542875, 0.030035278102204785, -0.9461589652605016] [2.335252285003662, 5.885685920715332, 2.0761826038360596] [0.0, 0.0] 0.18492288887500763
construction_vehicle [1288.964220524816, 881.8126850823694, -0.6818427996156167] [-0.8119836143858514, -0.0005409701084070177, 0.03653792754100575, -0.5825352325578592] [2.660032272338867, 4.558383941650391, 2.4569342136383057] [0.0, 0.0] 0.1484023481607437
truck [1295.3784464801058, 851.8813246861984, -1.329313739225837] [-0.4801100989184841, -0.036204602029102716, -0.00495374500396089, 0.8764467925201355] [2.1025586128234863, 5.342626571655273, 2.007587432861328] [-0.0006824375583585128, -0.013948817238172746] 0.1387856900691986
truck [1280.8246358755796, 924.4016731267494, 0.20331830045040789] [-0.3023652007671584, 0.02141859542434305, 0.029606698020858177, -0.952491455377625] [2.1036007404327393, 4.751020431518555, 1.9273018836975098] [-4.089956943332321, 2.9703871948044966] 0.1255532205104828
construction_vehicle [1337.5209918538476, 889.4026704973397, 1.8602053621607053] [-0.416892757427644, 0.017626069421258526, 0.03200991212744814, -0.9082208519995154] [2.2288498878479004, 3.2485945224761963, 2.0977866649627686] [0.0, 0.0] 0.12143050879240036
construction_vehicle [1347.4778143438693, 960.7865878104849, 3.0718325888282854] [-0.43843468574294797, -0.03593212250059474, -0.006647959856394239, 0.898019884824291] [2.4503841400146484, 4.985349178314209, 2.577117443084717] [0.0, 0.0] 0.11650215089321136
construction_vehicle [1323.9475060670197, 847.2515274636786, -0.6085698284402161] [-0.8355590984737465, -0.034288258379560295, 0.012634402832998853, 0.5481839838595157] [1.7180192470550537, 3.0026755332946777, 2.021318197250366] [0.0, 0.0] 0.11527182906866074
truck [1335.4419990990962, 856.1414272838185, 1.1970635183800349] [-0.95198217013583, -0.011774177155677829, 0.03459308529109091, -0.30396485807709034] [2.320492744445801, 5.863824367523193, 2.2059993743896484] [0.0, 0.0] 0.11169740557670593
truck [1341.6203123185653, 958.4402098287142, 3.8513331771892076] [-0.5269165616599535, -0.03641990863878157, -0.002983798316371228, 0.8491310995663759] [2.525662899017334, 7.059486389160156, 2.884411334991455] [0.0, 0.0] 0.10591769218444824
construction_vehicle [1334.8879300277772, 895.615305246767, 1.825580493718093] [-0.3815666603748681, 0.018847095184828435, 0.031306545653329326, -0.9236187367592325] [2.820105791091919, 7.521322727203369, 3.019899606704712] [0.0, 0.0] 0.10329306125640869
bus [1299.1245566361538, 918.9854443175168, 1.417363604561687] [-0.9457964260743862, -0.030058680736471787, 0.020779521410100775, 0.3226977031639183] [2.874798536300659, 11.621587753295898, 4.531055927276611] [0.0, 0.0] 0.8602944016456604
trailer [1351.9747402941923, 904.4780166475821, 2.6005338823763644] [-0.9133301764940739, -0.031788457681172666, 0.018022395953431688, 0.40557696668777193] [2.684518814086914, 8.90188980102539, 2.824852228164673] [0.0, 0.0] 0.14808736741542816
barrier [1297.2002885068493, 865.9299858779979, -1.2484537853499074] [-0.9594860437262, -0.029083159274173237, 0.022124254660508855, 0.2793764827199936] [2.284946918487549, 0.46528130769729614, 1.0165373086929321] [0.0, 0.0] 0.25894320011138916
barrier [1301.4929933129617, 873.4548371555886, -0.8957172498280761] [-0.9581087073610428, -0.02919097699771607, 0.02198180291897795, 0.28406406334012313] [3.1797633171081543, 0.6019938588142395, 0.8698420524597168] [0.0, 0.0] 0.16173559427261353
barrier [1288.6137940334872, 880.1964997756354, -0.7714061877552059] [-0.9294203127556662, -0.031010746920386047, 0.01932993463749279, 0.3672091630658332] [2.0629217624664307, 0.45583558082580566, 1.023248314857483] [0.0, 0.0] 0.15889492630958557
barrier [1346.3628207396268, 914.4419455651216, 1.791913864068248] [-0.5858738142126777, 0.011050894224637581, 0.034830884778969486, -0.8095780141667874] [2.359370231628418, 0.3034260869026184, 1.0309169292449951] [0.0, 0.0] 0.1501000076532364
barrier [1309.1988875745787, 858.3838692611554, -0.761113490354727] [-0.7620617894589532, 0.002424236257155597, 0.03646142998045288, -0.646472363097579] [2.0862483978271484, 0.5607938170433044, 1.1026806831359863] [0.0, 0.0] 0.12280499935150146
barrier [1311.3403552729924, 867.8640598698072, -0.3457191894364062] [-0.09643231677171343, 0.02713792216921817, 0.02447132971432965, -0.994668535485259] [2.239497184753418, 0.45204129815101624, 1.0368746519088745] [0.0, 0.0] 0.10514737665653229
motorcycle [1323.8634127427215, 847.3662322111217, -0.3822958595302184] [0.04884144098179499, 0.030400024582523708, 0.02027686620343317, -0.9981378666522835] [0.6470654010772705, 1.776401400566101, 1.2338415384292603] [0.0, 0.0] 0.23788437247276306
motorcycle [1329.8394265739296, 910.1802710389854, 1.347676445480975] [0.12809660566668293, 0.03191685297836572, 0.01779402409820116, -0.9910882638892584] [0.8023566007614136, 2.084080934524536, 1.705501675605774] [-0.008017436235270991, 0.010447131234764661] 0.22053921222686768
bicycle [1294.5528163710312, 891.9630358525434, -0.2648957253738149] [-0.5266904078574326, -0.03641911272135741, -0.002993497325711055, 0.8492713944748882] [0.5370768904685974, 1.6489307880401611, 1.1485639810562134] [0.0, 0.0] 0.21048180758953094
bicycle [1311.361326591672, 868.3214603722113, -0.25240696713338995] [-0.7743061384519154, 0.0017253156237541402, 0.03650117920901195, -0.6317552462449625] [0.6082255840301514, 1.7520555257797241, 1.4822626113891602] [0.3242041058429012, 1.0897415480053882] 0.20983070135116577
bicycle [1299.6769451557352, 898.6708307727116, 0.05022349834758488] [-0.9935561306251911, -0.024766230964753572, 0.026869064022597776, 0.10728887407111881] [0.6323933601379395, 1.6433478593826294, 1.424047827720642] [-0.0004227650005171747, 0.0005238483641483048] 0.20334765315055847
motorcycle [1316.6692758635816, 866.631596124036, 0.28025473435795134] [-0.8833570289439131, -0.005481343814967477, 0.03612848831091738, -0.46727405943164935] [0.6886402368545532, 2.1967482566833496, 1.5235545635223389] [0.0, 0.0] 0.18301986157894135
bicycle [1339.315821505553, 967.0206311891696, 6.092602360323028] [-0.4322622668598729, -0.03588565910888222, -0.006894364943276127, 0.9010072251938461] [0.7201902270317078, 1.917707085609436, 1.6384010314941406] [0.0, 0.0] 0.17495709657669067
bicycle [1334.1709247620527, 944.3530698238256, 4.8410692857220035] [-0.4222771552773319, -0.035807264590883486, -0.007290582978640206, 0.9057299218493524] [0.6076453924179077, 1.8270368576049805, 1.2647351026535034] [0.0, 0.0] 0.1666422188282013
bicycle [1327.9244504453102, 899.1253996955734, 1.0192009687859809] [-0.4264351953826411, -0.03584039207571518, -0.007125945095844362, 0.9037796807526262] [0.4827355146408081, 1.4515562057495117, 1.1220953464508057] [0.0, 0.0] 0.16447734832763672
bicycle [1299.3981765176154, 899.9400364034242, -0.09961216215872148] [-0.6234670984846692, -0.036517493930084396, 0.0013362016001435021, 0.7809951755993492] [0.5308083295822144, 1.5632516145706177, 1.0861972570419312] [0.00529494440947099, 0.014158466429647631] 0.1580975204706192
bicycle [1356.5874192472743, 913.2442864605458, 1.8156958430292132] [-0.8900081825659615, -0.0060021359220591985, 0.036045626115010165, -0.454477856631084] [0.5413097739219666, 1.5729970932006836, 1.157666802406311] [0.0, 0.0] 0.15752427279949188
bicycle [1289.8277870695813, 889.6013021052822, -1.9342262508564854] [-0.5811377048208333, 0.01125404043725057, 0.034765778741266615, -0.8129844126660266] [0.6204789876937866, 1.734931468963623, 1.2077149152755737] [0.004903436127663432, 0.16765839863013957] 0.1537390649318695
bicycle [1315.9294805492232, 873.480995060152, 0.02683059400938359] [-0.8343557238081771, -0.034315864860925215, 0.01255922834001733, 0.5500138301451003] [0.611130952835083, 1.6403056383132935, 1.1476327180862427] [0.0, 0.0] 0.15284830331802368
bicycle [1340.568316051326, 907.9779732693818, 2.113516066138345] [-0.4233403824128863, -0.03581580059027089, -0.007248532660333922, 0.9052334548727534] [0.5535649061203003, 1.593741774559021, 1.3228309154510498] [0.0, 0.0] 0.15056298673152924
bicycle [1305.9790167129934, 927.6613259885664, 1.7947451081205874] [-0.9739016852661149, -0.014601067846677716, 0.033498083756935866, -0.22400936283595674] [0.614323616027832, 1.7463524341583252, 1.2313730716705322] [0.0, 0.0] 0.15010468661785126
bicycle [1298.3406650693712, 901.435115270057, -0.05550458552698845] [-0.40619863180576404, 0.01800075145134352, 0.03180071925030833, -0.913053864085507] [0.5541204214096069, 1.5802252292633057, 1.1161264181137085] [0.0, 0.0] 0.14974470436573029
bicycle [1301.9392013093557, 903.1559620913324, 0.027229422037061246] [-0.7384064883957827, 0.0037292479470893997, 0.03635114176197366, -0.6733650904950144] [0.6751052737236023, 1.7313315868377686, 1.7834397554397583] [0.4087833993627956, 2.1346810318667746] 0.14917173981666565
motorcycle [1340.9944897614757, 875.2461736187432, 1.8535551719853274] [-0.21141796895414663, 0.02410887456075841, 0.027460425434861567, -0.9767124088520907] [0.7556122541427612, 1.8953222036361694, 1.378307580947876] [0.0, 0.0] 0.14858725666999817
bicycle [1337.9288738702965, 864.6624197738602, 1.3796504323399856] [-0.9364238789622304, -0.03062679099727315, 0.01993269853430098, 0.3489627574852075] [0.585504412651062, 1.7092554569244385, 1.1247141361236572] [0.0010516792380522771, 0.0023115561060850737] 0.14592842757701874
motorcycle [1294.6519236030688, 844.1321760675932, -2.0739201850704396] [-0.6593178486052345, -0.03641501432667982, 0.0030429474589089064, 0.7509758063432637] [0.7480093240737915, 2.0256762504577637, 1.734371542930603] [-1.5175738058279797, -7.223234127881734] 0.14363788068294525
bicycle [1331.1672654213037, 919.5940731322047, 1.0435548641831685] [-0.9989335274382597, -0.020900220086678883, 0.02997488278506458, -0.028222242329515618] [0.442315936088562, 1.4300185441970825, 1.0069048404693604] [0.0, 0.0] 0.1341046243906021
motorcycle [1294.4396390913796, 845.4376282891819, -1.8361267711400908] [-0.5580298125867014, -0.03650548190671252, -0.0016317439776698684, 0.829015931974049] [0.8693504333496094, 2.2170116901397705, 1.7139840126037598] [-3.9529950707047914, -9.82794586484537] 0.13176268339157104
bicycle [1301.2230116354383, 872.536548004975, -0.9910402081303671] [-0.4734847591175152, -0.03616620213268319, -0.005226721816576618, 0.8800436751012864] [0.6491034030914307, 1.8342204093933105, 1.210847020149231] [0.0, 0.0] 0.13086627423763275
motorcycle [1294.8509889664087, 922.7311367541221, 1.199494817787377] [-0.8995862867776676, -0.00677676551061417, 0.035908052674353236, -0.43521167245826264] [0.7086421251296997, 2.241326332092285, 1.4426796436309814] [0.0, 0.0] 0.1173686683177948
motorcycle [1316.8689341148652, 866.8461208364685, 0.3011435403261993] [-0.19129849569223742, 0.02466818825052483, 0.026959103955559147, -0.9808514529469979] [0.6935445070266724, 2.121089220046997, 1.5127713680267334] [0.0, 0.0] 0.11422234028577805
bicycle [1292.0149385297154, 917.3596232417967, -0.5370064795658854] [-0.30120152814677026, 0.021454743366841673, 0.029580513597855927, -0.9528600771594958] [0.5507352948188782, 1.5956851243972778, 1.0743138790130615] [0.0, 0.0] 0.11348733305931091
bicycle [1300.4345463687623, 902.8214959369627, -0.6323481273526368] [-0.9463482523777131, -0.030023013235375047, 0.020831021912485977, 0.32107580479381836] [0.5502612590789795, 1.6234617233276367, 1.1672414541244507] [0.08946108259615308, -0.1113054266724569] 0.1134343147277832
bicycle [1288.5123715207599, 880.2075243321484, -0.6114818255508283] [0.09187854652596386, 0.031246903435439864, 0.0189458128183056, -0.9950995025074759] [0.6187949180603027, 1.7372617721557617, 1.1858923435211182] [6.122506178241711e-06, -1.0378356933195077e-05] 0.11336792260408401
motorcycle [1297.2144243322243, 865.9409337004898, -1.0974013497531714] [-0.5188992401355816, -0.03639020431510005, -0.003326533865038826, 0.8540540180744227] [0.7517829537391663, 2.1775054931640625, 1.5068265199661255] [-0.08796347058039398, -0.18986872607982716] 0.11237642168998718
bicycle [1309.7695893764503, 841.7245344427516, -1.015547492915783] [-0.048381688006007395, 0.028285794200384635, 0.023134965833202847, -0.9981602574076166] [0.7260632514953613, 1.8285999298095703, 1.6521580219268799] [-0.04945352080041851, -0.0167017218696307] 0.1103770062327385
motorcycle [1332.0972168605106, 937.1843669763472, 1.6978803281510362] [-0.31297960340588593, -0.03470319358584788, -0.011445573493414084, 0.9490566131976765] [0.6510506868362427, 1.8879902362823486, 1.1766126155853271] [0.0, 0.0] 0.11010861396789551
motorcycle [1323.1431312854058, 846.7644635725852, -0.2669646797299605] [-0.987961918600354, -0.017072836369207707, 0.03230837439364963, -0.15031944184920876] [0.7239328622817993, 2.047274112701416, 1.386488676071167] [0.0, 0.0] 0.10631318390369415
bicycle [1345.5456958325915, 910.1923692705305, 1.8088935794393448] [-0.3092146908266226, -0.03465754588816086, -0.011583061368222146, 0.950289935850815] [0.4896019995212555, 1.4996997117996216, 1.1383066177368164] [0.0, 0.0] 0.10533604770898819
bicycle [1308.2824910188413, 865.8801487333837, -0.20511957077663734] [-0.4599918182683223, -0.036082176815407964, -0.005778348718415328, 0.8871709048027628] [0.6314243674278259, 1.7676717042922974, 1.1404871940612793] [-0.002243184896520817, -0.0035014011022060742] 0.10203616321086884
bicycle [1293.208874316429, 887.3787273394333, -0.4951047557602759] [-0.47416694734785875, -0.036170243733620225, -0.005198679245778024, 0.879676300263434] [0.5432065725326538, 1.5767546892166138, 1.0878832340240479] [0.0, 0.0] 0.10073266178369522
pedestrian [1331.3524206564646, 905.5000179283049, 1.3476562754117118] [-0.26736136288901835, 0.0224860571651495, 0.028804340485690784, -0.9629032084464547] [0.5999327898025513, 0.5413311719894409, 1.813285231590271] [0.0, 0.0] 0.8758435845375061
pedestrian [1332.7373842701065, 904.8360598510998, 1.4548003757007604] [-0.2310380789662221, 0.02355116136378032, 0.02794021467467917, -0.9722582441254729] [0.6091233491897583, 0.5549628734588623, 1.8308950662612915] [0.0, 0.0] 0.8462096452713013
pedestrian [1329.5920237619996, 903.7142296694742, 1.2487470842266788] [-0.41944639977824816, 0.017535939311699694, 0.03205937663315308, -0.9070443235671651] [0.6159563660621643, 0.537598192691803, 1.7433295249938965] [0.0, 0.0] 0.8407367467880249
pedestrian [1331.232912783268, 903.545159065295, 1.4048348278733715] [-0.36592481837126845, 0.019372757542195165, 0.03098401302060946, -0.9299267253403916] [0.6272683143615723, 0.5891019105911255, 1.8303859233856201] [0.0, 0.0] 0.8281391859054565
pedestrian [1330.0846774278216, 904.1882435847773, 1.288526014174813] [-0.29315944541858063, 0.02170330688313892, 0.029398626974508027, -0.9553649704506755] [0.6083574295043945, 0.5417457818984985, 1.7898527383804321] [0.0, 0.0] 0.8262264728546143
pedestrian [1310.5621744791983, 918.0049029358017, 0.6173948837136668] [-0.5270789158278693, -0.03642047851013715, -0.0029768343492063017, 0.8490303314323159] [0.6248331069946289, 0.5696529150009155, 1.8595951795578003] [0.0, 0.0] 0.8158379197120667
pedestrian [1300.6921984660137, 901.3913975789623, 0.11896583785983417] [-0.821551367538226, -0.03459427028288125, 0.011770695019621205, 0.5689622462856572] [0.6824910044670105, 0.834937572479248, 1.7426252365112305] [0.5162156759098293, -1.281616100270797] 0.7439519762992859
pedestrian [1348.840152240223, 920.769962179267, 2.109942241421143] [-0.289298253602917, -0.03440804616919189, -0.012304436454740043, 0.9565412733722745] [0.6421045064926147, 0.7056389451026917, 1.7706314325332642] [-1.1523999380516958, -0.7692670691547855] 0.6195573806762695
pedestrian [1302.0442058984063, 903.3413863534113, 0.1421934628686724] [-0.751284639502165, 0.003025885300133535, 0.03641643606670499, -0.6589659153935448] [0.7250989675521851, 0.8700896501541138, 1.7649263143539429] [0.15416837239055833, 1.510905037797604] 0.6098952293395996
pedestrian [1332.1722017210832, 904.6157850704519, 1.4069639830199998] [-0.34934998846160537, 0.01992003103134949, 0.030635031603705745, -0.9362794843230446] [0.601464033126831, 0.5595584511756897, 1.8058842420578003] [0.0, 0.0] 0.5718129873275757
pedestrian [1329.6130290622364, 909.9246575123753, 1.2819996117153023] [0.03855436246566471, 0.030189484629140832, 0.020589021722190827, -0.9985881274765969] [0.7955237030982971, 0.7825254201889038, 1.8833181858062744] [-0.12110448743834691, 0.12531029179887757] 0.5311318635940552
pedestrian [1271.9336708616192, 913.5921437321533, -0.13121245239442336] [-0.9630813856916332, -0.02878933069663911, 0.02250527128673479, 0.266718825238553] [0.6822127103805542, 0.7174580097198486, 1.8162331581115723] [1.1083546013811538, -0.640426495117158] 0.4312085211277008
pedestrian [1299.7881305745925, 898.6525337651593, 0.0885433244903645] [-0.9978967677244532, -0.02328090283053911, 0.028165801267582866, 0.0535418356749075] [0.6662616729736328, 0.7187149524688721, 1.528078317642212] [0.008557496059263548, 0.002562807673980936] 0.308664470911026
pedestrian [1278.8107365446324, 906.46987147238, 0.2996699479006679] [-0.945626225211466, -0.030069627873580283, 0.020763676870785196, 0.323196115995635] [0.7705690860748291, 0.6868823170661926, 1.9506317377090454] [-0.0007685519461490107, -0.0006076621804587845] 0.30047979950904846
pedestrian [1352.003624589778, 922.1993956415573, 2.231883617641579] [-0.29674838050574903, 0.02159265061658294, 0.029479997235416368, -0.9542562998846615] [0.586136519908905, 0.5462728142738342, 1.7868618965148926] [-0.0011532633637561334, -0.0005682827151508749] 0.29293093085289
pedestrian [1353.620937697534, 925.5257043331059, 2.460273194760919] [-0.3540567396345127, 0.019765629411519815, 0.030734877445931667, -0.9345097711215913] [0.597162127494812, 0.5677201747894287, 1.7896593809127808] [-0.00018781034684459252, -0.00012166522686242637] 0.2908419072628021
pedestrian [1351.3973695485777, 921.3988233082509, 2.1470353885041416] [-0.6420836126940246, 0.008540348205041738, 0.03552992049226422, -0.7657632281013107] [0.591449499130249, 0.5707106590270996, 1.7638822793960571] [0.0006850536319841622, -0.0006653980157390755] 0.2732473909854889
pedestrian [1340.4125321999877, 908.048465158787, 1.9444469620498168] [-0.9905418970504729, -0.01765990837186015, 0.03199125558566716, -0.13225519796968319] [0.5389189124107361, 0.5448588132858276, 1.6653509140014648] [0.006550702407571192, 0.002476833614798347] 0.26097482442855835
pedestrian [1332.3912258008952, 905.2699479418336, 1.4011877156420094] [-0.1650262239635839, 0.02537961104961739, 0.02629045721588187, -0.9856120091631754] [0.5986220240592957, 0.5739648342132568, 1.8079330921173096] [0.0, 0.0] 0.24241507053375244
pedestrian [1275.119707321574, 913.5655015147335, -0.3272032619605181] [-0.8675770901239843, -0.03344971141414079, 0.014711546620280137, 0.49595834491855273] [0.6503349542617798, 0.6872897744178772, 1.7530457973480225] [0.4160046748855093, -0.6222572269587194] 0.23721423745155334
pedestrian [1331.74096278885, 905.1037631591898, 1.3709450859771308] [-0.33296581044554086, 0.020451351318876394, 0.030282916419688992, -0.9422305749001643] [0.6045817136764526, 0.5788079500198364, 1.8399181365966797] [0.0, 0.0] 0.228899747133255
pedestrian [1334.8761867364356, 904.3637506534919, 1.612676328892166] [-0.23223424641815602, 0.02351676371584037, 0.02796917270823916, -0.9719732208208934] [0.5743299722671509, 0.5629581809043884, 1.629004716873169] [-6.823309190837172e-05, -7.225552404672655e-05] 0.21993541717529297
pedestrian [1310.1785601222086, 918.1719904022804, 0.5746599768786032] [-0.5096866668425981, -0.0363523348172384, -0.0037176001648069543, 0.8595837299793617] [0.67183917760849, 0.6510620713233948, 1.881009817123413] [0.0, 0.0] 0.21917982399463654
pedestrian [1292.2955180090785, 934.5247358159259, 0.6536797552915615] [-0.8275599247572937, -0.03446704357592768, 0.012138191989957926, 0.5601868064655332] [0.6128107309341431, 0.5949334502220154, 1.6555556058883667] [0.0, 0.0] 0.21735382080078125
pedestrian [1349.4313849645737, 922.7960690680925, 1.8489471960943513] [-0.37776888397000835, 0.018975554618642053, 0.03122885083644463, -0.9251785543917479] [0.5334616303443909, 0.5575931668281555, 1.5422085523605347] [0.005316546976843642, 0.0001776493984485537] 0.21682710945606232
pedestrian [1310.095326603683, 918.7289500472435, 0.7456343472451132] [-0.4829813561523093, -0.03622065055539852, -0.00483500475632502, 0.8748678167652678] [0.6596266031265259, 0.6651153564453125, 1.8691270351409912] [0.0, 0.0] 0.21544837951660156
traffic_cone [1334.0047570864456, 903.3580602130565, 1.41160966644849] [-0.26129132833965607, 0.02266703186995688, 0.028662143392571594, -0.9645680530355794] [0.40348732471466064, 0.391648530960083, 1.2516642808914185] [0.0, 0.0] 0.20210452377796173
pedestrian [1311.579731743599, 868.654587555825, -0.25486548709447154] [-0.8355118904192678, -0.0020603270636995524, 0.03648380257101175, -0.5482559330918103] [0.6525816917419434, 0.7189514636993408, 1.7390050888061523] [0.47778757617944484, 1.1000032231146188] 0.19129961729049683
pedestrian [1354.244667530623, 924.6492922960024, 2.0990438223308927] [-0.26607126179527013, 0.02252462197121833, 0.028774193345838295, -0.9632604896127646] [0.5494794845581055, 0.5421261191368103, 1.64936363697052] [0.0005886034917030378, 0.00038225601134121614] 0.1736646294593811
pedestrian [1309.8251314326326, 841.7095464696988, -0.846316521386818] [-0.14237952475627869, 0.02597586207155509, 0.025701505545191745, -0.9891373808185222] [0.6893225908279419, 0.708404541015625, 1.8365246057510376] [-0.06286711588660683, 0.0435760762412985] 0.16664782166481018
pedestrian [1341.2799031378734, 875.3269075461026, 1.9352400703758046] [-0.5406398589325138, 0.012942562348620009, 0.03417313092916802, -0.8404601300096167] [0.5935167670249939, 0.5955175757408142, 1.6624395847320557] [0.00012624498981011326, 0.0007497174464094944] 0.16265903413295746
traffic_cone [1348.9462880957121, 877.3999602200104, 1.619262299160068] [-0.1699857706207012, 0.02524694151976884, 0.02641788677292998, -0.9847687672691678] [0.35908564925193787, 0.3590382933616638, 0.8718212842941284] [0.0, 0.0] 0.1613253504037857
pedestrian [1354.0310131154167, 925.0130294131652, 2.304624379419238] [-0.3077633853413992, 0.021250305534450748, 0.029727719595395614, -0.9507609509469516] [0.5801656246185303, 0.5712260603904724, 1.743134617805481] [0.0003178142753916247, 0.00012796245100260803] 0.16072726249694824
pedestrian [1329.6352854586098, 904.1014873662349, 1.2159490817251566] [-0.34543552209896566, 0.020047838656721845, 0.030551545997609113, -0.9377307648118223] [0.6335859298706055, 0.6077842116355896, 1.7435799837112427] [0.0, 0.0] 0.158490389585495
traffic_cone [1323.7454028263612, 847.3709130294585, -0.35274228490004766] [-0.6291603596140842, 0.009134578847380198, 0.03538180700488558, -0.7764160798776816] [0.5021408796310425, 0.5078392028808594, 1.4217981100082397] [0.0, 0.0] 0.15377932786941528
pedestrian [1331.6721247885098, 903.7904493935278, 1.3988040897527383] [-0.36811182186376135, 0.019299801906384716, 0.031029509245624323, -0.9290631699763436] [0.6532142162322998, 0.648342490196228, 1.8117527961730957] [0.0, 0.0] 0.15335798263549805
pedestrian [1351.7337934352054, 921.6555028328844, 2.200788704756178] [-0.47283108452597866, 0.015591382057782058, 0.03304877612224465, -0.8803950549090657] [0.6035757660865784, 0.5765665769577026, 1.7910451889038086] [0.00016028068064208632, 7.356375756332524e-05] 0.1526801586151123
pedestrian [1352.3605485893277, 921.9877052101888, 2.2526836946644875] [-0.2641054007925816, 0.022583282085868687, 0.02872817724604293, -0.9638013407723295] [0.5913952589035034, 0.556261420249939, 1.7973521947860718] [-8.796448518529486e-06, -2.4297167693484596e-06] 0.1499897688627243
pedestrian [1330.8530478082798, 903.5657400649327, 1.3485276683600875] [-0.37838791157180207, 0.018954652607075684, 0.031241541930497847, -0.9249255513708547] [0.6542881727218628, 0.6392197608947754, 1.851909875869751] [0.0, 0.0] 0.1494103968143463
pedestrian [1294.542353602973, 891.9747135271771, -0.2838143345333253] [-0.7492201888827231, -0.035735232793046086, 0.007635832297580929, 0.6613121772452757] [0.4915064573287964, 0.492679238319397, 1.151872992515564] [-0.0013529262285589868, -0.0016246109944324592] 0.1493002474308014
pedestrian [1331.8204773882676, 905.8399386280249, 1.3745069375327867] [-0.18509936474739141, 0.024837976944333245, 0.026802755436013417, -0.9820401785937591] [0.6412078142166138, 0.6309221982955933, 1.8144869804382324] [0.0, 0.0] 0.1464952528476715
traffic_cone [1319.760344472841, 886.9539664508483, 0.42553110769671554] [-0.37998914139657547, 0.018900519702940422, 0.03127432097758059, -0.924268867604575] [0.4264994263648987, 0.41939571499824524, 1.3369169235229492] [6.052117381666057e-05, -1.0090508042125172e-05] 0.1444951295852661
pedestrian [1328.7071769245067, 873.9230431099211, 1.3729554391992673] [-0.8080992832202724, -0.0348586179312029, 0.01096309963360707, 0.5879117583968123] [0.633569061756134, 0.6035557389259338, 1.7806854248046875] [0.0, 0.0] 0.14121310412883759
pedestrian [1271.9135502794607, 913.107912810967, -0.10861176664727235] [-0.964447909645076, -0.028672553980613233, 0.02265386161074523, 0.2617344394297269] [0.7108215093612671, 0.7658530473709106, 1.7918447256088257] [0.8204788447537145, -0.6650476227488133] 0.14109545946121216
pedestrian [1288.8019006099048, 899.4656417939287, 0.33658769121999255] [-0.7719655397865843, -0.03544526579158681, 0.00888515225608106, 0.6346131834309444] [0.6863909959793091, 0.6636583805084229, 1.7834393978118896] [-0.0006726282973316148, 0.0003861916657822905] 0.14071610569953918
traffic_cone [1349.3162210180433, 956.129696921806, 4.246105196649706] [-0.4951577144563357, -0.03628466888436528, -0.0043284641158210626, 0.8680342879268813] [0.46474114060401917, 0.44973403215408325, 1.3549754619598389] [-0.002533343776518784, 0.002076582400628726] 0.1379121094942093
pedestrian [1331.7613335644417, 904.2380557274589, 1.3988994082251487] [-0.26566738272399903, 0.022536683832777554, 0.028764747165087323, -0.9633719577395483] [0.6441250443458557, 0.6298381090164185, 1.8507654666900635] [0.0, 0.0] 0.13656334578990936
pedestrian [1333.2247061723456, 906.1620048187721, 1.3918753374137576] [-0.22009273790038986, 0.023863794408271785, 0.027673671857737142, -0.9747942726164636] [0.6219885349273682, 0.6196379065513611, 1.750243902206421] [0.0, 0.0] 0.13616670668125153
pedestrian [1311.0145977676727, 918.1916814085525, 0.625214088052324] [-0.5651413740890305, -0.03651816916124629, -0.001317618594501714, 0.8241843935037305] [0.6709675788879395, 0.6666243672370911, 1.8466459512710571] [0.0, 0.0] 0.13608963787555695
pedestrian [1332.8004817261688, 905.6869113503485, 1.3892183009894408] [-0.15551942534661, 0.025631814539194067, 0.02604463248115311, -0.9871567228876122] [0.6278232336044312, 0.6256967782974243, 1.819069266319275] [0.0, 0.0] 0.13521431386470795
pedestrian [1274.8194759887083, 919.2133047171409, 0.06270946752423412] [-0.8358040817309433, -0.0020797786035458552, 0.03648269889427328, -0.5478103907048903] [0.5365917086601257, 0.5381344556808472, 1.4252479076385498] [0.0, 0.0] 0.13513529300689697
pedestrian [1324.834157758606, 894.4367441298963, 0.9723427237161556] [-0.39791262408798533, 0.018288025990675416, 0.03163638574512513, -0.916695276956178] [0.5375776290893555, 0.5271405577659607, 1.6500571966171265] [0.0008219704128576884, 0.005017379286615958] 0.13151738047599792
traffic_cone [1356.4883130635503, 913.2418234805336, 1.8973821289800357] [-0.11141669064226845, 0.026765915447467727, 0.024877672075758715, -0.993101710928279] [0.4620196521282196, 0.4727441966533661, 1.0740516185760498] [4.778380900755397e-07, 1.7229741472397075e-07] 0.12815943360328674
pedestrian [1365.0725384966074, 912.7597603740179, 3.3499531331163412] [-0.7059413070275486, 0.0054336815299976665, 0.03613568738353456, -0.707327051818737] [0.7235969305038452, 0.6531503200531006, 1.9401826858520508] [1.860426957235658e-05, 6.242786181634197e-05] 0.12673640251159668
traffic_cone [1319.476095670749, 886.6872674132411, 0.41014566564151755] [-0.3511890892102345, 0.01985979519462891, 0.030674115023540137, -0.935591209247947] [0.42281660437583923, 0.41592156887054443, 1.3419240713119507] [0.0, 0.0] 0.1241394430398941
pedestrian [1331.2766315071074, 905.8764132703745, 1.3527003924209808] [-0.22746430541590418, 0.023653658696164447, 0.027853495793801905, -0.973100548229221] [0.6733274459838867, 0.6746945977210999, 1.8104060888290405] [0.0, 0.0] 0.1234436109662056
pedestrian [1352.8686733285301, 922.0197168601079, 2.223300199546981] [-0.32198382054872476, 0.020802200720067533, 0.030042989911991086, -0.9460396960525477] [0.5913211107254028, 0.5639548897743225, 1.788732886314392] [-8.853262132130648e-05, -2.6506828727662933e-05] 0.1181420236825943
pedestrian [1272.1079503744802, 912.4019307005826, 0.05652206945996929] [-0.995208117467506, -0.024314419147776524, 0.027278596356048356, 0.090694487865208] [0.6298378705978394, 0.6545218229293823, 1.686875820159912] [0.2913783323851923, -0.29039788499317615] 0.11717598885297775
pedestrian [1272.9475995077262, 914.8933129456121, 0.3643438225848905] [-0.7899529524899276, -0.035174172682704355, 0.009904058447791535, 0.6120776258407068] [0.6266389489173889, 0.6357559561729431, 1.7148593664169312] [0.071628256903811, -0.04184768110333771] 0.11311617493629456
pedestrian [1353.9935166989628, 925.6490399752353, 2.539673465549706] [-0.3538447877578367, 0.019772599440351164, 0.030730393896294284, -0.9345900456237278] [0.6370537281036377, 0.6204507350921631, 1.8064005374908447] [0.0009426258383395748, 0.00033404634878192273] 0.11149699985980988
pedestrian [1288.6943956518373, 899.0166424224633, 0.28661457341238394] [-0.942449221896529, -0.0302694676906094, 0.020471251143423786, 0.3323464327309334] [0.644255518913269, 0.6186273097991943, 1.7200310230255127] [2.6369195287010583e-05, -4.3963892401871205e-06] 0.1113315150141716
pedestrian [1349.698172912345, 922.5217974456654, 1.975804511568961] [0.1727572066986709, 0.03268842843338739, 0.016333384346340685, -0.9842863580970848] [0.6029441356658936, 0.6406880617141724, 1.698036551475525] [-0.015469360974382208, -0.009509761062312081] 0.111102394759655
traffic_cone [1351.272922169089, 924.9963130203435, 1.9377116135431904] [-0.29278814717358104, 0.021714730205515065, 0.029390190366033152, -0.9554788265979584] [0.40604469180107117, 0.4010729491710663, 1.274341344833374] [0.00028872185333461383, 0.00038763890286712735] 0.10988594591617584
pedestrian [1289.2207790031346, 936.9534776802836, 0.6134655223126193] [-0.8554435866029597, -0.03379263160261556, 0.013905784660344929, 0.5166052238820419] [0.5790094137191772, 0.5687492489814758, 1.4888116121292114] [0.0, 0.0] 0.10862331092357635
pedestrian [1307.9204163154832, 865.511384903335, -0.2807355209930462] [-0.2540145952814594, 0.022882395813819994, 0.028490502969755548, -0.9665098409154179] [0.5443469882011414, 0.5467362403869629, 1.5704184770584106] [0.0009133232680765044, -0.0004825076089905984] 0.10639031231403351
pedestrian [1271.72627467649, 914.0040191242718, -0.09842353061134879] [-0.9667393416656558, -0.028469781527155846, 0.022908171848621883, 0.25313974890997337] [0.749597430229187, 0.8145919442176819, 1.8352805376052856] [0.9821018855444459, -0.46664020890976765] 0.10619184374809265
pedestrian [1298.3496924672445, 901.414912846811, -0.06915353926239365] [-0.9777658548050248, -0.027338532180392693, 0.024247009214985862, 0.20649121138622184] [0.5098678469657898, 0.5074989199638367, 1.4087835550308228] [0.0011692975359615452, 0.0026878329248048363] 0.10575324296951294
traffic_cone [1334.9632299103318, 861.5888583631324, 1.077926828129774] [-0.9600943982248432, -0.012735012144783413, 0.03425101842751826, -0.27727862106485274] [0.433418869972229, 0.43065837025642395, 1.341659665107727] [0.0, 0.0] 0.10548418760299683
traffic_cone [1351.2461575788482, 909.1376868507502, 2.628377008926447] [-0.21512785809402377, 0.02400435346263842, 0.027551838640836573, -0.9759019888668266] [0.39422228932380676, 0.37718331813812256, 1.3925609588623047] [3.5733405785167292e-06, -9.642658384424641e-06] 0.10476618260145187
traffic_cone [1322.7375503616001, 891.6441689520708, 0.5814291453252582] [0.05304945640323944, 0.03048524773637843, 0.020148510319664074, -0.9979230643580048] [0.3719840347766876, 0.3614501655101776, 1.191834807395935] [0.0, 0.0] 0.10364948213100433
traffic_cone [1324.3045004912422, 885.4337982315503, 0.12361287715133329] [-0.865742164088273, -0.004161129582040854, 0.03630423939778164, -0.49915447761399867] [0.35132527351379395, 0.35638225078582764, 0.7891790866851807] [0.000714285798661056, 0.0003017822499040138] 0.10349810123443604
pedestrian [1329.9403687145257, 903.4094436103069, 1.259568194055744] [-0.4449411090944294, 0.01662187707712655, 0.032542679669671816, -0.8948140011422312] [0.6538493633270264, 0.6549196243286133, 1.7871417999267578] [0.0, 0.0] 0.10336720943450928
traffic_cone [1345.2923357046209, 910.0022868271448, 1.7526121396581575] [-0.1301049761373364, 0.026292520060744198, 0.025377473997727593, -0.990826615703602] [0.352500319480896, 0.3561951220035553, 0.9045815467834473] [-0.00021478107777432215, -0.00031245473347416014] 0.10193610936403275
traffic_cone [1303.5366047967318, 848.2646273908595, -1.3251397904765343] [-0.3370032626638355, 0.020321302772645267, 0.030370338346361176, -0.94079407319364] [0.44483524560928345, 0.44505244493484497, 1.1568412780761719] [0.0, 0.0] 0.10040733963251114
pedestrian [1353.2655680742994, 925.3439217116152, 2.419336123416149] [-0.2982121868781199, 0.021547392797049057, 0.029513093048673417, -0.9537998630738628] [0.6315153241157532, 0.6324682831764221, 1.7762420177459717] [-0.0013532654441767008, -0.002390727388546896] 0.10024688392877579
