car [1325.3514697029334, 908.1609944812158, 1.2492802392672497] [-0.4196841544732166, -0.035761169352878264, -0.007416927038779321, 0.9069351346396926] [1.9042695760726929, 4.871538162231445, 1.9143704175949097] [0.0, 0.0] 0.8245048522949219
car [1303.676641671878, 919.2078673833521, 0.021968425292429816] [-0.9460338409847058, -0.030043414110918987, 0.02076692824525692, 0.32200326034302923] [1.8788056373596191, 4.346229553222656, 1.6142957210540771] [0.0, 0.0] 0.8171874284744263
car [1334.9625222891166, 927.9581097992273, 1.7308036991523603] [-0.9081705592018673, -0.007522501855118099, 0.03573911031382232, -0.4170040327847971] [1.8263273239135742, 4.370430946350098, 1.5644761323928833] [6.562930762434447, 7.584823167992075] 0.7663712501525879
car [1336.1989706744753, 934.9853993731609, 1.9181804258019792] [-0.9014615648051294, -0.006956305849548906, 0.03585361695995744, -0.4313156328478068] [1.8255605697631836, 4.375646591186523, 1.5847033262252808] [5.3897088409097575, 6.884507153188248] 0.7651585936546326
car [1314.0647216953923, 905.6958698261285, 0.5358252658677741] [-0.8842863262601743, -0.005578439882019191, 0.036093670479275364, -0.4655145767310632] [1.8291786909103394, 4.4184699058532715, 1.5660074949264526] [6.260672424870705, 9.267740125599461] 0.75335693359375
car [1299.994989246352, 882.7110379240077, -0.49716700590787477] [-0.8482592721756115, -0.002950401786020881, 0.03640284562345176, -0.5283202959644064] [1.9163165092468262, 4.679327964782715, 1.5908238887786865] [3.964508278632634, 8.134888507844959] 0.7163463830947876
car [1277.2282679012615, 926.9879021717247, 0.5162638812285876] [-0.2716657301042458, 0.022322382844838083, 0.028906457138713742, -0.9616984241677553] [1.9641221761703491, 4.65138578414917, 1.7560415267944336] [-4.3768964506608246, 2.8023141301545285] 0.6027021408081055
car [1295.3254637039265, 851.9118012128799, -1.3490211983599962] [-0.48760753533960255, -0.036222553575129116, -0.004668902727699162, 0.8722986985200967] [1.9840419292449951, 4.668637752532959, 1.795293927192688] [0.0, 0.0] 0.46874764561653137
car [1297.598910237926, 923.8918424068695, 0.09793817422651815] [-0.939016434339968, -0.030475644925079252, 0.020127272706064948, 0.34192727881710294] [1.9142920970916748, 4.330578327178955, 1.6556066274642944] [0.0, 0.0] 0.4555532932281494
car [1275.261871064643, 883.0175375945238, -0.14200357689073728] [0.2234772292446602, 0.03346061476253191, 0.014637598843295574, -0.9740246690761719] [1.8535871505737305, 4.257975101470947, 1.6663446426391602] [0.0, 0.0] 0.15829481184482574
car [1294.267326867614, 853.7666622066728, -1.4520384342787411] [-0.9066035438652874, -0.03207412336778657, 0.017467760313555465, 0.42039997884243296] [2.0333926677703857, 4.87432861328125, 1.7955142259597778] [0.0, 0.0] 0.13035953044891357
car [1309.7064689346478, 857.4621949397269, -0.5438564443698128] [-0.2759616702854879, 0.022192952128099384, 0.029005946218382622, -0.9604745100694033] [1.9461040496826172, 4.356998443603516, 1.7131967544555664] [0.0, 0.0] 0.10133391618728638
car [1274.8928857862538, 884.8242430271008, -0.008599678226430818] [-0.38141619246929037, 0.018817611585455394, 0.03130127049183069, -0.9236816638225779] [2.0018529891967773, 4.649538040161133, 1.757737636566162] [0.0, 0.0] 0.10083536803722382
truck [1294.454697190388, 923.1574393321423, 0.6484288266399247] [-0.34253494153469843, 0.020107544559398456, 0.0304886649752924, -0.938794941287839] [2.3065743446350098, 5.716022491455078, 2.052889108657837] [0.0, 0.0] 0.20147597789764404
truck [1294.942262102746, 851.5223382207882, -1.346379808203544] [-0.8800886755119641, -0.0052554928115216195, 0.03614210612971885, -0.4734026311665506] [2.212615489959717, 5.598561763763428, 2.1767196655273438] [0.0, 0.0] 0.1755073219537735
construction_vehicle [1336.0378173235522, 964.8275956348497, 4.227917331999209] [-0.2286587137628867, 0.023584953948170232, 0.02788587433534235, -0.9728213199658602] [3.876715660095215, 8.542730331420898, 3.5956320762634277] [0.0, 0.0] 0.141428142786026
construction_vehicle [1337.4760830833513, 889.4787086648589, 1.8358912116445179] [-0.35122959924695846, 0.019823829478426418, 0.030673894845521132, -0.935576772142531] [2.174805164337158, 3.283785581588745, 2.1602418422698975] [0.0, 0.0] 0.1346641331911087
construction_vehicle [1288.5163314901308, 881.5134345209475, -0.43338901617412917] [-0.7964908864763636, 0.0003848913152668396, 0.036520184814144194, -0.6035465149596283] [2.761754035949707, 4.97482442855835, 2.580430030822754] [0.0, 0.0] 0.13331182301044464
construction_vehicle [1342.1880789509885, 867.5655217394321, 2.608551826423854] [-0.7364263858247936, -0.035860882723246335, 0.006918752090759478, 0.6755311289798929] [2.4200949668884277, 3.475015163421631, 2.57346248626709] [0.0, 0.0] 0.12643995881080627
truck [1277.0909456981965, 927.0254041354327, 0.6127824281321909] [-0.2782762343253258, 0.02212296452002938, 0.029059361332096363, -0.9598064728733251] [1.9623794555664062, 4.887021541595459, 1.8590319156646729] [-4.081456693096716, 2.6855204776231583] 0.1037587821483612
truck [1355.1710757235626, 906.4004644975472, 2.687520511281062] [-0.9554123188420773, -0.012191145201958742, 0.03442743119735445, -0.29300755786262755] [2.106632709503174, 5.688248634338379, 2.227405071258545] [0.0, 0.0] 0.10277727246284485
bus [1299.0458005605947, 918.9992863384316, 1.458577256709859] [-0.944454337377722, -0.030144200936050126, 0.02062035863196493, 0.32660700018252] [2.8413734436035156, 11.566300392150879, 4.458178520202637] [0.0, 0.0] 0.844968318939209
trailer [1351.9870056289933, 904.50247676024, 2.564323689418025] [-0.746943629982542, -0.03574781389457005, 0.0074810321442298384, 0.6638835301378695] [2.6982975006103516, 8.966256141662598, 2.9466371536254883] [0.0, 0.0] 0.1784965991973877
barrier [1346.3221367597982, 914.5052475984726, 1.7179413876882352] [-0.6025395656079893, 0.01029318126377926, 0.035041724553092415, -0.7972529083275596] [2.335388660430908, 0.3064863383769989, 1.0306146144866943] [0.0, 0.0] 0.2226276695728302
barrier [1312.2939484117114, 869.8776178352617, -0.12360457719972096] [-0.17800829186761524, 0.024996460192478625, 0.02662797435085229, -0.9833509932807258] [2.370990753173828, 0.41545602679252625, 1.059039831161499] [0.0, 0.0] 0.22185726463794708
barrier [1270.8548845037203, 924.4306322475147, 0.09967588538681338] [-0.9075012813298615, -0.007465231992361215, 0.0357511167865291, -0.41845854316105924] [2.2027904987335205, 0.4162245988845825, 0.9812206625938416] [0.0, 0.0] 0.11240434646606445
barrier [1356.593758246181, 914.0257174042316, 2.200925354525576] [-0.004652420645052169, 0.029238294836221528, 0.021885935101201348, -0.9993220116368685] [2.064589500427246, 0.4941500425338745, 1.096997618675232] [0.0, 0.0] 0.10724158585071564
barrier [1270.5830299495833, 920.649662982713, -0.2799458568925757] [-0.9069901167691586, -0.0074216126503478825, 0.03576019722893055, -0.41956531796954355] [2.029956817626953, 0.489520788192749, 1.0210840702056885] [0.0, 0.0] 0.10620059072971344
barrier [1301.4654906922208, 873.419848449551, -0.8667556632684388] [-0.9685741736942579, -0.02830341695354508, 0.023082214558780817, 0.2460288560561582] [3.278400182723999, 0.6129736304283142, 0.8997666835784912] [0.0, 0.0] 0.10608415305614471
barrier [1333.0162569879012, 892.9228526200981, 1.2832582730629303] [-0.6704081290989192, 0.007167263447549251, 0.03581204231619917, -0.741093157705496] [2.7075066566467285, 0.43888628482818604, 0.9129592776298523] [0.0, 0.0] 0.10478214919567108
bicycle [1345.505035668809, 910.0971407988872, 1.7589280678291623] [-0.9387683324480705, -0.010372665949955001, 0.03501827867377921, -0.3426078603191778] [0.36908480525016785, 1.27567458152771, 1.0239372253417969] [0.0, 0.0] 0.2916472554206848
bicycle [1331.2055351138379, 919.5945825689228, 1.1083019323209964] [-0.8246999118741052, -0.03451903624002187, 0.011929299109498118, 0.5643900985264177] [0.459655225276947, 1.5274887084960938, 1.012466549873352] [0.0, 0.0] 0.23958443105220795
bicycle [1339.3243006184312, 967.002670279945, 5.977579811270015] [-0.6100790820577127, -0.036515782158028115, 0.0006853419374671923, 0.7914983522379785] [0.7842509746551514, 1.851345419883728, 1.7840795516967773] [0.0, 0.0] 0.21613940596580505
bicycle [1301.8667195735454, 904.2880841310454, 0.19464960925155184] [-0.6837285460570631, 0.006517079965361954, 0.03593605026862153, -0.7288219283655718] [0.7241930961608887, 1.764374017715454, 1.8032606840133667] [-0.22777243589478174, 1.951029137150626] 0.20524483919143677
bicycle [1272.6039763849353, 912.8817432500422, -0.24115314834087553] [-0.952328691348578, -0.02961896235114928, 0.02136794584008995, 0.3028798302860741] [0.745800793170929, 1.8807765245437622, 1.7895545959472656] [1.2177729581885415, -1.009061979062202] 0.1976596564054489
motorcycle [1275.1409768888325, 913.5637097797248, -0.16318262007339324] [-0.9313880249685449, -0.030904557561364877, 0.019462280496388425, 0.3621912131802893] [0.7327817678451538, 1.8303009271621704, 1.5827730894088745] [0.36255969067500543, -0.27831916482142516] 0.1948319673538208
bicycle [1337.7196735711943, 942.3655503561249, 1.7888333178858686] [-0.9670691792822136, -0.013652340869279814, 0.03387455725131781, -0.25187959512878805] [0.622885525226593, 1.7072820663452148, 1.2108850479125977] [0.00021249309590852858, 0.00045198490436229507] 0.1902233064174652
bicycle [1312.5486361565956, 870.5789574170457, 0.07791621973147178] [-0.8475183540851372, -0.0028994047692937485, 0.036406942911587796, -0.529508042855476] [0.5936296582221985, 1.761537790298462, 1.3395243883132935] [0.48536871224113115, 0.909959650430219] 0.18873383104801178
motorcycle [1310.888961706969, 871.1149973628264, 0.0782364698146325] [-0.7650176631329244, 0.0022274137838905863, 0.036454227025396524, -0.6429728633888492] [0.7707493305206299, 1.8459705114364624, 1.704438328742981] [0.0029446593623123313, 0.000654392417405036] 0.1807926595211029
bicycle [1294.584223768145, 891.9665022986588, -0.2655702747798263] [-0.9247273561885061, -0.031249389206825955, 0.0189036428866006, 0.3788739165955236] [0.550922691822052, 1.6445472240447998, 1.1158424615859985] [0.0, 0.0] 0.16629503667354584
bicycle [1334.1549508195649, 944.38822266185, 4.8617062594185825] [-0.4147631037057753, -0.035720450214450264, -0.0076106160500183095, 0.9091961811205372] [0.624146044254303, 1.836789608001709, 1.2469677925109863] [0.0, 0.0] 0.16513612866401672
bicycle [1312.044624162619, 873.7585243877347, -0.36219380723996575] [-0.3857086767408975, -0.03546100973059721, -0.00874007031266375, 0.9218974697039808] [0.5816446542739868, 1.6067378520965576, 1.0924899578094482] [-0.00503172294921935, -0.013527196604628776] 0.16464263200759888
bicycle [1323.876966924506, 847.3726224335982, -0.3352177831815346] [-0.12939816671714544, 0.02627663463529271, 0.025365537889568815, -0.9909198970704233] [0.6427171230316162, 1.8428627252578735, 1.2483298778533936] [0.0, 0.0] 0.16173836588859558
motorcycle [1356.6534471447392, 913.9493679875585, 2.3114786978967548] [-0.6147271199087426, -0.03651111586046482, 0.0009002548569877183, 0.7878938354934113] [0.7294153571128845, 2.0513386726379395, 1.349623441696167] [0.0, 0.0] 0.16140568256378174
bicycle [1288.4910348676133, 880.2057053529354, -0.5317834994643558] [-0.2927524969436084, -0.03442417550410085, -0.012200335284191104, 0.9554905041354932] [0.6349579691886902, 1.7544057369232178, 1.183131217956543] [0.0, 0.0] 0.14523397386074066
bicycle [1338.3615736730083, 864.4654432872474, 1.4966618401758602] [-0.9426122876571619, -0.03025909391032943, 0.020451388116939157, 0.33188582843735315] [0.6758773922920227, 1.952869176864624, 1.3053498268127441] [0.004808811848099633, -0.005645397116478862] 0.1277894675731659
bicycle [1339.485058429571, 928.6763463101211, 1.3306803949982218] [-0.911189639785661, -0.007783122980289292, 0.035683259896729005, -0.41036516458770445] [0.5044408440589905, 1.561436414718628, 1.1255061626434326] [0.0, 0.0] 0.12317360937595367
bicycle [1326.3490079430644, 875.8561175731653, 1.2183066595671352] [0.011049354293123426, 0.029578554294026987, 0.021423845734580747, -0.9992717546941479] [0.6019741892814636, 1.5383334159851074, 1.2547520399093628] [-9.897864490279e-05, 0.000358398014462784] 0.11912764608860016
bicycle [1313.9163471220907, 924.1536404677054, 1.718249246387694] [-0.6862119140043896, 0.00639439816100852, 0.035958082712268, -0.7264842304126418] [0.5969899296760559, 1.7254763841629028, 1.2842998504638672] [-0.0093950287644835, 0.09786555700761553] 0.1153298020362854
motorcycle [1341.4893789559037, 955.4929278007004, 2.666238680790717] [-0.9388659357461938, -0.030484495606906477, 0.020113865063093064, 0.3423403024115629] [0.6673195362091064, 1.9186564683914185, 1.3190979957580566] [0.0, 0.0] 0.11479341983795166
bicycle [1308.2495840642719, 865.8755974526218, -0.007306749499318199] [-0.4211766545120622, -0.035773331227506214, -0.007358044106346813, 0.9062429881956844] [0.656594455242157, 1.7855812311172485, 1.2101519107818604] [-1.0428358238722369e-06, 3.501857569140297e-06] 0.11435110867023468
bicycle [1300.9391145357126, 900.8495973927751, 0.11078164922557943] [-0.8268381857913166, -0.03447346543295904, 0.012060357425316814, 0.5612528329346236] [0.7235566973686218, 1.6744054555892944, 1.766988754272461] [0.5561738563933472, -1.2190473412285148] 0.11415994167327881
bicycle [1327.9287004845678, 899.1260279144888, 1.0234235383934855] [-0.3817344699111295, -0.03542303717808161, -0.00889272046474328, 0.9235501732128499] [0.47299522161483765, 1.4422223567962646, 1.1268041133880615] [0.0, 0.0] 0.11094538867473602
bicycle [1295.0137978209768, 892.195750843203, -0.11967026213060494] [-0.9746348212761614, -0.027694646120739463, 0.02380921284777862, 0.22080102607506405] [0.6167625188827515, 1.8093512058258057, 1.2070515155792236] [0.0, 0.0] 0.1108841523528099
bicycle [1297.5264431386613, 930.8681229309639, -0.4202599564968746] [-0.09935486349109712, 0.02703213335277544, 0.024558823395708133, -0.9943815862436721] [0.5176015496253967, 1.6466758251190186, 1.161027193069458] [0.0, 0.0] 0.11020772904157639
motorcycle [1272.6533661749645, 914.8516379866219, 0.8075122923859117] [-0.6372516318463362, -0.03646981977208581, 0.0019555781690832235, 0.7697898970946541] [0.7182745933532715, 1.8435006141662598, 1.3363336324691772] [-0.038966450654723594, -0.03908774197018465] 0.10988695174455643
motorcycle [1341.3690463201335, 875.4348501141308, 1.813514103521845] [-0.7269058010913196, 0.004313247561067773, 0.0362666228874534, -0.6857653274259374] [0.7460882663726807, 1.8856263160705566, 1.3453068733215332] [0.0, 0.0] 0.10785248130559921
bicycle [1312.5497733101854, 868.4631403714607, -0.4931963354649165] [-0.432158694872727, 0.017049019692775433, 0.032298652722662774, -0.9010577064792896] [0.6438514590263367, 1.769494652748108, 1.1898232698440552] [4.480476292777244e-05, -0.00015045660941481886] 0.10773108154535294
bicycle [1298.0088277643927, 922.546875419695, -0.3240229779687691] [-0.16726458493017943, 0.025285610851492283, 0.026353556193628058, -0.9852353457869604] [0.4881119728088379, 1.629210352897644, 1.0956612825393677] [0.0, 0.0] 0.1050024926662445
motorcycle [1346.4130727248366, 960.0600392066943, 3.15938313927425] [-0.5777294858182396, -0.03651377875549314, -0.000784857425724008, 0.8154107978044004] [0.721969485282898, 1.884009599685669, 1.59940767288208] [-0.851305746516646, -2.5817421174665696] 0.10346320271492004
motorcycle [1351.7413064690572, 921.6743349054249, 2.252017277762479] [0.23739205209102895, 0.033666644089808635, 0.014157299033147849, -0.9707271200310758] [0.654943585395813, 1.7090685367584229, 1.3072283267974854] [0.0, 0.0] 0.1028527319431305
pedestrian [1331.3942917583156, 905.4989597446669, 1.3595013094551842] [-0.26226248881830144, 0.022603569375088707, 0.028687117172859454, -0.9643051980149472] [0.6105198264122009, 0.5495373010635376, 1.814396619796753] [0.0, 0.0] 0.8812483549118042
pedestrian [1329.6050748290834, 903.7372433326952, 1.2737404864397364] [-0.4090148576415102, 0.017868011458237496, 0.031852883805271216, -0.91179656403625] [0.628093957901001, 0.5467538833618164, 1.7633591890335083] [0.0, 0.0] 0.8624289631843567
pedestrian [1331.3510086851823, 903.5791488858722, 1.4246669778448482] [-0.46029129974722915, 0.016024493023855363, 0.03281901374984061, -0.8870163737704185] [0.6547861099243164, 0.6206398010253906, 1.859423041343689] [0.0, 0.0] 0.839179277420044
pedestrian [1332.6196179635383, 904.7612502700656, 1.4597046491012642] [-0.2577225928644774, 0.02273829021097329, 0.02858045133417897, -0.9655284527589164] [0.6127660274505615, 0.5580849647521973, 1.8410017490386963] [0.0, 0.0] 0.834875762462616
pedestrian [1330.0728709842747, 904.1913314780232, 1.3130829404746263] [-0.299245316342693, 0.02148076115421801, 0.029537246662802788, -0.95347698902846] [0.6253247261047363, 0.5584020018577576, 1.8104335069656372] [0.0, 0.0] 0.8045029640197754
pedestrian [1310.532048468706, 917.9761201729134, 0.5966521261548905] [-0.5049875025048188, -0.03630883052898186, -0.003942190482649275, 0.8623536109240582] [0.6311345100402832, 0.5755854845046997, 1.8753803968429565] [0.0, 0.0] 0.8032559156417847
pedestrian [1300.944637347508, 900.8338709716658, 0.14900060404548898] [-0.818327315048714, -0.03465047327005615, 0.011541955741768386, 0.5735909111945372] [0.6722747087478638, 0.7971187829971313, 1.7567061185836792] [0.44936049143671497, -1.20036951924849] 0.6778624653816223
pedestrian [1332.1876470154587, 904.625028888999, 1.4340225002478806] [-0.33673505171394746, 0.02029530931573674, 0.030363999406573326, -0.9408908719437242] [0.6178578734397888, 0.5700573921203613, 1.8222146034240723] [0.0, 0.0] 0.6512231230735779
pedestrian [1348.3107405151923, 920.1794880943279, 2.0248287366388698] [-0.3826560013487486, -0.03543189464956207, -0.008857363136179436, 0.9231687346263427] [0.6963418126106262, 0.774487316608429, 1.824033498764038] [-1.0187817613596766, -1.0019055084689565] 0.6394122838973999
pedestrian [1301.893970780855, 904.2790526368054, 0.22792927915636418] [-0.6703224739611562, 0.0071714023193868645, 0.03581121373197659, -0.7411706341068914] [0.7879477143287659, 1.0173085927963257, 1.8659608364105225] [-0.18775444981915432, 1.8279611872701147] 0.5861079096794128
pedestrian [1331.7269005858473, 905.1138732374777, 1.3915592721820855] [-0.32760706123800015, 0.020588422217998257, 0.03016602245502797, -0.9441079077027253] [0.6025235652923584, 0.5698910355567932, 1.8407955169677734] [0.0, 0.0] 0.31300434470176697
pedestrian [1272.4408722401754, 913.1217509911314, -0.09271830025205308] [-0.9575251970526856, -0.029237278934539188, 0.021887292219179764, 0.2860273150750326] [0.705048680305481, 0.7488307952880859, 1.8575838804244995] [1.0128034958815506, -0.641502771742663] 0.27212396264076233
pedestrian [1334.8903690472976, 904.3683676137317, 1.6119899278081151] [-0.27122982806305407, 0.02233548193271705, 0.02889633691347549, -0.9618214534562549] [0.5506265759468079, 0.5486440658569336, 1.5999927520751953] [-0.0001067663209687953, -0.00011303712117771123] 0.2648049294948578
pedestrian [1332.3436359285035, 905.2629275706631, 1.4238101600620148] [-0.1576621446804402, 0.025541050459674676, 0.026106067907675563, -0.9868174988793927] [0.6099668145179749, 0.5847758650779724, 1.8245127201080322] [0.0, 0.0] 0.24165533483028412
pedestrian [1351.4152464056356, 921.3559231694874, 2.098235066913867] [-0.525464041571224, 0.013520213325293112, 0.033927509071878276, -0.8500315693993086] [0.6003813743591309, 0.5838621854782104, 1.7262119054794312] [0.00023355987396882935, 0.00018432079980546017] 0.23288631439208984
pedestrian [1332.9262972374306, 905.0130719970477, 1.4595531203350158] [-0.20066965496821093, 0.024374865749534465, 0.027198124197745473, -0.9789779453770935] [0.6507178544998169, 0.6402799487113953, 1.8762708902359009] [0.0, 0.0] 0.22016042470932007
pedestrian [1351.9719759527527, 922.223812932913, 2.2209488750639594] [-0.28604131313522196, 0.02188686479614728, 0.029237598902423317, -0.9575210155081163] [0.5751236081123352, 0.5488027930259705, 1.7595651149749756] [-0.00017467486421744442, -2.3817110040117774e-05] 0.2199304699897766
pedestrian [1353.6600962396355, 925.49012187991, 2.4614788039489253] [-0.31179785887397204, 0.021089226720858147, 0.02981805755746103, -0.9494462718666197] [0.5952297449111938, 0.5674489736557007, 1.7793078422546387] [-0.014038659415569402, -0.001791711196833259] 0.21775314211845398
pedestrian [1310.095907439968, 918.7363684143401, 0.737189046377665] [-0.4602368116830058, -0.036059787467268616, -0.005793424548506097, 0.8870446466394336] [0.6507292985916138, 0.6546010971069336, 1.864789366722107] [0.0, 0.0] 0.21597881615161896
pedestrian [1331.7286710718904, 904.2131742661065, 1.4176817340665973] [-0.337431322990429, 0.020272831033123356, 0.030379011868167244, -0.9406413929998749] [0.6617605686187744, 0.6439129114151001, 1.8773231506347656] [0.0, 0.0] 0.19888567924499512
pedestrian [1288.807088113253, 899.4504750620198, 0.39452179579141067] [-0.7558232094865298, -0.03564374230838217, 0.007962140066430827, 0.6537563796715851] [0.6893743276596069, 0.6622527837753296, 1.8021938800811768] [-0.002670563939189867, -0.001305882268257393] 0.18295322358608246
pedestrian [1278.820427678241, 906.5071523805307, 0.25467144826860655] [-0.9684072751567019, -0.028319047881899397, 0.0230630346495535, 0.24668497599851552] [0.7674881815910339, 0.7061730623245239, 1.9326545000076294] [-0.0004173667720212967, -0.001238627406779584] 0.17962166666984558
pedestrian [1299.736180065118, 898.6787058980053, 0.07449166206214475] [-0.9911827846816591, -0.02531167877087318, 0.026328519859345378, 0.12736881608356226] [0.6437594294548035, 0.6511369943618774, 1.583158254623413] [0.00016514284842191759, 0.0004181614461045258] 0.17296569049358368
pedestrian [1300.7684290925995, 900.3571154983524, 0.09271648223890061] [-0.8148444161272275, -0.03471962284562658, 0.011332247334101944, 0.5785280507167255] [0.6702160835266113, 0.7760112881660461, 1.6867241859436035] [0.23142519929854574, -1.0405729796608776] 0.17075428366661072
traffic_cone [1356.4324670267774, 913.2354997739893, 1.8351166883826326] [-0.035593151109270194, 0.02854660002803392, 0.02278077406549808, -0.9986987811917711] [0.4404601454734802, 0.44456881284713745, 1.0080344676971436] [0.0, 0.0] 0.1658094823360443
pedestrian [1292.2671402045296, 934.4836430056731, 0.6164826116715336] [-0.8234243274418659, -0.034545865535804895, 0.011851380281043369, 0.5662495076701852] [0.5920255184173584, 0.5717180967330933, 1.6567294597625732] [0.0, 0.0] 0.15892088413238525
traffic_cone [1348.9447923111275, 877.3999316606996, 1.6318232505144339] [-0.3863364707509803, 0.018650424264903685, 0.03140117378256596, -0.9216345584490055] [0.36497238278388977, 0.36226481199264526, 0.8938938975334167] [0.0, 0.0] 0.14990344643592834
traffic_cone [1351.2768710548087, 924.9845735140038, 1.9469775567170762] [-0.3684896637698045, 0.019252568736865004, 0.03103563495751463, -0.9289141486997777] [0.3903794288635254, 0.3868095874786377, 1.231518030166626] [0.00026114265255938084, 0.00018888486805995535] 0.1485753059387207
pedestrian [1331.8073112976608, 905.7972793794037, 1.3724337865833982] [-0.20470050577068621, 0.024262625911662526, 0.02729829709074429, -0.9781430523686407] [0.6590740084648132, 0.6500923037528992, 1.8250625133514404] [0.0, 0.0] 0.14839833974838257
pedestrian [1275.196585840978, 913.5397982649849, -0.24409379149918164] [-0.8872775338378301, -0.03280991150905671, 0.016043121484040565, 0.45978767480922594] [0.7255082726478577, 0.801750659942627, 1.6985152959823608] [0.4843627143107039, -0.5173195576376061] 0.14832079410552979
pedestrian [1354.0350283573339, 925.0151615558802, 2.306263814457582] [-0.31301199851395484, 0.021051070512855152, 0.029845007462666454, -0.9490466883911015] [0.5762479305267334, 0.5652657151222229, 1.7220994234085083] [-0.003604675701413186, 0.000852811552029969] 0.1363370716571808
pedestrian [1339.3335529441324, 966.964607893496, 6.0616105867955365] [-0.8077432359282182, -0.03485496781536768, 0.010908861479251587, 0.588402067273754] [0.7002580165863037, 0.7076573371887207, 1.7831979990005493] [-0.0006343374638397439, -0.0074955470969360035] 0.13448815047740936
pedestrian [1310.9574820119744, 871.1756719654235, 0.14754418672071457] [-0.3347759028034808, 0.020358466567865066, 0.030321689913145284, -0.9415897317101174] [0.7060698866844177, 0.7343552112579346, 1.759243130683899] [0.011838622142799368, 0.008127694676044314] 0.13385488092899323
pedestrian [1352.8944933370121, 921.9730407236833, 2.2661509754808655] [-0.278445911644045, 0.02211782684609317, 0.029063271938824367, -0.9597572621494107] [0.5491786003112793, 0.519474983215332, 1.730481743812561] [0.0, 0.0] 0.13369551301002502
pedestrian [1351.7188260865114, 921.614845604393, 2.2030602887789135] [-0.5061771732270292, 0.014281257067318582, 0.03361424901378847, -0.8616558461843745] [0.6212174296379089, 0.605932891368866, 1.7595503330230713] [-5.2361946498126785e-06, -2.5264671868182526e-05] 0.1285427212715149
pedestrian [1354.2370144372112, 924.6487244603809, 2.076646493686834] [-0.31416110900441363, 0.021014911372668612, 0.029870479409991046, -0.9486669202354077] [0.5381546020507812, 0.5305360555648804, 1.5998269319534302] [-0.00039872203072450097, 0.0009012045302282816] 0.12829864025115967
pedestrian [1341.2811507952954, 875.3087647342334, 1.921937721719601] [-0.5059254940578953, 0.014291073928400823, 0.03361007655684227, -0.8618036449343266] [0.539310097694397, 0.541364848613739, 1.497546672821045] [-5.8912179556695644e-05, 2.2433928283037227e-05] 0.12735144793987274
traffic_cone [1294.5671637136656, 892.0091825099671, -0.2838783423194433] [-0.9984410699731234, -0.02296938835436811, 0.028395056591069414, 0.04220850329899012] [0.4471660852432251, 0.44540220499038696, 1.0824648141860962] [7.027548711184546e-05, 5.228672617630235e-05] 0.12239840626716614
traffic_cone [1319.761829962667, 886.9385797491327, 0.44912857414008733] [-0.27057093931741594, 0.022355270005313295, 0.028881030853717043, -0.9620070138812439] [0.4566649794578552, 0.44322437047958374, 1.397581696510315] [0.0, 0.0] 0.12213446199893951
pedestrian [1323.736875264652, 847.3631588499553, -0.30617365992584844] [-0.6892231293649482, 0.006245006908570551, 0.03598432893490891, -0.7236280853506201] [0.5699551105499268, 0.578862190246582, 1.562035083770752] [0.0, 0.0] 0.12099552899599075
pedestrian [1288.6919390673625, 899.0305680416877, 0.36459468809700524] [-0.9413618219057156, -0.03033552935796996, 0.020337839087660195, 0.3354162312980222] [0.6665547490119934, 0.6380277872085571, 1.7408065795898438] [0.0005896057169724156, -0.000860989280418571] 0.12063399702310562
pedestrian [1331.2778909121603, 905.8771468754629, 1.3557014308296518] [-0.2350782661206296, 0.02340028055622253, 0.028041021915648685, -0.9712900374025952] [0.6943874359130859, 0.7032553553581238, 1.8191461563110352] [0.0, 0.0] 0.11977849900722504
pedestrian [1340.635196293111, 907.9997500009462, 1.9697830757991972] [-0.9981570908274147, -0.02314680238423105, 0.02825062087050782, 0.04846184056315883] [0.6222975850105286, 0.6930763721466064, 1.799484372138977] [0.46494437836709657, -0.0385292030020449] 0.11864136159420013
pedestrian [1272.1649784537312, 912.5122669027023, -0.13646679996588684] [-0.9494312965390862, -0.029819070342686382, 0.021087794670892862, 0.3118434560992518] [0.7045207023620605, 0.7499265670776367, 1.8226450681686401] [0.7186252857868216, -0.6543584017721429] 0.11808950453996658
pedestrian [1348.817799382856, 920.4047533271007, 2.0320177165302225] [-0.383634133351663, -0.03544126152368835, -0.008819808489606994, 0.9227626887165166] [0.7226378321647644, 0.8294106125831604, 1.857814073562622] [-0.854947037132963, -0.843262550051378] 0.11623334884643555
pedestrian [1272.9310258984374, 914.8880608507302, 0.5356490951567237] [-0.8219279111565488, -0.034577004824564966, 0.01176022013169086, 0.5684194198139684] [0.6528375148773193, 0.6745635867118835, 1.7486560344696045] [0.00862396073877706, -0.028707414268673744] 0.11435236036777496
traffic_cone [1347.2229332451298, 914.7081405950555, 1.7982790308641579] [-0.5937272487018637, 0.010678281658699992, 0.03492629870171311, -0.8038370992363638] [0.3788292407989502, 0.3722534775733948, 1.2372456789016724] [-2.6539474766149407e-07, 3.355902986525225e-07] 0.11433582007884979
pedestrian [1312.6331124476628, 870.6948660004384, -0.07165079779937322] [-0.7998182848211585, 0.00018280903110843866, 0.03652175544852631, -0.5991300687042477] [0.6204402446746826, 0.6766196489334106, 1.7296016216278076] [0.34521697216701575, 0.5922846277780841] 0.11307800561189651
traffic_cone [1303.5228324180432, 848.2765852262972, -1.311575243063433] [-0.284751896129782, 0.021926208980546827, 0.02920810503824587, -0.9579052592038058] [0.43520477414131165, 0.4355824589729309, 1.276902675628662] [0.0, 0.0] 0.11267155408859253
pedestrian [1332.7784621031446, 905.6801966957004, 1.3812788653005983] [-0.19262142027746298, 0.024597452703078785, 0.02699698799317469, -0.980593247177498] [0.6405559778213501, 0.641128659248352, 1.839026689529419] [0.0, 0.0] 0.11217129975557327
pedestrian [1324.8336773178899, 894.4182345493351, 0.9460578381203864] [-0.48291467882782213, 0.015176545350825901, 0.03321964044655121, -0.8749054468526514] [0.5265489220619202, 0.5161491632461548, 1.6300575733184814] [0.0004483817242295958, 0.0012905279398229097] 0.11051173508167267
pedestrian [1333.243828406418, 906.1956302036218, 1.397551255124924] [-0.2523529108198517, 0.022896768378477206, 0.028453647182851306, -0.9669457773632212] [0.6278057098388672, 0.630882740020752, 1.7759196758270264] [0.0, 0.0] 0.10989326983690262
pedestrian [1355.7719518866472, 927.6923643292607, 2.2294179188024144] [-0.5295997187263126, 0.013354735589458395, 0.03399298571057667, -0.8474610704243747] [0.5998713970184326, 0.595753014087677, 1.5301119089126587] [0.003978511266723598, 9.413088572015395e-05] 0.10805066674947739
pedestrian [1352.483888056326, 921.9376004167461, 2.270523377119488] [-0.25037690681180563, 0.022954851605525982, 0.028406809534900202, -0.9674593182636513] [0.5936107039451599, 0.5680486559867859, 1.7712349891662598] [0.0, 0.0] 0.10800494253635406
traffic_cone [1331.1935841148215, 919.571022498261, 1.101528017730244] [-0.8624458723985603, -0.03359188851346871, 0.01433377362324746, 0.5048299170438523] [0.36795032024383545, 0.3745320737361908, 0.7385531067848206] [0.0, 0.0] 0.10681722313165665
pedestrian [1311.0203247165773, 918.1958441945656, 0.5907585053809807] [-0.5317579368140137, -0.03641451781088247, -0.0028026653001632694, 0.8461085182144901] [0.6765178442001343, 0.6802313327789307, 1.856930136680603] [0.0, 0.0] 0.10480909049510956
pedestrian [1256.4229254963955, 922.4880762927585, 0.6014300789360165] [-0.999204592605631, -0.02221682274105013, 0.028987666816709716, 0.016009686931087008] [0.7195955514907837, 0.7455912828445435, 1.8307905197143555] [0.03334547577901854, -0.03711877964454685] 0.10464492440223694
pedestrian [1334.2738258677462, 880.8778714293667, 2.0152801209266302] [-0.9343551474251284, -0.0307423445254974, 0.019717512349671194, 0.3544666224625149] [0.4566439092159271, 0.44415706396102905, 1.4785603284835815] [0.0, 0.0] 0.10279380530118942
pedestrian [1334.4858742961683, 904.4173480160262, 1.6123163241287157] [-0.3569438442628584, 0.01963589589011654, 0.03079453900899184, -0.933411602671977] [0.5896904468536377, 0.6047683358192444, 1.722227931022644] [0.0, 0.0] 0.10276279598474503
pedestrian [1313.9476927535281, 924.3345669160977, 1.5511626674459928] [-0.5285629556313359, 0.013396295904118989, 0.033976628676681574, -0.8481080885677738] [0.5385619401931763, 0.5605229139328003, 1.514270305633545] [-0.02863296421198881, 0.061852355535692766] 0.10272138565778732
pedestrian [1330.5250123967814, 904.3010634260515, 1.3193713627907946] [-0.3124920954217162, 0.02106741545468442, 0.02983347191064996, -0.9492180035475315] [0.6883620619773865, 0.681752622127533, 1.8825395107269287] [0.0, 0.0] 0.10109981894493103
pedestrian [1289.2559484100655, 936.9544493096557, 0.5985744974752192] [-0.7697578263422588, -0.035463583618966635, 0.008729620672421976, 0.6372903708237376] [0.5342658758163452, 0.5260217189788818, 1.4258511066436768] [0.0, 0.0] 0.10025912523269653
