car [1304.4566907160702, 918.7680770786111, 0.01536540535254316] [-0.94430224887116, -0.02462128402629119, 0.02525685256358333, 0.32718365874283517] [1.918172836303711, 4.397507190704346, 1.6378107070922852] [0.0, 0.0] 0.743622899055481
car [1298.2779526223371, 923.6933782863298, 0.027382366461320085] [-0.9453821652333193, -0.024537383873133815, 0.025338370531357384, 0.3240500662401404] [1.909523606300354, 4.435883045196533, 1.6393916606903076] [0.0, 0.0] 0.7404088973999023
car [1324.675125586283, 907.3970561981282, 1.2892105635513316] [-0.43753397022012236, -0.03526855633762622, 0.000495138749820081, 0.898509826699127] [1.907291293144226, 4.774953842163086, 1.9634056091308594] [0.0, 0.0] 0.7353451251983643
car [1295.8004533763922, 916.0043747894239, 0.11243399196442805] [-0.36976049376283227, 0.024111814839541515, 0.025743671332301328, -0.928457355522452] [1.8423478603363037, 4.373993873596191, 1.5393526554107666] [-5.345973013826581, 5.150761586367968] 0.7166502475738525
car [1287.110262349002, 855.7685214407111, -1.304158837052736] [-0.8655029024732104, 0.002975071376998803, 0.03514633947971894, -0.49966049431781856] [1.9276375770568848, 4.50782585144043, 1.687729835510254] [4.968080642248028, 8.65852914108514] 0.5573954582214355
car [1288.8921492864574, 842.2035493077526, -1.5526703117159153] [-0.5393192188423755, -0.034970235978976846, 0.004604218076564261, 0.8413623856334012] [1.9343152046203613, 4.516339302062988, 1.7243152856826782] [-1.6508833071751083, -3.519418921265288] 0.5280908942222595
car [1282.2916487242878, 921.9119022873884, -0.09651717653926895] [-0.36382698941216185, 0.024275635284164217, 0.025589250869693887, -0.9307984774089186] [1.9097628593444824, 4.4670610427856445, 1.6654577255249023] [-5.317328715807766, 5.182870265445656] 0.24071121215820312
car [1350.5956774859771, 923.817750436752, 1.9260437971538498] [-0.9081946051411216, -0.0003042558840903112, 0.03527071954013533, -0.4170592799159858] [1.916748046875, 4.494814872741699, 1.6798944473266602] [0.0, 0.0] 0.1433854103088379
car [1251.1104105456882, 927.3303334417641, 0.34271491350825967] [-0.40645476813766257, -0.03526478469801608, -0.0007149746320384773, 0.912989816607851] [1.9848709106445312, 4.6689910888671875, 1.8308018445968628] [0.0, 0.0] 0.14272019267082214
car [1366.1909004029244, 930.4430309671937, 3.098792035464916] [-0.2370817987705317, -0.03457169548367604, -0.0069938615875538585, 0.9708491666902781] [1.9538013935089111, 4.628839492797852, 1.7586508989334106] [-0.0005582637201112748, -0.00020266199749329082] 0.12210723012685776
car [1315.5752947217395, 851.5316645206351, 0.9757656661897647] [0.1182670778467032, 0.03347590449640286, 0.011112157606405808, -0.9923551693164501] [1.9169305562973022, 4.300253868103027, 1.7065231800079346] [0.0, 0.0] 0.1075117215514183
car [1297.5225447265339, 868.8769014294278, -0.7130506696900767] [-0.8412897046178209, 0.004608930281341525, 0.03496961524214444, -0.5394325877026136] [1.910209059715271, 4.548695087432861, 1.6452476978302002] [0.03742779266484456, 0.03239104056682445] 0.10744713246822357
car [1352.061540640717, 958.434410900155, 2.8864726246098846] [-0.9082127013980318, -0.00030578635726366543, 0.03527070630460353, -0.4170198709783119] [1.8950612545013428, 4.402875900268555, 1.663448691368103] [0.05014009385452386, 0.05904956787025344] 0.10589005053043365
car [1307.9053074717306, 839.9695871342402, -0.5240219880911874] [-0.9292787974176793, -0.0021977137935451575, 0.03520349815861414, -0.36769117536518336] [2.047743082046509, 4.735788345336914, 1.8233485221862793] [6.833199141650164e-05, 0.0002067560788420671] 0.10309001058340073
car [1366.841629076918, 928.8836155654342, 3.52597635720739] [0.20306559688562498, 0.03430663994184193, 0.008195772350590488, -0.9785296352860057] [2.0488553047180176, 4.877669811248779, 1.852036476135254] [0.0, 0.0] 0.1000390350818634
construction_vehicle [1349.278372032824, 905.1340830255269, 3.6172092468104142] [-0.9576289744890396, -0.023500401396905898, 0.02630299151629318, 0.2858367208574661] [1.7336955070495605, 3.0455265045166016, 2.467543601989746] [0.0, 0.0] 0.18090249598026276
truck [1266.240473452708, 926.3815144392543, 1.1241393623996492] [-0.934506714763899, -0.02533714814122573, 0.024538646103472568, 0.3541935683106954] [2.714552640914917, 6.534562587738037, 3.286964178085327] [0.0, 0.0] 0.1680743396282196
construction_vehicle [1366.3247061331185, 929.9883409080277, 3.095917766293282] [-0.37602882562392603, -0.03522182953289132, -0.0018812104820653155, 0.9259363941823269] [2.4996352195739746, 5.01149320602417, 2.8451805114746094] [0.0, 0.0] 0.16622371971607208
truck [1288.802668088111, 842.1185314457016, -1.7066799741701086] [-0.5145991023069707, -0.035089442791049, 0.003584303716984193, 0.8567051112701141] [2.037456750869751, 4.4736328125, 2.0145089626312256] [-1.6478397050564004, -3.186121486333755] 0.16026778519153595
truck [1286.8349529397872, 855.2132791236542, -1.3946807520065256] [-0.8597564798765325, 0.0033751363439441778, 0.035110179196091766, -0.5094847191837966] [2.1275105476379395, 5.7733941078186035, 1.9979732036590576] [4.507882405274447, 8.83220973128987] 0.15532003343105316
construction_vehicle [1317.470735963906, 863.1162269129292, 1.4681133394649266] [-0.9828923960273651, -0.020523121974136322, 0.028686542018106866, 0.18077173895015688] [2.6412322521209717, 4.57742977142334, 2.965771436691284] [0.0, 0.0] 0.14709430932998657
construction_vehicle [1316.535152046524, 851.3161591231982, 0.6567175158242611] [-0.6855780895926319, -0.033516083347001346, 0.010990376954351792, 0.727144116968566] [2.276400089263916, 3.766679286956787, 2.418365955352783] [0.0, 0.0] 0.12581025063991547
truck [1250.6470972257628, 926.9897554346534, 0.5414434653006497] [-0.42074503524812656, -0.03527166446510878, -0.00016097944797456272, 0.9064929669255747] [2.339017391204834, 5.608627796173096, 2.5391767024993896] [0.0, 0.0] 0.1117723286151886
construction_vehicle [1294.9962322182862, 893.5730208189638, 0.94096431342788] [-0.9853577517852364, -0.009456393119025373, 0.03398077188205614, -0.16681122494671197] [2.7694907188415527, 5.681704044342041, 2.9959757328033447] [0.0, 0.0] 0.1062977984547615
bus [1298.9368308832643, 919.2078110327443, 1.3505548316613505] [-0.9443040430102119, -0.02462114552675429, 0.025256987577149316, 0.3271784805363063] [2.9806339740753174, 11.949126243591309, 4.371975898742676] [0.0, 0.0] 0.8293625116348267
trailer [1315.5110374253663, 848.7491422203756, 0.8177696746211514] [-0.8348729404003317, 0.005020798780150783, 0.03491286021126204, -0.5493114391297367] [2.6320960521698, 7.629107475280762, 3.180680990219116] [0.0, 0.0] 0.10236615687608719
barrier [1298.3060134532586, 868.7059601550368, -0.9419551967056167] [-0.9492413533145371, -0.024228387102108423, 0.0256339908510609, 0.312564772373767] [2.205308437347412, 0.5989011526107788, 1.0340529680252075] [0.0, 0.0] 0.2175743728876114
barrier [1299.9748204022442, 892.7788859223597, -0.16886125499992766] [-0.9565682014800315, -0.023597255584760227, 0.02621613543963698, 0.28936682548062764] [1.9558262825012207, 0.4620140790939331, 0.9896903038024902] [0.0, 0.0] 0.17727839946746826
barrier [1299.2528534722978, 847.03534071626, 0.10309485544507702] [-0.3450865196961549, 0.024783948904242306, 0.025097252941981403, -0.9379078727121729] [2.4441821575164795, 0.39607128500938416, 1.0282096862792969] [0.0, 0.0] 0.13981710374355316
barrier [1300.2748719263234, 871.6082666856611, -0.7618116852207789] [-0.9667541647053854, -0.022596747569523762, 0.027083264718292543, 0.2532632401203748] [3.007330894470215, 0.581845760345459, 0.9485596418380737] [0.0, 0.0] 0.12642468512058258
barrier [1272.6509969481249, 928.1233822114789, -0.3465119610801549] [-0.9098082571315672, -0.0004412999930263864, 0.035269271084586405, -0.41352728933735255] [2.4849226474761963, 0.6044595241546631, 0.9617437720298767] [0.0, 0.0] 0.11568225920200348
barrier [1299.1028503778186, 870.111374954208, -0.8888786109243751] [-0.962578983742654, -0.023027109344462483, 0.026718317008375667, 0.26869608078354534] [2.2075843811035156, 0.5801685452461243, 1.0325727462768555] [0.0, 0.0] 0.10613064467906952
motorcycle [1306.4944739588404, 890.330774947374, 0.08671556039398409] [-0.8564438788656812, 0.003602108629321062, 0.035087619496689405, -0.5150337524133586] [0.771329939365387, 2.044048309326172, 1.6422278881072998] [4.796133881262449, 9.018858813796752] 0.7252479791641235
bicycle [1322.9428220522004, 889.339621439076, 0.8558118336401406] [-0.8816206203590118, 0.0018061150053591624, 0.035225760135294513, -0.4706388907955541] [0.6438946723937988, 1.759289026260376, 1.7366149425506592] [2.2699329705849594, 3.4916844230744446] 0.6070950031280518
bicycle [1277.1033125285092, 908.1014298023496, 0.0070330336492678835] [-0.5749573235759898, -0.03474022059452883, 0.00610190966545414, 0.8174227546611441] [0.6332685947418213, 1.790390968322754, 1.813039779663086] [-1.2207466785758616, -3.24103144997889] 0.5204697251319885
bicycle [1283.5625218743673, 920.571885935421, -0.030502317563144254] [-0.33165305192869005, 0.025139940679173627, 0.02474064694322925, -0.9427418188018732] [0.7194693684577942, 1.9307045936584473, 1.711869478225708] [-4.553439273529912, 3.59213183085183] 0.40124180912971497
motorcycle [1298.5714501280795, 846.8124309573611, -0.1740873645188481] [-0.5061325620004339, 0.01993404707494675, 0.02909896898063048, -0.8617341315361458] [0.8536660671234131, 2.0473461151123047, 1.7156684398651123] [-0.00012082826325816809, -0.00014280079460031713] 0.31380245089530945
motorcycle [1284.327280675746, 926.3760541512673, -0.7002238234242765] [-0.6861738760501743, 0.012915023517648838, 0.03282252878832564, -0.7265819262806903] [0.6551204919815063, 1.9710036516189575, 1.2383333444595337] [0.0, 0.0] 0.3131941556930542
motorcycle [1316.7831949081533, 852.1208772137295, 1.1737280757976123] [-0.9975060899202505, -0.016920540189428783, 0.030948530631030178, 0.061134968254606986] [0.8720493912696838, 2.2544312477111816, 1.4989854097366333] [0.0, 0.0] 0.19324859976768494
bicycle [1283.7167427699742, 908.1504462403897, -0.8244932474621162] [-0.40406396061193983, 0.02313685560928723, 0.026623338277475303, -0.914050435974991] [0.6786330938339233, 1.7949585914611816, 1.2675573825836182] [0.0, 0.0] 0.17953267693519592
motorcycle [1305.9089302777384, 929.8018250982142, 1.945859605249958] [0.07394988331175115, 0.03294774343359151, 0.012592157525861673, -0.9966379977352141] [0.8339412212371826, 2.566270351409912, 1.6319489479064941] [0.0, 0.0] 0.16866403818130493
motorcycle [1273.5034161916706, 915.1790899629083, 0.25981348472247623] [-0.95236066059319, -0.023967323707578453, 0.025878246131027415, 0.3029274763470308] [0.889897882938385, 2.009873628616333, 1.6462280750274658] [0.0012350960904674844, 0.00021252831522799886] 0.1626143753528595
bicycle [1344.73413408841, 903.6824383622378, 1.5525675185584986] [-0.34638768026969735, 0.02474909870660218, 0.025131620356291195, -0.9374281085655882] [0.41346174478530884, 1.3178112506866455, 1.025688648223877] [7.664897348447901e-05, 0.00020428683280210405] 0.16230201721191406
motorcycle [1353.939134833846, 909.5460809914285, 1.7863426879414714] [-0.9856012933200622, -0.009506210091517938, 0.03396686912592637, -0.16536618268950615] [0.6599022746086121, 1.866434097290039, 1.2939602136611938] [0.0, 0.0] 0.15825341641902924
motorcycle [1283.6584169103699, 926.5675923528402, -0.6752155735698495] [-0.9993457793778686, -0.014739797295919963, 0.032044572148759894, -0.0079935606032977] [0.6620019674301147, 1.9857094287872314, 1.3628966808319092] [0.0, 0.0] 0.15751124918460846
motorcycle [1298.7033076618827, 869.3070868531032, -0.978600676941833] [-0.9661874249519404, -0.006338190859067935, 0.03469788992368146, -0.2554168037467712] [0.7305194735527039, 2.257821559906006, 1.3672034740447998] [0.0, 0.0] 0.1546696573495865
bicycle [1351.9363483378643, 907.8407116881609, 2.186508261319342] [0.17726844810224268, 0.034079302177867754, 0.009094910202496, -0.9835302644448216] [0.6469546556472778, 1.7605257034301758, 1.1671228408813477] [0.0, 0.0] 0.15020038187503815
motorcycle [1357.9990284134797, 926.0864938238805, 1.9268397291889878] [-0.31436865950405835, -0.035022073903113064, -0.004191726141671769, 0.9486454710233426] [0.6272944211959839, 1.8543095588684082, 1.3255517482757568] [0.0, 0.0] 0.14227207005023956
bicycle [1294.356506603993, 892.413889186229, 0.06976115667789151] [-0.543226806391585, -0.03494844213553137, 0.00476682502524515, 0.8388447535683093] [0.5915670394897461, 1.7406177520751953, 1.1758837699890137] [0.0, 0.0] 0.1398206353187561
motorcycle [1284.1407820320649, 893.1032216759977, -0.7835825276078083] [-0.9923745325534249, -0.01111764205822002, 0.033474083461495774, -0.11810449149312562] [0.6498984098434448, 1.9612714052200317, 1.3540163040161133] [0.0, 0.0] 0.13925591111183167
motorcycle [1327.2792744761211, 880.3534297418644, 1.4663057283770047] [-0.5519376795571305, 0.018333257657841502, 0.030133169301835537, -0.8331390530137022] [0.5803199410438538, 1.7548120021820068, 1.2403404712677002] [0.0, 0.0] 0.13856644928455353
bicycle [1309.105835678722, 858.1817577640186, -0.12489212775540204] [-0.9844437193322465, -0.020270122147576203, 0.028865868714525608, 0.17212334890644992] [0.6496775150299072, 1.8814160823822021, 1.263296127319336] [0.0, 0.0] 0.13322988152503967
motorcycle [1335.696736084706, 896.3266425134005, 1.6503646624966963] [-0.857958062795491, -0.029245957091039252, 0.019717764131639736, 0.5125074109275755] [0.6149551272392273, 1.7258044481277466, 1.1457915306091309] [0.0, 0.0] 0.13134321570396423
bicycle [1298.4645456800026, 901.6921829864833, -0.00977823926668997] [-0.3705015494545212, 0.02409125637212769, 0.025762911227854367, -0.9281618854614087] [0.5899870991706848, 1.638274908065796, 1.1117112636566162] [0.0, 0.0] 0.1301727294921875
bicycle [1354.732380144884, 905.2990702050671, 3.1778593638217028] [-0.8682804800249772, -0.02883574834475406, 0.020312947740785955, 0.49481803905988875] [0.6022428274154663, 1.7800415754318237, 1.264413833618164] [0.0, 0.0] 0.12924502789974213
motorcycle [1342.73517444001, 875.6149577060428, 2.472320109491216] [-0.8357953244158105, -0.03004426377469662, 0.018478594177002212, 0.547906980660174] [0.697637140750885, 2.074054002761841, 1.3662288188934326] [0.0, 0.0] 0.1289224922657013
motorcycle [1316.4887277818198, 851.3543818920195, 1.0753252102068656] [-0.953255982127097, -0.0047167848126635475, 0.03495523093262171, -0.3000981777858405] [0.8465589880943298, 2.462082862854004, 1.6677391529083252] [0.0, 0.0] 0.1288916915655136
bicycle [1313.334809751439, 876.4318162283239, 0.1885844140687296] [-0.1723242724458278, 0.028861730936848306, 0.02027601331255386, -0.9844085680739957] [0.5685945749282837, 1.5706015825271606, 1.135779857635498] [-0.00311035332628415, -0.007414025695231606] 0.12887097895145416
bicycle [1330.9582627652464, 938.4068050655824, 1.1907998376084303] [-0.9002796001557416, 0.0003518800373869652, 0.0352702765648524, -0.4338807731565163] [0.4597117602825165, 1.5154178142547607, 1.1032238006591797] [0.0, 0.0] 0.12873497605323792
bicycle [1288.7676466528546, 884.5898781686527, -0.7310048073303747] [-0.9794235040980014, -0.008348341197250513, 0.03426983261961134, -0.19870954529632082] [0.6098992228507996, 1.7960578203201294, 1.2653319835662842] [2.2042390611516433e-05, -0.0002389933457347677] 0.1275016963481903
bicycle [1342.5608496191321, 914.2791806520156, 1.7862302314802911] [-0.3494011395019839, -0.03515364335109905, -0.0028874881238919827, 0.9363090982609287] [0.6778324842453003, 1.7964484691619873, 1.8533055782318115] [-1.5583093215667876, -1.4569454363568646] 0.12570792436599731
bicycle [1311.348186181567, 866.2377347320775, -0.5566095767910906] [-0.4639952088660731, 0.021313876530193662, 0.028104001419327236, -0.8851352043167232] [0.5843271613121033, 1.602635145187378, 1.1305274963378906] [0.0, 0.0] 0.12529030442237854
bicycle [1327.8143508626863, 899.0018329333718, 1.1672523579469096] [-0.405901366890454, -0.035264344903965114, -0.0007363470758260495, 0.9132359849063874] [0.49356889724731445, 1.4683969020843506, 1.132475733757019] [0.0, 0.0] 0.12368927150964737
motorcycle [1349.4341405016246, 921.9816957120595, 2.353967134190581] [-0.9985157796180671, -0.016308391708555244, 0.031275431066609044, 0.04149845328685958] [0.69068843126297, 1.8686573505401611, 1.2767651081085205] [0.0, 0.0] 0.11714934557676315
bicycle [1278.392645739031, 885.5272983695779, -0.12361376002515723] [0.2081818556761959, 0.034349045509934326, 0.008016189935271513, -0.9774539368884314] [0.7042959928512573, 1.8930959701538086, 1.6252050399780273] [-1.1402584894002248, -0.5564964932739822] 0.11425896733999252
motorcycle [1282.4734268388922, 920.7184752338937, -0.02357132015227137] [-0.2688978177904144, 0.026713490265900832, 0.023032708619168292, -0.9625226477122663] [0.8549264073371887, 2.2150580883026123, 1.7693825960159302] [-4.369508607678783, 2.7299660800119283] 0.11384666711091995
motorcycle [1295.0043536463202, 923.1603957681504, 0.8700840322612036] [-0.8660371589499622, 0.002937454971312773, 0.03514950336510315, -0.49873392013112183] [0.6222103238105774, 1.8491065502166748, 1.2799032926559448] [0.0, 0.0] 0.11365874856710434
bicycle [1329.1691847758327, 887.9046083819275, 0.303885793428984] [-0.9128454477161538, -0.0007024538615524397, 0.035265036326286095, -0.4067788986112397] [0.44978150725364685, 1.368884563446045, 1.0483711957931519] [0.0, 0.0] 0.11305345594882965
bicycle [1295.0024634008048, 922.978438081798, 0.8579133984566798] [-0.250751653164918, 0.027141858825556423, 0.02252633410067987, -0.9674086479903615] [0.5707446336746216, 1.7228410243988037, 1.218691110610962] [0.0, 0.0] 0.11290266364812851
bicycle [1296.6443544192016, 894.4540886496413, 0.5855516273228456] [-0.419631243327949, -0.035271440119913525, -0.00020430464811722806, 0.9070090977462785] [0.5307506322860718, 1.6483559608459473, 1.1277164220809937] [0.0, 0.0] 0.11232926696538925
motorcycle [1272.526947995204, 914.7950275319726, 0.6039461338096621] [-0.9745707425081989, -0.021692523880590564, 0.027812778290057537, 0.22128658255415365] [0.7579758167266846, 1.8448143005371094, 1.302856683731079] [-0.004822681070222319, 0.005850977790139222] 0.11100797355175018
motorcycle [1312.1480986571655, 859.2185457273584, -0.9827613977604708] [-0.9993686091000544, -0.015132032966535584, 0.031861227327608835, 0.0042739813875294075] [0.6108742952346802, 1.8079301118850708, 1.2519997358322144] [0.0, 0.0] 0.11086257547140121
motorcycle [1299.2785155940685, 846.4951518028367, 0.009596056915532891] [-0.8077161398939391, 0.006680681005401335, 0.034633578068486624, -0.5885155232670698] [0.7693502306938171, 2.0402815341949463, 1.4440375566482544] [0.0, 0.0] 0.10345636308193207
motorcycle [1270.0018324574953, 914.2593270916173, -0.34369380141711003] [-0.9574382860260926, -0.023517923963397074, 0.026287325481565475, 0.28647480207323084] [0.7212955355644226, 2.0818986892700195, 1.453835129737854] [0.0, 0.0] 0.10278843343257904
bicycle [1349.2993138337401, 922.4335312748998, 1.9073944368016067] [-0.998333758773171, -0.016438867132535267, 0.03120704849742666, 0.04566825883817241] [0.6494781374931335, 1.8054379224777222, 1.3224599361419678] [0.0, 0.0] 0.10156669467687607
pedestrian [1331.310342965135, 905.3724250463562, 1.4525709770570217] [-0.23853837935352762, 0.027423627900034848, 0.02218244489055068, -0.9704923108128527] [0.6041665077209473, 0.5464727282524109, 1.8336316347122192] [0.0, 0.0] 0.8956159353256226
pedestrian [1329.9473550359621, 904.0300813549073, 1.3558182082414159] [-0.30971700044649975, 0.02570652612449236, 0.024151412859969072, -0.9501743331651835] [0.6201439499855042, 0.5535558462142944, 1.7881500720977783] [0.0, 0.0] 0.8689236640930176
pedestrian [1332.2542631798583, 904.4773579564868, 1.519226400195097] [-0.24908277199733386, 0.027180670056393894, 0.022479488513027605, -0.9678396853123986] [0.5921449065208435, 0.5502467751502991, 1.879948616027832] [0.0, 0.0] 0.8120928406715393
pedestrian [1329.529430590256, 903.6441407093921, 1.3194075984923979] [-0.42244156498578356, 0.02259445602267041, 0.0270851764912378, -0.9057035982835888] [0.6215901970863342, 0.5562585592269897, 1.7402591705322266] [0.0, 0.0] 0.7924066185951233
pedestrian [1310.6750496621405, 918.0986804577807, 0.30644828687924014] [-0.5343704666593462, -0.03499666370570695, 0.004398835981432129, 0.8445141136379848] [0.6108790636062622, 0.5655134320259094, 1.8311972618103027] [0.0, 0.0] 0.7671181559562683
pedestrian [1302.5302055465627, 894.6914009158089, 0.1909894529864875] [-0.8878726311102472, -0.02797704583781233, 0.021480249875428254, 0.4587352991615593] [0.69341641664505, 0.7933194637298584, 1.7434223890304565] [0.48687508366926696, -0.7753919591339802] 0.7289435267448425
pedestrian [1331.2505899924765, 903.6221102620083, 1.5016087208501012] [-0.36404629140564515, 0.024269605343746795, 0.025594969915603824, -0.9307127276905987] [0.6106385588645935, 0.5801685452461243, 1.8428983688354492] [0.0, 0.0] 0.7021255493164062
pedestrian [1343.2296994350695, 902.5801788769197, 1.9676813246637979] [-0.6794973600316634, -0.033606467902488044, 0.01071081433136286, 0.7328295992121758] [0.655714750289917, 0.6986232995986938, 1.719767689704895] [-0.05372833976385316, -1.07848240083057] 0.6838627457618713
pedestrian [1324.183876430035, 911.306340661063, 1.2005569479780347] [-0.5123928702370802, 0.019721668247650252, 0.02924332453828585, -0.8580264741263436] [0.6347553133964539, 0.601405918598175, 1.7655889987945557] [0.0, 0.0] 0.6673789620399475
pedestrian [1342.572490161066, 914.3065773397926, 1.911062501088334] [-0.3322450373283177, -0.03509505357490384, -0.0035289436233123285, 0.9425333516338735] [0.7134488224983215, 0.8452221751213074, 1.8362836837768555] [-1.2604978048945545, -1.003832628129475] 0.6143696308135986
traffic_cone [1329.1906215981505, 888.017969370783, 0.43433340871695225] [-0.32424616939688555, 0.02533327994991033, 0.024542639538186573, -0.9453149239290177] [0.3323090076446533, 0.34288927912712097, 0.7764782905578613] [0.0, 0.0] 0.37641286849975586
pedestrian [1331.5199810746508, 905.0298295218112, 1.453100626467695] [-0.2055441759106163, 0.028158925511010242, 0.021241260381325407, -0.9780120017263101] [0.5907272696495056, 0.5601216554641724, 1.8728322982788086] [0.0, 0.0] 0.3199708163738251
pedestrian [1332.1779011861734, 905.0379492977945, 1.4824859678995155] [-0.14978429229720447, 0.029317527013123762, 0.01961119166080038, -0.9880893428999749] [0.5862877368927002, 0.5630407333374023, 1.8621834516525269] [0.0, 0.0] 0.29678061604499817
pedestrian [1278.514997500999, 885.5668430228948, -0.09772033124373358] [-0.22875027672724568, -0.03451046873933414, -0.007289977771799367, 0.9728459254520662] [0.6573110222816467, 0.7130390405654907, 1.7563822269439697] [-1.2951473198386805, -0.6320145644538] 0.28840550780296326
pedestrian [1352.0206558825676, 921.9229660267547, 2.015964219843614] [-0.26255060149482695, 0.026864656715394276, 0.022856212461514896, -0.9642733354325332] [0.6166185140609741, 0.5841440558433533, 1.6791409254074097] [0.0, 0.0] 0.2713784873485565
pedestrian [1278.7335535454322, 906.9254284962104, 0.08819691854528] [-0.9850929326655856, -0.02015989833279238, 0.028942956444243266, 0.16836804264406638] [0.6958426237106323, 0.6698750257492065, 1.887791633605957] [-0.0024158144551166875, 0.0006715040255167251] 0.2680179476737976
pedestrian [1310.4128837757114, 918.642033032159, 0.26285243608480335] [-0.45362319330025386, -0.03525394644798488, 0.0011293752097960648, 0.8904953016560835] [0.6156995892524719, 0.61198890209198, 1.8322639465332031] [0.0, 0.0] 0.2658252716064453
pedestrian [1331.6839263789634, 905.5921059805613, 1.4334661175597767] [-0.21876898518919474, 0.02786870716325738, 0.021620624171621285, -0.9751389720910391] [0.6241326332092285, 0.606700599193573, 1.8410950899124146] [0.0, 0.0] 0.2271483838558197
pedestrian [1332.0819524502353, 904.0682754693016, 1.5265549980362514] [-0.26181426811175157, 0.026882100412433586, 0.02283569368199104, -0.9644735210385954] [0.5941758155822754, 0.584667980670929, 1.809767723083496] [0.0, 0.0] 0.22647468745708466
traffic_cone [1284.3338112828562, 926.4329366696188, -0.4839473026217253] [-0.8578579106588055, -0.029249809068915094, 0.01971204956248588, 0.5126750324441274] [0.39607182145118713, 0.3971949517726898, 0.9777567386627197] [0.0, 0.0] 0.21055230498313904
pedestrian [1332.7391824734689, 904.8273918620536, 1.521868220422471] [-0.1401977064011935, 0.029506280057133676, 0.01932603595442902, -0.9894950666331406] [0.6274917125701904, 0.6307623386383057, 1.875551700592041] [0.0, 0.0] 0.20684942603111267
pedestrian [1332.6173599048354, 905.3127419450476, 1.4532032123595076] [-0.1375545008135957, 0.029557790060833387, 0.01924716278420242, -0.9898659722797833] [0.6270975470542908, 0.6319540143013, 1.8691679239273071] [0.0, 0.0] 0.20389068126678467
pedestrian [1311.0894559959165, 918.2983751158022, 0.3063182142359201] [-0.577664281849908, -0.03471979912719194, 0.006217055339091754, 0.8155120239740847] [0.6474814414978027, 0.642633855342865, 1.8310197591781616] [0.0, 0.0] 0.20339904725551605
pedestrian [1277.2722785671654, 908.3376801099251, 0.026683502956030836] [-0.6296755853611061, -0.03423981722742991, 0.008470604745476073, 0.7760570474982021] [0.7121371626853943, 0.7677037715911865, 1.896205186843872] [-0.34630213020194883, -1.4918294699513435] 0.1916418969631195
pedestrian [1333.3422155838464, 867.1892854364843, 1.3099399792207174] [-0.40429473200612503, 0.023130132870991547, 0.02662917914416748, -0.9139483866409382] [0.6456015706062317, 0.6077797412872314, 1.8098149299621582] [0.0, 0.0] 0.18608397245407104
pedestrian [1283.7012358220654, 908.1678463184293, -0.7170505062254262] [-0.7272164524567527, 0.01098684040628857, 0.03351724282229421, -0.6855013603543716] [0.5791419744491577, 0.5884664058685303, 1.5810950994491577] [-0.002314197864560398, 0.0015118036747716087] 0.18376357853412628
pedestrian [1349.4057445708966, 922.459644794493, 1.6169513327741043] [-0.4943665915583054, 0.02032793542688016, 0.02882518464472479, -0.8685375967236547] [0.5648753643035889, 0.5668172836303711, 1.6090668439865112] [-0.01562915729116823, -0.0029780086738289747] 0.18179333209991455
pedestrian [1331.2430857728996, 905.7842094699788, 1.401423589828428] [-0.18734580970118261, 0.028548546229638764, 0.02071465029142578, -0.9816605479282983] [0.6613664627075195, 0.6557206511497498, 1.8050827980041504] [0.0, 0.0] 0.16952957212924957
pedestrian [1328.0750870593101, 871.5605774823402, 1.3648259023920075] [-0.43773081575266437, 0.022132169413669467, 0.02746421864110686, -0.8984139450787624] [0.635700523853302, 0.5930827260017395, 1.8110973834991455] [0.0, 0.0] 0.1507890522480011
pedestrian [1351.4327198386327, 921.0421627970372, 2.0117739067657756] [-0.5190379420802371, 0.019494070032748258, 0.029395534730298652, -0.8540231252446218] [0.6376451849937439, 0.621354877948761, 1.650708556175232] [-0.00011605281210838594, -4.9352089955354713e-05] 0.15077966451644897
pedestrian [1343.6228462629147, 902.7415858070522, 1.959437750680971] [-0.7032337648607088, -0.03323598636702341, 0.01181039536734152, 0.7100832033862733] [0.662447452545166, 0.7387923002243042, 1.7275726795196533] [0.010019561677515006, -0.879073926845976] 0.14478421211242676
pedestrian [1351.674978120686, 921.5735576846321, 2.009004255925035] [-0.3423754886200164, 0.024856350777423736, 0.025025548036987203, -0.938900904549401] [0.6427675485610962, 0.629263162612915, 1.6865079402923584] [-0.000826959943437104, -7.579333721841592e-05] 0.14470532536506653
pedestrian [1272.977811820707, 915.3895178228297, 0.4292259521100723] [-0.9585636487721769, -0.005352653839268293, 0.03486352428253423, -0.28268642525605797] [0.6274058818817139, 0.6447809338569641, 1.7171673774719238] [0.003144271667808423, 0.0020270072824327967] 0.14298564195632935
pedestrian [1298.6907482673437, 846.3371310028078, 0.05755132214216285] [-0.1921967975278039, 0.02844578519956293, 0.020855539621458245, -0.9807223229801261] [0.6271416544914246, 0.649145245552063, 1.714506983757019] [0.00011393302032968202, -0.006239791680582731] 0.14057065546512604
pedestrian [1327.1241713169109, 880.7434329100099, 1.2705050701923968] [-0.14766562462201888, 0.02935950325395823, 0.019548293971666783, -0.9884081884912059] [0.6669573783874512, 0.7323902249336243, 1.4911218881607056] [-0.00195796499959515, -0.0010896793948625167] 0.1396481692790985
pedestrian [1279.126351457723, 907.1833425980109, 0.19031646645595268] [-0.9507853682274882, -0.024100495214598845, 0.025754268751664953, 0.3078361046660996] [0.6738688945770264, 0.6800375580787659, 1.8383643627166748] [0.007826719330293967, -0.0062398875439430585] 0.12985870242118835
pedestrian [1327.7587171827095, 898.9075068046992, 1.1094636697882323] [-0.24941699990640173, 0.027172905159793096, 0.022488873998019052, -0.9677536070349562] [0.45874840021133423, 0.46154528856277466, 1.3089864253997803] [-6.714171487608519e-06, 8.831760756314182e-06] 0.12579429149627686
pedestrian [1297.5019120014613, 895.818494250571, 0.41205811549112337] [-0.9993172662303168, -0.015345962028626857, 0.03175874175621305, 0.01099477991795858] [0.5011566877365112, 0.5035460591316223, 1.383640170097351] [0.0, 0.0] 0.12056636810302734
traffic_cone [1302.3981186176954, 875.9518548859908, -0.4704748848811252] [-0.9630834623555286, -0.022976734826959153, 0.02676164952340364, 0.2668822367801306] [0.3784085512161255, 0.37686142325401306, 0.8217918872833252] [0.0, 0.0] 0.11839127540588379
pedestrian [1294.36249176492, 892.390272347439, 0.05398180966213362] [-0.4431725964800023, -0.03526474770116629, 0.0007167971086535652, 0.89574211327851] [0.5252653956413269, 0.5263155102729797, 1.2088725566864014] [-1.3307540689015042e-06, 0.000225197033994197] 0.11682774871587753
traffic_cone [1309.033846777972, 888.6237649176575, -0.11365447952057528] [-0.8904640575664926, -0.027854580390753222, 0.02163882112724614, 0.4536845224974029] [0.5522710084915161, 0.5874137282371521, 1.0559087991714478] [0.0001754484681088355, 0.00014983874733082438] 0.11564737558364868
pedestrian [1329.0035882162888, 857.3847540259025, 0.8993578031823124] [-0.45877320452894327, 0.02147905543690114, 0.027977962864733655, -0.8878530455980442] [0.6884432435035706, 0.6849973797798157, 1.8213822841644287] [0.0002181301199158035, -0.00034382854362263325] 0.1154436245560646
pedestrian [1256.417790195258, 923.0624397663303, 0.277883936352175] [-0.9351696198947625, -0.02529106330473017, 0.024586141328765257, 0.35243959169957595] [0.6609920859336853, 0.675786554813385, 1.7656118869781494] [0.0010381521134118117, -0.0022195043717595586] 0.11207206547260284
pedestrian [1334.9689121943386, 904.34422643847, 1.6663396912070065] [-0.36400246590886853, 0.024270810524321465, 0.02559382708807681, -0.9307298687501876] [0.5445454120635986, 0.5402499437332153, 1.4384771585464478] [0.0, 0.0] 0.1108388677239418
pedestrian [1328.0796589656215, 899.3062836535104, 1.2156775776587667] [-0.23794275360651457, 0.027437235866906634, 0.022165611124117926, -0.9706385165331263] [0.49058327078819275, 0.4856478273868561, 1.5415987968444824] [0.0006043965505029887, -0.00043793937886565026] 0.11014775931835175
pedestrian [1329.8075160239628, 904.4183103348316, 1.313042757951573] [-0.19858128759843588, 0.028309325636872756, 0.021040397109070606, -0.9794495168140244] [0.6684740781784058, 0.6668773293495178, 1.7863839864730835] [0.0, 0.0] 0.10808216035366058
traffic_cone [1312.5525266336108, 921.6738994560634, 0.6394033650240849] [-0.8599804417549726, -0.029167661922479975, 0.01983339926734193, 0.5091065935247754] [0.3869863748550415, 0.3773072361946106, 1.1459347009658813] [-0.00034012353990726235, 8.829993383760108e-05] 0.10562381148338318
pedestrian [1256.9348361706673, 923.9007580611401, 0.33056936871327136] [-0.7682283943925454, -0.03194693699537185, 0.014950232276979145, 0.639203424443682] [0.6251937747001648, 0.6384515166282654, 1.7290942668914795] [0.00010339149268208058, 0.0007199962035112105] 0.10295091569423676
pedestrian [1357.2269244932472, 910.9995621034737, 2.5361856371442983] [-0.9300979587466531, -0.002276358522333938, 0.03519850025781901, -0.36561410107760794] [0.6274294257164001, 0.6395381093025208, 1.7592155933380127] [0.10748733313948268, 0.07443057448645204] 0.10147587954998016
