car [682.1189509841352, 1574.4725519378267, 0.7989029005646621] [-0.9355549688900225, -0.013189237538106266, -0.01268686291563994, 0.3527066595738033] [1.9056649208068848, 4.628592014312744, 1.7202422618865967] [0.0, 0.0] 0.886674165725708
car [686.7322891049581, 1570.4099450803608, 0.8557150029329498] [-0.9303981989470557, -0.01300585470857522, -0.012874790125522943, 0.36609326532810843] [1.971174716949463, 4.899403095245361, 1.8175325393676758] [0.0, 0.0] 0.865879237651825
car [677.7833408902821, 1578.2424104300578, 0.82962435533378] [0.9437750001258679, 0.013490842844971868, 0.012365663621864484, -0.33008156061788685] [2.0256826877593994, 4.975640296936035, 1.8605815172195435] [0.0, 0.0] 0.8539272546768188
car [690.9203108194138, 1566.7578509271295, 0.7733510339614756] [-0.9375375546714382, -0.013260879360516203, -0.01261196083337824, 0.34740239075634166] [1.7524192333221436, 4.160672664642334, 1.6088277101516724] [0.0, 0.0] 0.834296703338623
car [711.5986276575746, 1568.1762241634192, 0.8060912758076366] [0.3372387258637706, 0.01246775162079777, -0.013396553549287447, 0.941241270504169] [1.8371472358703613, 4.18087100982666, 1.8576987981796265] [0.0, 0.0] 0.8173208236694336
car [692.8035363278385, 1576.6924575173696, 0.7795295370015664] [0.3530006678032962, 0.012691007394663287, -0.013185249667163425, 0.9354440742518757] [1.7250580787658691, 4.02290153503418, 1.5838215351104736] [-4.637295725375309, 3.927885551099346] 0.8145318031311035
car [708.7638913590822, 1550.8240166997082, 1.0936983255200252] [-0.9342505948654004, -0.013142457762320614, -0.012735316307122099, 0.3561473199620726] [1.95676851272583, 4.833105564117432, 1.766728401184082] [0.0, 0.0] 0.8099566102027893
car [704.2654748451375, 1554.9804869955672, 1.058999006755017] [-0.9302245312796736, -0.012999749369103879, -0.012880954693551046, 0.3665343216235458] [1.993199110031128, 4.852622032165527, 1.7811851501464844] [0.0, 0.0] 0.7693467140197754
car [701.4573230840758, 1576.3182395737538, 0.766233108751293] [0.34950761887099896, 0.012641718537588883, -0.013232514118383288, 0.9367547768085552] [2.0398237705230713, 5.0344462394714355, 1.9249699115753174] [0.0, 0.0] 0.7559944987297058
car [673.770670424829, 1581.8835607335463, 0.7088526831870686] [-0.920656167730577, -0.012669792027676393, -0.013205636957460968, 0.3899452632641787] [1.7247341871261597, 4.10453462600708, 1.4761781692504883] [0.0, 0.0] 0.7487850785255432
car [671.6222801560536, 1570.3161897282935, 1.2491583704000593] [0.35056764437141225, 0.012656687427941054, -0.013218197336559562, 0.9363585927636915] [1.8148852586746216, 4.210640907287598, 1.6081905364990234] [0.0, 0.0] 0.7426825761795044
car [699.3517134465338, 1559.028657540798, 0.8151926330395554] [-0.936498386870732, -0.013223246019128299, -0.012651412656080704, 0.3501940303760739] [1.8914642333984375, 4.7603535652160645, 1.5439624786376953] [0.0, 0.0] 0.742636501789093
car [715.2003062435051, 1564.8471614273205, 0.9015525012710575] [0.34422122489804585, 0.012566920982324427, -0.013303569990827477, 0.938710198012257] [2.0251822471618652, 4.744190216064453, 1.9268290996551514] [0.0, 0.0] 0.7003193497657776
car [713.3455183216681, 1546.8826763006036, 1.2194209139843024] [0.9412838221739643, 0.013398126859472606, 0.012466060890847196, -0.33711993954095104] [1.9178380966186523, 4.704745292663574, 1.6863255500793457] [0.0, 0.0] 0.6922485828399658
car [674.9606119514627, 1564.0449444576723, 1.4527688070061653] [0.3332188509661694, 0.012410467487023394, -0.0134496384423659, 0.9426718861212036] [1.8986185789108276, 4.488922119140625, 1.7128537893295288] [0.0, 0.0] 0.6816749572753906
car [670.4663618536133, 1604.234670036362, 0.5323020941187859] [0.36849443916197494, 0.012908329805547847, -0.01297256717492866, 0.9294498027484988] [1.7972474098205566, 4.3244242668151855, 1.6004945039749146] [0.0, 0.0] 0.6428636312484741
car [677.8027708374083, 1568.9507907074496, 1.1949314665683572] [0.3336656736756692, 0.012416841701717694, -0.013443753926315218, 0.942513822568711] [2.017695426940918, 4.905454635620117, 1.768871545791626] [0.0, 0.0] 0.6228665113449097
car [652.6954950788084, 1575.9708770254083, 1.518917772631261] [0.9418497005903146, 0.013419082281063624, 0.012443500641333836, -0.3355357343420468] [1.9197221994400024, 4.448477745056152, 1.7162206172943115] [0.0, 0.0] 0.6062692999839783
car [653.9270914937043, 1578.2043410680647, 1.4526219256356017] [0.277497400890741, 0.011602343614081575, -0.014152671130836465, 0.9605520704373113] [1.8998900651931763, 4.463499069213867, 1.6742351055145264] [0.0, 0.0] 0.5863372087478638
car [675.2511823144015, 1599.687608894893, 0.7790959618059814] [0.3405267812778734, 0.012514503201894508, -0.01335289058917969, 0.9400566997554205] [1.9190006256103516, 4.692151069641113, 1.7341694831848145] [0.0, 0.0] 0.5834618210792542
car [671.8713551878719, 1560.32311780218, 1.3810678495934623] [0.3292079882547146, 0.0123531730195137, -0.013502281060131661, 0.9440800749893016] [1.8295215368270874, 4.384017467498779, 1.5711575746536255] [0.0, 0.0] 0.564102828502655
car [670.5320271531599, 1558.1998350827075, 1.4282896096218827] [0.33484492960316925, 0.012433656282490529, -0.013428204233095176, 0.9420955156679021] [1.7057729959487915, 3.953134059906006, 1.4817297458648682] [0.0, 0.0] 0.5278521776199341
car [668.7808478789455, 1556.0554044325786, 1.5860179158533927] [0.3429719155018771, 0.012549208738744069, -0.013320279182819746, 0.9391673720373247] [1.9005035161972046, 4.379878044128418, 1.7047529220581055] [0.0, 0.0] 0.5043420791625977
car [695.4144630031615, 1581.7875887642829, 1.146960387139255] [0.3658228313617251, 0.012871009454273089, -0.013009596192997084, 0.9305045639743057] [2.5837740898132324, 6.6920928955078125, 3.0454320907592773] [0.0, 0.0] 0.4892811179161072
car [718.7115093184464, 1542.3119514953892, 1.4289986632467533] [0.9405514017924874, 0.013371093553950275, 0.012495052406786488, -0.3391579987390956] [1.8260595798492432, 4.406754493713379, 1.620995283126831] [0.0, 0.0] 0.45674657821655273
car [651.1180161469761, 1602.9416525367635, 0.6455189946402748] [0.9378923831897351, 0.013273771782959359, 0.012598391172318122, -0.34644330716179345] [1.8939669132232666, 4.371700286865234, 1.671703577041626] [0.0, 0.0] 0.4335981607437134
car [673.4367162139034, 1562.286458893255, 1.3794032776079979] [0.2935927501805786, 0.011838430716216035, -0.013955788607390985, 0.9557553999658732] [1.8346951007843018, 4.370393753051758, 1.5860044956207275] [0.0, 0.0] 0.4226694107055664
car [659.1911444251068, 1609.3658751006974, 0.5670773248222106] [-0.6423952954398159, -0.005273409521865785, -0.017524372442159708, 0.7661549268387651] [1.9429618120193481, 4.537656784057617, 1.6827332973480225] [-0.521865112498327, -3.2913086979119854] 0.4039556682109833
car [656.6926156294601, 1582.2327155573553, 1.3510447330871227] [0.9452244397964455, 0.01354535590065608, 0.012305925849012451, -0.3259077261035969] [1.887815237045288, 4.521858215332031, 1.6528799533843994] [0.0, 0.0] 0.37822479009628296
car [676.742413775757, 1566.230681613141, 1.2640861974335973] [0.322278252733851, 0.012253858167839981, -0.013592477238505598, 0.9464680741247101] [1.9544624090194702, 4.71022891998291, 1.736650824546814] [0.0, 0.0] 0.3717280626296997
car [729.6154666470359, 1539.2029266316183, 1.6656330229581227] [0.9416379187421654, 0.013411232528539579, 0.012451960469832586, -0.3361296141512155] [1.8741748332977295, 4.413382053375244, 1.6522154808044434] [7.419565153252431, -5.963278982405648] 0.348601758480072
car [719.1674400642263, 1561.1376498143457, 0.8903246066594537] [0.37219031620119447, 0.012959852612872982, -0.01292109506696088, 0.9279759997158205] [1.9736965894699097, 4.736747741699219, 1.7576277256011963] [0.0, 0.0] 0.3339802324771881
car [655.0805807315484, 1580.3435229729891, 1.3407738890877046] [0.3197205153079686, 0.012217098008142553, -0.013625527282871317, 0.9473351464047602] [1.8886618614196777, 4.4812164306640625, 1.627907633781433] [0.0, 0.0] 0.31024205684661865
car [652.2383788556886, 1572.6767698885571, 1.499003295599169] [-0.9228215055684549, -0.012743411136058685, -0.01313460886719536, 0.3847928746519245] [2.03048038482666, 4.679387092590332, 1.8095437288284302] [0.0, 0.0] 0.30263012647628784
car [727.9677842086621, 1533.616485505982, 1.38000000995394] [0.4067066598339993, 0.013434992812000633, -0.012426320679039418, 0.9133754870638872] [1.876491665840149, 4.474215507507324, 1.6807693243026733] [0.0, 0.0] 0.28530654311180115
car [667.7317325273065, 1609.1089556929096, 0.5070254774239782] [0.43560818930244044, 0.013824179661489994, -0.01199185282446703, 0.8999503280377039] [1.8952345848083496, 4.494502067565918, 1.6860454082489014] [0.0, 0.0] 0.2640136182308197
car [665.2650936505381, 1551.8886631112327, 1.7513787107142842] [0.251508330419424, 0.011216694030684888, -0.014460230029250204, 0.9676821003057542] [1.8954347372055054, 4.3636393547058105, 1.6815316677093506] [0.0, 0.0] 0.18861497938632965
car [658.0695375690608, 1584.9103754560624, 1.4491459924742738] [-0.9291567456931173, -0.012962307591871256, -0.012918632256185182, 0.3692327578310151] [2.0540874004364014, 4.763031959533691, 1.927931547164917] [0.0, 0.0] 0.17242541909217834
car [721.7646184010815, 1558.7796522392184, 0.8037582438113356] [-0.9282459758129701, -0.012930500880232704, -0.012950468117528905, 0.3715164813430872] [1.881990671157837, 4.528855323791504, 1.666313886642456] [0.06347782297242618, -0.06320414297512372] 0.17023488879203796
car [656.8259371705218, 1584.3356164353963, 1.4003834838297342] [0.29606056682296966, 0.011874440190174699, -0.01392516239211576, 0.9549938367837687] [1.9004507064819336, 4.483940601348877, 1.7814525365829468] [0.0, 0.0] 0.1568889319896698
car [664.5132442011536, 1550.0793746074046, 1.5720477233479753] [-0.5865964764661292, -0.004020707795408213, -0.0178534698672492, 0.8096725642628899] [1.9340876340866089, 4.48036003112793, 1.7084524631500244] [0.0, 0.0] 0.14129085838794708
car [748.6329362714496, 1562.3930244134353, 1.1966858402270393] [-0.056724399107407675, 0.0062528245222596215, -0.017199263442678588, 0.9982221346315785] [1.9654737710952759, 4.60677433013916, 1.7369780540466309] [-0.7753050847370434, -0.11200824420512162] 0.13828809559345245
car [727.3471387984401, 1540.275827763973, 1.650822325491292] [0.9439312663003683, 0.013496699412144614, 0.012359271113421154, -0.32963442178131963] [1.8778786659240723, 4.434809684753418, 1.6420211791992188] [5.416809564748939, -4.7682427613071665] 0.1380823850631714
car [706.9695427222819, 1543.5426432725903, 1.439966420483974] [0.8061058939350858, 0.017828797295137554, -0.004128736427253167, 0.5914882714692132] [2.0010807514190674, 4.664455413818359, 1.7383466958999634] [-0.0004840458217863614, 0.001035041916093583] 0.12397384643554688
car [650.4509304154288, 1599.3154386000672, 0.7166376558117544] [-0.9364590558746629, -0.013221825243465884, -0.012652897482714368, 0.3502991923953815] [1.8599284887313843, 4.343871116638184, 1.6037421226501465] [-0.00014703515331981643, 0.0006652691372247585] 0.11913628876209259
car [667.1811934645049, 1554.199497326113, 1.6070591155314626] [0.33658791414455774, 0.012458486877362287, -0.013405169980400214, 0.9414741969774517] [1.8601092100143433, 4.38581657409668, 1.6259015798568726] [0.0, 0.0] 0.11882604658603668
car [748.0258623642319, 1560.6657714919234, 1.081193167042603] [0.1587522153148917, 0.009797115247224911, -0.015457328692546603, 0.9871488346015184] [1.9050055742263794, 4.45143985748291, 1.7008694410324097] [-0.28549634949048724, 0.16211544655997806] 0.1135624349117279
car [722.4493933898767, 1538.2990291393148, 1.5370562559350116] [-0.7718176202828225, -0.008392958712323376, -0.016262555811743323, 0.6355805602309454] [1.8948304653167725, 4.531473159790039, 1.6273295879364014] [0.0, 0.0] 0.10692960023880005
car [666.5629056514952, 1607.7571946065348, 0.48990893657790313] [0.3552895400933665, 0.012723246337055764, -0.013154143078263536, 0.9345771397925192] [1.9239870309829712, 4.548991680145264, 1.6541943550109863] [-0.0007190205274154701, 0.0008921158588067721] 0.10675224661827087
truck [676.4413242389592, 1566.4855052809794, 1.2821900805233848] [0.3284919506342891, 0.01234293001494333, -0.01351164520415787, 0.9443294583412091] [2.006646156311035, 5.375181674957275, 1.810411810874939] [0.0, 0.0] 0.3578886091709137
truck [651.8254418776125, 1573.031616347622, 1.672967320069031] [0.3574397623516119, 0.012753490188643836, -0.013124822493466222, 0.933756876179525] [2.204176902770996, 5.769436836242676, 1.9722464084625244] [0.0, 0.0] 0.3163324296474457
truck [695.3150752650316, 1581.6630941641174, 1.164502588975968] [0.3516767597066073, 0.012672338953059976, -0.013203192906853635, 0.9359425966397634] [2.461120367050171, 6.810904502868652, 2.9206607341766357] [0.0, 0.0] 0.27460822463035583
truck [659.1915102986834, 1610.0682782433182, 0.47408782727869214] [-0.639780090447216, -0.005213646282740819, -0.017542245292872127, 0.7683401091898521] [2.086505889892578, 5.213478088378906, 1.8503854274749756] [-0.39653541994958813, -1.9518853464933084] 0.24517874419689178
truck [715.6456428791396, 1564.5451323556865, 0.8430588286253096] [0.34703464826306674, 0.012606758754866058, -0.01326582493377021, 0.9376737387958837] [2.2146542072296143, 5.825911521911621, 2.058098077774048] [0.0, 0.0] 0.1868746280670166
truck [668.4402342865222, 1556.3347411219015, 1.6157676540376795] [0.35280238865298924, 0.01268821244166706, -0.013187939282236504, 0.935518873183896] [1.9788674116134644, 5.17965030670166, 1.8217092752456665] [0.0, 0.0] 0.1697433590888977
truck [713.6355466410163, 1546.6334416831749, 1.119502775937315] [0.9382799249672905, 0.013287877791571746, 0.012583512278894388, -0.3453923420197639] [1.9717466831207275, 5.450555801391602, 1.7827471494674683] [0.0, 0.0] 0.14219292998313904
truck [719.5767291891299, 1560.7830521117287, 0.870971409289506] [0.36633713368732496, 0.012878198847188006, -0.01300247945313189, 0.930302204664848] [2.0459704399108887, 5.367045879364014, 1.8635656833648682] [0.0, 0.0] 0.13996000587940216
truck [728.3364017270407, 1533.185791614997, 1.5402447624650817] [0.4174181196495644, 0.013580174185608683, -0.012267491453649314, 0.9085302421552865] [2.205476760864258, 5.552556991577148, 2.205429792404175] [0.0, 0.0] 0.1374446451663971
truck [671.7812744680845, 1560.4397374141734, 1.4247043179959609] [0.32028584813419364, 0.012225227836838133, -0.013618233432212471, 0.9471441616815688] [1.8286535739898682, 4.6941657066345215, 1.7449349164962769] [0.0, 0.0] 0.1373719722032547
truck [675.0915140670418, 1600.1017427595098, 0.7655031456638282] [0.34693326230060145, 0.012605324342702857, -0.013267187934603707, 0.9377112556816108] [2.100820302963257, 5.508838653564453, 1.8758559226989746] [0.0, 0.0] 0.13349783420562744
truck [674.9128543005345, 1564.1225629342844, 1.567641778738945] [0.32548397700810233, 0.012299852627439075, -0.013550870924782348, 0.9453704396867454] [1.9442142248153687, 4.7111287117004395, 1.8944923877716064] [0.0, 0.0] 0.1294858306646347
truck [656.571954907572, 1582.2784109199222, 1.3622533484017434] [0.9432051683721387, 0.013469527974015755, 0.012388877819804278, -0.33170634283746697] [1.9427685737609863, 4.97584342956543, 1.7809652090072632] [0.0, 0.0] 0.12168526649475098
truck [658.0324157049483, 1584.9595535202423, 1.5911830020900868] [-0.9048081708328162, -0.012147072913561692, -0.013687990981493496, 0.4254259765419772] [2.297816753387451, 5.295819282531738, 2.243006706237793] [0.0, 0.0] 0.11545184999704361
truck [650.6987372534993, 1603.2531717295092, 0.6914341400981401] [0.9417383716449165, 0.013414954777605652, 0.012447950264667142, -0.3358480711484029] [2.096395254135132, 5.206117630004883, 1.9255597591400146] [0.0, 0.0] 0.11422909051179886
truck [652.3085087822375, 1576.3220241703975, 1.5848942025925092] [0.9427109522929937, 0.013451093579344858, 0.012408890320916648, -0.33310831263923535] [2.1105868816375732, 5.511905193328857, 1.9184155464172363] [0.0, 0.0] 0.11376990377902985
construction_vehicle [746.774444047518, 1571.1289199147677, 2.5539716236249337] [-0.35223648780573513, 0.0008312581693346154, -0.01828172550206205, 0.9357320899599425] [1.9398393630981445, 3.319019079208374, 2.2209551334381104] [0.0, 0.0] 0.11132119596004486
truck [706.8037394691696, 1543.1180341027825, 1.2582047237193996] [0.7978327229728317, 0.017769877075615868, -0.00437537954860297, 0.6026010568164303] [2.092585563659668, 5.544963359832764, 1.974470853805542] [0.0, 0.0] 0.10514693707227707
truck [670.2282658993034, 1558.4850381973426, 1.4855525034611199] [0.32906325394086866, 0.012351102932190982, -0.013504174681751368, 0.9441305325156946] [1.8222612142562866, 4.661327362060547, 1.692487359046936] [-0.008104207650531554, 0.0030412681933714575] 0.10199443995952606
trailer [716.1747361448298, 1597.3215360602442, 2.332535880434924] [0.36217921150277305, 0.012820007802099015, -0.013059857481264939, 0.9319288096618494] [2.8405613899230957, 13.300626754760742, 3.6751067638397217] [0.0, 0.0] 0.16561804711818695
barrier [668.4050534968579, 1579.208209719968, 1.1866308511509054] [0.5832870995710926, 0.015673537900939526, -0.009447364031551003, 0.8120598789476452] [2.1532278060913086, 0.4761243164539337, 1.0075305700302124] [0.0, 0.0] 0.15107858180999756
barrier [668.5688534814667, 1579.1367424876053, 1.1535062311752515] [0.9706129191383814, 0.014592978825756626, 0.011043434541294217, -0.23994926281235307] [2.0540261268615723, 0.4565954804420471, 1.029572606086731] [0.0, 0.0] 0.1318243145942688
barrier [669.3619371615478, 1579.862533347004, 1.1450619896399037] [0.6057246119184091, 0.015931109706371297, -0.009006232342128068, 0.7954638785254893] [2.1620566844940186, 0.4349624514579773, 1.0249422788619995] [0.0, 0.0] 0.12493451684713364
barrier [657.2107156719567, 1584.7281600782735, 1.7857727379059107] [0.9026034983452773, 0.018286551936185436, -0.0007172835994388796, 0.4300837270780987] [2.0516774654388428, 0.4290633201599121, 1.00855553150177] [0.0, 0.0] 0.11952643096446991
barrier [689.4766689005786, 1586.4093657877152, 0.6247854449451957] [-0.017988617558166553, 0.006914804298907317, -0.016943965267452725, 0.9996706943593314] [1.346660852432251, 0.8375124931335449, 1.4047192335128784] [0.0, 0.0] 0.11074049770832062
bicycle [695.8670190328941, 1560.1983759347013, 0.547789708489156] [0.276098693870839, 0.011581727252347025, -0.01416954732265903, 0.9609550451323611] [0.5224496722221375, 1.7095756530761719, 1.0586740970611572] [0.0, 0.0] 0.8910684585571289
motorcycle [682.1665656611796, 1565.1034998688683, 0.8777824242007536] [-0.3535236405106074, 0.0008061033153127922, -0.018282851936223546, 0.935246557396844] [0.7780733108520508, 1.9650509357452393, 1.2900581359863281] [0.0, 0.0] 0.7750970125198364
bicycle [673.3429144997631, 1598.1229063481924, 0.7280451427404433] [0.35331238453074415, 0.012695400668648247, -0.01318101966235227, 0.9353263849906733] [0.7144047617912292, 1.9086253643035889, 1.8822587728500366] [-4.308165104702871, 3.928464250316688] 0.7226793766021729
bicycle [678.3431200629417, 1572.0316027543738, 0.8670376949261481] [0.9508876637508752, 0.013762716789372237, 0.012062342394923256, -0.3089947223641921] [0.48670947551727295, 1.6562678813934326, 1.0956015586853027] [0.0, 0.0] 0.6334341764450073
bicycle [699.9242889118578, 1580.4219818998406, 0.46364201057927057] [0.372536375490052, 0.012964670585586183, -0.012916260839889686, 0.9278371281961381] [0.5589203834533691, 1.6705472469329834, 1.0548909902572632] [0.0, 0.0] 0.35873502492904663
bicycle [702.2402342681002, 1578.6602597133806, 0.22296092864212064] [-0.8821070651528173, -0.011438429988579277, -0.014285475031415711, 0.4706933323619582] [0.5203356742858887, 1.5541026592254639, 1.0281778573989868] [0.0, 0.0] 0.3574655055999756
motorcycle [676.9879293809829, 1559.303766925236, 1.094579550263946] [-0.30668646912719316, 0.0017122050393231052, -0.018220341143352612, 0.9516346447964243] [0.6961060166358948, 2.0373170375823975, 1.4381316900253296] [0.0, 0.0] 0.3462905287742615
bicycle [682.7159663465724, 1595.5411326537924, 0.7494306915972166] [0.365962481549142, 0.012872961847985583, -0.013007664307520352, 0.9304496491594351] [0.5453314781188965, 1.6531672477722168, 1.089004397392273] [0.0, 0.0] 0.27671757340431213
bicycle [671.652229553502, 1577.9082982511886, 1.0720561663258126] [0.49921365502865334, 0.014650949712951535, -0.010966410077386166, 0.8662856423579086] [0.47305959463119507, 1.465825080871582, 1.0870708227157593] [0.0, 0.0] 0.23631088435649872
motorcycle [685.19398684525, 1551.9116538848646, 1.2069888457919429] [0.5736857441738437, 0.01556122137129248, -0.009631244307484967, 0.8188710243098267] [0.6732664704322815, 2.0744640827178955, 1.3942641019821167] [0.0, 0.0] 0.20457357168197632
motorcycle [706.4155391348237, 1544.78788078627, 1.3498409376197718] [0.7877056131977163, 0.017694691103452048, -0.0046701589084576535, 0.6157799562013457] [0.66985684633255, 1.9513428211212158, 1.3321492671966553] [0.0, 0.0] 0.1777593493461609
bicycle [675.6409592351512, 1575.8516055520572, 1.0509555125114107] [0.9495281404018946, 0.013709867641607091, 0.012122376282167046, -0.31314756602509575] [0.6311928629875183, 1.7818230390548706, 1.5350314378738403] [0.20570414442304535, -0.13193572153659439] 0.1603076159954071
bicycle [657.8539501583558, 1588.278042465467, 1.7680685016602018] [0.9418212979434658, 0.013418029032581404, 0.012444636369040037, -0.3356154499760208] [0.5942373871803284, 1.7614085674285889, 1.1734555959701538] [0.0, 0.0] 0.15387581288814545
bicycle [680.3679633847518, 1570.2087970595608, 0.953024327650146] [-0.25488279436603134, 0.002693004774844814, -0.018101386763435957, 0.9667987632691122] [0.5048058032989502, 1.5915368795394897, 1.1424963474273682] [0.0, 0.0] 0.14605185389518738
motorcycle [697.2838726167337, 1551.388597384326, 0.995181927598276] [-0.8130557199945623, -0.009474141404438035, -0.01565736638536457, 0.5818981729707062] [0.7148430347442627, 2.08935284614563, 1.3402135372161865] [0.0, 0.0] 0.1448609083890915
bicycle [694.240194330883, 1595.776877267951, 1.0728739996529202] [-0.9332122133833922, -0.01310541221383825, -0.01277343525376829, 0.35885937679624796] [0.5206514596939087, 1.733996868133545, 1.123525857925415] [0.0, 0.0] 0.14220038056373596
bicycle [689.2934509319832, 1589.8513085222503, 0.23617608905820534] [-0.9371076703232779, -0.013245288859638058, -0.012628333243210653, 0.3485603272660278] [0.7404757142066956, 1.8921666145324707, 1.5917738676071167] [0.8794527577333194, -0.8530220294521664] 0.13716399669647217
bicycle [645.1536892649566, 1592.762243051077, 1.9417780511863638] [-0.839858734062697, -0.010209428574559587, -0.015188154781203597, 0.5424964463857119] [0.6057224273681641, 1.7735941410064697, 1.2887063026428223] [0.0, 0.0] 0.1363385021686554
bicycle [691.9787807738005, 1563.5531657355414, 0.9367530299194672] [0.9889953782374786, 0.01557460529946312, 0.009609586216001536, -0.14681018134798496] [0.5151524543762207, 1.5358299016952515, 1.1926028728485107] [0.0, 0.0] 0.13493680953979492
bicycle [699.4405007769953, 1580.5101402926343, 0.4164957080644959] [0.7097829396864903, 0.017022305607066524, -0.006719642051215445, 0.7041826936616133] [0.5398334860801697, 1.6190353631973267, 1.0797419548034668] [0.0, 0.0] 0.12118857353925705
motorcycle [668.9697600206224, 1607.8448875493048, 0.789057791823707] [-0.43582555873072903, -0.000833774154240392, -0.018281610928376962, 0.8998450810442704] [0.7214952111244202, 1.9420832395553589, 1.3367953300476074] [0.0, 0.0] 0.12017909437417984
motorcycle [702.411237379919, 1583.1373357574016, 1.3165484732449595] [-0.7879454655753407, -0.008809394448013489, -0.016040793214057103, 0.6154730138696427] [0.6744725108146667, 1.9546030759811401, 1.3397693634033203] [0.021204141973195218, -0.00855701395580334] 0.11812062561511993
bicycle [746.6271514310286, 1561.8848532539275, 0.7379629325139814] [0.08612638264586933, 0.008640317086668521, -0.016132495098981292, 0.9961161246234592] [0.7096580862998962, 1.7593673467636108, 1.4754576683044434] [-0.01169506417401256, -0.017316041414276933] 0.11627639830112457
motorcycle [662.474360179917, 1589.1546966989163, 0.6397589491003244] [0.8654496486904412, 0.018171191732341756, -0.002172617891693332, 0.5006615554485023] [0.596524178981781, 1.8006430864334106, 1.1568106412887573] [0.0, 0.0] 0.1131255254149437
bicycle [729.4076806291131, 1562.175534095645, 0.9959021168882982] [-0.10432413134413254, 0.005424438989744797, -0.017478213270336527, 0.9943749610392519] [0.6571570038795471, 1.8129596710205078, 1.2641363143920898] [0.0, 0.0] 0.1129339337348938
bicycle [657.4601473032675, 1584.445816044901, 1.8419790200063983] [-0.9311883781508834, -0.013033689954523697, -0.012846610589808485, 0.3640786891857981] [0.6081139445304871, 1.7946562767028809, 1.1545685529708862] [-0.0007279631993101088, -0.0012496269386474443] 0.10955388844013214
motorcycle [668.742019954517, 1579.6140658032643, 1.3464264364383451] [0.9991515054494403, 0.016538975733381703, 0.00783420443742966, -0.03689656732866642] [0.6179221272468567, 1.7417157888412476, 1.2468245029449463] [0.0, 0.0] 0.10853289067745209
bicycle [682.4879723643277, 1594.0324158795686, 0.3959636905267626] [-0.0032746171829635684, 0.007163418047957072, -0.01684036577236475, 0.9998271672668365] [0.5520058870315552, 1.628828525543213, 1.0879299640655518] [0.0, 0.0] 0.1044091060757637
pedestrian [709.8256252572601, 1573.5302567314602, 0.8028757201267667] [-0.9335762548934582, -0.013118380480594606, -0.012760116419656437, 0.35791125132024915] [0.6159836053848267, 0.7208202481269836, 1.7562189102172852] [0.8966038825307461, -0.8227879824181685] 0.8400579690933228
pedestrian [709.4997858910069, 1572.9112370663781, 0.7867872167597526] [-0.9324293249995017, -0.013077593250661455, -0.01280191517887403, 0.36088868284208553] [0.6193357706069946, 0.7197293639183044, 1.7249650955200195] [0.8930909761542716, -0.8264090207088436] 0.8290148973464966
traffic_cone [696.7270694670596, 1578.602636116207, 0.2518018824045927] [0.3230003695018001, 0.012264226456877478, -0.013583122869622358, 0.9462218813915806] [0.3470916748046875, 0.34929129481315613, 0.7792564630508423] [0.0, 0.0] 0.681337296962738
pedestrian [659.8587547047805, 1589.9222743472212, 1.0060933665318472] [0.9475370979052327, 0.013633248725969813, 0.012208480931412963, -0.3191215060378276] [0.7074626684188843, 0.766255259513855, 1.8256936073303223] [1.0352270880559538, -0.7962697138993083] 0.6632840037345886
traffic_cone [699.3104694894196, 1580.5270469840675, 0.4266841138158932] [0.12633066635257736, 0.009285516785082418, -0.015769960542461228, 0.9918193637257923] [0.3243211507797241, 0.318854957818985, 1.0940643548965454] [0.0, 0.0] 0.5928128957748413
traffic_cone [692.177617077273, 1582.7588324103604, 0.056547888256008635] [0.29846293344430713, 0.01190944616611104, -0.013895235496145231, 0.9542457570680317] [0.35286256670951843, 0.36282598972320557, 0.7172436714172363] [0.0, 0.0] 0.5556551218032837
traffic_cone [690.1641096831424, 1586.608489938613, 0.42852459749126387] [0.9387139364529842, 0.01827393730936146, 0.0009877715780273692, 0.3442110297934459] [0.40341120958328247, 0.4106108546257019, 1.327277660369873] [0.0, 0.0] 0.42288562655448914
traffic_cone [707.126452322603, 1573.8686372769505, 0.48204114229918665] [0.3816318715130708, 0.013090912179289212, -0.012788295265240356, 0.9241332166781759] [0.4016032814979553, 0.39823734760284424, 1.2268158197402954] [-0.00010117480614973753, 0.0001430192604859748] 0.38406801223754883
traffic_cone [698.9737900463969, 1580.7574188716444, 0.38764224785513735] [0.27554678077523653, 0.011573587902917163, -0.014176196264523183, 0.9611134475840641] [0.33868277072906494, 0.33416861295700073, 1.094482421875] [0.0, 0.0] 0.3761155605316162
traffic_cone [699.4650477088026, 1580.7268411561192, 0.40649095812533254] [0.2213498479648462, 0.010762436984373926, -0.014801433296617312, 0.9750227342623664] [0.326604962348938, 0.3256334960460663, 1.0121040344238281] [0.0, 0.0] 0.3435853123664856
traffic_cone [699.6068284339765, 1580.2509987363462, 0.40866665881955055] [0.023805742841652766, 0.0076168920272961845, -0.016640175279165274, 0.9995490854031526] [0.312034010887146, 0.3056279122829437, 1.0408124923706055] [0.0, 0.0] 0.343169629573822
traffic_cone [696.5975707452849, 1578.793289233275, 0.22767448577358462] [0.34017599885373095, 0.012509520032541195, -0.01335755913452312, 0.940183693395279] [0.3514348864555359, 0.35165876150131226, 0.8173693418502808] [2.3176372188609423e-05, 1.5584957594618206e-05] 0.3327937424182892
pedestrian [675.9388792726681, 1575.6399204561264, 0.9563395214925094] [0.9527684713187345, 0.013836579576050102, 0.01197754328368153, -0.303145720048104] [0.6876214742660522, 0.7851386070251465, 1.836795687675476] [0.9333666771024208, -0.659725623348018] 0.32164856791496277
traffic_cone [700.2745004219335, 1556.0855983298643, 0.8705820240608682] [0.9367282798959224, 0.018279291982557816, 0.0008831546258888535, 0.34957862801628475] [0.5108227729797363, 0.5255540013313293, 1.2283711433410645] [2.770182311144946e-05, -3.848597943499325e-05] 0.29805994033813477
traffic_cone [699.9476974690068, 1580.4321650011868, 0.4185690793554333] [0.08021769024588216, 0.008544496070218614, -0.016183450323798386, 0.9966093566157891] [0.3032037019729614, 0.2972838878631592, 1.0090274810791016] [0.0, 0.0] 0.2950950264930725
pedestrian [693.4182145384414, 1593.996230911161, 1.3694014691117968] [-0.0828005982488117, 0.005801063324546359, -0.017356847115229036, 0.9963980873386704] [0.6170037388801575, 0.5948647856712341, 1.7491973638534546] [-0.019472549321590177, -0.026585391220054752] 0.2915114462375641
traffic_cone [689.406199529205, 1585.8280862040012, 0.46316129787157573] [-0.3778102703070629, 0.00032870305705259145, -0.018297661921051988, 0.9257021589977124] [0.3863276243209839, 0.38636279106140137, 1.3085236549377441] [0.0, 0.0] 0.2817312479019165
traffic_cone [699.1819766112427, 1581.0106794413134, 0.3504630499039971] [0.3062220213613012, 0.012022179341121838, -0.013797814369193938, 0.9517841988370686] [0.34774282574653625, 0.34597522020339966, 0.9978199005126953] [0.0, 0.0] 0.2548653483390808
pedestrian [689.5460443850826, 1589.6799680693648, 0.38986548438159613] [-0.9304587172919419, -0.01300798329087386, -0.012872639518808017, 0.36593942523040063] [0.5772511959075928, 0.6361074447631836, 1.3981348276138306] [0.3288782200654265, -0.30030306835616977] 0.254463255405426
traffic_cone [697.0551285954451, 1578.8628775098991, 0.34534386956322494] [0.2851641319029149, 0.011715064515021602, -0.014059507135234614, 0.9583039733813998] [0.39794570207595825, 0.40540963411331177, 0.9932367205619812] [0.0, 0.0] 0.25221604108810425
traffic_cone [659.0284067729908, 1583.235749377949, 1.0443579219423356] [0.9694165985906119, 0.014538285806048323, 0.011115337300257032, -0.2447377083727192] [0.5023982524871826, 0.5209987163543701, 1.0179109573364258] [0.0006621731998979082, -0.0005693895037867004] 0.211299329996109
pedestrian [693.1597962424041, 1596.9267499176178, 1.4145661682074668] [-0.5291822846321748, -0.00277606419249043, -0.018088834818086093, 0.8483107904264768] [0.6199558973312378, 0.6191959977149963, 1.6330227851867676] [-0.0001428340634560512, -3.6512063819142576e-05] 0.1981298327445984
traffic_cone [677.4753792528631, 1596.4387514861537, 0.6743947119801981] [0.5754761300620361, 0.015582258098826733, -0.009597171980243981, 0.8176137910109786] [0.4014029800891876, 0.3876338005065918, 1.1704342365264893] [-0.003288397955508918, 0.0010436116226712972] 0.1949840784072876
pedestrian [676.8038839257695, 1559.2337483984043, 1.2344028291657523] [0.7240093161094536, 0.017155924837433716, -0.006370770789249618, 0.6895473861231315] [0.5771397352218628, 0.6236645579338074, 1.4183642864227295] [0.0, 0.0] 0.17381975054740906
traffic_cone [698.3364880935861, 1580.4530635375447, 0.45797223558097544] [0.358193509643479, 0.01276408228977391, -0.01311452175173428, 0.9334679947228018] [0.39253246784210205, 0.3864382207393646, 1.200609803199768] [0.0, 0.0] 0.16463503241539001
traffic_cone [700.3838515661481, 1580.0324473078292, 0.4231128496277266] [0.015046413314929175, 0.0074707922950441406, -0.016706278459343974, 0.9997193070901842] [0.3201514780521393, 0.3165692090988159, 1.0509878396987915] [0.0, 0.0] 0.16462120413780212
pedestrian [746.5921361262576, 1561.9149271558642, 0.8181360126720434] [0.13834271988811236, 0.009475974304666571, -0.01565625716619813, 0.9902153197039929] [0.5472967028617859, 0.5646599531173706, 1.5779871940612793] [-0.057905798140941406, 0.012558015780534346] 0.1577427089214325
traffic_cone [692.2029413710749, 1563.3455720507243, 0.9758150054801773] [0.9228236954197112, 0.018299621923314018, 0.00019056479369546943, 0.38478762284464096] [0.4415057301521301, 0.4284881353378296, 1.3160595893859863] [0.00015787711420171626, -0.00012490528012021419] 0.15762706100940704
pedestrian [710.1845531927307, 1573.852463087176, 0.7769352693034854] [0.9546330035597637, 0.01391070807575965, 0.011891369908796324, -0.2972219979022177] [0.6531670093536377, 0.7674421668052673, 1.7842612266540527] [0.8069615585654335, -0.5983389579720406] 0.15665799379348755
traffic_cone [663.6937528370681, 1572.0997554488852, 1.3419107783372142] [0.765303370116357, 0.017517372175317084, -0.005296616802097186, 0.6434095423686752] [0.42165520787239075, 0.42588475346565247, 1.294726014137268] [0.0, 0.0] 0.15409645438194275
pedestrian [645.2290255286819, 1592.716247638918, 1.8691365210260416] [0.8903348399092833, 0.018259642098367116, -0.0012239068250364492, 0.45493841381689504] [0.6045951247215271, 0.6282283663749695, 1.5044370889663696] [0.0010208303718115864, 0.0006205533363934596] 0.14885002374649048
pedestrian [705.2328009091625, 1586.4732950382333, 1.101061737109648] [-0.11723443988832594, 0.005196900794735962, -0.017547213442780714, 0.9929356341810843] [0.602041482925415, 0.6270526647567749, 1.4307520389556885] [0.0, 0.0] 0.14724290370941162
pedestrian [693.1852347584555, 1595.1116165402366, 1.3446692623627832] [-0.6173935720726185, -0.004706425759265729, -0.01768507941880249, 0.7864415201945625] [0.5756808519363403, 0.569797694683075, 1.6419885158538818] [0.00012691868202543472, -6.6721874078363815e-06] 0.1418846696615219
pedestrian [709.3413705402818, 1573.407435714169, 0.7654674569799217] [-0.9229866474182095, -0.012749049855231565, -0.013129135739478489, 0.38439658714694086] [0.630372166633606, 0.7723628282546997, 1.7310110330581665] [0.7213396504277008, -0.6918463508106816] 0.13939982652664185
pedestrian [658.1681738222918, 1588.0392837957395, 1.3635590632743915] [0.935540661569918, 0.01828217424067552, 0.0008213297208867505, 0.35274460743127195] [0.6847102046012878, 0.7030474543571472, 1.801835060119629] [-0.036780509936540536, 0.03473285388156746] 0.1320585310459137
traffic_cone [678.2511751989765, 1597.3466577794825, 0.8236541985169062] [0.328802915297471, 0.012347378941965208, -0.013507579751396827, 0.9442212295931531] [0.396293580532074, 0.39411506056785583, 1.2313469648361206] [0.0, 0.0] 0.1259097158908844
traffic_cone [689.7029319226784, 1586.1146222734046, 0.4727583790880119] [0.9934554274454195, 0.017523542485268395, 0.005276166813494899, 0.11274485000105589] [0.4610358774662018, 0.46525436639785767, 1.3401880264282227] [0.0, 0.0] 0.1211189404129982
traffic_cone [701.9843251024342, 1578.9101579037779, 0.22845115139363198] [0.648763496642152, 0.016404527043905347, -0.008111964616701032, 0.7607700131755785] [0.3764689564704895, 0.4224807024002075, 0.6551107168197632] [-9.187760291660548e-05, -0.00017829395011574348] 0.12002979218959808
pedestrian [702.6540019588921, 1585.9830328376763, 1.3643564252588645] [0.9729575264588215, 0.014702382804092605, 0.010897358274313712, -0.23025798407363285] [0.5398298501968384, 0.5431054830551147, 1.578605055809021] [0.0001771036981439791, -0.005794927460428774] 0.1170983612537384
traffic_cone [697.537531592417, 1550.75717625145, 0.5924659179756301] [0.9966270675489153, 0.016185339026795822, 0.008540917870142026, -0.07999734840212797] [0.3894922435283661, 0.38907021284103394, 1.1364248991012573] [0.00011167630433702809, 2.8636673327450617e-05] 0.11528059840202332
pedestrian [692.6584080125139, 1593.1576304795647, 1.1297060459701136] [0.9277998462548193, 0.01829553836402921, 0.0004309912379234053, 0.3726292162620307] [0.6381599307060242, 0.6465389132499695, 1.6995478868484497] [-0.001148414739757968, 0.00026566873964794103] 0.114148810505867
traffic_cone [697.1307465660458, 1578.3846909257954, 0.28448908809314877] [0.3094542977636016, 0.01206899319419724, -0.013756884849240113, 0.9507382000940943] [0.3763540983200073, 0.3818591833114624, 0.7901111841201782] [0.0, 0.0] 0.1129138171672821
traffic_cone [668.7937308954562, 1607.4960359277095, 0.5021651961386452] [0.014782915038864142, 0.00746638873272789, -0.016708246968746465, 0.9997232381741835] [0.535085916519165, 0.5163325071334839, 1.4770759344100952] [-0.00678497686148352, 0.0020782810663392205] 0.10489621013402939
traffic_cone [697.4609840470716, 1578.617049724108, 0.32677689570850105] [0.2953938234725077, 0.011864716286545509, -0.013933448421572212, 0.9552002808714068] [0.4006403386592865, 0.4061643183231354, 0.9167956113815308] [0.0, 0.0] 0.10362174361944199
pedestrian [677.4858285355522, 1559.6573647491791, 1.1609199634668317] [-0.07562643586144213, 0.005925846654271254, -0.017314641749308406, 0.9969682691647799] [0.5745768547058105, 0.643210232257843, 1.205506682395935] [0.0, 0.0] 0.10335996747016907
traffic_cone [673.4071592658746, 1558.0788380183471, 1.2549168888611533] [0.9980705100180167, 0.01721554293173545, 0.006207862679087302, 0.059332491561518486] [0.3336124122142792, 0.33708763122558594, 0.7915171384811401] [0.0, 0.0] 0.10006889700889587
