car [1304.6347088029092, 918.7330475810649, 0.09999968752813632] [-0.941565064140532, -0.02474008148943915, 0.02508602702647459, 0.3349833572074279] [1.9547467231750488, 4.524946689605713, 1.6824495792388916] [0.0, 0.0] 0.8344157338142395
car [1324.6849732464343, 907.381754548137, 1.2755863786301818] [-0.4403227015973825, -0.0352264499707695, 0.0006910908290350664, 0.8971480023239787] [1.8880341053009033, 4.75344705581665, 1.9560234546661377] [0.0, 0.0] 0.7530611753463745
car [1298.3988885971573, 923.6769719101248, 0.05513854712087435] [-0.9457954557442189, -0.024415400494192767, 0.025402137760142843, 0.32284605543433315] [1.9241851568222046, 4.47833776473999, 1.6368910074234009] [0.0, 0.0] 0.7209365367889404
car [1289.2071453228393, 921.9466093875654, 0.28093243528735035] [-0.3463543413697767, 0.024784766891929304, 0.02504187920643793, -0.9374418861082705] [2.039397716522217, 4.867899417877197, 1.729285478591919] [-7.56466005573638, 6.489065867004361] 0.6132015585899353
car [1291.9415769296586, 864.1155674657111, -0.8209036173427009] [-0.8473559141367814, 0.00429378904904568, 0.034970612801027645, -0.5298552390920965] [1.953894019126892, 4.633769512176514, 1.718679666519165] [4.323559530728045, 8.57641057832571] 0.6055566072463989
car [1277.2906696613295, 925.7069483385321, -0.060203745387203966] [-0.3634398644152079, 0.024322669432581573, 0.02549094222955411, -0.9309511719578952] [1.8738601207733154, 4.393921375274658, 1.6257013082504272] [-5.322686094271138, 4.927793464148575] 0.2565903961658478
car [1293.311812115093, 924.0472192122226, 0.6669084192169948] [-0.30040760127895255, 0.025971959719795146, 0.02380835341619495, -0.9531599512724762] [1.8790935277938843, 4.347400665283203, 1.7030503749847412] [-0.0362299758732206, 0.018916342654256024] 0.19636785984039307
car [1329.9401052677656, 914.0232224309418, 1.139018793379459] [-0.46906123871291155, -0.035185767112210206, 0.001828162137888657, 0.8824625623520991] [1.7870233058929443, 4.043783664703369, 1.5327937602996826] [-0.35607984569877005, -0.45008124217356243] 0.1628168374300003
car [1340.3201533877277, 861.2133462895162, 1.603902227221638] [-0.40296373663855284, 0.02320901574819043, 0.02650890363778464, -0.9145375041900788] [2.0586915016174316, 4.705303192138672, 1.7872439622879028] [0.0, 0.0] 0.15605595707893372
car [1260.9105138407058, 927.8203447495166, 0.9636559861732095] [-0.2127880779142351, 0.028022790558210796, 0.021356581969213976, -0.9764629299228357] [1.9451520442962646, 4.549131393432617, 1.7550994157791138] [0.0, 0.0] 0.15581254661083221
car [1311.9136165974944, 926.9221876203148, 1.1175793543687176] [-0.0024004833143534965, 0.03189158330339591, 0.014976892150231402, -0.9993762341059452] [1.8576128482818604, 4.333652496337891, 1.6870239973068237] [0.0, 0.0] 0.15093548595905304
car [1350.6682889271256, 923.771534810896, 1.9013404566814853] [-0.3617583753049807, -0.03515593077173603, -0.002332577040529787, 0.9316058702652233] [1.8467965126037598, 4.326287746429443, 1.6150339841842651] [0.0, 0.0] 0.13911181688308716
car [1327.466519475855, 860.3256818429752, 1.0450165821829982] [-0.9663574302682242, -0.006268433055414297, 0.03467112820643269, -0.2547782105701299] [1.9274455308914185, 4.4309492111206055, 1.7368888854980469] [0.0, 0.0] 0.13819925487041473
car [1250.7775880148051, 927.0847412842078, 0.3050934077621581] [-0.9706230068964462, -0.006867673512724785, 0.0345574224241294, -0.23801176042209504] [2.0230324268341064, 4.637124061584473, 1.8235020637512207] [0.0, 0.0] 0.12761065363883972
car [1254.6959212655001, 924.2731142545215, 0.41321914066081833] [-0.9629334769060266, -0.022900462788967, 0.026775906859119465, 0.26742800651688275] [2.031033992767334, 4.817211151123047, 1.807302713394165] [0.0, 0.0] 0.12696655094623566
car [1310.781521005906, 859.2663037632024, -0.5868085514961543] [-0.28966517969756295, 0.026238168989523657, 0.023514652286485176, -0.9564793271611791] [1.9664437770843506, 4.510182857513428, 1.6740792989730835] [0.0, 0.0] 0.12411954998970032
car [1303.8564464490282, 844.0014942398683, 0.08176051375071136] [-0.6105487408917322, 0.016173552759912706, 0.03130170243292564, -0.7911945744325122] [1.9275848865509033, 4.485291481018066, 1.6982735395431519] [0.0, 0.0] 0.12162702530622482
car [1290.3123320894135, 923.1295257244802, 0.2645418243543427] [-0.4102076551921825, 0.02299794424560181, 0.02669222629443438, -0.9113113075330816] [2.0308213233947754, 4.838317394256592, 1.7305701971054077] [-5.626522891343707, 7.851016817152442] 0.10204999148845673
car [1316.0394012847996, 850.4494354556733, 1.2950650822226535] [-0.49019805612542544, -0.035131471263341686, 0.0026758383639712818, 0.8708986653949916] [1.9415783882141113, 4.440135955810547, 1.7517821788787842] [0.0, 0.0] 0.10063913464546204
construction_vehicle [1349.4866410512343, 904.7928868903067, 3.53928473558587] [-0.397689004299501, 0.023361330983277258, 0.026374772013552514, -0.9168435392558507] [1.67011559009552, 3.039748430252075, 2.514207363128662] [0.0, 0.0] 0.23679247498512268
truck [1291.9246400645086, 863.7019497322214, -0.9150095151049866] [-0.8438210230920296, 0.004525766943547375, 0.03494134825174605, -0.535466806257721] [2.0583977699279785, 5.379884243011475, 1.8982921838760376] [3.836200786453403, 8.648814410008631] 0.14324480295181274
construction_vehicle [1366.3585208134887, 929.9182004207302, 3.122073035466435] [-0.3608753171906375, -0.035153704368643575, -0.0023658937505967328, 0.931948295270977] [2.552588939666748, 4.789868354797363, 2.846024990081787] [0.0, 0.0] 0.13755565881729126
construction_vehicle [1311.2633587018279, 927.0675720508507, 0.8490666943208254] [-0.015079599755279866, 0.03169900129743625, 0.015380302364460793, -0.9992653427829586] [2.001434087753296, 5.046951770782471, 2.0776610374450684] [0.0, 0.0] 0.13686910271644592
construction_vehicle [1255.7358170675816, 923.502736556299, 0.37064554310100606] [0.16813053464944197, 0.033979143421072125, 0.009316554966687747, -0.9851348856549625] [1.8523374795913696, 3.1981003284454346, 2.4592225551605225] [0.0, 0.0] 0.11297672241926193
truck [1266.3011257340813, 926.4947585721973, 1.2101846013804087] [-0.8979087378784525, -0.02740486880887254, 0.02214392805365814, 0.438769322147125] [2.55940318107605, 6.19905424118042, 2.9292850494384766] [0.0, 0.0] 0.11042553186416626
construction_vehicle [1310.9897599887784, 859.919608619129, -1.1961820967380252] [-0.922087976399731, -0.026059502290486723, 0.023712501438043612, 0.38537304445818776] [2.0847277641296387, 3.298689603805542, 2.3784048557281494] [0.0, 0.0] 0.10807979106903076
truck [1289.117127166408, 921.9622485348201, 0.424845987153897] [-0.36534997262538516, 0.02427029539199911, 0.02554081333204191, -0.9302032128081228] [2.096456289291382, 5.3452863693237305, 1.8596333265304565] [-7.714687190242502, 6.560548462630534] 0.10680601000785828
bus [1298.9414179083212, 919.2315886558782, 1.3732454124481728] [-0.9441127754523007, -0.024546474666151764, 0.025275501291588124, 0.32773417100399704] [3.036573886871338, 11.917243957519531, 4.274106979370117] [0.0, 0.0] 0.8242849111557007
barrier [1304.3500340604655, 879.8522039412255, -0.2970223823357254] [-0.9495341424417034, -0.024114371486509495, 0.025688080346489905, 0.31167857153391565] [2.547048807144165, 0.4979625642299652, 0.9582269787788391] [0.0, 0.0] 0.15674006938934326
barrier [1311.166552941982, 859.906714804543, -0.9619232441361718] [-0.9028178268358691, 0.0002313260029516771, 0.035232469007400846, -0.42857740393455407] [2.207139730453491, 0.5234087109565735, 1.1035525798797607] [0.0, 0.0] 0.15463335812091827
barrier [1298.5734736309328, 869.3873149417469, -0.8244009940925789] [-0.9604702292099156, -0.02314219233024687, 0.026567260269492715, 0.2761440899555435] [2.642857551574707, 0.6309126019477844, 1.0239492654800415] [0.0, 0.0] 0.15431749820709229
barrier [1299.1476749823953, 847.1532332614012, 0.15689775988179244] [-0.33982983600925165, 0.024958233686894947, 0.02486899586447843, -0.939826740507977] [2.4490344524383545, 0.4418293237686157, 1.0255237817764282] [0.0, 0.0] 0.15083155035972595
barrier [1300.1931929522102, 871.6450949108856, -0.7786860885432947] [-0.9629057999955971, -0.02290323326753843, 0.02677353712100484, 0.26752764333945467] [2.7553534507751465, 0.601360023021698, 0.955089807510376] [0.0, 0.0] 0.12685081362724304
barrier [1348.695282680692, 922.1735712047018, 1.745118059087116] [-0.49279277762942425, 0.020428745076178173, 0.028706214635329907, -0.8694330899685152] [2.3416497707366943, 0.3244638442993164, 1.049354076385498] [0.0, 0.0] 0.12248716503381729
barrier [1328.6330320128316, 895.7405642767754, 1.7167830126338546] [-0.2975360629958326, 0.026043534209745138, 0.023730038136145874, -0.9540602239024868] [2.632739305496216, 0.35112741589546204, 0.9414544701576233] [0.0, 0.0] 0.11207038164138794
barrier [1348.8985326707136, 921.7697863870195, 1.898264839844893] [-0.3350099737007737, 0.02508532765158459, 0.024740790623780574, -0.9415555942890097] [2.2934224605560303, 0.3399352729320526, 1.0553545951843262] [0.0, 0.0] 0.10643171519041061
barrier [1299.3772366255203, 870.8563857824258, -0.8123046359245134] [-0.9539214409701778, -0.023742174252240802, 0.02603247099015645, 0.2979807109081102] [2.4426345825195312, 0.6323366165161133, 1.032017469406128] [0.0, 0.0] 0.10328420996665955
barrier [1365.7968185922773, 930.8725157045515, 2.960989092534943] [-0.3436745205011045, 0.024856214003229907, 0.0249709633274878, -0.9384276442935062] [2.805760383605957, 0.5290961265563965, 1.0316452980041504] [0.0, 0.0] 0.10286813229322433
barrier [1299.9425721398518, 892.7855297288897, -0.03688259495522206] [-0.9515515621824505, -0.023945910841336016, 0.02584518790908454, 0.3054639817131657] [2.01765513420105, 0.4590969383716583, 1.0353858470916748] [0.0, 0.0] 0.10201605409383774
motorcycle [1312.2192812345886, 899.5005668000555, 0.45904948679962315] [-0.8669530024850264, 0.0029565367999787318, 0.03510896287598759, -0.4971429483540132] [0.8172298073768616, 2.154083251953125, 1.6637076139450073] [6.18935787281831, 10.035590503283586] 0.7839503288269043
bicycle [1325.1881619286703, 892.7805921750071, 0.9833813150337131] [-0.8702153973731919, 0.0027247436813537147, 0.035127712079610685, -0.4914099935802498] [0.6676164269447327, 1.7868140935897827, 1.7179793119430542] [2.21192021236546, 3.593529372933793] 0.5001656413078308
bicycle [1295.0180249299524, 923.0197111595346, 0.971140727615132] [-0.6067106005122215, 0.01632492675723704, 0.031223022762825983, -0.7941415911800758] [0.5038418769836426, 1.5609030723571777, 1.0843043327331543] [0.0, 0.0] 0.331779420375824
motorcycle [1278.6024963780433, 924.3661989890235, 0.006993371709621998] [-0.3186725243079168, 0.02550954813561228, 0.024303154897954773, -0.947209819346877] [0.7374952435493469, 1.9587280750274658, 1.6483330726623535] [-4.772881061881221, 3.6113095979271743] 0.3312164545059204
motorcycle [1298.53815601093, 846.8147192771947, -0.22646328587234343] [-0.5131468990459276, 0.019746515755508162, 0.029179710409710565, -0.8575773315657731] [0.8112669587135315, 1.996068000793457, 1.6255428791046143] [-7.500377459896978e-05, -0.0001362935757203851] 0.21124675869941711
motorcycle [1305.9660635043685, 929.8491320309771, 1.9602413835053967] [0.09259401549244095, 0.033170663230198766, 0.011878025296565196, -0.9950803826379601] [0.8435235023498535, 2.5861082077026367, 1.660919427871704] [0.0, 0.0] 0.20535728335380554
motorcycle [1316.5065832315831, 852.4842393692323, 1.1739544107314226] [-0.5050668123187103, 0.020019804468643296, 0.02899289245857324, -0.8623607914963086] [0.8257396221160889, 2.2137255668640137, 1.5317836999893188] [0.0, 0.0] 0.19967344403266907
motorcycle [1342.6909974601826, 875.5851856897203, 2.4033179332184016] [-0.44255972828872603, 0.022027924650877724, 0.027498198480125146, -0.8960465984048667] [0.6774566173553467, 2.042001485824585, 1.4041926860809326] [0.0, 0.0] 0.1741967499256134
bicycle [1313.2997262331062, 876.4725713371168, 0.20304143772487204] [-0.8680339211709824, 0.0028800484542182052, 0.035115320089363536, -0.49525319919456545] [0.6214145421981812, 1.6000127792358398, 1.2472004890441895] [0.003352302267664222, 0.0015400980615952126] 0.17189320921897888
motorcycle [1329.844495537655, 914.0759862488399, 0.7852161607356574] [-0.318403012060568, -0.03501092328807239, -0.003951662257052469, 0.947300449449213] [0.7546818256378174, 2.020643472671509, 1.748234510421753] [-0.08602746612834007, -0.05038754156403922] 0.1680583655834198
bicycle [1349.770057945944, 922.6705129662338, 1.7349895539205586] [-0.3426091112753063, -0.03510080526247987, -0.003051860744295019, 0.9388171368733467] [0.5257481336593628, 1.5450992584228516, 1.1529357433319092] [0.0, 0.0] 0.1656194031238556
motorcycle [1333.3305616830553, 867.1701304270391, 1.2672201972747668] [-0.5437844004374074, 0.01867977832415058, 0.029873839154646618, -0.8384850299539359] [0.7289206385612488, 1.870853066444397, 1.7338488101959229] [0.0, 0.0] 0.1553710699081421
motorcycle [1284.3653471063208, 926.5108113768104, -0.6168665603019733] [-0.6528187332190181, 0.014441138736890586, 0.032137733212829145, -0.7566943380085779] [0.6306941509246826, 2.148935556411743, 1.389829397201538] [0.0, 0.0] 0.14261259138584137
bicycle [1277.8471182573742, 885.4207518528326, -0.17864344186256065] [0.12456975423441528, 0.0335357405286713, 0.010804373710249771, -0.9915850926400118] [0.6113741993904114, 1.5372281074523926, 1.6271933317184448] [-1.0653725281042412, -0.3190351199708776] 0.13876959681510925
motorcycle [1329.2203701456044, 914.2768086321415, 0.9057436518172728] [-0.4834795769675333, -0.035151028305892215, 0.002405325989438312, 0.8746462818026602] [0.6491510272026062, 1.7920355796813965, 1.4735798835754395] [0.0, 0.0] 0.13490043580532074
bicycle [1329.1436917278625, 887.8871952244461, 0.2976014443728434] [-0.9145062703240243, -0.0007589660377129745, 0.03522505294006954, -0.4030346153297083] [0.444612979888916, 1.3817894458770752, 1.0515660047531128] [0.0, 0.0] 0.13318385183811188
motorcycle [1336.2188902092576, 924.9213786608007, 1.5258717930219878] [-0.9771885812428717, -0.00787865999327225, 0.0343410410556744, -0.2094304092162039] [0.6278781890869141, 1.8825747966766357, 1.1735923290252686] [0.0, 0.0] 0.13265961408615112
bicycle [1314.4479314318037, 923.3662727385772, 1.322365395680832] [-0.7356163497759763, -0.032579432073723096, 0.013414953963050574, 0.6764814894423881] [0.5788797736167908, 1.646580457687378, 1.13972008228302] [0.0, 0.0] 0.13166740536689758
bicycle [1298.327446010297, 846.127373265625, -0.0867337511162285] [-0.11096979705653884, 0.030075523941086115, 0.01835328972544866, -0.9931990353182759] [0.7274417281150818, 1.8354371786117554, 1.438673496246338] [0.0, 0.0] 0.1300191879272461
bicycle [1327.815541515409, 898.9975862847218, 1.1637171359138898] [-0.40452910407821385, -0.0352262466212071, -0.0007013793973291551, 0.913846170626983] [0.4859555959701538, 1.4419232606887817, 1.1243640184402466] [0.0, 0.0] 0.12924689054489136
bicycle [1325.6681155060242, 859.5594688463277, 0.9377777531691487] [-0.5921280456607118, 0.016891583576532403, 0.03092013564579114, -0.805073286824218] [0.6587873101234436, 1.7064201831817627, 1.141567349433899] [0.0, 0.0] 0.12914234399795532
bicycle [1298.7215352009055, 901.4029742122456, -0.0562515175355317] [-0.6893580162852759, 0.012837915468155364, 0.03281110041601166, -0.7235635044687871] [0.5873786807060242, 1.631095051765442, 1.0299248695373535] [0.0, 0.0] 0.1241743266582489
motorcycle [1325.0979166812438, 883.9552759454712, 0.3602875770568942] [-0.14018927842902298, 0.029521626500210105, 0.01923158737232047, -0.9894976431651938] [0.5937394499778748, 1.73634934425354, 1.155572533607483] [0.0, 0.0] 0.12293380498886108
bicycle [1309.07666029301, 858.2579575694821, -0.1552170814805922] [-0.987186918174395, -0.0196904158856609, 0.029217595834134195, 0.1556297150330353] [0.6129213571548462, 1.7338666915893555, 1.1675413846969604] [0.0, 0.0] 0.12232458591461182
motorcycle [1278.1202739541905, 925.2176052039979, -0.06723535967154048] [-0.39928609249816127, 0.02331533482184769, 0.026415441435309002, -0.9161491341225363] [0.8070632219314575, 2.090548515319824, 1.7388375997543335] [-3.7618895808970767, 3.8457625468667187] 0.11955274641513824
bicycle [1288.7458630079252, 884.6582105789133, -0.6382752034496089] [-0.9986023375488481, -0.013630090702909903, 0.03249001402750624, -0.03939531771542981] [0.541600227355957, 1.672959327697754, 1.1664220094680786] [0.0, 0.0] 0.11746849864721298
bicycle [1358.1419943229712, 925.9541159180666, 1.8140302716876118] [-0.2745078047967295, -0.03479218780197001, -0.005557342173157244, 0.9609391680650778] [0.5849729776382446, 1.7243132591247559, 1.2508084774017334] [0.0, 0.0] 0.11252621561288834
bicycle [1351.6849308312942, 907.7755759120498, 1.9676654186428677] [-0.2531336257100179, -0.034660412548392146, -0.006327415432256936, 0.9667895257763316] [0.5640522837638855, 1.6062281131744385, 1.108533501625061] [0.0, 0.0] 0.1123427078127861
motorcycle [1270.0108608311098, 914.3294867029971, -0.2700788976258488] [-0.9607385901525237, -0.023116319122773586, 0.02658977574729044, 0.2752089769750687] [0.8001233339309692, 2.1565070152282715, 1.6254332065582275] [0.0, 0.0] 0.11228367686271667
bicycle [1307.5313663820905, 865.7890427027465, -0.19812568899060246] [-0.36958293030328204, -0.03517431004500112, -0.002036736835046692, 0.9285295241640744] [0.6440739631652832, 1.789212942123413, 1.1558740139007568] [-0.0016763366287157074, -0.0007057088145282761] 0.10768528282642365
bicycle [1298.1142022480362, 901.5847967253676, 0.04218485731385602] [-0.22654093579551474, 0.027718745535584267, 0.021749747814874324, -0.9733641785194356] [0.6641961336135864, 1.7019436359405518, 1.1491918563842773] [0.0, 0.0] 0.10669469833374023
motorcycle [1284.0989156535225, 893.2372732962365, -0.7141070796066036] [-0.9719486249548084, -0.0070622706310619265, 0.03451817952341553, -0.23253922263648455] [0.6554254293441772, 1.9184502363204956, 1.3780725002288818] [0.0, 0.0] 0.10633572936058044
motorcycle [1327.234387945436, 880.3541061567778, 1.407636492509986] [0.01538818544069634, 0.03215311054534426, 0.014406868720717027, -0.9992606383545616] [0.5977828502655029, 1.7235918045043945, 1.2219538688659668] [0.0, 0.0] 0.1053449735045433
bicycle [1294.3493596736714, 892.4525590678078, -0.009545439529677457] [-0.4124245596697331, -0.03523099820581724, -0.0003964208607092831, 0.9103101681279573] [0.5959690809249878, 1.7417504787445068, 1.1946274042129517] [0.0, 0.0] 0.10223208367824554
bicycle [1262.3863928657959, 926.4890990648363, 0.6722062339151804] [-0.5182176609559151, -0.03502606233048772, 0.0038151463534040796, 0.8545227179480388] [0.7232027053833008, 1.9189963340759277, 1.6094346046447754] [-0.5098542348159868, -0.9826856074045078] 0.10144007205963135
bicycle [1283.7509383588936, 908.236915462659, -0.8718903549063572] [-0.27387824579104064, 0.026621762607356242, 0.02307947442544289, -0.9611187887552431] [0.657031774520874, 1.7755614519119263, 1.2089277505874634] [0.0, 0.0] 0.1011766716837883
pedestrian [1331.332173232649, 905.3722807624904, 1.451594117863799] [-0.25715454730964005, 0.027018349695040283, 0.022613915269886813, -0.9657277869119733] [0.6133015155792236, 0.555145263671875, 1.825068473815918] [0.0, 0.0] 0.8939278721809387
pedestrian [1329.9522276912294, 904.0261699171589, 1.3464232856454876] [-0.30796120685825373, 0.025782229363161886, 0.024013684289221765, -0.9507462935433044] [0.6079682111740112, 0.5462163090705872, 1.7665565013885498] [0.0, 0.0] 0.8771951198577881
pedestrian [1332.3030413683944, 904.480401600932, 1.520546426640987] [-0.2595920455156653, 0.0269611668301443, 0.0226820604715319, -0.9650754320367481] [0.5879486799240112, 0.5461879372596741, 1.8464775085449219] [0.0, 0.0] 0.7969343662261963
pedestrian [1302.6351453783293, 894.3935435705849, 0.2213914634715145] [-0.8536969473921281, -0.02932727657348313, 0.019526680026556765, 0.5195768871199768] [0.6689337491989136, 0.7100187540054321, 1.7619892358779907] [-0.006078248201303305, -0.22864053349705923] 0.7897260189056396
pedestrian [1341.5303446918665, 913.5048857144988, 1.8202342102456304] [-0.32359577209178036, -0.03503207788426252, -0.003759508370527695, 0.9455392090760953] [0.7132488489151001, 0.8081115484237671, 1.8267980813980103] [-1.1332283551135292, -0.8670847018463991] 0.7871687412261963
pedestrian [1310.7493708378954, 918.0767745054634, 0.4355497107457337] [-0.5405259993960572, -0.0349135314316811, 0.004735578850163849, 0.8405892359486987] [0.6554149389266968, 0.5985453128814697, 1.9006184339523315] [0.0, 0.0] 0.7842143774032593
pedestrian [1329.5336731883226, 903.6287776913399, 1.310774233943596] [-0.4188893840151367, 0.022742061474185893, 0.026910574575461095, -0.9073534612130726] [0.6120779514312744, 0.5530787706375122, 1.7232396602630615] [0.0, 0.0] 0.7736174464225769
pedestrian [1324.2150515852084, 911.3025875580815, 1.2130589160003342] [-0.5782593801558242, 0.01741842424742241, 0.03062644087735155, -0.8150918407625763] [0.6282062530517578, 0.5884362459182739, 1.7298356294631958] [0.0, 0.0] 0.7139818668365479
pedestrian [1342.981328549723, 901.410111204919, 2.0383284682100533] [-0.6030926459142719, -0.034450380755906736, 0.0073859088709619216, 0.7968926402345837] [0.6672316193580627, 0.719701886177063, 1.7100621461868286] [-0.26054470494717225, -1.0701994140291091] 0.6910606026649475
pedestrian [1331.0875626803818, 903.5887292008535, 1.4713978209736416] [-0.3301295911656485, 0.0252131126501961, 0.024610553316933455, -0.9432778342846422] [0.6203453540802002, 0.5957903265953064, 1.802868366241455] [0.0, 0.0] 0.6847066283226013
traffic_cone [1329.174638545029, 888.0165460593056, 0.4199509810705297] [-0.3199077820240495, 0.0254778256985374, 0.024336408563139515, -0.9467933410287467] [0.333097368478775, 0.34448230266571045, 0.769935667514801] [0.0, 0.0] 0.4469025135040283
pedestrian [1277.9255823926896, 885.4251874094458, -0.023055640353683682] [0.1269540826594212, 0.03356162726677958, 0.010723691495136396, -0.9912826441091502] [0.6542189717292786, 0.7139439582824707, 1.7723805904388428] [-1.2161329377814971, -0.34140028808333395] 0.44184640049934387
pedestrian [1352.0854843427455, 921.8491066997193, 2.161060911129286] [-0.12768687817173846, 0.02976205000540619, 0.01885737955159212, -0.9911885192831276] [0.6256157159805298, 0.568033754825592, 1.775744915008545] [0.0, 0.0] 0.3012155294418335
traffic_cone [1349.4860032059805, 922.3727317963937, 1.7730090613387912] [-0.1615508797143888, 0.029098910406252666, 0.019865391947957726, -0.9862352320209569] [0.3710765242576599, 0.362781286239624, 1.2249515056610107] [1.2451591494230043e-05, 9.771498362072645e-06] 0.2972492277622223
pedestrian [1331.5410103490324, 905.0142811190401, 1.4529510043579519] [-0.2386007074733076, 0.027446747448959627, 0.022091999424002598, -0.9704783985278396] [0.6029757857322693, 0.5740759372711182, 1.8536326885223389] [0.0, 0.0] 0.27376529574394226
pedestrian [1332.202123736101, 905.0319594442061, 1.4967379664390466] [-0.19323231154399612, 0.028443976649709612, 0.020792320130949248, -0.9805202156974059] [0.5870658159255981, 0.562260627746582, 1.8378517627716064] [0.0, 0.0] 0.27118566632270813
pedestrian [1310.4166067232468, 918.650241558222, 0.3922896399614283] [-0.4721289046005157, -0.035179193077025175, 0.0019505790233895035, 0.880825134210327] [0.6481493711471558, 0.6449021697044373, 1.8721182346343994] [0.0, 0.0] 0.2641374468803406
pedestrian [1332.7316738436225, 904.786893434935, 1.531623176900073] [-0.14277795852658845, 0.029471203277088714, 0.01930876903061452, -0.9891274307059242] [0.6160304546356201, 0.6123883128166199, 1.855180025100708] [0.0, 0.0] 0.2606426477432251
pedestrian [1262.423128177957, 926.4986349694019, 0.6020145732035849] [-0.47190460387506916, -0.035179688614533876, 0.0019416212456446658, 0.880945324329176] [0.7182049751281738, 0.7598971724510193, 1.8472548723220825] [-0.6550623269214951, -1.0795883750301838] 0.24863097071647644
pedestrian [1330.1090479607033, 903.7113086814163, 1.360756911292852] [-0.3687674745470163, 0.024176228385573147, 0.025629872514815803, -0.9288536856427598] [0.6166616678237915, 0.5879337787628174, 1.7809836864471436] [0.0, 0.0] 0.24458017945289612
pedestrian [1311.1096033854994, 918.2734617974282, 0.4532070164789513] [-0.5927086463089491, -0.03454325731150229, 0.006938570341824504, 0.8046459346858943] [0.6881694793701172, 0.6726167798042297, 1.8934824466705322] [0.0, 0.0] 0.24190691113471985
pedestrian [1333.2842017089413, 867.166059654917, 1.3650683909220014] [-0.17134183541495923, 0.02890009765440156, 0.020153529210616104, -0.9845814313974016] [0.671699047088623, 0.658930778503418, 1.796449065208435] [0.0, 0.0] 0.23738527297973633
pedestrian [1331.6844625978388, 905.559832477367, 1.4471905582851736] [-0.2540635460063217, 0.0270905608740305, 0.02252735882449496, -0.966545567579003] [0.6322083473205566, 0.6136809587478638, 1.822098970413208] [0.0, 0.0] 0.23168791830539703
pedestrian [1330.2987180554157, 904.1544082810684, 1.3784464019259053] [-0.29749523263328365, 0.02604454973980976, 0.02372892355181074, -0.9540729564223019] [0.655899167060852, 0.6304731369018555, 1.860987663269043] [0.0, 0.0] 0.2269262671470642
pedestrian [1332.6235695252847, 905.2693507963983, 1.4614733369416064] [-0.15727152954372636, 0.02918480351333084, 0.019738987511150996, -0.9869266870497018] [0.6204051971435547, 0.619288444519043, 1.846787691116333] [0.0, 0.0] 0.2022864818572998
pedestrian [1351.5972613417725, 921.0701575502881, 2.150175749387997] [-0.5624915177484326, 0.01800366285242723, 0.030286110809630788, -0.8260520032522093] [0.6548129320144653, 0.6203079223632812, 1.6815564632415771] [0.0, 0.0] 0.18073058128356934
pedestrian [1278.7591673535244, 906.9725031596896, 0.13555667587886178] [-0.9481837580868195, -0.02422471975556311, 0.025584044575507087, 0.3157628548709915] [0.7004503011703491, 0.6641759872436523, 1.8543479442596436] [0.0024525382371269507, -0.003944540414176753] 0.17836894094944
traffic_cone [1309.0146365624232, 888.655417022628, -0.16440988636495768] [-0.5468841058536964, -0.03487662095895979, 0.00500016945334353, 0.8364666128307372] [0.5541243553161621, 0.593029260635376, 1.0492275953292847] [0.0020192254482164526, 0.003917658282460985] 0.17707279324531555
pedestrian [1298.6514462172295, 846.4180905661054, 0.04690143522647139] [-0.44979334999360326, 0.021804771674106643, 0.0276754822237514, -0.8924374274521746] [0.6240049600601196, 0.648582935333252, 1.734458565711975] [0.05348910825547463, 0.06752894225519444] 0.17646485567092896
pedestrian [1346.523116290677, 900.1435425184148, 2.5698215365525123] [-0.07638409939914062, 0.030695223193073974, 0.017296926235735557, -0.9964557636819136] [0.6219986081123352, 0.6066887378692627, 1.7236833572387695] [0.0, 0.0] 0.16763997077941895
traffic_cone [1346.0540082617692, 906.4956087010382, 2.553637503064598] [-0.9911206191436357, -0.010681061188184768, 0.03357521877771396, -0.12821286177392355] [0.39230984449386597, 0.38733577728271484, 1.3141919374465942] [7.452909973893525e-06, -2.751775610327781e-05] 0.1614742875099182
pedestrian [1328.9125539973015, 857.3526440122013, 0.908727765926375] [-0.8533708422675613, 0.0038928494831309843, 0.03501751143326421, -0.520112319776677] [0.6872843503952026, 0.6861088275909424, 1.8295868635177612] [0.0004963110105930304, -0.0010427189119062994] 0.15895241498947144
pedestrian [1332.104078719644, 904.0529134832631, 1.5104996675708828] [-0.2517914908593094, 0.027143424702067542, 0.022463634601735595, -0.9671399406222293] [0.6179468631744385, 0.6214392185211182, 1.791196346282959] [0.0, 0.0] 0.15537193417549133
pedestrian [1300.2520778982923, 893.599580122025, 0.07535550003123581] [-0.9769052964894567, -0.02129799804080903, 0.028067341582893063, 0.21074786192692466] [0.5057550668716431, 0.5283554196357727, 1.4519448280334473] [0.0, 0.0] 0.15255093574523926
pedestrian [1331.2475100677095, 905.7520999050575, 1.4177067588823213] [-0.2019065310224408, 0.02825876076114917, 0.021043355823661757, -0.9787708477199387] [0.6770873069763184, 0.6810600757598877, 1.7988771200180054] [0.0, 0.0] 0.1502859741449356
pedestrian [1351.7238492073902, 921.5003160677563, 2.146997302767282] [-0.3254957205217138, 0.02533360500516539, 0.02448650325218695, -0.944886848007725] [0.6539580821990967, 0.62837815284729, 1.7284493446350098] [0.0, 0.0] 0.14578592777252197
traffic_cone [1312.6326249947178, 921.688419190015, 0.6602709839086306] [-0.7512742631176152, -0.03225596320362183, 0.014175091600539924, 0.6590490127395744] [0.407520592212677, 0.3978136479854584, 1.2796885967254639] [0.0, 0.0] 0.1361459493637085
traffic_cone [1312.6558811303046, 921.0761264772563, 0.7541012065897954] [-0.7050532126778077, -0.03313958300663599, 0.011964464978568255, 0.708278608252872] [0.45294100046157837, 0.4538123607635498, 1.3606079816818237] [1.8471585263745528e-05, -5.617705214188517e-06] 0.13521221280097961
pedestrian [1283.705210622128, 908.2566410600645, -0.6256322996759727] [-0.808077308554521, 0.006737679415029891, 0.034583002474877535, -0.5880218388930847] [0.5491846799850464, 0.5571926236152649, 1.5474708080291748] [1.040704617927914e-05, 6.43405866778962e-06] 0.13159668445587158
pedestrian [1325.178633439641, 892.7479624024, 1.0271865740448982] [-0.8802483538150948, 0.001993505674381512, 0.03517678665261101, -0.4732033973057874] [0.7417683601379395, 0.9558846354484558, 1.8061388731002808] [1.0804942306607443, 1.6430770813684084] 0.12695759534835815
pedestrian [1352.955846944953, 921.5511485201489, 2.2445299932186416] [-0.17478855839264876, 0.028829347524307034, 0.0202546070166724, -0.9839753957650277] [0.6254453659057617, 0.5887721180915833, 1.7770586013793945] [-0.00024012921558808897, -0.0007514891804967684] 0.12633003294467926
traffic_cone [1336.097137191507, 895.7987864158441, 1.5995533538283198] [-0.8371212499239358, 0.004958379188401543, 0.034882586771928625, -0.5458815187764747] [0.36488965153694153, 0.3632122278213501, 0.8176189661026001] [5.269583967953491e-05, -0.0004158600219411899] 0.12439528107643127
traffic_cone [1342.3439228708696, 893.7602750760485, 1.8919761502811203] [-0.3102139482139624, 0.02572523596956927, 0.024074729871528828, -0.9500136451385466] [0.3628664016723633, 0.3637172281742096, 0.8944044709205627] [0.00010212703693295144, 6.067489674095475e-05] 0.12248336523771286
pedestrian [1357.4280766859051, 910.615051289156, 2.592315775394993] [-0.8537507344390612, 0.0038672561653503527, 0.03502034714032205, -0.519488501374849] [0.6553295850753784, 0.6554964184761047, 1.797777771949768] [0.4017178910084329, 0.2758530004820724] 0.1220729649066925
traffic_cone [1313.4882564943853, 876.926514712596, 0.10783414337927455] [-0.4249640383188279, 0.022561106915832334, 0.027062461802457756, -0.9045242869882913] [0.4304020404815674, 0.43087130784988403, 1.263051986694336] [0.0002824242725396031, 0.00014819442055525548] 0.11668124794960022
pedestrian [1329.8198204628327, 904.3946194856098, 1.3086326370006796] [-0.2105538572923394, 0.02807157053034163, 0.02129242381780802, -0.9769471289661691] [0.6520355343818665, 0.65181964635849, 1.7788522243499756] [0.0, 0.0] 0.11404158920049667
traffic_cone [1312.7601913717156, 920.7859467386348, 0.6910407691914608] [-0.6546521472851042, -0.03388422397390303, 0.009656073206199184, 0.7551087244039267] [0.4697442054748535, 0.4853283762931824, 1.4045360088348389] [6.59083176919981e-05, -6.7492622166944316e-06] 0.10857190191745758
pedestrian [1298.016854579276, 901.7471430621106, 0.10521367549613525] [-0.9990806764714345, -0.015676005334224745, 0.03155381499658101, 0.024421742716357442] [0.5281709432601929, 0.5410236120223999, 1.439711093902588] [-0.005585212469730148, -0.004765509952303523] 0.10513998568058014
pedestrian [1327.7556730573422, 898.8947954305555, 1.088385809563833] [-0.15354747655341064, 0.029259056256560945, 0.019628754699483733, -0.9875129326039245] [0.4609185755252838, 0.46617305278778076, 1.2802460193634033] [0.0005408165975383007, 0.0010785724600491755] 0.10221530497074127
