car [1312.3765964906086, 898.9548642047178, 0.4036297482048464] [-0.8795512764551319, 0.0020757900196357636, 0.03526555078950036, -0.4744908683098722] [1.8087925910949707, 4.403168201446533, 1.513270616531372] [5.839366263715004, 9.181973933504999] 0.8054243326187134
car [1304.7536225514696, 918.6593382627467, 0.054376325644692525] [-0.9419889582877439, -0.024755400770890106, 0.025201946539207303, 0.33377961964038416] [1.9437792301177979, 4.554096221923828, 1.6785571575164795] [0.0, 0.0] 0.7966495156288147
car [1324.68714705898, 907.3758624043661, 1.2856475718233198] [-0.43962981987373395, -0.035319829932639, 0.0006910790272517961, 0.8974840686614423] [1.897137999534607, 4.7414350509643555, 1.9471614360809326] [0.0, 0.0] 0.7612593770027161
car [1298.9425358959447, 923.3114993374667, -0.05249703917255316] [-0.9423691319778034, -0.02472663345777383, 0.025230171908596832, 0.33270475067048455] [1.9184815883636475, 4.4025421142578125, 1.6637144088745117] [0.0, 0.0] 0.6844562292098999
car [1300.395958813795, 879.4209637908768, -0.3890223084651545] [-0.844304064101789, 0.004531117923023932, 0.03503479623260424, -0.534698680907771] [1.8706767559051514, 4.411650657653809, 1.588747262954712] [4.988845510536996, 10.199557268185174] 0.678048849105835
car [1287.9879622911487, 857.8201672975913, -0.9630546953189014] [-0.8390928453280027, 0.004869770322772384, 0.034989331426820584, -0.5428399662355974] [1.8509310483932495, 4.342525959014893, 1.6263755559921265] [3.6150331079697606, 8.874760179709313] 0.5117919445037842
car [1341.949851846337, 936.197515754222, 1.808633310132525] [-0.9153930889474734, -0.0008137784197724996, 0.03531721593466792, -0.4010081354916769] [1.897170901298523, 4.636604309082031, 1.6868529319763184] [8.050769056003935, 8.546279284702988] 0.25891509652137756
car [1297.755735281624, 869.7315838881536, -0.5699272478032729] [-0.8718867321898656, 0.002636895596811604, 0.03522803937638263, -0.48843173346393653] [1.972583532333374, 4.715051651000977, 1.7349199056625366] [1.289144722656766, 2.198959147890152] 0.15249165892601013
car [1350.6721610826542, 923.7615768532818, 1.8708611693116703] [-0.31105520276897963, -0.03507498716908834, -0.004208711415711153, 0.9497350645594049] [1.8655402660369873, 4.371950626373291, 1.6407655477523804] [0.0, 0.0] 0.14399461448192596
car [1293.3424643300627, 924.0677159754557, 0.5729671575394235] [-0.27102082773554603, 0.02677749416858802, 0.023042000406728658, -0.9619250194047597] [1.9171395301818848, 4.38368558883667, 1.755842685699463] [0.0, 0.0] 0.12607954442501068
car [1352.1790331233144, 958.3858649120067, 2.92504048831959] [-0.9232067611020283, -0.0015178022335209686, 0.035293969075075246, -0.38267650604500203] [1.8881487846374512, 4.349629878997803, 1.643337607383728] [0.0, 0.0] 0.11384867876768112
car [1251.157070090732, 927.4635449366865, 0.23177705373440283] [-0.41023475432998213, -0.03532363449983944, -0.00045697091176820576, 0.911295494536831] [1.9830800294876099, 4.64404296875, 1.8031494617462158] [0.0, 0.0] 0.1131347268819809
construction_vehicle [1311.952353120992, 926.9064133347731, 0.764226945031014] [-0.05774170497598155, 0.031107441211273644, 0.016742015349999036, -0.9977063333114482] [1.7678180932998657, 4.041457176208496, 2.132744312286377] [0.0, 0.0] 0.15065045654773712
construction_vehicle [1366.3749791943587, 929.9030760202867, 2.9269216701430167] [-0.3211961971575107, -0.03511799883039487, -0.0038332929500409707, 0.9463535464903493] [2.543992757797241, 5.0142669677734375, 2.89332914352417] [0.0, 0.0] 0.14839555323123932
truck [1298.484231423022, 923.6834577987246, -0.12472385924398555] [-0.9492765606775538, -0.024180768660878142, 0.02575380367366232, 0.3124516656564703] [2.115251302719116, 5.486145973205566, 1.8677815198898315] [0.0, 0.0] 0.1312858611345291
construction_vehicle [1349.4920229410673, 904.738138256024, 3.4702216716072796] [-0.37023253791895094, 0.024218163549113356, 0.02571864170209707, -0.9282671489875103] [1.7155027389526367, 3.0004303455352783, 2.524275779724121] [0.0, 0.0] 0.12833555042743683
truck [1342.1180351221274, 866.7870394790108, 2.9652798060625734] [-0.8030976053408365, -0.031046103117233135, 0.016855487472232186, 0.5947993513102734] [2.2911946773529053, 5.431375980377197, 2.189166784286499] [0.0, 0.0] 0.12134626507759094
construction_vehicle [1299.8154580765363, 846.7730081632725, 0.7864203490449095] [-0.26500369434921417, -0.03483189340708378, -0.005891279858401141, 0.9636000591555484] [2.5802416801452637, 6.142115592956543, 3.1768276691436768] [0.0, 0.0] 0.11553099751472473
construction_vehicle [1336.9356734196936, 946.507393710807, 5.163093324761384] [-0.11215734407804048, 0.030146423616876323, 0.01841632753304226, -0.9930623153622677] [3.3189797401428223, 5.73976993560791, 3.4609010219573975] [0.0, 0.0] 0.10851837694644928
construction_vehicle [1316.4036449585224, 851.3657326702386, 0.8634856456948359] [-0.6770726723728256, -0.03365964106582128, 0.010723643970802405, 0.7350677712627783] [2.340494155883789, 3.5828499794006348, 2.4299776554107666] [0.0, 0.0] 0.10592600703239441
construction_vehicle [1354.6517774520116, 905.2019321034002, 2.5031654611558745] [-0.9140807412500512, -0.0006986227530671116, 0.03531968152378141, -0.4039906316971533] [2.1972274780273438, 5.735326290130615, 2.604936122894287] [0.0, 0.0] 0.10372010618448257
bus [1298.9600807685865, 919.298562711244, 1.3053554425128624] [-0.9443391204083533, -0.02457552720376443, 0.025377380466657384, 0.32707133425246193] [3.027204990386963, 12.020088195800781, 4.325533866882324] [0.0, 0.0] 0.830259382724762
trailer [1312.0298968983639, 926.8355765828367, 0.9651724779107685] [-0.005604208989150317, 0.031938639385982105, 0.015096068722175376, -0.9993601077013801] [1.8139115571975708, 5.213260173797607, 1.8424599170684814] [0.0, 0.0] 0.10320155322551727
barrier [1299.109320652116, 886.8694751812199, -1.0254544061763942] [-0.9697191510937849, -0.022217350383983512, 0.027465566052928103, 0.24165429858634258] [1.9816741943359375, 0.436708927154541, 0.9958972334861755] [0.0, 0.0] 0.22520196437835693
barrier [1298.5657771528427, 869.421335974225, -0.9421943933362212] [-0.9600517676786511, -0.02322432858264909, 0.02661951424383243, 0.2775835647159349] [2.675696611404419, 0.6076902151107788, 1.0182878971099854] [0.0, 0.0] 0.19979672133922577
barrier [1299.0916901285068, 847.1129861511437, 0.0627395151839405] [-0.3755598397707036, 0.024069995856914633, 0.025857364060177548, -0.9261246345793377] [2.5389137268066406, 0.4810577630996704, 1.0363166332244873] [0.0, 0.0] 0.19046470522880554
barrier [1300.1844811887509, 871.6459474913337, -0.8528215329619925] [-0.9650060640288822, -0.022729630965545443, 0.027043147983594043, 0.2598371190011022] [2.7029829025268555, 0.580780565738678, 0.9692657589912415] [0.0, 0.0] 0.16191381216049194
barrier [1305.2689698485644, 890.4222563772564, -0.6418931235787632] [-0.9324632258170884, -0.025438446686931446, 0.024512311332238666, 0.359533537409374] [1.9595764875411987, 0.4237072467803955, 0.9643372297286987] [0.0, 0.0] 0.1535825878381729
barrier [1299.3590055626037, 870.8771215949279, -0.8838149686744927] [-0.9491634907650547, -0.02419008174016124, 0.025745056265169958, 0.31279498049361987] [2.549199104309082, 0.6391109228134155, 1.040420413017273] [0.0, 0.0] 0.13170799612998962
barrier [1306.2341290433476, 891.4941614886612, -0.5430129051471209] [-0.9787629322612393, -0.02107941557423962, 0.028348301814058518, 0.20192858751224105] [2.0961060523986816, 0.3991524875164032, 0.983460545539856] [0.0, 0.0] 0.11758428812026978
barrier [1272.742255963411, 928.2504571920666, -0.45469871145237084] [-0.9116863169233983, -0.0004906585032404759, 0.035323182627357445, -0.40936547431110615] [2.1507773399353027, 0.6331290006637573, 1.0456902980804443] [0.0, 0.0] 0.11499357223510742
barrier [1305.0414747280072, 890.9575379927422, -0.6230351416651185] [-0.9165222688240671, -0.02644656082732922, 0.02342108872573657, 0.39842058527753355] [2.0665197372436523, 0.4605576992034912, 0.9809582829475403] [0.0, 0.0] 0.11157283186912537
barrier [1306.36154766141, 891.0890767046519, -0.5472156728678282] [-0.9757969971958805, -0.021479818616575087, 0.02804612930319412, 0.21580605247956122] [2.141986608505249, 0.3770723342895508, 0.9713564515113831] [0.0, 0.0] 0.10891357809305191
barrier [1365.8057363561702, 930.864505883713, 2.9995459073665875] [-0.3467573581044699, 0.024857652357242903, 0.025101097505465887, -0.9372893718717379] [2.875042200088501, 0.5489481687545776, 1.0248231887817383] [0.0, 0.0] 0.10580990463495255
barrier [1305.4139977335326, 890.0409435594356, -0.6447343154192491] [-0.9339327668753945, -0.025337504649026666, 0.024616637358766146, 0.35569877562310814] [2.1924774646759033, 0.4549162685871124, 0.9689165949821472] [0.0, 0.0] 0.10408294200897217
barrier [1297.8484410017402, 845.6888983948751, 0.08380078879829256] [-0.36145521361453975, 0.024459813313306464, 0.025488929153078304, -0.9317200011667538] [2.643831491470337, 0.4879154562950134, 1.0047945976257324] [0.0, 0.0] 0.10372000187635422
barrier [1348.6939821103301, 922.1574138362098, 1.7476958349179144] [-0.5372360176794164, 0.018983389387963238, 0.029792598141776996, -0.8426918139695376] [2.3306894302368164, 0.31781914830207825, 1.0455074310302734] [0.0, 0.0] 0.1030561625957489
barrier [1304.35124701344, 879.9040063068745, -0.26369838420861746] [-0.9318966243210391, -0.025476966412605384, 0.02447227327208133, 0.3609996033271504] [2.5253851413726807, 0.5203362703323364, 0.9573185443878174] [0.0, 0.0] 0.10293496400117874
motorcycle [1341.117419328315, 935.1554142449155, 1.8781964299119223] [-0.9151410536042464, -0.0007915971369808561, 0.03531772006606843, -0.40158297278572186] [0.8823696374893188, 2.176013469696045, 1.7744354009628296] [9.165274484889268, 10.304645881510703] 0.5370302200317383
motorcycle [1334.701653633163, 905.5615681482376, 1.4324453937059594] [-0.9104057894386708, -0.00038054463618100677, 0.035324540513251165, -0.41220544705263024] [0.6642009019851685, 1.738670825958252, 1.6914880275726318] [3.2306126578705596, 3.832837780628246] 0.5360445976257324
motorcycle [1339.9652939505856, 933.8670092069865, 1.9019154203673967] [-0.9148510196475486, -0.0007661104854561167, 0.03531828211304343, -0.4022432645466533] [0.8787257671356201, 2.4734549522399902, 1.7098182439804077] [7.732812045035824, 8.32490639612266] 0.29632365703582764
motorcycle [1325.0977032314747, 883.9447909957851, 0.3900591362351834] [-0.18758274190889979, 0.028653763539792085, 0.020662279924977572, -0.981613338826061] [0.5965058207511902, 1.7712981700897217, 1.2141022682189941] [0.0, 0.0] 0.23404359817504883
motorcycle [1333.2926679550255, 867.1565937020739, 1.3058354815946986] [-0.595071844324022, 0.01684495115785316, 0.031051821157252447, -0.8028957168375699] [0.7661460041999817, 2.033672571182251, 1.8599867820739746] [0.0, 0.0] 0.20567359030246735
motorcycle [1316.4926129149158, 852.4691354306748, 1.1704720988458743] [-0.3932230629700979, 0.023570504905893967, 0.026313480863878073, -0.918764199766035] [0.8252421617507935, 2.214207649230957, 1.5500484704971313] [0.0, 0.0] 0.19988904893398285
bicycle [1314.6411214562047, 923.4945366778677, 1.3926389524792675] [-0.8476479397499428, -0.029614899775629006, 0.019259431143517663, 0.5293817169689424] [0.6068440675735474, 1.6353424787521362, 1.147078275680542] [0.0, 0.0] 0.18523801863193512
motorcycle [1298.5614135771307, 846.7351920570512, -0.06986933580047072] [-0.47111104273521787, 0.021209609773157743, 0.0282510252904708, -0.8813662220871887] [0.7454586029052734, 1.89214289188385, 1.4997671842575073] [0.0, 0.0] 0.18164566159248352
bicycle [1344.2896489664859, 903.1098260259174, 1.3291903599117256] [-0.3313337108064542, -0.03515711436490177, -0.0034561953396280262, 0.9428520584410541] [0.382302463054657, 1.3491402864456177, 1.0150747299194336] [0.0, 0.0] 0.17896009981632233
motorcycle [1273.5659923453256, 915.295439382123, 0.308189104391833] [-0.9274720499404333, -0.02577045355622494, 0.024163023407655398, 0.3722198659429645] [0.8608744144439697, 2.012960433959961, 1.537916898727417] [-0.00028808963164504963, 0.00028515530994196813] 0.1775416135787964
motorcycle [1272.2667941477398, 915.3345372240105, 0.7369309749534594] [-0.9929505883576122, -0.01119543294087148, 0.03350567501124099, -0.1131422162748283] [0.6386366486549377, 1.7566956281661987, 1.0922372341156006] [0.0, 0.0] 0.16987131536006927
motorcycle [1335.725924177556, 896.2861688916414, 1.6109840621737916] [-0.8874169353438544, -0.027972877924572318, 0.021575126356742937, 0.45961202648345656] [0.6394056081771851, 1.7761270999908447, 1.1525462865829468] [0.0, 0.0] 0.1685987263917923
bicycle [1298.2986732989718, 846.1524115866872, 0.06067891245534307] [-0.5442556946263022, 0.01873389045697412, 0.029950113940326557, -0.8381752626331496] [0.6656658053398132, 1.7644736766815186, 1.3560543060302734] [0.0, 0.0] 0.16737094521522522
bicycle [1349.7826934169834, 922.6240851477363, 1.8236005269049518] [-0.9743090355020857, -0.007415386797969803, 0.03453954277822659, -0.22242737098276272] [0.5408709049224854, 1.5732237100601196, 1.1766116619110107] [0.0, 0.0] 0.16155505180358887
bicycle [1305.4014213014511, 890.53419224475, -0.5348366528648258] [-0.3671557148196197, -0.035263586762742216, -0.0021088919647532837, 0.9294884147199479] [0.5356993675231934, 1.603959321975708, 1.0682969093322754] [0.0, 0.0] 0.16098764538764954
motorcycle [1288.7502451131932, 884.67198670438, -0.6465132377873419] [-0.9965566785807236, -0.012471052296716734, 0.0330520926917647, -0.07501212168352908] [0.5908539891242981, 1.8091492652893066, 1.258941650390625] [0.0, 0.0] 0.15015427768230438
motorcycle [1342.640380213741, 875.5819932851446, 2.541995061476468] [-0.4948679508418543, 0.020434726819965707, 0.028816486886604056, -0.8682498161548278] [0.6688287258148193, 1.972042202949524, 1.3332077264785767] [0.0, 0.0] 0.14569401741027832
motorcycle [1272.534358504968, 914.9181370574456, 0.6395542152670908] [-0.9377760777672124, -0.0029284601563493388, 0.035205001034016796, -0.3454389381509434] [0.7351348996162415, 1.8551592826843262, 1.2365949153900146] [-0.008396894566008426, 0.0026975209244075762] 0.14502838253974915
motorcycle [1305.9940339684333, 929.8564139288559, 1.8854636427564695] [0.07054881003695784, 0.03299591619867484, 0.012618933825901318, -0.9968825895890034] [0.8383734822273254, 2.5549802780151367, 1.6313440799713135] [-0.0025711670432302467, 0.0007012438200902874] 0.14098034799098969
bicycle [1309.0126323041559, 858.2179802073626, -0.03152720258747865] [-0.9747279472459056, -0.02161697231555601, 0.0279405526896111, 0.22058436227686518] [0.6267006993293762, 1.744734525680542, 1.1797211170196533] [0.0, 0.0] 0.13971947133541107
bicycle [1352.034282893687, 907.7490675804512, 2.3922652347727946] [0.2041366498400376, 0.03439456974502156, 0.00806111336896441, -0.9783047890179185] [0.6248752474784851, 1.783277153968811, 1.1840934753417969] [0.0, 0.0] 0.1395307332277298
motorcycle [1295.0974628623958, 923.2462487295111, 0.8450565483100176] [-0.9169992716252424, -0.02641846256969191, 0.023452778345992117, 0.3973214918200157] [0.6129930019378662, 1.8289494514465332, 1.1999647617340088] [0.0, 0.0] 0.13798490166664124
bicycle [1329.123567357733, 887.8824084794232, 0.3391530239905984] [-0.8878731706892283, 0.001446556636911955, 0.035296960925675386, -0.4587300565622056] [0.45774850249290466, 1.401158332824707, 1.0587198734283447] [0.0, 0.0] 0.13614468276500702
motorcycle [1349.626558036023, 921.4239661156408, 2.959717836052014] [-0.7901715579329531, -0.03140005601227085, 0.0161865517982893, 0.6118667674070212] [0.7097859382629395, 1.84748113155365, 1.222665786743164] [0.0, 0.0] 0.13311490416526794
bicycle [1335.07092996661, 904.4736682696225, 1.4650634227947301] [-0.983105848282072, -0.008919107304336546, 0.034182122543607196, -0.17959655647282163] [0.6372050046920776, 1.7846827507019043, 1.382905125617981] [1.810375139584552, 0.5158833791965377] 0.12997084856033325
bicycle [1288.05378655262, 880.5069845866401, -0.4086398786322274] [-0.2300997846329462, -0.034596916611821446, -0.007142922206430811, 0.9725256403484588] [0.6181679368019104, 1.7222892045974731, 1.1620832681655884] [0.0, 0.0] 0.12823472917079926
bicycle [1292.8105262110796, 887.3908546985589, -0.48936922519549886] [-0.8818039014267323, 0.0019076015000497513, 0.03527504830910168, -0.47029130488655874] [0.5404795408248901, 1.5737497806549072, 1.1220197677612305] [0.0, 0.0] 0.12444935739040375
motorcycle [1270.0774156480595, 914.348725782598, -0.4967162353082968] [-0.9762076809916171, -0.02142617533909008, 0.02808713205421688, 0.2139406356826052] [0.7522950172424316, 2.1776387691497803, 1.5840383768081665] [0.0, 0.0] 0.12390972673892975
bicycle [1317.6096875107085, 864.3763355597931, 0.5177984568979381] [-0.42182370400875335, -0.035326589636596566, -6.4296156218881725e-06, 0.9059894010194842] [0.6329320669174194, 1.8127671480178833, 1.2581357955932617] [0.0, 0.0] 0.12131534516811371
bicycle [1353.0969606521655, 904.3772854110308, 2.3657784457620172] [-0.37748180446326807, -0.035284881214587685, -0.0017161393780478203, 0.9253429198532096] [0.6605935096740723, 1.708019495010376, 1.4973435401916504] [0.0, 0.0] 0.11830968409776688
bicycle [1305.5897435801999, 891.1655002336116, -0.5152214113758037] [-0.8999518270962333, -0.027357102745067443, 0.022350769697893465, 0.43455579725676136] [0.5558323860168457, 1.6176130771636963, 1.046202301979065] [0.0, 0.0] 0.11738307774066925
motorcycle [1298.9937252589712, 870.1852343684169, -0.7459436814623235] [-0.8686631490868675, -0.028799396418553565, 0.020458805992028303, 0.4941420498619752] [0.7346571683883667, 2.1732025146484375, 1.3748574256896973] [0.14689729593084933, 0.2631023239633817] 0.11702816933393478
bicycle [1327.7970830328552, 898.9854573571959, 1.1251441115987846] [-0.406610942562226, -0.03532154016824917, -0.0005973079902441606, 0.9129181635896869] [0.4866641163825989, 1.4458624124526978, 1.1191768646240234] [0.0, 0.0] 0.11299608647823334
bicycle [1299.1167451114572, 886.8612495993518, -0.865405016674436] [-0.9789512992830645, -0.02105290188029499, 0.02836799779877179, 0.20101339670606097] [0.590145468711853, 1.839897871017456, 1.1015397310256958] [-0.021856961849534933, -0.007279727199460914] 0.11266465485095978
bicycle [1296.2214556447755, 892.7917823029564, -0.014712480519443183] [0.05388047649229222, 0.03278043927341354, 0.013168552605905324, -0.997922304729317] [0.5692197680473328, 1.6658800840377808, 1.1385066509246826] [0.0, 0.0] 0.11151620745658875
bicycle [1341.6441833040908, 896.3114194112352, 2.1241496792103716] [-0.5616355448410886, -0.03487053828036975, 0.005658050612155883, 0.8266302358336294] [0.654771089553833, 1.5453317165374756, 1.780353307723999] [-0.5188222651753708, -1.2481997884536238] 0.11107008159160614
motorcycle [1284.1266773703214, 893.2270523607774, -0.787860940895315] [-0.946331877545195, -0.00383092400176347, 0.03511825733126804, -0.32126003418585114] [0.6498987674713135, 1.908734917640686, 1.3092460632324219] [0.0, 0.0] 0.10835347324609756
motorcycle [1284.387109019134, 926.5706032645877, -0.6882246052247649] [-0.6321374621366401, 0.015367428532413942, 0.03180896284058314, -0.774050554541986] [0.6133056879043579, 1.9682399034500122, 1.3078522682189941] [0.0, 0.0] 0.10630658268928528
motorcycle [1294.7906480593142, 922.8226737625764, 0.8253583426349128] [-0.9081882947843073, -0.00019162350700241372, 0.03532607050216615, -0.4170684035504012] [0.6028884053230286, 1.8873753547668457, 1.224886178970337] [0.0, 0.0] 0.10458788275718689
bicycle [1353.4495540550115, 909.2496219186565, 1.6925020977204752] [-0.6008644481540975, 0.016619880481144357, 0.031172865596299063, -0.7985699386827554] [0.5738159418106079, 1.6379642486572266, 1.1211036443710327] [0.0, 0.0] 0.10394974052906036
motorcycle [1298.7113939611565, 869.4228564291202, -0.976517619394979] [-0.5827140852887488, -0.034713450055344035, 0.006553194789382081, 0.8119090631526446] [0.7234949469566345, 2.107189416885376, 1.391431212425232] [0.10603327961274611, 0.26249312838244065] 0.10333160310983658
motorcycle [1351.769109928898, 921.1722801734533, 2.0841637287186354] [-0.24796463869399088, -0.034722552054200044, -0.006504794811200257, 0.9681247698415049] [0.6871330738067627, 1.7605454921722412, 1.4890729188919067] [0.0, 0.0] 0.10298526287078857
pedestrian [1331.3415095633586, 905.373516090808, 1.4454384462223848] [-0.2975299498673206, 0.02612975826799543, 0.02377401332439632, -0.954058677941382] [0.5985966920852661, 0.5450021028518677, 1.8184864521026611] [0.0, 0.0] 0.8780808448791504
pedestrian [1329.5284419303161, 903.7896355550215, 1.3178036470455563] [-0.4360355621900811, 0.02230573909031091, 0.0273938310633512, -0.899235798069054] [0.6409676671028137, 0.5718190670013428, 1.7707016468048096] [0.0, 0.0] 0.876470685005188
pedestrian [1331.4781053947943, 903.5376751817279, 1.4793675798775596] [-0.32442491846866484, 0.025446117975395498, 0.024504347709635187, -0.9452515560949416] [0.6721993684768677, 0.633777379989624, 1.873724102973938] [-0.002357644686286476, 0.0028837524676551176] 0.843292236328125
pedestrian [1329.915548490851, 904.0345102826127, 1.359889176650006] [-0.36392446293315817, 0.02439214166944456, 0.025553696434570783, -0.930758302300936] [0.6418346166610718, 0.5797035694122314, 1.8208237886428833] [0.0, 0.0] 0.8027005791664124
pedestrian [1332.3384536162273, 904.5538833720024, 1.4938809528737405] [-0.21287326655522862, 0.02811053948444878, 0.021395456213544387, -0.976440988697942] [0.6492763757705688, 0.6230337619781494, 1.9022116661071777] [-0.024484915043775243, 0.007444091056654524] 0.793813943862915
pedestrian [1310.7065637269716, 918.1459355755558, 0.41874862914064703] [-0.5453759436202743, -0.03497443906495551, 0.004975599339191559, 0.8374467816784561] [0.6078360080718994, 0.5607902407646179, 1.8543356657028198] [0.0, 0.0] 0.7742599248886108
pedestrian [1336.8867008714308, 910.901043507539, 1.6038415317577048] [-0.3140505096140528, -0.03508809298870816, -0.004098012580290395, 0.9487488126129391] [0.7473074197769165, 0.8953956365585327, 1.8744593858718872] [-1.012148626765852, -0.7534072626187415] 0.7728866338729858
pedestrian [1324.2178369876235, 911.2855665811278, 1.1973315897082013] [-0.5942303474672126, 0.016877473994867144, 0.031034156154872847, -0.8035187155084217] [0.6297898292541504, 0.5802966356277466, 1.7533354759216309] [0.0, 0.0] 0.7444121837615967
pedestrian [1341.638293151247, 896.3654233533538, 2.1347267119612083] [-0.5300037903223271, -0.03505940828386251, 0.00433657324138333, 0.8472591187277212] [0.6478042602539062, 0.7446320056915283, 1.756718635559082] [-0.5820428168449033, -1.2275544035521149] 0.7130933403968811
pedestrian [1302.5518540929636, 894.2935525745884, 0.05144051228440638] [-0.9337220319331415, -0.025352073093504426, 0.024601633412317525, 0.35625159523285443] [0.6016372442245483, 0.5998558402061462, 1.6802284717559814] [0.0024613673890034786, -0.008372845064151063] 0.691581130027771
traffic_cone [1305.8460423980646, 890.8804337940285, -0.46574433194607906] [-0.6355116978237496, 0.0152283728940249, 0.03187576878591286, -0.7712826420661127] [0.33885687589645386, 0.34066587686538696, 0.7504699230194092] [0.00013843486789208906, -2.385085134197565e-05] 0.5037931799888611
traffic_cone [1329.1406543772466, 888.0227150502257, 0.4278299971306017] [-0.2929970969243756, 0.02624233356142751, 0.023649691455560784, -0.9554604822896634] [0.33419206738471985, 0.34581783413887024, 0.7680128216743469] [0.0, 0.0] 0.494040846824646
pedestrian [1310.4142964677399, 918.6641499209828, 0.3745055450605626] [-0.46220004516272173, -0.03529103165882111, 0.0015846328118953403, 0.8860717523287187] [0.6209622025489807, 0.6115450263023376, 1.855839729309082] [0.0, 0.0] 0.29919832944869995
pedestrian [1352.1094542209178, 921.8447712308949, 2.1220005811681846] [-0.15905161419871347, 0.029240625802166485, 0.019823061806646447, -0.9866380369943639] [0.6141080260276794, 0.5748857259750366, 1.7638739347457886] [0.0, 0.0] 0.2821844220161438
pedestrian [1332.7442948308144, 904.8149511829761, 1.499694971226117] [-0.22837287158413758, 0.02776677342819945, 0.02183974061383253, -0.9729326099724085] [0.6665930151939392, 0.6991835236549377, 1.8758305311203003] [-0.07590041068837716, 0.08014694457528863] 0.2764911949634552
pedestrian [1311.120938628297, 918.287968907699, 0.4258222303616815] [-0.5710142049987762, -0.03480383276462344, 0.006054849427076876, 0.8201797423205012] [0.6461939811706543, 0.6337990164756775, 1.8583699464797974] [0.0, 0.0] 0.2751525044441223
pedestrian [1332.2704642915426, 904.9412974319125, 1.4734076915979217] [-0.23754884187453734, 0.02755933120598912, 0.022100933015848978, -0.9707330115677401] [0.6065068244934082, 0.5896053314208984, 1.8454761505126953] [-0.0009382734056078416, 0.00028676449881654016] 0.25103938579559326
pedestrian [1331.5106229452344, 905.057789468212, 1.450657606254885] [-0.271100752067443, 0.02677557954227019, 0.023044225239048748, -0.961902497268707] [0.6207290291786194, 0.605473518371582, 1.8664984703063965] [0.003390620533889762, 0.001113810418184908] 0.24220237135887146
pedestrian [1333.2470031794355, 904.2260923359481, 1.5495538424649995] [-0.3589872032028201, 0.02452720993780237, 0.0254240820750606, -0.932673694257496] [0.6674092411994934, 0.7245355844497681, 1.8728363513946533] [-0.11322879933907701, 0.1977518690086338] 0.22766530513763428
pedestrian [1278.8082272841077, 907.0128512444269, 0.01801743379510068] [-0.9237142301100933, -0.026010121358776214, 0.023904843935783862, 0.3814499352672975] [0.7006422877311707, 0.642722487449646, 1.8693218231201172] [0.0013179942660625607, -0.0039314284609148036] 0.21269096434116364
pedestrian [1332.6549419194196, 905.2642947754633, 1.4427411140080004] [-0.214643721452261, 0.02807169195800015, 0.021446400334499, -0.9760533309529927] [0.6101447939872742, 0.6132583618164062, 1.8189514875411987] [-0.01648333785445848, 0.007532361610885953] 0.21232113242149353
pedestrian [1332.0023352030014, 903.8785787699319, 1.489157888341364] [-0.24240748756077973, 0.027448299694455475, 0.022238678480876607, -0.9695311454500977] [0.6822947859764099, 0.6881000995635986, 1.8671234846115112] [-0.023757956469887542, 0.00010724994201759933] 0.2080494463443756
pedestrian [1331.6830528146554, 905.5825597071779, 1.439619807730986] [-0.2793276377127424, 0.026577268855290923, 0.02327266114749304, -0.9595457794358364] [0.6330616474151611, 0.6199514865875244, 1.8136179447174072] [0.0, 0.0] 0.20539242029190063
pedestrian [1333.265070741503, 867.17696480776, 1.3938911082158887] [-0.4769615379457275, 0.021021277078032127, 0.02839144037735758, -0.8782139393927624] [0.6877458095550537, 0.6578309535980225, 1.8100088834762573] [0.0, 0.0] 0.19936445355415344
pedestrian [1351.6134021331402, 921.0400358681787, 2.115609843745746] [-0.5301800233494223, 0.019231523372573212, 0.029633030311843226, -0.847148850477007] [0.6390726566314697, 0.614579439163208, 1.7051435708999634] [4.512682969362195e-05, 5.090824735792894e-05] 0.19130375981330872
pedestrian [1298.5681692306396, 846.3993139727573, 0.057111458127829806] [-0.5277574830270216, 0.019316108970589642, 0.02957796326538992, -0.8486601623337171] [0.6275777816772461, 0.6480886936187744, 1.746697187423706] [0.0052658675547787625, 0.006058518942995017] 0.18566261231899261
traffic_cone [1300.2240742390775, 893.5944407613371, -0.06606105129822226] [-0.9626880393307865, -0.022966139535911187, 0.02684258578284712, 0.26829791455163077] [0.5019916296005249, 0.5157607793807983, 1.3738293647766113] [0.0, 0.0] 0.17661823332309723
traffic_cone [1349.493574101639, 922.3644242353982, 1.6866909980974705] [-0.2019441211678328, 0.028347967264801238, 0.0210798654797939, -0.9787597273841316] [0.385027140378952, 0.376339316368103, 1.2768278121948242] [5.600416558431632e-06, 7.4034664918205945e-06] 0.17643572390079498
traffic_cone [1353.3303463135787, 909.3414917086553, 1.9215833335156172] [-0.23017055888791607, 0.027726363972845662, 0.021891019106878865, -0.9725088924243996] [0.3889285922050476, 0.38905030488967896, 0.8590006828308105] [0.0, 0.0] 0.16556942462921143
pedestrian [1331.2634055010178, 905.7673243404795, 1.404761884148304] [-0.2376232493890851, 0.02755763705374442, 0.02210304541701305, -0.9707148002235676] [0.6621018052101135, 0.6655005216598511, 1.800649881362915] [0.0, 0.0] 0.15057815611362457
pedestrian [1333.9240852453554, 904.022010066774, 1.575191267110997] [-0.842626554340233, 0.00464073946065528, 0.03502044422834705, -0.5373383682038853] [0.6107279658317566, 0.6769710779190063, 1.7079851627349854] [0.25776126712717734, 0.21300991143306658] 0.14178955554962158
pedestrian [1334.5998308803162, 905.4964420893301, 1.4484577574877733] [-0.9059557388282891, -3.6107400603262e-06, 0.035326590037180285, -0.42189599584186255] [0.7111628651618958, 0.8870906829833984, 1.8166695833206177] [0.9501805636745937, 1.2676638153013464] 0.1378517746925354
pedestrian [1333.730004145118, 904.4557021497329, 1.5252015984071103] [-0.79946752696463, 0.007282201788535933, 0.034567868227640144, -0.5996696635251499] [0.6563514471054077, 0.7413944602012634, 1.8140301704406738] [0.25120761564790206, 0.5514616449641018] 0.13423101603984833
pedestrian [1351.7138551594785, 921.4695543912113, 2.101205566279928] [-0.31443948669937294, 0.02570309426261078, 0.024234663645691355, -0.9486199667029696] [0.6375023126602173, 0.6292095184326172, 1.7291772365570068] [0.0, 0.0] 0.1307971179485321
pedestrian [1298.0436694757425, 901.7734222535671, 0.13736620181878456] [-0.9875492032251897, -0.019652125141569596, 0.029355782294337475, 0.15329254134693354] [0.5486166477203369, 0.5544578433036804, 1.4581007957458496] [0.0, 0.0] 0.12339814752340317
traffic_cone [1309.0064023187972, 888.6658834047813, -0.15443345042597045] [-0.6258196068593666, -0.03430771101760738, 0.008423119459249659, 0.7791674092861534] [0.5517222881317139, 0.5997713804244995, 1.051168441772461] [0.0008448549549899797, 0.004938787359700938] 0.11908208578824997
pedestrian [1283.7142496084878, 908.2749136103912, -0.639090411859708] [-0.8988867336916683, 0.000578016065768871, 0.035321861136131574, -0.43675470462999244] [0.5259007215499878, 0.5328888297080994, 1.473655104637146] [0.0, 0.0] 0.11824605613946915
traffic_cone [1312.6063519373497, 921.6982682384363, 0.6148414890295055] [-0.7936296133825949, -0.03130773384624934, 0.016364405828042237, 0.6073747350569508] [0.39270779490470886, 0.38444191217422485, 1.2314200401306152] [-0.00011746776635922137, 3.07406560181278e-05] 0.11821259558200836
traffic_cone [1306.0900737870556, 890.9664882610173, -0.4629581941825166] [-0.9706942059923704, -0.006871818079585165, 0.034651783402496555, -0.23770736310882287] [0.3905104994773865, 0.40416625142097473, 0.7950479984283447] [-0.0011877906174350133, 0.0006159796368343122] 0.11692750453948975
traffic_cone [1331.0791139869139, 938.3295396172778, 1.12105407817151] [-0.9075980521489346, -0.026951993217445833, 0.02283764520039671, 0.4183512970683466] [0.3774799108505249, 0.37341922521591187, 0.8409069776535034] [0.0, 0.0] 0.11445491015911102
pedestrian [1346.5151899256682, 900.1007177523719, 2.537003975172829] [0.00850039518081977, 0.03214851045376088, 0.01464381276501705, -0.9993396696344431] [0.6203471422195435, 0.608201265335083, 1.729285717010498] [-0.0002680580258166435, 7.977565547995349e-05] 0.11393604427576065
pedestrian [1331.6825148659168, 903.1703106642237, 1.459870925791916] [-0.30518709267389027, 0.025937868245376524, 0.023983222627035287, -0.9516369425829192] [0.6953272819519043, 0.7244307994842529, 1.8514485359191895] [0.004200826320740517, 0.0025785125599607737] 0.11135177314281464
pedestrian [1273.0208680977603, 915.5293744914953, 0.33383331915607783] [-0.9420619686115421, -0.003372633351817352, 0.03516522886270838, -0.3335734991258358] [0.6214234828948975, 0.6224604845046997, 1.7026509046554565] [0.0005373274713787335, -0.00010036386848141847] 0.11019562929868698
traffic_cone [1327.7366659362924, 898.8761227248373, 1.0576495617154276] [-0.2713316850264475, 0.02677004613998615, 0.02305065305702773, -0.9618373816420408] [0.4405677318572998, 0.44493407011032104, 1.2197998762130737] [0.00036446110222391836, 0.0003095847253381135] 0.10833532363176346
traffic_cone [1329.259325920178, 888.2315986734383, 0.5005352630821185] [-0.5265769476383553, 0.019357217175340027, 0.02955107645956692, -0.8493931658773697] [0.38069018721580505, 0.4039764404296875, 0.8187248706817627] [-4.7727058453870695e-06, -9.526969050450414e-07] 0.1063825786113739
traffic_cone [1297.5217940403218, 892.8116226662647, -0.1382160118601532] [-0.8280962480635056, -0.03028723892161263, 0.01818381519917099, 0.5594717472459649] [0.37734711170196533, 0.3717830181121826, 0.9616855382919312] [0.0004285362286617239, 0.00030519189096994925] 0.10124319791793823
traffic_cone [1336.2362838216936, 895.90024969181, 1.5546909691864341] [-0.8249820226529273, 0.0057601397066060055, 0.034853819980783025, -0.5640538044573346] [0.3687369227409363, 0.37038183212280273, 0.8345315456390381] [0.0, 0.0] 0.10111761093139648
pedestrian [1334.3609112436684, 905.0188810273215, 1.4806171691241872] [-0.9200996974836949, -0.0012339439372216015, 0.035305033055532516, -0.39008791151959754] [0.6553692817687988, 0.7639695405960083, 1.7742725610733032] [0.8251351344930253, 0.8810661737184493] 0.1010531336069107
