car [1827.653994769131, 859.9289105346119, 0.7565004385732088] [0.6990424767330422, 0.006186866971558136, 0.026136350716906658, 0.7145755590357208] [1.810584545135498, 4.2845139503479, 1.499301552772522] [0.0, 0.0] 0.8824715614318848
car [1811.876119894757, 875.4535502436819, 0.6325527577062668] [-0.03250521056267669, 0.023154424201367135, 0.013610980553363817, 0.9991106170662759] [1.9344195127487183, 4.939263343811035, 1.5706658363342285] [0.0, 0.0] 0.8634835481643677
car [1816.3663614559853, 859.3159791082571, 1.0805502113518604] [-0.7336790608009972, 0.02595480079355193, -0.0069090134960021875, 0.678965131350974] [2.0542004108428955, 4.97615909576416, 1.8915069103240967] [0.0, 0.0] 0.8511704206466675
car [1817.5039009679685, 875.56455478307, 0.737944177339674] [-0.01095854626302478, 0.022855613579133464, 0.014106986908700039, 0.9995791735085718] [1.8406671285629272, 4.448020935058594, 1.6355445384979248] [0.0, 0.0] 0.8377424478530884
car [1804.6630052301787, 875.2682057216313, 0.566899056612889] [0.00423259903050904, 0.022638600789100155, 0.014452678161249493, 0.9996302811308416] [1.8960270881652832, 4.798025131225586, 1.5484514236450195] [0.0, 0.0] 0.8237347602844238
car [1805.914489178076, 846.8503471364461, 0.9530730076913846] [-0.7245913425991333, 0.026044324366272173, -0.006563483832943122, 0.6886552113203415] [1.9268044233322144, 4.451231002807617, 1.6867458820343018] [0.0, 0.0] 0.8235518932342529
car [1784.93373944779, 874.5865096293667, 0.6835351793706016] [-0.022097344955415675, 0.023011404932773, 0.013851404071098885, 0.9993949775710305] [2.075230121612549, 5.048357963562012, 1.8490056991577148] [0.0, 0.0] 0.8180100917816162
car [1819.2049926755399, 859.36352492529, 0.9373256989331458] [0.6807796091160789, 0.006844729308378756, 0.02597182766799297, 0.7319957224328827] [1.902438998222351, 4.412362575531006, 1.658599853515625] [0.0, 0.0] 0.8151137828826904
car [1823.5298993947692, 875.3772227222289, 0.7633458531160224] [0.0022823938764500555, 0.022666753702485203, 0.014408484594563632, 0.9996366362466271] [1.9922738075256348, 4.780999183654785, 1.8095712661743164] [0.0, 0.0] 0.8081833124160767
car [1830.1824630005178, 859.4091614240397, 0.9277374121653801] [0.706138562557147, 0.005925738992559036, 0.02619678929015862, 0.7075640920213555] [2.058866024017334, 4.87301778793335, 1.7996519804000854] [0.0, 0.0] 0.8068984746932983
car [1831.4832585792362, 871.6072412698456, 0.540409689960417] [-0.003344808570939623, 0.02274750297789616, 0.014280660348580158, 0.9996336459443043] [1.9114323854446411, 4.560129165649414, 1.6156636476516724] [-10.731249110521832, -0.19320029080931647] 0.7873255014419556
car [1789.1363191678224, 858.8412719431964, 1.2031203653823914] [-0.7135632703316422, 0.02614527598080066, -0.006149040218495279, 0.700075762387108] [1.927161693572998, 4.475427627563477, 1.7096786499023438] [0.0, 0.0] 0.7811470627784729
car [1797.2263501883983, 858.8908864212912, 1.21677625505332] [-0.7213675403889479, 0.026074690728037225, -0.0064417897480524705, 0.6920314194611964] [2.0627501010894775, 4.742199897766113, 1.9908339977264404] [0.0, 0.0] 0.780191957950592
car [1819.344996327074, 847.0335103424813, 0.8483457189997665] [-0.7226972050608039, 0.026062252868025368, -0.006491927846488101, 0.6906427177966774] [2.013392925262451, 4.714504718780518, 1.8350164890289307] [0.0, 0.0] 0.7696446776390076
car [1786.3133440408296, 858.6125508134055, 1.2722601457811435] [-0.7121381697004249, 0.026157726181560047, -0.006095860294612411, 0.7015253673987903] [1.9529578685760498, 4.439291000366211, 1.7828084230422974] [0.0, 0.0] 0.7507892847061157
car [1836.0684105893688, 847.8333140539432, 0.7646903694121874] [-0.7396568732286278, 0.025892663961812966, -0.007138354479958006, 0.6724480082013244] [1.9507269859313965, 4.6260986328125, 1.726351261138916] [0.0, 0.0] 0.7497622966766357
car [1797.7206452871055, 846.9149503823377, 0.9311702710576227] [-0.7069377268343788, 0.026202032960038597, -0.005902509676566004, 0.7067656359971953] [1.9220378398895264, 4.38596773147583, 1.6119296550750732] [0.0, 0.0] 0.7396218180656433
car [1795.0161985037792, 846.8888849652656, 0.9102101006368143] [-0.6980130644655446, 0.026274038760946732, -0.005573243123099217, 0.7155811454221653] [1.8929888010025024, 4.426227569580078, 1.5854233503341675] [0.0, 0.0] 0.7372779846191406
car [1844.3039605270872, 876.2993714409496, 0.6929079753503038] [-0.03155165514924964, 0.023141423480220087, 0.013633072692171148, 0.999141184670926] [1.9137864112854004, 4.7733283042907715, 1.6477694511413574] [0.0, 0.0] 0.7370052337646484
car [1794.5137761251533, 859.3897280009791, 1.0941686505717032] [0.7086730605787719, 0.0058316954867534175, 0.02621788472532985, 0.7050256073776294] [1.9508391618728638, 4.552154064178467, 1.6477372646331787] [0.0, 0.0] 0.7302557229995728
car [1791.7407836014268, 859.2569118645131, 1.1001080684039262] [0.7220995052034117, 0.00532645308987675, 0.026325178996585128, 0.6912676170870922] [1.8339662551879883, 4.195647239685059, 1.5527732372283936] [0.0, 0.0] 0.7263708114624023
car [1811.4263203114028, 847.280943150555, 0.7790099024376367] [-0.7032421860526865, 0.02623245942340869, -0.005765780460624626, 0.7104428489358715] [1.9140524864196777, 4.549602031707764, 1.5980615615844727] [0.0, 0.0] 0.7262746095657349
car [1808.7418245721638, 847.6752428883135, 0.8856677268869658] [-0.7144960025639311, 0.026137054620302008, -0.00618389258446924, 0.69912379173394] [1.9519891738891602, 4.6393232345581055, 1.6627296209335327] [0.0, 0.0] 0.7082365155220032
car [1780.8801774759468, 858.9668277301415, 1.2868085176997128] [-0.5073954797565922, 0.026845243223922573, 0.0008479787552429745, 0.8612946307570114] [1.945584774017334, 4.500661849975586, 1.6712335348129272] [0.0, 0.0] 0.7079083919525146
car [1792.1714077265242, 846.871118205754, 0.9296422673950946] [-0.6791651126799577, 0.026410106763270956, -0.004887986545964886, 0.7334939424199078] [2.0101375579833984, 4.621169090270996, 1.7271820306777954] [0.0, 0.0] 0.6899123787879944
car [1776.7654984387768, 866.5981333343664, 1.1085046131707896] [-0.9994469788603119, 0.013908749857160204, -0.022976788921253776, -0.019604853870252778] [2.043771505355835, 4.726621627807617, 1.762692928314209] [8.014142289197062, 0.34546415729006064] 0.6893045902252197
car [1783.83170376141, 846.9582014658218, 1.1549734286982827] [-0.7191995943165999, 0.026094710726727942, -0.006360206270970607, 0.6942842050508689] [1.962148666381836, 4.48311710357666, 1.6957134008407593] [0.0, 0.0] 0.6781884431838989
car [1838.4337538643415, 876.2336590992068, 0.5866857725568173] [-0.0036584523044248633, 0.02275198254170766, 0.014273522415393267, 0.9996325472767557] [1.8235529661178589, 4.533579349517822, 1.5947074890136719] [0.0, 0.0] 0.6659250259399414
car [1814.0243432170303, 847.0933026991077, 0.7408576145361867] [-0.6973773604484692, 0.02627897738556154, -0.005549909845218139, 0.7162006918330954] [1.8386034965515137, 4.280333042144775, 1.5430593490600586] [0.0, 0.0] 0.663286566734314
car [1830.7460847821694, 875.4809472324262, 0.912181568502828] [-0.015558551927624358, 0.022920292726301125, 0.014001654654417524, 0.9995181565685508] [2.223390579223633, 5.750642776489258, 2.3134069442749023] [0.0, 0.0] 0.6313654780387878
car [1841.0866277795917, 860.3660461408961, 0.8568108802373969] [0.6970545674365922, 0.006259454292927392, 0.026119061692098686, 0.7165148594858755] [1.83907151222229, 4.404295921325684, 1.650589108467102] [0.0, 0.0] 0.6248559951782227
car [1800.460436317761, 846.6957377512862, 1.044544897453801] [0.6983067980908815, 0.006213758377414176, 0.026129970504155168, 0.7152945054929051] [1.9821138381958008, 4.628480911254883, 1.8274986743927002] [0.0, 0.0] 0.6239537000656128
car [1786.6558434247231, 847.0359493246607, 1.0886763343640062] [0.6861570896094497, 0.006653089478757928, 0.026021578586022505, 0.7269574005586356] [1.979576587677002, 4.605127811431885, 1.6685752868652344] [0.0, 0.0] 0.6155192852020264
car [1844.349950101187, 860.5832832161718, 0.7549911001047471] [0.6807966247666967, 0.006844125570320173, 0.0259719867722628, 0.7319798969606696] [1.9055370092391968, 4.388479709625244, 1.6229748725891113] [0.0, 0.0] 0.5851461887359619
car [1803.1532529588146, 846.8195092051864, 1.005068773552106] [0.6894181832539822, 0.006536042598930054, 0.026051224517589875, 0.7238654449875733] [2.026853561401367, 4.758370399475098, 1.8126907348632812] [0.0, 0.0] 0.5678099989891052
car [1783.6407936242417, 858.8978233325416, 1.3264241015313196] [-0.7170850997112707, 0.026113930111030605, -0.00628082843875817, 0.6964679272015015] [1.881369709968567, 4.264979362487793, 1.7000641822814941] [0.0, 0.0] 0.5613132119178772
car [1842.6029778106372, 847.4541317962069, 0.4661385321751008] [-0.7440050498220278, 0.02584579547984844, -0.007306230747434016, 0.6676339563620179] [1.9500350952148438, 4.479267597198486, 1.642143964767456] [0.0, 0.0] 0.5567952990531921
car [1851.0407465907317, 876.1186121868875, 0.8137544465190002] [-0.9996355890164915, 0.014418007190445316, -0.022660697702788665, 0.002702410022701659] [1.8602967262268066, 4.415373802185059, 1.6746017932891846] [0.0, 0.0] 0.4088691473007202
car [1775.3666156373688, 858.6770296781388, 1.3353080112947076] [0.6747982598367106, 0.0070559255029683165, 0.025915247770713395, 0.7375133370791513] [1.8908278942108154, 4.35075044631958, 1.6281321048736572] [0.0, 0.0] 0.3799445629119873
car [1865.8359178047292, 868.8821211278072, 0.7534192118126439] [0.9993273654495795, -0.013785233409484598, 0.023051106081204302, 0.024968590506505853] [1.8721981048583984, 4.3794121742248535, 1.7069354057312012] [0.0, 0.0] 0.27830392122268677
car [1772.473034405659, 859.2174774381333, 1.3949441077061613] [-0.6646660640014614, 0.026500791732159117, -0.004369689839065373, 0.7466576439125792] [2.045400381088257, 4.998995780944824, 1.8498485088348389] [0.0, 0.0] 0.2386883795261383
car [1861.5167414889816, 856.691617175488, 0.9078758755848033] [0.09610658523402145, 0.021214170212921733, 0.016472556993317355, 0.9950086120848074] [1.963484764099121, 4.481075286865234, 1.7382315397262573] [0.0, 0.0] 0.2229129523038864
car [1839.0121613778165, 848.3131370216909, 0.6102657926228215] [-0.7102036993143703, 0.026174413004973734, -0.006023807397814612, 0.7034837022479359] [1.9077374935150146, 4.4183526039123535, 1.6205663681030273] [0.00047675124049011933, -0.0015612823158747335] 0.21729929745197296
car [1859.8346673722474, 840.979412455503, 1.2280328067769837] [-0.007590398232285772, 0.0228079502865584, 0.014183918902996624, 0.9996104239667344] [2.0507164001464844, 4.875580310821533, 1.9486804008483887] [0.0, 0.0] 0.20912699401378632
car [1777.9075353999785, 858.7902496330976, 1.1715576843875974] [0.7437982494577716, 0.004483381888892353, 0.026481794473925978, 0.6678643409793888] [1.9685719013214111, 4.53305196762085, 1.683125376701355] [0.0, 0.0] 0.20780739188194275
car [1861.6153688768047, 843.6357965827277, 1.6407631560584557] [-0.9980977271729665, 0.01559469181753949, -0.021867595634565574, 0.055493610987550256] [1.8559846878051758, 4.308002471923828, 1.6827298402786255] [0.0, 0.0] 0.1888428032398224
car [1850.1091938478787, 855.5136238676732, 0.5813248581599495] [0.6773882016992184, 0.006964728027770737, 0.025939905844472314, 0.7351352515333337] [1.8854647874832153, 4.42856502532959, 1.6625747680664062] [0.0, 0.0] 0.17636142671108246
car [1859.9875301089978, 875.9389613061562, 0.4613429561268829] [0.8128186120554599, 0.0015400000121679838, 0.02681444669732021, 0.5818973429605213] [1.849256992340088, 4.30814266204834, 1.5959997177124023] [0.26852989541280603, 0.09933460785905646] 0.1698979139328003
car [1767.4990139126237, 858.8504574214865, 1.4919863715560082] [0.7985119960550079, 0.002187864632836989, 0.02676937429357073, 0.6013794193390107] [1.905361294746399, 4.429755687713623, 1.7630689144134521] [0.0, 0.0] 0.15355408191680908
car [1789.160411549655, 846.7053896932638, 1.0156840943647631] [-0.6955905883577239, 0.026292724900071503, -0.00548441145885904, 0.7179361721186879] [1.9821810722351074, 4.588871002197266, 1.6753437519073486] [0.0, 0.0] 0.14002586901187897
car [1822.224316065961, 846.9831463854568, 0.5338821908886793] [-0.7163411152657083, 0.026120620880361226, -0.006252944629959659, 0.6972331177075285] [1.9652680158615112, 4.5399065017700195, 1.6213228702545166] [0.0, 0.0] 0.1341618448495865
car [1861.7322171205997, 874.726224064125, 0.6267483518692012] [-0.9996038040519932, 0.014547320265916696, -0.02257790124882633, 0.00841717132195701] [1.9455112218856812, 4.659654140472412, 1.719028353691101] [2.1510118490877015, 0.143656906761937] 0.12375211715698242
car [1780.873807576971, 845.759867721687, 1.4356355630335724] [-0.7952393402432487, 0.02517524269815709, -0.009359129596805056, 0.6057004256047385] [2.0461807250976562, 4.718320846557617, 1.7504217624664307] [0.0, 0.0] 0.1230378970503807
car [1857.5224390480403, 876.282922812582, 0.6824920029533563] [0.7419652547141512, 0.004555935226957005, 0.026469408870027234, 0.669900122887915] [1.8971627950668335, 4.509532928466797, 1.6250377893447876] [0.0, 0.0] 0.12144434452056885
car [1769.9693539717982, 858.9890206588165, 1.4179101345696092] [0.6685145899432069, 0.007275617262084697, 0.025854429894634292, 0.7432138702159322] [1.843431830406189, 4.296552658081055, 1.6424224376678467] [0.0, 0.0] 0.10979492962360382
car [1864.6600008238195, 867.6595011010285, 0.8516366033116375] [0.3963951369519604, 0.015145662036287035, 0.022180961953970298, 0.9176870431956176] [1.9184868335723877, 4.5245890617370605, 1.690464973449707] [0.0, 0.0] 0.10886684060096741
car [1781.9515518726625, 847.5612586810701, 1.3432452588696218] [0.22857430082272193, 0.018815458723995062, 0.019166759369453727, 0.9731558985340852] [1.9899520874023438, 4.706124305725098, 1.7594038248062134] [0.0, 0.0] 0.10032013803720474
truck [1796.8266818994084, 874.8323851756497, 1.0877442347883854] [-0.002407807994297611, 0.02273410711482579, 0.014301976276463743, 0.9996363420309116] [2.6815600395202637, 7.150782585144043, 2.936480760574341] [0.0, 0.0] 0.7006340026855469
truck [1772.5107340608313, 859.1040207177457, 1.4661780792642751] [-0.7008403602540773, 0.026251770135192427, -0.005677210273534302, 0.712812319820031] [2.0112457275390625, 5.12788200378418, 1.8998321294784546] [0.0, 0.0] 0.49522125720977783
truck [1803.1764939835036, 846.6919440789306, 1.0294140232894438] [0.697691233289559, 0.006236233448195367, 0.02612461567373793, 0.7158949342181248] [1.9794808626174927, 5.044680595397949, 1.8237323760986328] [0.0, 0.0] 0.36956143379211426
truck [1860.3868707878623, 840.9703776554989, 1.0462639615904024] [-0.998954854486434, 0.015186688379470844, -0.02215289253767438, 0.03698394984674711] [2.1526007652282715, 5.463051795959473, 2.178109884262085] [0.0, 0.0] 0.297023206949234
truck [1800.4744586757884, 846.5545852883525, 1.0216698659738963] [0.7012457477837442, 0.006106128617696622, 0.026155331101422718, 0.7124135140938135] [1.9840807914733887, 4.94052791595459, 1.8575242757797241] [0.0, 0.0] 0.2807736396789551
truck [1830.7422135579025, 875.486173250956, 0.8515418159603112] [-0.020713724752076085, 0.022992206488848883, 0.013883248629014728, 0.9994246121920222] [2.208282232284546, 5.790823459625244, 2.154866933822632] [0.0, 0.0] 0.2354499101638794
truck [1767.5507492400664, 858.30768176835, 1.6255474571131232] [-0.737132677174289, 0.025919222736113176, -0.0070413098551802035, 0.6752140624203145] [1.9248485565185547, 5.079546928405762, 1.8570606708526611] [0.0, 0.0] 0.22216355800628662
truck [1792.1735064130094, 846.7249597624575, 1.046774749332324] [0.7019839748830186, 0.006079008456343201, 0.026161647652787695, 0.7116861055660118] [1.9780795574188232, 4.839635372161865, 1.8511651754379272] [0.0, 0.0] 0.19195425510406494
truck [1775.369236587601, 858.6274621765501, 1.48694249037191] [-0.7127543191994417, 0.02615235970238978, -0.006118842514538487, 0.7008993467758543] [1.9214961528778076, 4.69207763671875, 1.8245940208435059] [0.0, 0.0] 0.19173786044120789
truck [1776.2495932467064, 866.5592442610617, 1.1071921352673746] [-0.9995075079990174, 0.013986294918633537, -0.02292966868862064, -0.01622822546901102] [2.172271728515625, 5.640679836273193, 1.8975409269332886] [8.014585974783976, 0.26172189832338466] 0.1550000160932541
truck [1844.4193303499824, 876.3181008774219, 0.641065110788364] [-0.026621515613816166, 0.02307387631432708, 0.013747086365919136, 0.9992846985492684] [1.9060068130493164, 5.023944854736328, 1.7430028915405273] [0.0, 0.0] 0.14973941445350647
construction_vehicle [1779.8803584098296, 842.6904190210411, 3.883886692245958] [-0.9512774166103867, 0.020637147480961283, -0.017189947515043713, 0.3071642728172455] [2.1779680252075195, 3.6330556869506836, 2.879063844680786] [0.0, 0.0] 0.1480298638343811
truck [1842.6020126567917, 847.4132722997017, 0.4604683893416885] [0.6974674342536056, 0.0062443988298329966, 0.02612266515834256, 0.7161129743301481] [1.9912896156311035, 4.941359996795654, 1.7784903049468994] [0.0, 0.0] 0.12402668595314026
truck [1777.9722976892906, 858.7274871762028, 1.3745713406059616] [-0.7210737463681719, 0.026077422562593502, -0.006430721904486588, 0.6923375377276957] [2.0073204040527344, 5.108548164367676, 1.842583417892456] [0.0, 0.0] 0.11721614003181458
truck [1783.3889522732097, 858.9392314773364, 1.4094047051938636] [-0.6902362112908427, 0.026332754987214622, -0.005288871950069068, 0.7230854627712702] [1.871458649635315, 4.365250110626221, 1.7843968868255615] [0.0, 0.0] 0.11072724312543869
truck [1780.879639220216, 858.8300481431911, 1.370991656020236] [-0.712920821632094, 0.026150905224524665, -0.006125055726998149, 0.7007299878924113] [1.8745036125183105, 4.562225818634033, 1.7477011680603027] [0.0, 0.0] 0.10952198505401611
truck [1866.3395724455972, 868.9153247281048, 0.8953383849786298] [-0.9993815793113475, 0.01383763534416003, -0.023019687222092255, -0.022695214945788814] [2.064955234527588, 5.287896156311035, 2.0370705127716064] [0.032201119464354715, 0.002522118593098035] 0.10796615481376648
truck [1861.4477977819759, 856.7528928606561, 1.0142783537024465] [0.297335492601952, 0.017401905430130673, 0.020458735032295935, 0.9543952109516441] [2.1535234451293945, 4.64338493347168, 2.2214391231536865] [0.0, 0.0] 0.10043354332447052
bus [1863.6304841378287, 861.6278863837396, -0.30381204218056823] [-0.9971141239107163, 0.015932847109569638, -0.02162245440980239, 0.07100730769465696] [2.8713784217834473, 11.92518138885498, 3.567617416381836] [3.0724451487619673, -0.35045039874145306] 0.28648704290390015
bus [1860.4527456507685, 840.4908899405737, 1.2225769132681505] [0.9025616204853459, -0.0032044390932080193, 0.02666679061714822, 0.42972216032588456] [2.379790782928467, 5.425284385681152, 2.531099319458008] [0.0, 0.0] 0.11678776890039444
barrier [1849.5153067480403, 853.7026434735087, 0.43662060829206945] [-0.07418959364006417, 0.023702492215157737, 0.012632419186810233, 0.9968823993048533] [2.18324613571167, 0.4568433165550232, 0.992928683757782] [0.0, 0.0] 0.11361899971961975
motorcycle [1779.7805534180038, 843.227340394315, 4.684575586034117] [0.9157573814852671, -0.004049965536839377, 0.02655153349377993, 0.40083292292865075] [0.7794712781906128, 2.175945281982422, 1.5475776195526123] [0.0, 0.0] 0.25899168848991394
motorcycle [1863.883161359594, 868.9621513955537, 0.7457660235524355] [0.7329565546333859, 0.004908873030528903, 0.02640623254633365, 0.6797450278363463] [0.7222527265548706, 2.0317039489746094, 1.5676411390304565] [0.007315139505491924, 0.8070600390451262] 0.23977190256118774
motorcycle [1785.0714025024747, 842.2587333367933, 1.204270498496572] [-0.046685645151940514, 0.023345316915410932, 0.013280900942328122, 0.9985484787355223] [0.6789936423301697, 1.9139739274978638, 1.2744067907333374] [0.0, 0.0] 0.14431534707546234
bicycle [1814.5522480256147, 843.109017783928, 1.4484952600055658] [0.19571930502300938, 0.019449365001210014, 0.018523184196314935, 0.9802920827435] [0.5819679498672485, 1.6481517553329468, 1.2209023237228394] [0.0, 0.0] 0.12695439159870148
motorcycle [1828.7386708882884, 878.6346924267762, 1.2806358509006481] [-0.9627686510041518, 0.019935309670724124, -0.01799915498164393, 0.2689891047829347] [0.6442455649375916, 1.8575022220611572, 1.3409509658813477] [0.036159347096753953, -0.04311394804080501] 0.11075852811336517
motorcycle [1849.1610431867841, 876.3752004695173, 0.7996139399006545] [-0.7608278843696508, 0.02565058958641144, -0.007964509124257774, 0.6483976744358976] [0.8722878694534302, 2.4130806922912598, 1.3659522533416748] [-0.0006588783304393761, 0.03608598407302325] 0.10776247829198837
motorcycle [1861.7482124234634, 851.3217552115009, 1.146343757739864] [0.006431602322197517, 0.022606752622762964, 0.014502444193104286, 0.9996185514184138] [0.7879916429519653, 1.9315259456634521, 1.450413465499878] [-0.0026242974871820662, 0.0020335606442476303] 0.10021650791168213
pedestrian [1863.8852253188506, 869.2865454514239, 0.7604203632889555] [0.7547711923966709, 0.004043616726098087, 0.026552501115588413, 0.6554380679945181] [0.7302122116088867, 0.8155654072761536, 1.8109593391418457] [0.17852605819987885, 1.513427712783088] 0.48206833004951477
pedestrian [1829.0861946483656, 878.4162046106775, 0.8795508646581873] [-0.9981576444402992, 0.015570837963835637, -0.02188458719795462, 0.05440524509338972] [0.6753404140472412, 0.7452064156532288, 1.891065001487732] [0.5076755160030072, -0.16258364591235086] 0.3404589295387268
traffic_cone [1838.8370756123093, 850.2286561558192, 0.37259097337715036] [0.5319609601085586, 0.011578613141523636, 0.024234724455620298, 0.8463428092496912] [0.358428418636322, 0.3540816009044647, 1.1164612770080566] [0.0, 0.0] 0.3049872815608978
traffic_cone [1815.7350003098709, 880.7749394366499, 0.490656089840974] [-0.8397212057551308, 0.024375608816173944, -0.01127900024655409, 0.5423531233923413] [0.328703373670578, 0.3279186487197876, 1.1061480045318604] [0.00014134384348943462, 0.00016739043779858323] 0.27406278252601624
traffic_cone [1811.470974896961, 843.3240655720821, 1.6399454390437076] [0.8046334279006788, 0.0019133979045621976, 0.02679039119124096, 0.5931641092927674] [0.39413928985595703, 0.3819442093372345, 1.2642408609390259] [0.0, 0.0] 0.26129353046417236
traffic_cone [1800.410480880219, 843.0794818941844, 1.6035322554405038] [0.6869650304051724, 0.00662414978579507, 0.026028960627275447, 0.7261939553925655] [0.37670832872390747, 0.36702364683151245, 1.1458237171173096] [0.0, 0.0] 0.22061800956726074
pedestrian [1846.069178443461, 863.252712877014, 1.4888323260534924] [0.018987056182231454, 0.022422807577895613, 0.014785257929626098, 0.9994589063817538] [0.7488160729408264, 0.7403369545936584, 1.9508490562438965] [-0.020478475707773065, -0.0037272401084354713] 0.21344487369060516
traffic_cone [1800.0548473313086, 873.7240572732529, 0.3864215010579404] [0.017725476823184448, 0.022441452365942385, 0.014756943024489974, 0.9994820765374782] [0.4102707505226135, 0.41725316643714905, 1.1792516708374023] [7.317761543378775e-05, -7.956484922874562e-06] 0.1835225224494934
traffic_cone [1802.8855782681424, 859.5842691792639, 1.6960388754921203] [0.9747932818226702, -0.00897037105574609, 0.025316370096108504, 0.22148740723044963] [0.41315850615501404, 0.4067099690437317, 1.3675326108932495] [0.0, 0.0] 0.16226983070373535
pedestrian [1814.1786655814876, 843.2331416143649, 1.4384079933460954] [0.6480553941490006, 0.007976045762118163, 0.02564700461499356, 0.7611194518356909] [0.5741716623306274, 0.574118971824646, 1.597145676612854] [-0.0007659841346159523, 0.00479539844977388] 0.15165100991725922
traffic_cone [1806.1036996515886, 843.211968376389, 1.4942288953822462] [0.7289601358933004, 0.0050635496304889515, 0.026377009247837018, 0.6840290447975874] [0.4325803816318512, 0.40813782811164856, 1.3976666927337646] [0.0, 0.0] 0.15162667632102966
pedestrian [1861.5366363019757, 857.4417902390896, 1.1660919835232848] [-0.6131532652932776, 0.02673399081299577, -0.002584547722825423, 0.7895072432273629] [0.660500168800354, 0.6849576830863953, 1.76393723487854] [0.168611950866412, -0.16203207304362652] 0.1490195393562317
pedestrian [1828.4311059226227, 879.2068153121793, 1.0300226582210008] [-0.9970489969679502, 0.015952546222527193, -0.021607924952179874, 0.07191600304162703] [0.6875857710838318, 0.7637535929679871, 1.8646953105926514] [0.30238472256213816, -0.0515460329931169] 0.1478627324104309
traffic_cone [1800.3295586049119, 875.8936546272276, 0.43906165241795625] [-0.18543195207557125, 0.024968779561220282, 0.009896777199881399, 0.9822899800963674] [0.4447599947452545, 0.45623788237571716, 1.264904260635376] [3.2374975410514205e-05, 2.7229759730023066e-05] 0.14540018141269684
pedestrian [1864.3055552241588, 868.9696218075093, 0.6835324969333422] [0.7351868035856893, 0.0048220536481906, 0.02642222455310824, 0.6773322505844054] [0.8795047402381897, 0.9521869421005249, 1.8882261514663696] [0.2622289537933797, 1.1129370709925992] 0.10324092209339142
traffic_cone [1797.732698154816, 842.9023122426565, 1.7585947400482893] [0.6862042312475369, 0.006651401969209766, 0.0260220099831834, 0.7269129018433058] [0.41532015800476074, 0.3921988308429718, 1.2755069732666016] [0.000214873352010731, 0.00011018797007168633] 0.10320672392845154
