car [1823.8946530893882, 875.3621182073108, 1.02258826285044] [0.010369539300860913, -0.017788841631890758, -0.007464258275817719, -0.999760128539079] [1.9748140573501587, 4.793637752532959, 1.8159393072128296] [0.0, 0.0] 0.8803479671478271
car [1841.3353359624853, 860.3039110809406, 1.047046870753582] [-0.6822037078876552, -0.007728420353753044, -0.017675676989815665, -0.7309076158490364] [1.944990873336792, 4.549389839172363, 1.753753423690796] [0.0, 0.0] 0.845982015132904
car [1836.182833129238, 847.8169918612355, 0.9180567981388414] [0.7340180018387802, -0.017640169532462724, 0.0078091265246874545, -0.6788559603762733] [2.0476419925689697, 4.730960845947266, 1.8757576942443848] [0.0, 0.0] 0.8452972173690796
car [1842.828934251656, 847.7623027286897, 0.7613183213757548] [-0.6929142935166971, -0.007466766788539487, -0.01778778884342197, -0.7207618357002846] [1.8889752626419067, 4.44064474105835, 1.5622045993804932] [0.0, 0.0] 0.8359999656677246
car [1844.5179401193527, 876.1444986446127, 0.791713218971981] [0.016571224990023788, -0.017834802934840917, -0.007353763831399069, -0.9996765659272592] [1.937493085861206, 4.811052322387695, 1.7687559127807617] [0.0, 0.0] 0.8172930479049683
car [1817.9773118758355, 875.563982419046, 1.0378393810955335] [-0.006217921280771819, -0.01766256132354777, -0.007758348129886788, -0.9997945686073384] [1.8652141094207764, 4.367434978485107, 1.719321370124817] [0.0, 0.0] 0.8098421692848206
car [1856.7512103738923, 876.0696848221966, 0.5323743333582249] [-0.005286668281622275, -0.01766978011024964, -0.007741893119129797, -0.9997999265354383] [1.9064104557037354, 4.731633186340332, 1.5318105220794678] [0.0, 0.0] 0.798178493976593
car [1827.9010389231132, 859.7472377896702, 1.000760663797725] [-0.7062149267659366, -0.007134259197691363, -0.017923738000561136, -0.7077346389535916] [1.9529128074645996, 4.656271934509277, 1.5835191011428833] [0.0, 0.0] 0.7978749871253967
car [1830.6335589437817, 847.2221942062603, 0.8760565047874687] [0.7388282419656481, -0.017584175703473856, 0.007934406281629584, -0.6736175998559845] [1.8531568050384521, 4.393832206726074, 1.6108241081237793] [0.0, 0.0] 0.7881848812103271
car [1838.5639879525413, 876.1850324437039, 0.7888970037574047] [0.014980275388379273, -0.017823077251295165, -0.007382137597401447, -0.9997016721557865] [1.8766636848449707, 4.673231601715088, 1.6305193901062012] [0.0, 0.0] 0.7605805397033691
car [1819.4457616722325, 859.1984482360031, 1.235302675653884] [-0.6924324628573574, -0.007478652473270218, -0.017782794926463404, -0.7212247405234253] [1.9993352890014648, 4.697824001312256, 1.7251654863357544] [0.0, 0.0] 0.7499004006385803
car [1830.501398821527, 859.3067927234723, 1.1296014296102643] [-0.6842343540449616, -0.007679219113024779, -0.01769710801308389, -0.7290069894770983] [2.085664749145508, 5.090020656585693, 1.8923604488372803] [0.0, 0.0] 0.7237232327461243
car [1804.8019496674929, 875.2471242666306, 0.9527233184691282] [0.017420429553597065, -0.017841043414056477, -0.007338610775232286, -0.999662128219308] [1.9796502590179443, 4.918214797973633, 1.7426903247833252] [0.0, 0.0] 0.7027530074119568
car [1873.5884160603787, 853.5648879146888, 0.7098288257594038] [0.7190955686280188, -0.01780567064751109, 0.007424023909239878, -0.6946433654338994] [1.8566069602966309, 4.332610130310059, 1.6230626106262207] [0.0, 0.0] 0.6987977027893066
car [1797.4925819382443, 858.8882370236057, 1.405616054709936] [0.7169546876271975, -0.017828430703341367, 0.007369199201321542, -0.6968527949654614] [1.8820630311965942, 4.487663269042969, 1.7221777439117432] [0.0, 0.0] 0.6885440349578857
car [1875.0743116260437, 874.6562730051199, 0.6986476689518419] [0.013352939030210925, -0.017811036978716617, -0.007411140260134901, -0.9997247326044519] [1.8529044389724731, 4.43489408493042, 1.6174335479736328] [0.0, 0.0] 0.6828705072402954
car [1825.2257587338627, 847.0530828945174, 0.8620710091581674] [0.6949506072264615, -0.018048848093198358, 0.006811543196754533, -0.7187986473814207] [1.8743932247161865, 4.32037878036499, 1.5970029830932617] [0.0, 0.0] 0.6717935800552368
car [1844.1570649865648, 860.3728914711085, 0.8410859688552099] [-0.6884232375283598, -0.007577128145336718, -0.017741058798215772, -0.7250526104999271] [1.8327919244766235, 4.324444770812988, 1.496376633644104] [0.0, 0.0] 0.6623095273971558
car [1816.5199087185401, 859.4671037231972, 1.3344706291243245] [0.7020609093754503, -0.017980251883468364, 0.0069906065845272355, -0.7118555481898721] [1.9971013069152832, 4.634502410888672, 1.7850303649902344] [0.0, 0.0] 0.6595342755317688
car [1876.3415981831306, 854.0514672215533, 0.6835665893959632] [-0.6560828505543879, -0.008345126397286521, -0.017393013069215896, -0.754442267619078] [1.8674793243408203, 4.258544445037842, 1.590346336364746] [0.0, 0.0] 0.6566674113273621
car [1794.7160530335443, 859.3677604905225, 1.245772489273868] [-0.6984953896408738, -0.007328288022060388, -0.01784528601279143, -0.7153544803887313] [1.9256255626678467, 4.41497278213501, 1.5952038764953613] [0.0, 0.0] 0.6530575752258301
car [1831.05880820738, 875.3847120922994, 1.2525961125149538] [0.020060555190783445, -0.017860363039557164, -0.0072914655802399225, -0.9996126330170229] [2.1144442558288574, 5.7617106437683105, 2.321643829345703] [0.0, 0.0] 0.6475028991699219
car [1812.3236470478525, 875.5058506710802, 0.8810526113207415] [0.029935415846911964, -0.017931528612975214, -0.007114655284316628, -0.9993656552232822] [1.9120078086853027, 4.711853504180908, 1.5402764081954956] [0.0, 0.0] 0.6376563906669617
car [1800.682822679047, 867.6438303208116, 1.2772190823461607] [-0.9997909612922007, 0.007528199582030325, -0.017761876287873464, -0.006773158805501788] [1.8915410041809082, 4.422304630279541, 1.6436628103256226] [9.03391263906286, 0.23851314279255367] 0.619721531867981
car [1785.5602315871417, 874.4197670857885, 1.2755948168699607] [0.046640677154775045, -0.01804797937549731, -0.006813844632380968, -0.9987254323368019] [1.8337281942367554, 4.329710006713867, 1.788146734237671] [-0.016899532587796442, -0.0027343022646129553] 0.6122919917106628
car [1789.3049617449767, 858.7855523986486, 1.6254299486076633] [0.7205435962442442, -0.01779013930026456, 0.007461164915064239, -0.6931412322703067] [2.008765459060669, 4.669674873352051, 1.8019756078720093] [0.0, 0.0] 0.5922747850418091
car [1878.936847182339, 854.3023049605142, 0.7030355095607504] [-0.6594712997066889, -0.008266770981948288, -0.017430391152943783, -0.7514821666712778] [1.8855717182159424, 4.430295467376709, 1.6468384265899658] [0.0015757884902011323, 0.0006491064283051071] 0.5567737817764282
car [1809.03900341269, 847.455911744511, 1.1848270109446832] [0.7379128871769004, -0.017594933250260635, 0.00791052224138684, -0.6746201990009184] [1.890406608581543, 4.400217056274414, 1.6469515562057495] [0.0, 0.0] 0.5564401149749756
car [1875.1144863349557, 840.9530929413253, 0.9625835727889164] [0.7054509807752448, -0.017946677093658134, 0.007076356372355025, -0.7084961225617491] [1.99176025390625, 4.591962814331055, 1.6943821907043457] [0.0, 0.0] 0.528213381767273
car [1860.728965874007, 847.3471889381756, 0.6675843375608977] [-0.017419237633185272, -0.017574528103105273, -0.007955752646089892, -0.9996621489893804] [1.7942454814910889, 4.232072830200195, 1.5396753549575806] [-0.0003883130015172975, -4.195902796091331e-05] 0.4874677360057831
car [1811.6335042021979, 847.392589061672, 1.076691554725043] [0.7093296413432927, -0.0179075610208919, 0.007174768044727032, -0.7046128737637308] [1.8537325859069824, 4.292169570922852, 1.5871957540512085] [0.0, 0.0] 0.46162694692611694
car [1819.5199889686262, 847.0635378512553, 1.2931163562702719] [0.6955239778640616, -0.01804340682435999, 0.006825943772346981, -0.7182438570415622] [2.0264501571655273, 4.613400459289551, 1.8230785131454468] [0.0, 0.0] 0.37883368134498596
car [1859.8044789046812, 835.3579760442313, 1.5336997407708113] [0.026656761617175263, -0.017908091967385617, -0.0071734427090666825, -0.9994584828905465] [1.977625846862793, 4.659955024719238, 1.7928303480148315] [0.0, 0.0] 0.3772689700126648
car [1850.5723946842434, 853.9470540918261, 0.8014940044859273] [0.24158573961525148, -0.01903375487723644, -0.0031423261265949515, -0.9701876995593891] [1.9001682996749878, 4.430787086486816, 1.6408780813217163] [0.0, 0.0] 0.35218843817710876
car [1860.1928233081724, 840.800496359974, 1.1689877849500694] [0.9998135052961232, -0.007664160052570643, 0.017703634906458716, -0.0008925184966574358] [2.1712193489074707, 5.464722633361816, 2.089449644088745] [0.0, 0.0] 0.33229148387908936
car [1796.3015737573287, 870.8412511311865, 1.1342149285602348] [0.005311995416007216, -0.017750855144287578, -0.007554149843570905, -0.9997997922916808] [1.9079738855361938, 4.553967475891113, 1.6154389381408691] [-10.694511247108204, 0.26790470803955974] 0.3261457681655884
car [1881.740162214759, 855.3628860717865, 0.7105091499266052] [-0.5990542501685183, -0.009596813456125234, -0.01673496966537247, -0.8004760129553053] [1.9235199689865112, 4.492756366729736, 1.6548224687576294] [0.0, 0.0] 0.30185097455978394
car [1797.4259227215593, 874.8202975608106, 1.4452688350984122] [-0.005698095957590204, -0.01766659274417464, -0.007749163762889453, -0.9997976663626725] [2.533832550048828, 6.347052097320557, 2.8850743770599365] [0.0, 0.0] 0.2884388566017151
car [1849.2750265910522, 854.9613858334682, 0.7902623221230664] [0.054103665058577256, -0.01809840073103805, -0.006678767041255797, -0.998348954719249] [1.7917283773422241, 4.179266929626465, 1.5630009174346924] [0.0, 0.0] 0.26903557777404785
car [1786.3986590980521, 858.6892734777942, 1.6186173030233273] [0.7017105231543067, -0.017983689755464036, 0.00698175772938456, -0.7122009433132597] [1.9458446502685547, 4.5200276374816895, 1.705460786819458] [0.0, 0.0] 0.2636401653289795
car [1814.1699929181086, 847.0419630527136, 1.0658242897167483] [0.6981756169640935, -0.018018037941143535, 0.0068926299018673, -0.7156665772820436] [1.909704327583313, 4.420115947723389, 1.5996299982070923] [0.0, 0.0] 0.24010734260082245
car [1859.745874291145, 843.8821950606609, 1.043404540489016] [-0.9989808951349205, 0.006919178262239194, -0.01800785968370366, -0.04080457225875977] [2.0738797187805176, 4.814166069030762, 1.9386677742004395] [0.0, 0.0] 0.2034643292427063
car [1859.8684693192426, 837.8723710759514, 1.428525867215333] [-0.0344282242804987, -0.017436598142791464, -0.008253670905688239, -0.9992209662205249] [1.9373871088027954, 4.56859016418457, 1.7330728769302368] [0.0, 0.0] 0.20299269258975983
car [1886.9963016973045, 875.8552519413273, 0.5556250116475322] [0.049657611078245574, -0.018068481624247672, -0.006759290643760423, -0.9985799735743699] [1.851324200630188, 4.359654903411865, 1.6367192268371582] [0.0, 0.0] 0.1897716224193573
car [1850.5211322711264, 876.2700871023752, 0.7618135339142115] [0.03204437097663868, -0.017946503170197903, -0.007076797451861946, -0.9993002553039296] [2.0840134620666504, 5.839520454406738, 1.926239013671875] [0.0, 0.0] 0.18885153532028198
car [1881.5658674455426, 875.2393429642937, 0.6229660467511613] [0.02927916162000229, -0.017926852806560305, -0.007126428745488456, -0.9993850972756284] [1.8358367681503296, 4.3018903732299805, 1.5530327558517456] [0.0, 0.0] 0.17886975407600403
car [1792.1910910111803, 859.2528385975861, 1.2539642294976796] [-0.6983229394604002, -0.0073325892579887576, -0.017843519075177717, -0.7155228257611169] [1.8710334300994873, 4.383460521697998, 1.5927133560180664] [0.0, 0.0] 0.16052009165287018
car [1872.345472861833, 841.626603020235, 0.8466444125899947] [-0.7217531333720367, -0.006734579745084275, -0.018077706543411527, -0.6918816780558905] [1.886922001838684, 4.44464111328125, 1.572757363319397] [0.07251128441078986, 1.4253534218717983] 0.14398297667503357
car [1806.167844316054, 847.4163631874594, 1.0740739380235738] [0.7085174296038106, -0.01791581474521976, 0.007154133087074171, -0.7054295811130953] [1.9231480360031128, 4.418953895568848, 1.6474088430404663] [0.0, 0.0] 0.1265886276960373
car [1822.4533194379273, 847.0371913996961, 0.9760048498557248] [0.7088222033172974, -0.017912721530701097, 0.007161874445713248, -0.7051233410164491] [2.013533353805542, 4.625394821166992, 1.758143424987793] [0.0, 0.0] 0.1252523809671402
car [1872.8424490585194, 836.1871386149221, 1.2237478702386884] [0.7051894466820676, -0.017949287556022694, 0.007069732275257101, -0.7087564364787292] [2.013134479522705, 4.704672813415527, 1.7215800285339355] [0.010056928109333882, -0.4145570324290966] 0.12444816529750824
car [1816.944522767846, 847.0189378115891, 0.9601326028840509] [0.6932901060180199, -0.018064517895795034, 0.006769876764395657, -0.7204003545663414] [1.9366306066513062, 4.484475135803223, 1.658323049545288] [0.0, 0.0] 0.12023427337408066
car [1784.2535018830465, 858.6417053875026, 1.7995950922882848] [0.68258651150934, -0.018162428579828443, 0.006502632258957464, -0.7305501326173977] [1.9205693006515503, 4.487613677978516, 1.6879427433013916] [0.0, 0.0] 0.11120401322841644
truck [1850.543657683153, 876.253473679078, 0.7445131787957797] [0.029136138567747428, -0.017925832754409055, -0.007128994197890656, -0.9993892772044078] [2.0606937408447266, 5.674784183502197, 1.9117975234985352] [0.0, 0.0] 0.6512375473976135
truck [1860.231131092505, 843.9291500202928, 1.0573412444714365] [-0.9994449103405825, 0.0071644091273299895, -0.01791170790485469, -0.02716087546624505] [2.123842239379883, 5.531251907348633, 1.9195843935012817] [0.0, 0.0] 0.6126149892807007
truck [1860.254328362461, 840.8153173986674, 1.2322558010859632] [-0.9997815814103705, 0.007505698498479049, -0.017771396350949254, -0.008039367783985573] [2.1481056213378906, 5.668798923492432, 1.9829299449920654] [0.0, 0.0] 0.5837447047233582
truck [1797.0731672963832, 874.8415704308419, 1.5353819994585147] [-0.005970255077669579, -0.017664482655584828, -0.00775397257688896, -0.9997960782160005] [2.566094398498535, 6.946340560913086, 2.7642993927001953] [0.0, 0.0] 0.4948483109474182
truck [1831.0431807915909, 875.376703625703, 1.2607282438518816] [0.01789102603468842, -0.017844496142976625, -0.007330211157660859, -0.999653816653152] [2.117506504058838, 5.71044397354126, 2.258013963699341] [0.0, 0.0] 0.3692193627357483
truck [1860.3437649189461, 835.3668979865822, 1.548842227365428] [0.9997780957344128, -0.007797968813145168, 0.01764510472062488, -0.008461752268832185] [2.0390024185180664, 5.624727249145508, 1.8825989961624146] [0.0, 0.0] 0.24793177843093872
truck [1789.318821060693, 858.6453146712036, 1.6668965792636043] [0.7165274417610554, -0.017832944043808988, 0.007358270513033664, -0.6972920960151097] [1.99249267578125, 4.799637794494629, 1.8765039443969727] [0.0, 0.0] 0.23346686363220215
construction_vehicle [1799.3087585357305, 881.6278323323618, 1.4139802217702844] [-0.7486470757433387, -0.006011717274520937, -0.018330774496017065, -0.6626880095057819] [2.089378833770752, 3.798793077468872, 2.5377357006073] [0.0, 0.0] 0.20504724979400635
truck [1809.0626424103489, 847.0293181668311, 1.3324141166955172] [-0.6800853131056972, -0.007779548416570202, -0.017653233829722056, -0.7328791229525599] [2.0465848445892334, 5.279691696166992, 1.8794232606887817] [0.0, 0.0] 0.16869090497493744
truck [1875.1473071923235, 840.4473808701308, 0.8922124160031571] [0.7418244038791828, -0.017548623215395805, 0.008012731210809122, -0.6703166384411794] [2.189950704574585, 5.526346206665039, 1.9143781661987305] [0.0, 0.0] 0.1625574231147766
construction_vehicle [1786.0460367184035, 874.3903424178839, 1.207661171977342] [0.03658474546079155, -0.01797847405225976, -0.006995177550629121, -0.9991443330977545] [1.6266441345214844, 3.721963882446289, 2.10856032371521] [-0.049858197505381625, -0.012788245440251114] 0.1565915048122406
construction_vehicle [1891.2400301681762, 877.097538896964, 2.1763456675434023] [0.08870297071270765, -0.018319188913223622, -0.006046929450078613, -0.9958712893484419] [2.154949188232422, 3.877861976623535, 2.8848977088928223] [0.0, 0.0] 0.14415383338928223
truck [1860.911583505982, 837.8809154398061, 1.498029928049189] [-0.996647069430055, 0.006215636968831408, -0.01826263659180403, -0.07951390418204182] [1.9672547578811646, 5.595943927764893, 1.863274335861206] [0.0, 0.0] 0.13388481736183167
truck [1848.754512591328, 854.5612967606502, 0.9171793654327776] [0.0792718708668812, -0.018261126615607633, -0.0062200717794370945, -0.9966663496130749] [2.0615081787109375, 5.260525703430176, 1.885547161102295] [0.0, 0.0] 0.12144701182842255
truck [1811.6628667915788, 846.9960352362011, 1.160475745281877] [-0.7092193032143101, -0.007057945449693352, -0.017953925594191265, -0.7047239331184916] [1.9517589807510376, 4.989247798919678, 1.7649434804916382] [0.0, 0.0] 0.12089860439300537
truck [1786.3728851535325, 858.1780885694876, 1.5603951734850667] [0.7048796377230073, -0.017952375465153835, 0.007061887380208341, -0.7090645515644326] [2.0971877574920654, 5.478981018066406, 1.9695109128952026] [0.0, 0.0] 0.11146076023578644
truck [1875.5202686833338, 874.6981450957701, 0.6748184055014855] [0.009641759705812724, -0.01778340330089073, -0.007477205711391918, -0.9997674121672316] [2.0009355545043945, 5.304066181182861, 1.8157968521118164] [0.0, 0.0] 0.1108875721693039
construction_vehicle [1861.3658011067077, 847.4002297744348, 0.4882194303629055] [-0.01932882856327148, -0.017559298416777832, -0.007989310190695237, -0.9996270496280897] [1.8433783054351807, 4.8534836769104, 2.003737211227417] [0.0, 0.0] 0.10186505317687988
trailer [1891.2053639275082, 877.0689448108512, 2.730240353640592] [0.10122757287674605, -0.018393830482635088, -0.005815929709744389, -0.9946762390100965] [2.0550084114074707, 2.6911420822143555, 3.0419182777404785] [-0.0009245871995570105, -0.0007032321101199702] 0.11946149170398712
trailer [1847.8241344617259, 888.7131693369287, 0.8430240365161029] [-0.6631645242973728, -0.00818082200959166, -0.01747089549679649, -0.748225003374805] [2.8400790691375732, 9.160074234008789, 3.058969020843506] [0.0003683493760015118, 0.0028535023975172686] 0.10541065782308578
bicycle [1834.0210103353056, 880.9167900040845, 1.0586671935611653] [0.028707423256226876, -0.017922772947516635, -0.007136683269164257, -0.9994016839148188] [0.5103088021278381, 1.637772798538208, 1.063481330871582] [0.0, 0.0] 0.31925156712532043
bicycle [1866.6420018990889, 882.9311392919601, 0.830253677581902] [-0.6840259293267222, -0.007684277763086748, -0.017694912078683348, -0.7292025575726554] [0.574645459651947, 1.619895577430725, 1.1533123254776] [0.0, 0.0] 0.20770956575870514
bicycle [1849.9608318652422, 898.7716721708242, 0.8665887078792572] [-0.789158680776202, -0.004837350895609126, -0.018675065582892947, -0.6138863237744852] [0.6163023710250854, 1.8094364404678345, 1.273381233215332] [-8.346039942977612e-06, 7.328630541260812e-06] 0.1456412822008133
bicycle [1864.3793537566532, 847.5445995419686, 0.09398003334995508] [0.6740560399927029, -0.01823672370233416, 0.006291259557300635, -0.7384282611812357] [0.5859888792037964, 1.6856725215911865, 1.1247901916503906] [0.0, 0.0] 0.14378879964351654
bicycle [1848.8701476237727, 893.9899105668667, 0.642295727019143] [-0.7510123188680052, -0.005946120824179209, -0.018352157512316242, -0.6600063172957432] [0.5582618713378906, 1.6325234174728394, 1.161160945892334] [-0.009349273022569951, 0.062199514815562525] 0.1270671933889389
bicycle [1849.7534323771092, 891.2231131356291, 1.5176934607732844] [-0.7510815521535574, -0.005944195573524838, -0.018352781184231753, -0.6599275293366617] [0.5704340934753418, 1.5176606178283691, 1.1470187902450562] [0.0, 0.0] 0.12217115610837936
bicycle [1833.6705483050941, 881.1234493154845, 1.1083963075227117] [0.6880937704753091, -0.01811271480593398, 0.00663984943891825, -0.7253652907293403] [0.5599616169929504, 1.7228400707244873, 1.136794090270996] [0.0, 0.0] 0.11705426871776581
bicycle [1801.8951412652234, 860.6512658137906, 0.9141089205311368] [-0.5482048172188272, -0.0106172177557668, -0.016106915450800424, -0.8361215942312817] [0.500183641910553, 1.4536629915237427, 1.0683778524398804] [0.0, 0.0] 0.11503839492797852
bicycle [1846.784829673321, 890.4840988390145, 0.5242564700174277] [0.791818377282455, -0.01687063565503663, 0.009356264789306144, -0.6104518812810453] [0.5777944922447205, 1.7186737060546875, 1.2061870098114014] [-3.075475616492655e-06, -1.1031522027373641e-05] 0.11319629848003387
bicycle [1800.4429226921015, 874.4620990632886, 0.9073050070270553] [0.6473862793690234, -0.018448795496361678, 0.005639147359843347, -0.7619178743450769] [0.6245880126953125, 1.6562665700912476, 1.1915403604507446] [0.0, 0.0] 0.11020903289318085
bicycle [1876.8486342781532, 857.0899387288378, 0.19584821829527005] [0.174420883992256, -0.01877316811231302, -0.004441418381489962, -0.9844821974973176] [0.5595073699951172, 1.5925748348236084, 1.107088327407837] [0.0, 0.0] 0.11013542115688324
bicycle [1858.4152168511496, 855.1712297212079, 0.5637890727701402] [0.6427977284272687, -0.01848233721454167, 0.00552822297855027, -0.7657930022470374] [0.5475627183914185, 1.5481677055358887, 1.0799453258514404] [0.0, 0.0] 0.10354042053222656
bicycle [1853.0287047746717, 843.2310177252965, 0.6619417689635357] [0.9990640816238088, -0.008328394630528027, 0.017401031035280498, -0.03871437421634343] [0.5772521495819092, 1.6353137493133545, 1.1900784969329834] [2.3019026969563414e-05, 9.806041952134397e-06] 0.10285120457410812
traffic_cone [1833.582014495284, 856.7489088939313, 0.5504555555724696] [-0.7039346761596639, -0.007191878254794471, -0.017900696226147674, -0.7100026856722279] [0.39556172490119934, 0.3990025520324707, 0.7511387467384338] [0.0, 0.0] 0.875155508518219
pedestrian [1833.7040579028292, 879.0523753365785, 1.1619011807376685] [0.9997278054767238, -0.007880114415158113, 0.01760857277057458, -0.01312085814578411] [0.625209391117096, 0.7449949383735657, 1.7952237129211426] [1.1701647341735288, -0.028679909382289426] 0.8249329328536987
pedestrian [1833.738703997765, 878.1819826781617, 1.1367092742847509] [-0.9997819712416982, 0.007506562843938579, -0.017771031272343314, -0.007990741007669236] [0.6331781148910522, 0.747685968875885, 1.7818925380706787] [1.1721161260629493, 0.05066515016667607] 0.7926138043403625
pedestrian [1863.3888276907164, 872.8706662066669, 0.7062072191785755] [-0.6124275717521662, -0.009314100599871656, -0.016893950640038985, -0.7902912825784764] [0.7226267457008362, 0.8162521123886108, 1.7771118879318237] [-0.24875326013314433, 1.0313408777034803] 0.7051798701286316
traffic_cone [1838.9386344951563, 850.1919438946379, 0.2763144649641226] [-0.7540820591946843, -0.005860471788195474, -0.01837968739212852, -0.6564968316469563] [0.3597416877746582, 0.3595646023750305, 0.7413261532783508] [0.0, 0.0] 0.5891900062561035
traffic_cone [1858.0175160524404, 852.9214253124755, 0.5264226620994832] [-0.031562800700676776, -0.017460193987911037, -0.008203637249240036, -0.9993155815725666] [0.357924222946167, 0.35857975482940674, 0.7934710383415222] [0.0, 0.0] 0.179819718003273
traffic_cone [1863.913759339335, 857.7447298987522, 0.49649450634876363] [-0.8530514063053366, -0.00271154771514363, -0.019099883434228138, -0.5214701718816477] [0.41259077191352844, 0.4164693057537079, 0.828407347202301] [0.0, 0.0] 0.15281741321086884
pedestrian [1800.0695522593664, 874.2842838930594, 1.0765847487705393] [-0.1732747510782985, -0.016116958879684614, -0.010601965604696065, -0.9846845701038183] [0.6611003875732422, 0.6778416633605957, 1.7175319194793701] [0.0, 0.0] 0.1444448083639145
traffic_cone [1858.3320597848062, 855.0468573013416, 0.5869467180967587] [0.28521064038328225, -0.01915638067322614, -0.002278402447999788, -0.9582706990062598] [0.39422470331192017, 0.4052569568157196, 0.8035776615142822] [-8.320890038754954e-06, -6.779394731880765e-05] 0.1364235132932663
pedestrian [1831.5956428058585, 880.5798065998756, 0.8946562592760217] [0.6286409580128537, -0.018580643026516484, 0.005188231195096036, -0.7774563575342792] [0.48044806718826294, 0.4975524842739105, 1.295519232749939] [6.62842397664178e-06, 6.760485257034105e-05] 0.13380703330039978
traffic_cone [1839.0552916160236, 843.803445176198, 1.3152942097415852] [-0.6660278113145475, -0.008113790991203896, -0.017502126555469247, -0.7456774078093965] [0.39489397406578064, 0.3802379369735718, 1.3084335327148438] [0.0, 0.0] 0.13356566429138184
traffic_cone [1828.0755577424975, 843.6898576023364, 1.8068913614851216] [-0.6853978260520395, -0.007650944110129149, -0.017709350423894245, -0.7279132242272605] [0.3897857964038849, 0.37877434492111206, 1.2459243535995483] [0.0, 0.0] 0.13232648372650146
traffic_cone [1876.5596668860828, 856.9960790864017, 0.345379329334857] [-0.08198511817480539, -0.01702365809421889, -0.009074861062503319, -0.9964468286665631] [0.4517875611782074, 0.4647674262523651, 1.0731910467147827] [0.0, 0.0] 0.12942105531692505
pedestrian [1800.0426468310777, 873.8522358826634, 0.966504616516656] [-0.11619381998170128, -0.016701607092880925, -0.009654758346413063, -0.993039192660515] [0.535672664642334, 0.5257620811462402, 1.5165544748306274] [-0.00021917161100837583, 9.131186319625245e-05] 0.12851639091968536
pedestrian [1852.6709992282636, 843.246517827738, 0.7199390752338535] [0.9995999030129217, -0.008013128268878187, 0.017548441912577553, -0.020685160341299684] [0.5189593434333801, 0.5409990549087524, 1.2760553359985352] [-0.02455016488879636, -0.04207530818767095] 0.12827321887016296
pedestrian [1800.476706135832, 874.9817448941811, 0.8228386427375131] [0.1502601396253521, -0.01865877485631178, -0.004899812146814456, -0.9884582603233975] [0.5476121306419373, 0.5599489212036133, 1.502339243888855] [-0.0016618924897061048, -0.0005246528490085587] 0.1274210810661316
traffic_cone [1845.3824296339926, 841.8266034869155, 1.3619357813504203] [-0.5612475355772835, -0.010363361415068294, -0.016271409846515355, -0.8274231358683497] [0.5087409019470215, 0.4984305500984192, 1.5301463603973389] [-0.00011178056748638525, -2.6073798368005192e-05] 0.10061241686344147
