car [1856.74773379755, 876.1019569026329, 0.5485668777791568] [-0.003583671086758863, -0.0247292360656352, -0.011110780420624938, -0.9996260164399469] [1.9313863515853882, 4.821043968200684, 1.5470988750457764] [0.0, 0.0] 0.8675100803375244
car [1841.35977105928, 860.302121276664, 1.045800387799435] [-0.6854183339936829, -0.010472094567993216, -0.025006395048152427, -0.7276446405130591] [1.9496217966079712, 4.545774459838867, 1.7490735054016113] [0.0, 0.0] 0.867453932762146
car [1823.884098074932, 875.3488128206697, 0.9976758565102846] [0.009802260054307545, -0.024875799096392974, -0.010778644500174872, -0.9995843791996165] [1.9492548704147339, 4.75890588760376, 1.8363724946975708] [0.0, 0.0] 0.857569694519043
car [1836.1800524226292, 847.8356922631071, 0.9754244239124159] [0.7289798285943543, -0.024985926831606695, 0.010520837338864815, -0.6839981176469719] [2.004776954650879, 4.653724670410156, 1.7777955532073975] [0.0, 0.0] 0.8567593097686768
car [1850.3471609436024, 853.9015060347963, 0.838542764022143] [-0.7025431654811319, -0.00987393908819826, -0.025248562034852717, -0.7111245432959025] [1.9640350341796875, 4.62778377532959, 1.6049904823303223] [0.0, 0.0] 0.8356523513793945
car [1830.595308256097, 847.1753996938883, 0.8794323853249607] [0.7221129132937382, -0.025089744491281925, 0.01027079740368019, -0.6912437745806362] [1.9085583686828613, 4.5045671463012695, 1.617976427078247] [0.0, 0.0] 0.8216176629066467
car [1817.875895271237, 875.5778487041177, 1.0332223685129598] [0.005985511283412355, -0.024834462048692846, -0.010873548302982348, -0.9996145202510472] [1.8840466737747192, 4.410313129425049, 1.7840291261672974] [0.0, 0.0] 0.7960774302482605
car [1844.1890919500636, 860.3623262384842, 0.8516480736049632] [-0.684756729990223, -0.010494817342568895, -0.024996867141531372, -0.728267283471633] [1.84870445728302, 4.314745903015137, 1.5148431062698364] [0.0, 0.0] 0.7869469523429871
car [1838.6739444442985, 876.202490864595, 0.802423044298019] [0.007645328387274386, -0.02485248296362805, -0.0108322965472624, -0.9996032034742115] [1.8897782564163208, 4.746672630310059, 1.6165573596954346] [0.0, 0.0] 0.7797136306762695
car [1825.2646613028128, 847.2170025683721, 0.9343006262369276] [0.6922193711434486, -0.025501839795409556, 0.009200039401791763, -0.7211777573218852] [1.9074323177337646, 4.583867073059082, 1.5839684009552002] [0.0, 0.0] 0.7631835341453552
car [1812.2444498957295, 875.5100579744384, 0.8918633845709044] [0.03394131946938541, -0.02512886815592632, -0.010174701133071553, -0.9990560556218717] [1.9346811771392822, 4.7330241203308105, 1.6221143007278442] [0.0, 0.0] 0.7608240842819214
car [1830.4704154163235, 859.3024294390748, 1.1750855482724176] [-0.6818927772438764, -0.010592857027435447, -0.024955479116650258, -0.7309495576198731] [2.106178045272827, 5.122840881347656, 1.8870065212249756] [0.0, 0.0] 0.7552058696746826
car [1873.7726545610144, 853.5544498921458, 0.877896495011926] [0.7334158953898859, -0.024916927383600792, 0.010683224593053368, -0.6792393833042273] [1.9206960201263428, 4.451111793518066, 1.6778221130371094] [0.0, 0.0] 0.7481515407562256
car [1844.4736409049308, 876.1168048155109, 0.7948198223680559] [0.017093438477652285, -0.024953761784729276, -0.010596901940484313, -0.9994862829489286] [1.9149672985076904, 4.680537700653076, 1.8046804666519165] [0.0, 0.0] 0.7306779623031616
car [1827.8231890768172, 859.7722283971157, 1.0146960815132913] [-0.7377883155516206, -0.008577529536646247, -0.025717903199779266, -0.6744875216618593] [1.961146593093872, 4.68060827255249, 1.6058140993118286] [0.0, 0.0] 0.7108185291290283
car [1819.3940071702925, 859.1455498672494, 1.3090943720277048] [-0.6967241602157471, -0.010079387201265574, -0.0251672507754069, -0.7168266596700469] [2.047976493835449, 4.744559288024902, 1.820048213005066] [0.0, 0.0] 0.7090809345245361
car [1816.4178170099008, 859.4638084726209, 1.38792517192091] [0.6963980223067576, -0.02544795333781149, 0.009348060165714824, -0.7171435072349828] [2.031465530395508, 4.657161712646484, 1.8230887651443481] [0.0, 0.0] 0.6904833316802979
car [1842.7791793189754, 847.7685527167127, 0.7981037095732808] [-0.7047804694386626, -0.009794330487428783, -0.025279550000905444, -0.7089072614523519] [1.9248254299163818, 4.458362579345703, 1.6299407482147217] [0.0, 0.0] 0.6877272129058838
car [1875.0428439168534, 874.7096253881843, 0.7416293532342042] [0.023786206441671235, -0.025024165383345627, -0.010429559185901474, -0.999349404275186] [1.8840093612670898, 4.466633319854736, 1.6732841730117798] [0.0, 0.0] 0.6813815236091614
car [1797.4346507749133, 859.1805725329759, 1.4871751352709452] [0.7268025683260636, -0.025019233336792797, 0.01044138502232206, -0.6863111846070211] [1.9035093784332275, 4.492892265319824, 1.6993980407714844] [0.0, 0.0] 0.6646392345428467
car [1805.1022356628325, 875.1801013542872, 0.7880648856582556] [0.017958744674472407, -0.024962926778677213, -0.010575294066249684, -0.9994711096033604] [1.7971277236938477, 4.31829309463501, 1.5471357107162476] [0.0, 0.0] 0.6464064717292786
car [1804.5676199976608, 867.6571638053011, 1.241644610429222] [-0.9996152314785968, 0.010876529052016092, -0.024833156741057013, -0.00586552964757175] [1.9283921718597412, 4.359990119934082, 1.663457989692688] [8.487525890256203, -0.06742118333883874] 0.6410849094390869
car [1879.1529209872067, 854.3173864353345, 0.8805536654996706] [-0.6397390248830029, -0.011978508052293477, -0.02432077101545911, -0.7681139209022314] [2.0293288230895996, 4.679018020629883, 1.752376675605774] [0.0, 0.0] 0.6244564056396484
car [1876.350240138416, 854.1143223733487, 0.8470272532787562] [-0.6574453233153752, -0.011409139918763122, -0.024593008849251065, -0.7530143838551803] [1.8512784242630005, 4.251575469970703, 1.5729103088378906] [0.0, 0.0] 0.5940190553665161
car [1806.2945142892863, 846.9298185428327, 1.3621454552034993] [0.7519220234196576, -0.024611913510661172, 0.01136830116107897, -0.6586943799202655] [1.92918860912323, 4.471133232116699, 1.6348940134048462] [0.0, 0.0] 0.5653705596923828
car [1860.6407487459492, 847.4608039934996, 0.6006876809233679] [-0.05527430130687534, -0.024121554371844378, -0.012374779700318337, -0.998103084384119] [1.9089648723602295, 4.6491289138793945, 1.6255780458450317] [0.0, 0.0] 0.557444155216217
car [1831.1041697100509, 875.3997665711582, 1.2810475197925748] [0.012652100364085875, -0.024906428611100637, -0.010707678169678193, -0.9995523697127792] [2.10270619392395, 5.711159706115723, 2.314769744873047] [0.0, 0.0] 0.5544629096984863
car [1789.545563638651, 870.5557128063531, 1.1029627451845692] [0.02095608097597858, -0.02499452986070322, -0.010500382611489481, -0.9994127566287031] [1.8974967002868652, 4.590451717376709, 1.6456234455108643] [-11.606669628777892, -0.47162769082904743] 0.5177057981491089
car [1803.7756798723344, 846.7258183784114, 1.3908385185131393] [0.7411596490977382, -0.024792733317806327, 0.010968360523678614, -0.6707811789185594] [1.8616899251937866, 4.28125, 1.5806490182876587] [0.0, 0.0] 0.46171408891677856
car [1859.6767487619768, 840.8959146697603, 1.1672055785368094] [-0.9995776812079191, 0.010762198462043009, -0.024882918683483544, -0.010463014529989313] [2.0149402618408203, 4.667245388031006, 1.8452080488204956] [0.0, 0.0] 0.45101872086524963
car [1794.5952342502762, 859.3926745186403, 1.4267213046957048] [-0.6940432842404717, -0.010173270073959786, -0.02512944754560931, -0.7194226400682389] [2.014287233352661, 4.645334720611572, 1.708694338798523] [0.00029336908157298256, 0.00012125100614270913] 0.4098692536354065
car [1797.4113099508675, 874.8184079259265, 1.4145172687692391] [-0.000588335399701297, -0.024762417837066265, -0.01103663086307584, -0.9996322670379907] [2.5750441551208496, 6.546865463256836, 2.98590087890625] [0.0, 0.0] 0.4063763916492462
car [1859.7631289796927, 835.5278310151913, 1.4636255196794234] [-0.9996034833889065, 0.010833208640206175, -0.024852085395455605, -0.007608642376864646] [1.9111390113830566, 4.4505228996276855, 1.690029263496399] [0.0, 0.0] 0.36771658062934875
car [1860.1686108328404, 843.9434612000799, 0.9912124581040366] [0.9991562208946729, -0.011781261849099039, 0.024416929110521228, -0.03085225582563397] [1.9948594570159912, 4.769854545593262, 1.782191276550293] [0.0, 0.0] 0.3262254595756531
car [1809.132065040902, 847.4448165462494, 1.3051482478436462] [0.7411295421508044, -0.024793225578054953, 0.010967247757798542, -0.6708144431908083] [1.9390002489089966, 4.431265830993652, 1.657965064048767] [0.0, 0.0] 0.31362777948379517
car [1789.2789576333794, 859.1936804283947, 1.7319317017850675] [0.4995521063926468, -0.026962396891309623, 0.0028308500173538755, -0.8658595200381668] [1.9976801872253418, 4.629340648651123, 1.7308683395385742] [0.0, 0.0] 0.2867797315120697
car [1893.7960161870733, 854.949292660966, 0.9738999957829337] [-0.5594777184374592, -0.01435729426213852, -0.02299679672075265, -0.8284018940188814] [1.8529226779937744, 4.283675670623779, 1.6175312995910645] [0.0, 0.0] 0.2692328691482544
car [1861.1611553297603, 824.5498390892761, 1.922092927430144] [-0.9970323846548691, 0.009208089667864593, -0.02549893414662309, -0.07205164391934515] [1.9001702070236206, 4.353134632110596, 1.67005455493927] [0.0, 0.0] 0.2519077956676483
car [1872.8986131560757, 836.2461775999665, 1.3349156069530195] [-0.6507407586379018, -0.011626813771552526, -0.024490850525592044, -0.7588158409584129] [1.9927563667297363, 4.607762813568115, 1.7335546016693115] [0.00467487725795709, 0.09055683541573611] 0.2464032918214798
car [1883.884088821566, 875.393818726046, 0.5532850517305589] [-0.005556613301198549, -0.024707258693497193, -0.01115956655958745, -0.9996169963994589] [1.8412001132965088, 4.385153770446777, 1.597773790359497] [0.0, 0.0] 0.2385849952697754
car [1880.8843667829965, 875.3054789702649, 0.6185700297960328] [0.01952358875110051, -0.02497945385787901, -0.010536196795207882, -0.9994417666499299] [1.786876916885376, 4.189462661743164, 1.525514841079712] [-0.00031197834764034926, -0.0005467090725611524] 0.2037627100944519
car [1822.3273791147728, 847.0426341376643, 1.0589675912920593] [0.6930201084063214, -0.025491603632926543, 0.009228364002737521, -0.7204083180992191] [1.9966135025024414, 4.617933750152588, 1.7501451969146729] [0.0, 0.0] 0.20097342133522034
car [1858.232526276866, 823.9328976568924, 2.0244422039834236] [0.12257227082850233, -0.02593349862375765, -0.007901785056353751, -0.9920892368461616] [2.0124764442443848, 4.703852653503418, 1.7958027124404907] [0.0, 0.0] 0.19382333755493164
car [1865.650859936224, 846.2429435366037, 0.4155088787376031] [-0.12413066237270301, -0.02320852397784207, -0.014012457768542432, -0.9918954552274998] [1.8134616613388062, 4.189949989318848, 1.5725914239883423] [0.0011019724924884444, -0.00040558881165844566] 0.19284987449645996
car [1881.7306534345157, 854.9073759056993, 0.8653424925726216] [-0.6274529798885743, -0.012363451068868495, -0.024127362798551977, -0.7781823523255993] [1.938807725906372, 4.527163982391357, 1.6602096557617188] [0.0, 0.0] 0.19094374775886536
car [1859.730025563948, 838.4210344171025, 1.2960809946180283] [0.9732653033438973, -0.016382653486643164, 0.021600769029871, -0.2280781987585985] [1.9218027591705322, 4.501459121704102, 1.7212011814117432] [0.0, 0.0] 0.17739854753017426
car [1875.1271030890575, 841.0094125967727, 0.9405375207429778] [-0.6912355852155603, -0.01027108194018591, -0.025089628010858237, -0.7221207524879458] [1.9928900003433228, 4.619805335998535, 1.7299689054489136] [-0.0006389499343558283, 0.0007476853910354759] 0.16840612888336182
car [1798.9208663848306, 846.1496730747855, 1.8105440403096758] [0.6418421166350938, -0.026065837474348947, 0.007453634999520804, -0.7663574314609586] [1.968000054359436, 4.572821617126465, 1.7170584201812744] [0.0, 0.0] 0.165259450674057
car [1860.4798059225548, 832.9458113127632, 1.3176787881801009] [0.07988166554110132, -0.02557048204163695, -0.009007497216406883, -0.9964356150562035] [1.8234950304031372, 4.271063804626465, 1.5971461534500122] [0.0, 0.0] 0.16195647418498993
car [1792.1887031825386, 859.2429726891321, 1.395284789800463] [-0.6822219077995443, -0.01058161668710353, -0.024960247319136635, -0.7306423776105553] [1.9134413003921509, 4.463685989379883, 1.6379992961883545] [0.0011138468425984462, 0.0035304559143186022] 0.1467045098543167
car [1850.6425732448358, 876.2840246793887, 0.7719126265542905] [0.023722530482409868, -0.02502350078851604, -0.010431153638615078, -0.9993509178409585] [2.094313621520996, 5.957564830780029, 1.913581132888794] [0.0, 0.0] 0.13889899849891663
car [1851.100989179586, 848.5135400756126, 0.5264148944014371] [-0.6460862195391257, -0.011776428799251601, -0.024419260485965027, -0.7627828081201723] [1.792266845703125, 4.174617767333984, 1.473129153251648] [-0.004583083342993597, 0.01607811592646103] 0.13391494750976562
car [1896.3243491893293, 864.6587527221334, 1.3349304863689846] [0.9996176603769003, -0.01088720235284272, 0.02482847927025559, 0.0054358536281911484] [2.3849825859069824, 5.990174293518066, 2.530546188354492] [0.03725884286648031, -0.009227297325845367] 0.12938512861728668
car [1872.4535301727876, 838.502867477598, 1.0837122700532522] [0.464076839589118, -0.027054920965785795, 0.0017366086146106178, -0.8853799762808232] [1.925450086593628, 4.4742350578308105, 1.697152018547058] [0.019823333786632463, -0.1916668853087229] 0.12719011306762695
car [1788.3822584470422, 861.5359915926581, 1.4745294950289651] [-0.4562551171446715, -0.01700774027943562, -0.021112113312800274, -0.8894359355914045] [1.9517979621887207, 4.578836441040039, 1.7206506729125977] [-0.0910653376574429, 0.08840470519430002] 0.12393191456794739
car [1896.1871994042128, 885.0445081846156, 0.2808583840702811] [-0.5081402918839014, -0.01572728461080277, -0.022082506123990132, -0.8608475237846703] [1.9365898370742798, 4.433156967163086, 1.687517762184143] [-0.0425271322653691, 0.07078734984671911] 0.11896884441375732
car [1789.5927285136659, 874.2751760819916, 1.0989953004000554] [0.04997858832921116, -0.025289001727788647, -0.009769900181535039, -0.9983822695494319] [1.8827155828475952, 4.558164119720459, 1.626348853111267] [-0.28927909052327716, 0.04060334083830039] 0.1173529252409935
car [1813.1298172320746, 858.9735072678976, 1.6685469747226938] [0.6633733578413937, -0.02584336004216131, 0.00819178244806806, -0.7477973011105946] [2.0170953273773193, 4.96837043762207, 2.095081329345703] [0.0, 0.0] 0.11359888315200806
car [1800.8069765836383, 846.7370562335658, 1.7284851588867247] [0.8391656008204514, -0.02271214596574314, 0.014803478766020948, -0.5431998801930149] [1.932279348373413, 4.489839553833008, 1.6968295574188232] [0.0, 0.0] 0.1087995395064354
car [1895.3622218445564, 856.23130034898, 0.911735895951612] [-0.040661638367190646, -0.024300069955841982, -0.012020447499425355, -0.9988051094219287] [2.152573823928833, 5.151408672332764, 1.9145228862762451] [-0.0017087796489898513, -0.001682226491449506] 0.10684560239315033
truck [1850.6225685526902, 876.2635428911668, 0.7905165718156268] [0.029027651431126525, -0.025078526113184556, -0.010298159346969522, -0.9992108941031657] [2.1017191410064697, 5.773736000061035, 1.9137372970581055] [0.0, 0.0] 0.6488497853279114
truck [1797.3559897379314, 874.8047579329901, 1.4431826615336552] [-0.0042685693468577, -0.024721617650699475, -0.011127721180811446, -0.9996233264374066] [2.5674684047698975, 6.533653259277344, 2.618302822113037] [0.0, 0.0] 0.48090660572052
truck [1831.0627453910042, 875.3807762974636, 1.2914028442513754] [0.013652050412745108, -0.024917128153931496, -0.010682756315942527, -0.9995392123181477] [2.1190578937530518, 5.666147708892822, 2.2151176929473877] [0.0, 0.0] 0.47891008853912354
truck [1860.1923092981333, 843.9594705999849, 1.0165796090180517] [0.9996007404009041, -0.011218959690510902, 0.024680346460452023, -0.00796085623656932] [2.03999924659729, 5.189128875732422, 1.9106037616729736] [0.0, 0.0] 0.3015246093273163
truck [1860.164035068459, 840.9042365202946, 1.184750595318751] [0.9996249356319192, -0.011117948298514414, 0.02472601430835176, -0.003873435805095175] [2.1378724575042725, 5.408339500427246, 1.9458000659942627] [0.0, 0.0] 0.29781487584114075
truck [1813.1735129305666, 858.9820162534849, 1.998475877598766] [-0.7277497599483649, -0.008956294041732106, -0.025588461364124446, -0.685306721357052] [2.0711398124694824, 5.4076337814331055, 2.3696160316467285] [0.0, 0.0] 0.19819961488246918
truck [1860.8461728820448, 847.4223172839087, 0.5275445666881589] [-0.05372019588870976, -0.02414079256558298, -0.012337207635877295, -0.9981879362102778] [1.949331521987915, 5.026462554931641, 1.781769037246704] [0.0, 0.0] 0.18879109621047974
construction_vehicle [1896.0870180441789, 884.5023339427345, 0.2446259481263422] [-0.1118085780102865, -0.023380674225396046, -0.013723287897262687, -0.9933598830863729] [1.863768219947815, 3.4630722999572754, 2.1089518070220947] [0.0, 0.0] 0.17542438209056854
construction_vehicle [1891.738333208406, 877.1580537244774, 1.8654719354247757] [-0.7915957425853438, -0.006397357778742898, -0.02634498759529056, -0.6104434419033536] [1.5520250797271729, 2.7526443004608154, 2.287872791290283] [0.0, 0.0] 0.17417427897453308
truck [1896.3477920458558, 864.6480477960301, 1.5112174744078415] [-0.9995431113342302, 0.010689948184933214, -0.02491404354472992, -0.013363533452713683] [2.6097607612609863, 6.411375045776367, 3.18790864944458] [0.01120730955433901, -0.00436667792144917] 0.1479891687631607
truck [1789.7580383402446, 858.6559732390236, 1.7964899212931171] [0.716853225993189, -0.025166866419196972, 0.010080346848375367, -0.6966968263349654] [2.046144962310791, 5.303945541381836, 1.8953248262405396] [0.0, 0.0] 0.14408734440803528
truck [1858.0484354279693, 823.4846810769342, 2.106537759194012] [0.15690957612231252, -0.026191970842825266, -0.006997515367174748, -0.9872408016098055] [2.345273017883301, 5.864014148712158, 2.161801815032959] [0.0, 0.0] 0.13779929280281067
truck [1879.1983614835756, 854.2071684869943, 0.898017621824718] [-0.6453545662809489, -0.011799836577307682, -0.024407958019754282, -0.7634019250842792] [1.981227159500122, 4.913123607635498, 1.828348994255066] [0.0, 0.0] 0.13073214888572693
truck [1860.258226515165, 835.5550019178221, 1.4733105034944802] [-0.9984274550328559, 0.009792970100505219, -0.025280077028281903, -0.04906763167984858] [2.0764784812927246, 5.414917469024658, 1.8740630149841309] [0.0, 0.0] 0.12628114223480225
truck [1872.8245516737375, 837.9625168263589, 0.9553425345225084] [0.6312328439608366, -0.02616596313830035, 0.0070941476577784076, -0.7751194179912984] [2.2083382606506348, 5.029002666473389, 1.9699300527572632] [-0.0068546780856509285, -0.01743074307966106] 0.12601882219314575
truck [1893.8458592211014, 854.4605446709937, 0.9417858402993609] [-0.6179521330840768, -0.012655674227490251, -0.023975372109581422, -0.7857481636369852] [1.9898695945739746, 5.045530319213867, 1.9146695137023926] [0.0, 0.0] 0.12589502334594727
truck [1859.0291364932248, 838.4997963734423, 1.3475419813003406] [0.7908219384450079, -0.023870096208084404, 0.012853134441141193, -0.6114455634937054] [2.377758264541626, 6.543872833251953, 2.1137235164642334] [0.0, 0.0] 0.12480982393026352
truck [1861.6786572579845, 824.611970115881, 1.9792180386114384] [-0.9971059143002454, 0.009234293177551556, -0.025489456397818303, -0.07102683372871416] [2.1356775760650635, 5.358850479125977, 1.971089243888855] [0.0, 0.0] 0.11347834765911102
truck [1798.9684538656466, 846.1700117645925, 1.9142784912559776] [-0.7543361663975133, -0.007935210991593084, -0.025923290386526084, -0.6559283219276005] [1.9921622276306152, 5.326616287231445, 1.7884992361068726] [0.0, 0.0] 0.11251328140497208
truck [1876.3794914422258, 853.6876700722031, 0.9435291093718976] [0.746583761047336, -0.024702822572499575, 0.011169382923727735, -0.6647388232851072] [1.9673783779144287, 4.915595054626465, 1.784845232963562] [0.0, 0.0] 0.10434283316135406
construction_vehicle [1861.8942363050596, 851.0380866105698, 0.6829588636646021] [-0.1879566431328002, -0.022254703147909484, -0.015482659517785791, -0.9818030941814679] [1.4707212448120117, 2.9564085006713867, 1.9274019002914429] [0.0, 0.0] 0.10249921679496765
truck [1875.4591971028988, 874.7571077142698, 0.7401913589423699] [0.015630223058991644, -0.024938221719256394, -0.010633421623657375, -0.9995102358501294] [2.0302131175994873, 5.314910888671875, 1.8878960609436035] [0.0, 0.0] 0.1008772924542427
trailer [1891.1691043415392, 877.1188705965598, 2.0039409794257312] [-0.06585627173756707, -0.02398896089126733, -0.012629897596675196, -0.9974607595865026] [2.213365316390991, 2.408050060272217, 3.149940013885498] [0.0, 0.0] 0.2164047211408615
trailer [1896.4426730451669, 864.6509025209896, 1.732162015153999] [-0.9996123224451875, 0.010864692365978519, -0.024838337660517934, -0.006341944322800681] [2.67460036277771, 6.8134446144104, 3.1359615325927734] [0.029925669097093675, 0.0003281939390648259] 0.15006732940673828
barrier [1874.2180631712704, 840.4915341227754, 0.9652367533520645] [-0.0582307859678976, -0.024084790146809885, -0.01244618180525196, -0.9979349633155538] [2.6661126613616943, 0.5219245553016663, 0.9817111492156982] [0.0, 0.0] 0.1546282023191452
barrier [1831.0075007449793, 879.9946228106334, 0.5796183658557605] [0.7188243846972792, -0.02513820351703265, 0.010151614742566952, -0.6946628818402729] [2.267146110534668, 0.38410770893096924, 0.9976648092269897] [0.0, 0.0] 0.10761193931102753
bicycle [1853.4094041471233, 851.9707174755775, 0.9741496526699887] [0.9325904774133642, -0.019200864559251615, 0.019139262214686606, -0.3599166804692001] [0.6408170461654663, 1.6725058555603027, 1.1122006177902222] [0.0, 0.0] 0.4032370150089264
bicycle [1834.092571246741, 880.9223053426252, 0.8739570588231275] [0.08206965765715864, -0.02559020095856901, -0.008951322407628337, -0.9962577913040839] [0.5644187927246094, 1.6466844081878662, 1.0837063789367676] [0.0, 0.0] 0.30308324098587036
motorcycle [1866.8402108542446, 883.5065659903295, 0.6928606280983126] [0.5806438455319484, -0.026564266709005892, 0.005415190869956175, -0.8137061755252482] [0.7086352705955505, 1.8350484371185303, 1.5472233295440674] [0.0, 0.0] 0.2489425390958786
motorcycle [1830.5276144173704, 880.6824320418256, 0.8279612212342096] [0.9996274825796616, -0.010943992794668903, 0.024803499342945356, 0.003148255628679799] [0.6655964255332947, 1.8994790315628052, 1.193929672241211] [0.0, 0.0] 0.23825933039188385
bicycle [1861.8447918636134, 851.1887512305377, 1.0831509243193986] [0.9596121261512998, -0.01751905532727873, 0.020689786330095397, -0.28001711159398285] [0.6237456202507019, 1.783565640449524, 1.23252272605896] [0.0, 0.0] 0.21897321939468384
bicycle [1829.6996760345633, 885.9733569622678, 0.7217352776032872] [-0.036273349102963606, -0.02435264304566988, -0.011913577742871436, -0.9989741035617038] [0.6485329866409302, 1.5871564149856567, 1.1310843229293823] [0.0, 0.0] 0.15426498651504517
bicycle [1842.3326641860303, 881.4451675822064, 0.5437040275830325] [0.6012456497292141, -0.026417227667946283, 0.00609217861566361, -0.7986042099336504] [0.5385465025901794, 1.5256385803222656, 1.0723891258239746] [0.0, 0.0] 0.13519257307052612
bicycle [1853.9522593550357, 852.0475645175189, 0.9543524129541932] [0.8311643433380346, -0.02292536341814189, 0.014471083929387498, -0.555365510097187] [0.6111851930618286, 1.7544832229614258, 1.1433228254318237] [0.0, 0.0] 0.12955783307552338
bicycle [1863.778214480657, 846.9077913049229, -0.1386360610026922] [-0.9354904670592079, 0.0015852663279295209, -0.027064210474624754, -0.35231037663316117] [0.566521167755127, 1.6314746141433716, 1.117415189743042] [0.0, 0.0] 0.12630890309810638
bicycle [1806.88629219967, 873.1688659021103, 0.27048405535103287] [0.07311783955944783, -0.0255087667930535, -0.009180815576127571, -0.9969547617521138] [0.5497250556945801, 1.561885118484497, 1.0398703813552856] [0.0, 0.0] 0.1210421547293663
motorcycle [1827.8504621243023, 884.1679695453297, 1.7971465554704038] [0.9014099573538771, -0.020646045572756243, 0.017570582237163564, -0.4321170029347797] [0.7397231459617615, 2.0404915809631348, 1.4008561372756958] [-0.000833255178629536, -0.0017262151918037497] 0.12042245268821716
bicycle [1840.0927082990256, 881.3007760980632, 1.11264533473106] [0.9955326941918223, -0.013217812461474267, 0.02367010755528058, -0.09044152938349974] [0.5528415441513062, 1.5914416313171387, 1.148011565208435] [0.0, 0.0] 0.11386993527412415
motorcycle [1846.5923139248262, 893.9171188182485, 0.938285804029358] [0.9234824769581889, -0.0196645058326311, 0.018662576679110334, -0.38268149967462917] [0.71223384141922, 1.9268832206726074, 1.4941425323486328] [0.0, 0.0] 0.11369559168815613
pedestrian [1834.4612522772325, 878.3159052524545, 1.0875580963271811] [-0.9990615366255238, 0.010178768617733794, -0.02512722084457199, -0.033779601500051576] [0.6275942325592041, 0.7675667405128479, 1.7872495651245117] [1.3700294466475524, 0.11295331272398496] 0.8325501084327698
traffic_cone [1833.5363545553157, 856.7646799107027, 0.6280989424503615] [-0.7458906337157774, -0.008265907751013397, -0.025819746842232826, -0.665516474609856] [0.4036613702774048, 0.4053775370121002, 0.7535344958305359] [0.0, 0.0] 0.8263150453567505
pedestrian [1834.4043922407527, 879.1053157858103, 1.0949562552593088] [-0.9994584679331658, 0.010558050777386287, -0.02497022470318175, -0.018649029967912407] [0.6222649216651917, 0.7683302164077759, 1.8085834980010986] [1.37565866024908, 0.051812922620176616] 0.7824183702468872
pedestrian [1863.293334285339, 873.6571806621072, 0.790045932889216] [-0.6768640232393143, -0.010763748075454821, -0.02488224839746999, -0.7356086659945925] [0.7118350267410278, 0.8746330738067627, 1.7408288717269897] [-0.10377282754335991, 1.3984580080127886] 0.7277191281318665
traffic_cone [1863.890154531593, 857.8480578458967, 0.6672112306880992] [-0.922459370961669, 0.0006281020021716868, -0.027103321675029494, -0.3851411745932355] [0.3600269556045532, 0.3554540276527405, 0.8699319362640381] [0.0, 0.0] 0.4594201147556305
traffic_cone [1838.9362996742598, 850.19588788732, 0.3775339425650147] [-0.7267955125932768, -0.008991889422649207, -0.025575974713705533, -0.6863186565410643] [0.3522125482559204, 0.3565661609172821, 0.790744960308075] [0.0, 0.0] 0.4376679062843323
pedestrian [1840.496929262245, 881.0146269310092, 1.1221942013818882] [0.6600841897171182, -0.025879072353064653, 0.008078253034542819, -0.7507022565088974] [0.490858793258667, 0.48628753423690796, 1.3996429443359375] [0.0, 0.0] 0.2397754192352295
traffic_cone [1842.3235768427155, 880.238687737594, 0.7106331906849437] [0.7142672828506108, -0.02520403796114875, 0.009987043025752334, -0.6993477418933021] [0.3354516625404358, 0.3272992968559265, 0.9368119239807129] [0.0, 0.0] 0.23089313507080078
pedestrian [1789.8446841679, 860.464322935579, 1.7630222180562487] [-0.3504730482377429, -0.019332338778268628, -0.019006452465084228, -0.9361803554342507] [0.6864433288574219, 0.7059196829795837, 1.7883107662200928] [-0.22614613103023573, 0.10471170387783718] 0.21289201080799103
pedestrian [1866.6139806971685, 883.137738137713, 0.6863900920931738] [0.390049902376223, -0.027106283149226907, -0.00048370629434891686, -0.9203945290462966] [0.603703498840332, 0.6072515845298767, 1.6666040420532227] [0.0, 0.0] 0.18167313933372498
traffic_cone [1872.902697390063, 840.260751687265, 1.0524121336315964] [0.17482419642204283, -0.026314807342033432, -0.006520388983559091, -0.9842263539386872] [0.47031494975090027, 0.464885950088501, 1.331673502922058] [0.00026399598401111385, 3.7315406124642404e-05] 0.14850470423698425
pedestrian [1859.730092937153, 825.0762463770462, 1.9570772615002467] [-0.16999012374170586, -0.02253382014741894, -0.015073536662277754, -0.9850727756223571] [0.7025254964828491, 0.700316309928894, 1.8117895126342773] [-0.29113969276012724, 0.10628556877815792] 0.14378614723682404
traffic_cone [1842.318808071656, 880.7756125376884, 0.7035524953086649] [0.7361703162659311, -0.024873304217290816, 0.010784400551693094, -0.6762531189510138] [0.356813907623291, 0.35241103172302246, 0.9322013854980469] [0.0, 0.0] 0.14066152274608612
traffic_cone [1871.5156089946795, 857.3616915177552, 0.818102839324585] [-0.9502843102744848, 0.0027917682872385715, -0.026966471548491924, -0.31020113650372383] [0.3842599391937256, 0.3854607343673706, 1.1815540790557861] [0.0, 0.0] 0.13418057560920715
traffic_cone [1802.9769544486346, 859.6203751424506, 1.6890569014250207] [0.7332333588300335, -0.0249197970423738, 0.010676529085435664, -0.6794364259744117] [0.3743841052055359, 0.3656902313232422, 1.3808348178863525] [0.0, 0.0] 0.12670883536338806
pedestrian [1871.9150310693637, 838.0744175498082, 1.087107046429624] [-0.5761493409680299, -0.013888345733775294, -0.02328300690899655, -0.8168947008912224] [0.6490380167961121, 0.6905488967895508, 1.7066965103149414] [-0.02537739275842171, 0.25069017379083686] 0.123463474214077
pedestrian [1840.0964574682598, 881.3421148118989, 1.0984316897707307] [0.6915768497205058, -0.02551002280443572, 0.009177325016715109, -0.7217939292988798] [0.5467283725738525, 0.5500068068504333, 1.3945400714874268] [0.0, 0.0] 0.12198567390441895
traffic_cone [1820.4140190504806, 873.273907534511, 0.41599584675894874] [0.1653758966772471, -0.02625105621397608, -0.006772488877504588, -0.9858579148337002] [0.3468042314052582, 0.32312309741973877, 0.702961802482605] [0.0, 0.0] 0.12000001966953278
traffic_cone [1843.4470254339135, 888.2686572076186, 0.6237858905062643] [0.8739754528652919, -0.021659170105382482, 0.016305364402286786, -0.4852132760250518] [0.48856648802757263, 0.510530412197113, 1.075305700302124] [0.0, 0.0] 0.11129407584667206
pedestrian [1867.0149272972794, 884.6266817103639, 0.7312296665150909] [0.5366045767006563, -0.026814394753666843, 0.003996597545385259, -0.8433982118228404] [0.5216861963272095, 0.5223585367202759, 1.6196694374084473] [-4.961288990015889e-05, 0.0003646100705298144] 0.10967002063989639
traffic_cone [1842.288661463841, 881.4035531535059, 0.604117471814018] [0.8592873083740699, -0.022130567342829213, 0.015659583232952155, -0.5107742525904191] [0.42757296562194824, 0.4689485430717468, 0.8427157402038574] [0.0, 0.0] 0.10279668867588043
pedestrian [1863.317896738483, 881.8701002067872, 0.7769310843782204] [0.8347489680771515, -0.022831021561839644, 0.014619473738410306, -0.5499628857806549] [0.580821692943573, 0.5975990891456604, 1.6712573766708374] [0.0748382489015201, 0.011960540424682009] 0.1001145988702774
