car [1873.8257914710125, 853.561533250454, 0.9113828473687998] [-0.7311368931784268, 0.024078621536224733, -0.009206354273035344, 0.6817435782310777] [1.8989310264587402, 4.52618932723999, 1.7095084190368652] [0.0, 0.0] 0.863975465297699
car [1844.742165319996, 876.2090467923362, 0.8289409423568889] [-0.012506925895421912, 0.02329421098591117, 0.01104158995023982, 0.9995894356337316] [1.9699594974517822, 4.805219650268555, 1.8198796510696411] [0.0, 0.0] 0.8491183519363403
car [1875.2292961197084, 874.6254293367703, 0.6694839223018516] [-0.012276231133632604, 0.023291662086025497, 0.01104696570809307, 0.9995922954760453] [1.8406167030334473, 4.614199161529541, 1.522552490234375] [-0.023413017762743682, 0.011416200357405515] 0.844789981842041
car [1836.286132654455, 847.839945962066, 1.0359988382742449] [-0.731009123637781, 0.02408034635662342, -0.009201841849892605, 0.6818805791223557] [2.0134050846099854, 4.699913024902344, 1.733998417854309] [0.0, 0.0] 0.8225151300430298
car [1838.7383476086213, 876.2765536057927, 0.896151105111923] [-0.017313929433809168, 0.023347041974061136, 0.010929437549426275, 0.9995177291441492] [1.9453014135360718, 4.786644458770752, 1.7265605926513672] [0.0, 0.0] 0.8152753114700317
car [1881.3716056958363, 854.9292832855522, 0.79452837980912] [0.6909205259894728, 0.008901605225979175, 0.024192941087974446, 0.7224709612104462] [1.903445839881897, 4.406763553619385, 1.6006094217300415] [0.0, 0.0] 0.772425651550293
car [1856.8863038953473, 876.0270553573289, 0.5636974917628336] [0.012345448135644876, 0.023012532738554303, 0.011617241972273292, 0.9995914430087155] [1.8768588304519653, 4.743087291717529, 1.4952244758605957] [0.0, 0.0] 0.7586434483528137
car [1850.4874020501957, 853.856557387306, 0.8777000913207527] [0.703805863247901, 0.008464937122038517, 0.024349164536084517, 0.7099244818174627] [1.9782564640045166, 4.764882564544678, 1.5844441652297974] [0.0, 0.0] 0.7482267022132874
car [1893.716767059317, 854.7853256461934, 0.8020193571841427] [0.669802111500644, 0.009595464352368278, 0.023926220720118158, 0.7420920390727788] [1.833533525466919, 4.30999755859375, 1.598098635673523] [-3.360595576884921e-06, 2.4372665446793978e-05] 0.7182790040969849
car [1830.5010120489535, 859.4957896164225, 1.3009598132809987] [0.6940551458565826, 0.008796335323815015, 0.024231414712236388, 0.7194601570176862] [2.077396869659424, 4.864898681640625, 1.7705650329589844] [0.0, 0.0] 0.7146254777908325
car [1844.293976653913, 860.2778002838149, 0.9487196301866808] [0.687511104511308, 0.009015419282945936, 0.024150759599608215, 0.7257161595276469] [1.9172135591506958, 4.525690078735352, 1.5538029670715332] [0.0, 0.0] 0.6860640645027161
car [1876.3281187313792, 854.0677572681484, 0.7922676270149408] [0.7003336100284014, 0.008583641214252587, 0.02430757243309924, 0.71335005270239] [1.8070260286331177, 4.276639938354492, 1.53429114818573] [0.0, 0.0] 0.6819634437561035
car [1888.9513543221838, 854.1018360534721, 0.8002584911959449] [0.7093314532163356, 0.008274423776704985, 0.024414562974767358, 0.7044035437900048] [1.9011726379394531, 4.365783214569092, 1.5825772285461426] [0.0, 0.0] 0.6750777363777161
car [1841.4715488448053, 860.158632127525, 1.1247430040648845] [0.678200470250153, 0.009322669822421314, 0.02403382619283698, 0.7344246626975346] [2.037325620651245, 4.8375654220581055, 1.7822279930114746] [0.0, 0.0] 0.6721169352531433
car [1823.7998995483752, 875.4717512970676, 0.9872465531877079] [-0.00362058297624962, 0.023195136379609665, 0.01124822752333407, 0.9996611197825132] [1.9846622943878174, 4.868278503417969, 1.7703531980514526] [0.0, 0.0] 0.6605492830276489
car [1875.2550840355034, 840.9950216443448, 1.140329897408003] [-0.7149206644215663, 0.024288238919910384, -0.008638195659669456, 0.6987302101733843] [2.0090246200561523, 4.5642571449279785, 1.7460013628005981] [0.0, 0.0] 0.6567916870117188
car [1878.9437209627758, 854.4106861287736, 0.7762775741860208] [0.6524070255346015, 0.010147915845557683, 0.023697189244230234, 0.7574302186069748] [1.8829357624053955, 4.387995719909668, 1.545567274093628] [0.0, 0.0] 0.648162841796875
car [1877.9517035602275, 841.5269388418641, 1.0063435634237639] [0.7172268909673891, 0.007998680756827992, 0.024506286545205726, 0.6963627286832406] [1.9703694581985474, 4.572014808654785, 1.7127805948257446] [0.0, 0.0] 0.6449762582778931
car [1891.5914165124136, 854.1494681437612, 0.788748475667501] [0.6516833028149623, 0.010170544513378852, 0.023687486113700654, 0.7580529901386169] [1.863333821296692, 4.244067192077637, 1.5747441053390503] [0.00044104709186434466, -0.00013581994915936652] 0.6368333101272583
car [1842.8763025530907, 847.8492440112601, 0.814972780477563] [-0.6969792574971989, 0.024499398939597725, -0.008019752220849443, 0.7166277817978934] [1.9008378982543945, 4.417430400848389, 1.5528814792633057] [0.0, 0.0] 0.6338032484054565
car [1817.7331223082974, 875.6569015569869, 1.1723320990785073] [0.00877788788793575, 0.023053847415494988, 0.01153503764313133, 0.9996291370854207] [1.9618117809295654, 4.667229652404785, 1.7599343061447144] [0.0, 0.0] 0.6223609447479248
car [1883.9364356444078, 854.8983038367581, 0.9314786329632819] [0.7262286636500498, 0.007679076887036993, 0.024608306570106687, 0.6869697163041314] [1.9208526611328125, 4.3939409255981445, 1.6606911420822144] [0.0, 0.0] 0.6211920380592346
car [1827.865046196871, 859.9445869346753, 1.1759762128946707] [0.7124620828211979, 0.008165590446000374, 0.024451178023841082, 0.7012369382512562] [1.9181466102600098, 4.466160774230957, 1.598061442375183] [0.0, 0.0] 0.570336103439331
car [1880.9507533764863, 841.1444886164195, 1.0725734344022957] [0.7271551146141731, 0.007645859311921865, 0.024618647596236467, 0.6859889957691483] [1.9784271717071533, 4.618719100952148, 1.7986375093460083] [0.0, 0.0] 0.556171178817749
car [1819.3698616408547, 859.5592744030864, 1.3061279579601575] [-0.7145521090239316, 0.024292790655935467, -0.008625386729432846, 0.6991071066119748] [1.820357084274292, 4.2103800773620605, 1.553147792816162] [0.0, 0.0] 0.5543533563613892
car [1820.8370388462204, 868.0098898749675, 1.267129399759959] [0.999383598508126, -0.010776983861287509, 0.02341780504101378, 0.023830360023816898] [1.9048800468444824, 4.320688247680664, 1.6216647624969482] [8.573475048247643, 0.4173188275134374] 0.5520538091659546
car [1831.2537136048354, 875.4129893311132, 1.2717535543155034] [-0.02130334058341179, 0.02339048055864642, 0.010836161373889076, 0.9994406589217305] [2.125518560409546, 5.646048545837402, 2.416503667831421] [0.0, 0.0] 0.5412440896034241
car [1898.8372640336445, 855.080999473063, 0.8228012822709667] [0.6707174716850204, 0.00956592793789144, 0.023938044965544907, 0.7412648219107457] [2.016296863555908, 4.695102214813232, 1.7338281869888306] [0.0, 0.0] 0.5360859036445618
car [1909.3315101426006, 854.8236733574142, 0.9819306077755152] [0.6151632967923698, 0.011277657784166086, 0.02318084142106623, 0.7879781604241697] [1.9137855768203735, 4.491358757019043, 1.646974802017212] [0.0, 0.0] 0.514042317867279
car [1812.2810374372987, 875.6740099017627, 1.0161327129059978] [0.004019604382763546, 0.023108492442107133, 0.011425171820960034, 0.9996595949654673] [1.950113296508789, 4.752295970916748, 1.7035458087921143] [0.0, 0.0] 0.5078365206718445
car [1805.0482303069539, 875.2864661829407, 0.8426046780511607] [0.0595022978924875, 0.02243867903405896, 0.012690258361903614, 0.9978952548095563] [1.9169474840164185, 4.571435451507568, 1.7171359062194824] [0.0, 0.0] 0.48906055092811584
car [1912.0603130902282, 855.5590684093107, 0.9322178920801516] [0.5754553118261382, 0.012409873425141932, 0.022594955535635335, 0.8174268451164288] [1.9868249893188477, 4.6251349449157715, 1.740159034729004] [0.0, 0.0] 0.426275372505188
car [1896.4373394435295, 854.4650276683437, 0.8110021978296307] [0.6741056975205366, 0.009456182668238777, 0.023981609275240102, 0.7381849169390192] [1.9271442890167236, 4.4666876792907715, 1.618682622909546] [-0.0004303947597163152, 0.0017667175960669696] 0.38900312781333923
car [1859.7837190655405, 843.9918151750873, 0.9951215119313757] [-0.9991356642794589, 0.01208143291369708, -0.022772262795717483, 0.03260962113794333] [1.982559323310852, 4.673976898193359, 1.7973088026046753] [0.0, 0.0] 0.3524489998817444
car [1886.3960500076225, 854.4787333108159, 0.8899786516256826] [0.7315513878719366, 0.007487389000929577, 0.02466730589331029, 0.6812987816872704] [1.8818765878677368, 4.375695705413818, 1.5795855522155762] [-0.0027180907946830124, 0.0007958573821980077] 0.3445228636264801
car [1878.591453096195, 835.6135336459732, 1.5132245142795338] [0.6978001853484084, 0.008669764343933434, 0.024276988287389407, 0.715828446175229] [2.014059066772461, 4.6644182205200195, 1.7400285005569458] [0.0023078905450062827, 0.007384868038754861] 0.33509159088134766
car [1830.8096027857364, 846.9370871076865, 0.9138688321365149] [-0.6983395611280659, 0.02448411753969612, -0.00806628553844498, 0.7153022580625451] [1.8962980508804321, 4.377249717712402, 1.6085530519485474] [0.0, 0.0] 0.3196716010570526
car [1816.4342987259479, 859.5661300980672, 1.2287340731549794] [0.34797459471852094, 0.017761587416268883, 0.018683227412297387, 0.9371494781817877] [1.9439148902893066, 4.5564284324646, 1.68886137008667] [0.0, 0.0] 0.27403584122657776
car [1859.306122435247, 822.8987603398426, 2.174591096426684] [-0.6818986606937668, 0.024661155518164658, -0.007507621633665263, 0.7309922568467898] [1.964071273803711, 4.527787208557129, 1.7372323274612427] [0.0, 0.0] 0.2331227958202362
car [1850.8129102557905, 876.3515895077129, 0.7992260451217323] [-0.015394124902302804, 0.0233260067508245, 0.010974260027257944, 0.9995491403349853] [2.1176397800445557, 5.774713039398193, 1.9376420974731445] [0.0, 0.0] 0.2219340205192566
car [1819.9070635732648, 847.2067537905043, 1.436721357312313] [-0.7245795941199652, 0.024165617599222408, -0.008975516705657341, 0.6887088461831039] [1.9757170677185059, 4.593081474304199, 1.719183325767517] [0.0, 0.0] 0.21706730127334595
car [1814.5451280797442, 847.0144276774835, 1.6312315107949409] [-0.7281947685404664, 0.024118037658760413, -0.0091025948814608, 0.6848852765947098] [1.9716596603393555, 4.608554840087891, 1.7167667150497437] [0.0, 0.0] 0.19038110971450806
car [1860.6694125634533, 847.4901210237588, 0.6866636809476959] [-0.0032727287686713964, 0.023191220908118315, 0.011256298098230947, 0.9996623191219736] [1.9087333679199219, 4.507309913635254, 1.6279724836349487] [0.0, 0.0] 0.18916760385036469
car [1860.401775558609, 840.9124918631811, 1.1872931679256005] [0.9991390249190619, -0.01057325535971563, 0.023510492236098045, 0.03250649027043695] [2.0037434101104736, 4.652418613433838, 1.7940129041671753] [0.0, 0.0] 0.18414108455181122
car [1860.9996422163804, 824.0195258507812, 2.1737753390559913] [0.1659716043332131, 0.020951451168669175, 0.015019110093885481, 0.9857935329372856] [2.0075647830963135, 4.755853652954102, 1.7997243404388428] [0.0, 0.0] 0.1587328314781189
car [1903.811733387918, 854.6364882613763, 0.988502882345027] [0.7115272884365805, 0.008198156165285117, 0.024440278426707405, 0.7021854319451543] [2.0407214164733887, 4.73757791519165, 1.765026569366455] [0.0, 0.0] 0.15372519195079803
car [1859.446899777853, 836.571095877756, 1.3628125610613813] [-0.9971281591999668, 0.012952741123620867, -0.022288191300997094, 0.07121023210467331] [1.9038509130477905, 4.416912078857422, 1.6903280019760132] [0.0, 0.0] 0.15058735013008118
car [1897.8221197271087, 883.8369497328492, 0.6636718003535151] [-0.9959506448191796, 0.013284882932177227, -0.02209182789095841, 0.08612651223738359] [1.9196828603744507, 4.593774795532227, 1.7021818161010742] [0.020957561729233166, 0.003935007126332164] 0.1337120682001114
car [1821.9090824194923, 859.2002562275458, 1.2326614224265238] [0.7052324781405502, 0.00841594077048676, 0.024366142801704183, 0.7085073145717371] [1.9354305267333984, 4.527790546417236, 1.616810917854309] [0.0, 0.0] 0.13020426034927368
car [1833.6477629724855, 847.5949930140943, 1.0089376435943431] [-0.7308924261651263, 0.024081920668624218, -0.00919772096747186, 0.6820056630266138] [1.9115498065948486, 4.445255279541016, 1.6193162202835083] [0.0, 0.0] 0.12857328355312347
car [1877.0487927313588, 834.9236316244626, 1.5641423195410629] [0.6758463640141512, 0.009399545810631306, 0.0240038645355123, 0.7365915796930937] [2.0177078247070312, 4.668464183807373, 1.7459428310394287] [0.0, 0.0] 0.12798990309238434
car [1901.2967679490293, 855.6864797360586, 0.8710474619245697] [0.6576308803429485, 0.009983749604086933, 0.023766819684767997, 0.7528991222237376] [1.9876235723495483, 4.638686180114746, 1.7188537120819092] [-0.001647693265192108, -0.0011354688150134419] 0.11782783269882202
car [1828.2873175487046, 847.4227718159557, 1.0643309388790714] [-0.732924224886271, 0.02405436816421434, -0.009269538624214988, 0.6798216998601729] [1.9737052917480469, 4.574653625488281, 1.7063119411468506] [0.0, 0.0] 0.11523722857236862
car [1866.1985153351425, 850.1353990539542, 1.089164298073117] [-0.9995924278524074, 0.011615400169707187, -0.023013462429259703, 0.01226544764961434] [1.885467767715454, 4.4712419509887695, 1.6086766719818115] [0.0, 0.0] 0.1146087720990181
car [1813.3644977439453, 847.9943452391418, 1.5196253072026569] [-0.4555654807533311, 0.0257744250577443, -0.000464744045797905, 0.8898289474791782] [1.9192543029785156, 4.467276096343994, 1.679802417755127] [0.0, 0.0] 0.11045879870653152
car [1823.9121228269742, 869.4809310684683, 1.1654761056777188] [0.9983087551869189, -0.010109868064820591, 0.02371344643440304, 0.0521065479864102] [1.8317614793777466, 4.351307392120361, 1.5150355100631714] [8.219455331074629, 1.2266728799624647] 0.10926486551761627
car [1907.3160258380121, 887.1885189020583, 0.32021685320557924] [-0.9584179248298529, 0.01744721834496721, -0.018977132188727076, 0.28420159111228493] [1.9132297039031982, 4.509519577026367, 1.7281618118286133] [0.0, 0.0] 0.10534992814064026
car [1812.9186696219276, 858.8660292712447, 2.0516727712802902] [-0.6525497332078712, 0.024937965111703708, -0.006529538281749376, 0.7573072749658832] [2.164017677307129, 5.250582695007324, 2.2083067893981934] [0.0, 0.0] 0.10432504862546921
car [1838.678478918735, 859.8511006216007, 1.1029898729859284] [0.6960771662596447, 0.008728106280725135, 0.024256074184371805, 0.7175040359732193] [1.9677362442016602, 4.614650726318359, 1.6666885614395142] [0.0, 0.0] 0.1024407297372818
car [1906.786891432862, 854.1209120545968, 1.0079283204594633] [0.6336436871727559, 0.01072576815505718, 0.02344130695096464, 0.7731954091509019] [1.9644553661346436, 4.572193622589111, 1.7219269275665283] [0.0, 0.0] 0.10195120424032211
car [1858.4629564083498, 834.8748626901184, 1.524281167775746] [-0.7058451559839534, 0.02439767889344428, -0.008324075846468807, 0.7078969408041713] [1.9885860681533813, 4.6460280418396, 1.7585519552230835] [0.0036531436850148397, -0.014344208597266006] 0.10098585486412048
construction_vehicle [1903.8582615799523, 880.4813351365545, 1.107369627408201] [0.6947689800550457, 0.008772277540719341, 0.024240134505278076, 0.718770844831082] [2.59352707862854, 7.211512088775635, 2.9757769107818604] [0.0, 0.0] 0.8318089842796326
truck [1850.7773782944337, 876.3390046548975, 0.8248399166810971] [-0.0214063392572236, 0.023391597170548593, 0.010833750776908463, 0.9994384581681457] [2.1087098121643066, 5.630806922912598, 1.9321672916412354] [0.0, 0.0] 0.6845298409461975
construction_vehicle [1910.2445129397704, 874.8378189859774, 1.2925658563184856] [0.05647013557639538, 0.02247713205604915, 0.01262202474329334, 0.9980714337230072] [2.62343430519104, 7.377170562744141, 3.197054147720337] [0.0, 0.0] 0.6231257915496826
truck [1860.2704552888194, 843.9909555332342, 1.0095314692405035] [-0.9992504042368764, 0.01199636366764224, -0.022817191607186347, 0.02888066236004763] [2.124530792236328, 5.570431709289551, 1.9508780241012573] [0.0, 0.0] 0.37950146198272705
truck [1880.957818586406, 841.0461997180691, 1.0105158657341364] [0.7242563973385867, 0.007749588045029519, 0.024586192450595463, 0.6890487166667151] [2.0351970195770264, 4.9843525886535645, 1.8885666131973267] [-0.000579743581358284, -0.0007055799615912293] 0.2517802119255066
truck [1859.8805379137711, 840.9244323600103, 1.1101189616982627] [-0.9738836314950943, 0.01626473622957321, -0.019999883236353915, 0.22557955433027038] [2.107180595397949, 5.341710090637207, 1.877264142036438] [0.0, 0.0] 0.21334081888198853
truck [1877.962172405418, 841.0830473489455, 0.957990969551425] [0.701147222147897, 0.008555896059527788, 0.02431735217296362, 0.712550374289568] [2.117187023162842, 5.426841735839844, 1.917151689529419] [0.0, 0.0] 0.19058656692504883
truck [1812.9090897934584, 858.8945348679697, 2.3230364936153034] [0.6961573919991373, 0.008725393952855747, 0.024257049994854077, 0.7174261973129191] [2.357635974884033, 6.125540256500244, 2.976618528366089] [0.0, 0.0] 0.17169547080993652
truck [1831.060788610911, 875.4076114716572, 1.318870893895081] [-0.020580437282224747, 0.02338263661963219, 0.010853076927748067, 0.99945580624017] [2.178684949874878, 5.943947792053223, 2.1912527084350586] [0.0, 0.0] 0.15794576704502106
truck [1819.3910833010902, 859.1086366021619, 1.437592719156188] [-0.7027182366168176, 0.024434130369920603, -0.008216461960668083, 0.7110010850568836] [2.0143837928771973, 5.0461015701293945, 1.8526475429534912] [0.0, 0.0] 0.13760894536972046
truck [1861.1272138550453, 823.5647901477136, 2.2283996706597957] [0.07302923638479825, 0.022264523720601677, 0.012993381298959364, 0.996996586583409] [2.1811816692352295, 5.760847091674805, 2.009683609008789] [0.0, 0.0] 0.13682624697685242
truck [1876.3026934561028, 854.0055016341969, 0.8197013940156642] [-0.7290767835025498, 0.024106287011169163, -0.009133668519303653, 0.6839462747785763] [1.8422945737838745, 4.5647382736206055, 1.693832278251648] [0.0, 0.0] 0.13636136054992676
truck [1912.1090443199698, 855.4285351608748, 0.9943887710088889] [0.5963956327604187, 0.011821585884537503, 0.02290823173577318, 0.8022765808935318] [2.0457472801208496, 4.861640930175781, 1.9179794788360596] [0.0, 0.0] 0.13393370807170868
truck [1883.9359315715737, 854.4750042624846, 1.0609480449277773] [0.7208875744184624, 0.00786939278301267, 0.024548108507827026, 0.6925724280354956] [1.9334511756896973, 4.876799583435059, 1.8037524223327637] [-5.622779173577024e-05, -6.843230498076902e-05] 0.12948042154312134
truck [1811.7014587531223, 875.6233722954644, 0.9091769672687717] [-0.99218012763083, 0.01407589207646313, -0.021596440362641814, 0.12212312377427041] [2.0874722003936768, 5.654329299926758, 1.8448140621185303] [0.0, 0.0] 0.12469567358493805
truck [1898.8599070842286, 855.0002362806081, 0.8693353433328542] [0.6741428320343238, 0.009454976229758903, 0.023982084950647554, 0.7381510042279] [2.023916721343994, 5.080990314483643, 1.848585844039917] [0.0, 0.0] 0.11174464970827103
truck [1816.4463215053731, 859.5062270641943, 1.4220917798828867] [-0.6947871558969165, 0.02452377999534791, -0.00794488444378867, 0.7187532754892945] [2.0141870975494385, 5.144441604614258, 1.895388126373291] [0.0, 0.0] 0.10096865892410278
bus [1897.5667136664829, 864.4440254993837, 1.524219817922569] [-0.9996541142653542, 0.011452616550297924, -0.023094903079190956, 0.00520719293534256] [2.759122371673584, 8.989752769470215, 3.2179670333862305] [0.0, 0.0] 0.8428747057914734
trailer [1839.496435838149, 887.0247274910776, 2.2918648359152947] [-0.06752868328529966, 0.023866857300107784, 0.009742181311270772, 0.9973842489029338] [2.953401565551758, 14.23223876953125, 4.128478050231934] [0.0, 0.0] 0.13003699481487274
barrier [1851.710304298335, 883.0929133470062, 0.3141267880266216] [-0.9952267729699994, 0.01346189065869517, -0.021984414342408977, 0.09412296951136402] [2.9631989002227783, 0.5265181660652161, 0.9007654786109924] [0.0, 0.0] 0.14688526093959808
barrier [1846.4117936818004, 862.1088229462218, 0.4823568500051444] [0.7283701477657658, 0.007602201397323842, 0.024632164094937115, 0.6846987592142928] [1.853318452835083, 0.4242842197418213, 0.8686147928237915] [0.0, 0.0] 0.11267425864934921
bicycle [1853.3195226817325, 849.5848012022248, 0.9091599633608098] [-0.997750147492809, 0.01274386749959528, -0.022408275597156975, 0.06188785182888121] [0.6194010376930237, 1.8231751918792725, 1.1478867530822754] [0.0, 0.0] 0.2850326597690582
bicycle [1853.4065723339677, 852.0567172449885, 0.7271200204642116] [-0.19275878457630513, 0.024904823180559667, 0.006654829556828602, 0.980907495126111] [0.5556505918502808, 1.7025620937347412, 1.0345525741577148] [0.0, 0.0] 0.28348612785339355
bicycle [1853.4949004908362, 851.4773567934, 0.750745292599309] [-0.04206041159099398, 0.023610535867413622, 0.010347925885845754, 0.998782451188802] [0.5674154758453369, 1.7002235651016235, 1.1035447120666504] [0.0, 0.0] 0.20214848220348358
motorcycle [1850.1949346954366, 886.7078291777801, 1.2478047179628782] [0.7845296933111306, 0.005456728973441282, 0.025194465324665814, 0.6195551818353706] [0.6959774494171143, 1.9919040203094482, 1.3375715017318726] [0.0, 0.0] 0.17423754930496216
bicycle [1911.2136246088232, 818.3501557239907, 1.9364416200501533] [0.49381712729683813, 0.01453410476625215, 0.0212907673118887, 0.8691835869447917] [0.7334212064743042, 1.8903136253356934, 1.5636050701141357] [0.0009870694256997967, -0.0009446664905700976] 0.16810822486877441
bicycle [1854.0877310060398, 850.1709428853401, 0.6749455765611002] [-0.2049658979568178, 0.02498580882803852, 0.00634399962910577, 0.9784295803483616] [0.5391677618026733, 1.6351349353790283, 1.104085087776184] [0.0, 0.0] 0.16137896478176117
motorcycle [1862.9071152785393, 902.9427098678035, 0.5844803852765775] [-0.7698452205602426, 0.023497508713247347, -0.010602078020664003, 0.6377098081466736] [0.7122889161109924, 1.8511327505111694, 1.3439931869506836] [0.0, 0.0] 0.15566833317279816
bicycle [1857.7463863464593, 877.5123212082341, 0.3361251552351531] [0.37630178711568096, 0.01718543556878747, 0.019214519988707403, 0.9261384497144369] [0.44296368956565857, 1.3904695510864258, 1.0748627185821533] [0.0, 0.0] 0.15297338366508484
bicycle [1828.2660286723617, 861.8691177741252, 0.9102472231782541] [0.18578409517357228, 0.020644838142567165, 0.015437863587704924, 0.9822523774501403] [0.532802939414978, 1.6026442050933838, 1.056689739227295] [-0.0007137777956779707, 0.00039100777783339884] 0.14868171513080597
bicycle [1858.6207369773558, 854.6312148977825, 0.7861962548895098] [0.3181364089779326, 0.018344071994080797, 0.018111653617529304, 0.9476944066040177] [0.5597084760665894, 1.562171220779419, 1.1363191604614258] [0.0, 0.0] 0.1354208141565323
bicycle [1867.9261517997256, 850.7803868128505, 0.7563430480272101] [0.010861826209459361, 0.02302974987294162, 0.011583073636782557, 0.9996086653072347] [0.4743325710296631, 1.5045857429504395, 1.0463417768478394] [0.0, 0.0] 0.12895025312900543
motorcycle [1853.4641634639233, 850.886701682773, 0.7874880019486914] [0.23455807045894103, 0.019848921670428635, 0.016448625553722427, 0.9717602454353101] [0.6072614192962646, 1.764688491821289, 1.1940678358078003] [0.0, 0.0] 0.12795709073543549
bicycle [1854.5721038961974, 823.3629665755059, 2.076381249973659] [-0.06090988808959291, 0.02380169590441285, 0.00990031545756186, 0.9978103269453714] [0.7219038605690002, 1.7653497457504272, 1.782771348953247] [-2.1459355577182646, -0.37944194021609656] 0.1262403130531311
motorcycle [1853.4901575542603, 830.8794632977508, 1.3427587789733453] [-0.9901428290926441, 0.014412860634782943, -0.021373030257960758, 0.1376685912702349] [0.6594452261924744, 1.854827642440796, 1.2558294534683228] [0.0, 0.0] 0.11430827528238297
motorcycle [1863.870872080508, 903.4626349582857, 0.7292832836955472] [0.9790812382004219, -0.006424017790530079, 0.024965355385260082, 0.20183010684693284] [0.6634713411331177, 1.888153314590454, 1.3328851461410522] [0.0001128501617657553, 1.9270466963967247e-05] 0.10984352231025696
motorcycle [1814.5145866096984, 875.6521664550788, 1.044112430094015] [-0.5827536160083399, 0.025419108059250375, -0.004290212064401293, 0.8122399190233883] [0.8797637820243835, 2.231110095977783, 1.4179308414459229] [0.0, 0.0] 0.10708107799291611
motorcycle [1854.0972994328445, 883.3203664322276, 2.484865514636252] [0.5320616629738626, 0.013570842338832212, 0.021917326759893434, 0.8463130920760967] [0.716007649898529, 1.794227123260498, 1.2214263677597046] [0.0, 0.0] 0.1033795177936554
bicycle [1808.070434776194, 877.2047357527804, 3.037826233675091] [-0.0028816753403680014, 0.023186815835637087, 0.011265369301076245, 0.9996635228781475] [0.6528013944625854, 1.326748013496399, 1.486228108406067] [-0.00593077133317329, 0.000214153713651031] 0.1031569316983223
traffic_cone [1864.0217910489525, 857.8158658390307, 0.6282570730688078] [0.8185738984723165, 0.004011548006546943, 0.025464572579891282, 0.5738224775710249] [0.4109485149383545, 0.41147756576538086, 0.844379723072052] [0.0, 0.0] 0.8424872756004333
pedestrian [1863.0451376030726, 876.2118873957352, 0.7377089424655051] [0.6176139687547071, 0.011205421195338133, 0.023215846095295527, 0.7860588073579325] [0.718389093875885, 0.8937227129936218, 1.7685080766677856] [-0.3308161096418592, 1.2850383066034408] 0.747978687286377
pedestrian [1837.2522948987341, 879.1437283773075, 0.9779582038930887] [0.9992584075354789, -0.010665034700811619, 0.023469001020833116, 0.02860241240830414] [0.5729403495788574, 0.6411476731300354, 1.764352560043335] [1.2246045782959556, 0.07390707418396272] 0.6513451933860779
traffic_cone [1839.0228426146657, 850.2599083299691, 0.41991883960052223] [0.7680715658380861, 0.006113247091213128, 0.02504326624238851, 0.6398449286951852] [0.36412233114242554, 0.36486294865608215, 0.798077404499054] [0.0, 0.0] 0.6329821348190308
pedestrian [1837.482144214739, 878.4201785657383, 0.9478283813306557] [0.998880085512256, -0.010404303228602077, 0.023585746721541005, 0.0396741451444621] [0.5978267192840576, 0.6804379820823669, 1.7813434600830078] [1.2963406146838203, 0.13025026084076124] 0.6259599924087524
traffic_cone [1863.0484770639125, 903.2498433088133, 0.6680252425087807] [-0.2681562937125652, 0.025345457088118604, 0.00470582395332849, 0.9630304591072166] [0.37217801809310913, 0.35717248916625977, 1.2329128980636597] [-9.399586310968317e-05, -0.000452870057230231] 0.33157482743263245
pedestrian [1853.109492299867, 834.6319265249614, 1.8697361569646507] [-0.577430698299242, 0.025446614376199207, -0.004123929057875927, 0.8160326290581559] [0.6351441144943237, 0.6316348910331726, 1.7792706489562988] [-8.775623397221423e-05, -0.08317840755508532] 0.2918739318847656
pedestrian [1854.5962598668652, 823.4322479969654, 2.121970234518578] [-0.10579422099529659, 0.02422349407472688, 0.008818123887599536, 0.9940538445325354] [0.6948744058609009, 0.7460993528366089, 1.8717288970947266] [-1.2152518316592518, -0.23801020427094635] 0.2510871887207031
pedestrian [1852.998877427194, 831.0550126683686, 1.5460124626509035] [-0.8869938354065097, 0.020733971321636572, -0.015317943965132332, 0.4610611661989823] [0.6232653856277466, 0.6587417125701904, 1.434946060180664] [0.0050200312189214395, -0.011833556485327112] 0.2390996217727661
traffic_cone [1864.039045109338, 857.4319436524081, 0.6361264633688324] [0.866330929157965, 0.0017326215201539747, 0.02572032264092504, 0.4988047556010396] [0.4428621232509613, 0.4578264057636261, 0.8346705436706543] [0.0, 0.0] 0.23266977071762085
traffic_cone [1902.3557570694081, 877.2559442132699, 0.36395147825124] [0.07095506604274911, 0.02229150515995044, 0.012947037181891647, 0.9971463491528137] [0.39812302589416504, 0.39310622215270996, 1.0016764402389526] [-0.00012338024502965206, 0.00018973354311499686] 0.22402000427246094
pedestrian [1911.2395751091858, 818.3740896868005, 2.1510787402421654] [0.9828738073989014, -0.006915475954432078, 0.024833710282780006, 0.18246791979715993] [0.6489794254302979, 0.6672801375389099, 1.7452359199523926] [0.04059032375124931, -0.04899508977561617] 0.21083727478981018
traffic_cone [1858.5303834287695, 855.1664844888666, 0.7091544739770581] [0.5321207822677092, 0.013569311234835126, 0.021918274719912582, 0.8462759219691394] [0.36540815234184265, 0.3663681447505951, 0.7548313140869141] [7.836497708016429e-05, 5.60987344857039e-05] 0.2034139633178711
pedestrian [1808.1907316740906, 877.1252307598062, 2.6027402060380074] [-0.05644516519210217, 0.023757164579941974, 0.010006703013826891, 0.9980728462153211] [0.6303118467330933, 0.6585648059844971, 1.7790719270706177] [-0.6255939840611573, -0.06494620183556912] 0.20269490778446198
pedestrian [1865.894238213402, 883.6912761433778, 0.9598390039448186] [0.891011110421906, 0.0003976891438092173, 0.025775546889062854, 0.4532490089681804] [0.6359720230102539, 0.685055136680603, 1.814404010772705] [0.8201457329604066, 1.0253208477270717] 0.19513221085071564
traffic_cone [1867.9774275072548, 850.7843047145137, 0.7574853075353145] [-0.9225697007010752, 0.019374798732646224, -0.01700453316486025, 0.3849683238582679] [0.4418346881866455, 0.4522949755191803, 1.100042462348938] [-0.0001915119222094666, -2.0955664810853546e-05] 0.1939188688993454
traffic_cone [1871.6133084398782, 857.4539952297831, 0.753000835005057] [0.9962231698194951, -0.00937264776059567, 0.0240143800261673, 0.08291476913501653] [0.3524205684661865, 0.3504143953323364, 0.9780422449111938] [0.0, 0.0] 0.1801415979862213
traffic_cone [1905.5776917597743, 875.0079714937168, 0.29415547202875336] [-0.8540135873204089, 0.021716252289003823, -0.013890333351137327, 0.519611639301933] [0.4463864862918854, 0.4492800235748291, 1.0427265167236328] [0.0, 0.0] 0.17868098616600037
pedestrian [1869.0239915833295, 850.9618327802515, 0.8569111695567255] [-0.6955591783737156, 0.024515227692667188, -0.00797123486431466, 0.7180061924565816] [0.5760068297386169, 0.554334819316864, 1.5222067832946777] [0.0, 0.0] 0.17358237504959106
traffic_cone [1864.3084940047427, 857.7790596782562, 0.6289704920633088] [0.7884669511416602, 0.005295858226069599, 0.025228770476080534, 0.6145366791195548] [0.4416804313659668, 0.4562486410140991, 0.8436813354492188] [0.0, 0.0] 0.1731366664171219
traffic_cone [1857.6229552808718, 849.8713265836758, 0.611226679431951] [-0.6993971759129981, 0.02447215565921033, -0.008102504025099997, 0.7142681942735787] [0.3352145552635193, 0.3436598777770996, 0.7571587562561035] [0.0, 0.0] 0.16293765604496002
traffic_cone [1907.3462625316245, 874.052785769277, 0.6709470201702448] [-0.44437463726404286, 0.025778225791104, -0.00014159501489234078, 0.8954700691716982] [0.5050515532493591, 0.5139840841293335, 1.4028936624526978] [3.893114333262909e-05, -5.1525238639367347e-05] 0.15335971117019653
traffic_cone [1864.5140475913174, 857.2726021002162, 0.6177358447578263] [0.8561006681258078, 0.0022507060093878402, 0.025680173218743822, 0.5161657767233908] [0.41730958223342896, 0.43283703923225403, 0.8186060190200806] [0.0, 0.0] 0.14589346945285797
pedestrian [1854.170537633366, 832.8920812872298, 1.95121795775247] [-0.8563246939962776, 0.021654027583397815, -0.01398713921796835, 0.5157940300915641] [0.7142941951751709, 0.781223475933075, 1.8431657552719116] [0.3245950693668556, -0.7844045035491963] 0.14561313390731812
pedestrian [1840.6304687280528, 881.0971246468912, 0.8572129397178772] [-0.7905652613427592, 0.023133078099242033, -0.011375309742585058, 0.6118349700564448] [0.5134888887405396, 0.5144072771072388, 1.3871945142745972] [0.0002492834654613125, -0.0006637998815430909] 0.14531166851520538
pedestrian [1837.7171369850448, 878.9506002588283, 1.000084772687651] [0.9989053342382073, -0.010419433333272629, 0.02357906662908583, 0.039033271146182526] [0.6233908534049988, 0.747874915599823, 1.8270068168640137] [1.2209717796436441, 0.09068117162693817] 0.14251278340816498
pedestrian [1907.09517583975, 874.4227766163079, 0.6452358350201847] [-0.5172846625221372, 0.02567720853551388, -0.002284280173077485, 0.8554250644827252] [0.5815454721450806, 0.6137973070144653, 1.4756972789764404] [-7.046064395018556e-05, -0.0017584415880387797] 0.14136618375778198
pedestrian [1836.9700866440296, 878.4207514298424, 0.9666414651352676] [0.9990371272284684, -0.010502754495457237, 0.02354207132122266, 0.03550044288462958] [0.6351661086082458, 0.7399684190750122, 1.8140013217926025] [1.2821290368546767, 0.07625489948262953] 0.13553079962730408
traffic_cone [1871.541734197566, 884.3667517209584, 0.801043150556001] [-0.6332855425790012, 0.025094382590492532, -0.005899909871122351, 0.7734887746996306] [0.4423563480377197, 0.4322681725025177, 1.3806079626083374] [0.0, 0.0] 0.13502191007137299
pedestrian [1853.7187236467857, 830.838921241841, 1.517339072713467] [-0.2704645942635034, 0.02535666745089022, 0.004645039275436335, 0.9623847288251172] [0.6356977224349976, 0.7033811807632446, 1.2392776012420654] [0.002649420064867887, -0.003661127550505995] 0.13389883935451508
pedestrian [1907.700944837999, 879.337894465274, 1.1712845854856258] [-0.2328867642514707, 0.02515715158489673, 0.0056262508138110665, 0.9721621356864274] [0.7118732333183289, 0.7124031782150269, 1.8815438747406006] [-0.04913946037708679, -0.01265596058750056] 0.13133949041366577
pedestrian [1837.7869134612095, 878.0469306705652, 0.944158728079513] [0.9983873665600456, -0.010146164429832287, 0.023697939181460233, 0.05057795289662412] [0.6364256739616394, 0.7321712374687195, 1.7931771278381348] [1.1206378294085413, 0.09560830601680358] 0.12995685636997223
traffic_cone [1858.4996992541126, 854.6765107284382, 0.8100187851196741] [0.5476259924336029, 0.013163086544347025, 0.02216461429196123, 0.8363260341738904] [0.4261469841003418, 0.44951122999191284, 0.899978756904602] [6.32240094924468e-05, -2.074231348851237e-06] 0.12875288724899292
traffic_cone [1873.192183960911, 838.2411305691387, 1.1476119107639384] [0.7153183969938438, 0.008065719690977339, 0.024484303950734684, 0.6983230297992997] [0.40264201164245605, 0.40622204542160034, 1.05070161819458] [0.0019207233509588942, 0.0016720462177969547] 0.12602517008781433
traffic_cone [1902.721341943171, 877.4105092453148, 0.5702304661978899] [0.0071361394909010625, 0.02307276084273631, 0.011497159700520636, 0.9996422052610034] [0.404133677482605, 0.40748435258865356, 1.1431516408920288] [-0.0005865685968843325, -0.0003921413440712855] 0.12586770951747894
traffic_cone [1901.34749685824, 875.0218496739724, 0.1915336290412747] [0.9892293028761591, -0.007876515286051539, 0.02454582410582252, 0.14408625665574212] [0.4020579159259796, 0.40284064412117004, 0.8307355046272278] [0.0, 0.0] 0.1232960969209671
traffic_cone [1895.8604786907322, 856.485641519008, 0.39263312031381664] [0.517615212467142, 0.01394102546319258, 0.02168374467475574, 0.8552250901654552] [0.4041402041912079, 0.40322157740592957, 1.0244803428649902] [9.486717362631246e-05, -0.0005095031444272951] 0.12222984433174133
traffic_cone [1864.6079824884555, 856.7598290794573, 0.6579282135586515] [0.9005973394130733, -0.00015938892205814197, 0.025778121910971463, 0.4338892661359686] [0.4079214334487915, 0.42003118991851807, 0.8292542695999146] [0.0, 0.0] 0.12075312435626984
pedestrian [1910.746074229927, 877.1613456581322, 0.2526493677892355] [-0.5524625987095596, 0.025559793822836387, -0.0033517031222166194, 0.8331389680317418] [0.6472809910774231, 0.6397607922554016, 1.5249136686325073] [0.00010760180620255949, 0.0009224069138583448] 0.11728712916374207
pedestrian [1910.0149808905333, 876.6301148197638, 0.21697740186743653] [-0.8855803382011661, 0.020780697730549524, -0.015254493630301718, 0.4637703393032199] [0.633427083492279, 0.6320682168006897, 1.6120023727416992] [0.0, 0.0] 0.11395390331745148
traffic_cone [1842.2613537603763, 881.1971324679217, 0.662181293596904] [-0.6016102320357877, 0.02531169713323496, -0.004884154207308251, 0.7983737168367715] [0.4071105718612671, 0.4010988175868988, 1.065955638885498] [-0.00012810955737575138, -0.00023270164423300343] 0.10563372820615768
traffic_cone [1858.1741645471748, 851.212548347944, 0.6763528879512155] [-0.8281514167035692, 0.022356499626068824, -0.012834480844777727, 0.5599113269418531] [0.33784592151641846, 0.3385980725288391, 0.8797723650932312] [0.0, 0.0] 0.10533858090639114
pedestrian [1912.1523760699629, 873.682026113435, 0.8343344650509483] [0.03814483728033702, 0.02270497602497801, 0.012207417326795846, 0.9989396550416708] [0.6459861993789673, 0.6304690837860107, 1.8160136938095093] [-0.0742160923596381, -0.0016160231973869079] 0.10396096855401993
traffic_cone [1858.101335882313, 852.9666006588623, 0.7955552119768183] [-0.5310908305484017, 0.025636782076163205, -0.0027004404945672337, 0.8469226604202563] [0.3579506278038025, 0.3524928092956543, 0.9789204597473145] [0.0, 0.0] 0.10366888344287872
pedestrian [1861.4315139988637, 883.3776017817183, 1.0575121432854668] [0.27766928863421236, 0.01909548761372894, 0.017317601649169165, 0.9603307915376276] [0.594472348690033, 0.5495724081993103, 1.7390618324279785] [-0.016234178050812134, -0.006540403468411269] 0.1029927209019661
