car [1875.1038531731174, 874.6121771135423, 0.6736665492286128] [-0.012503716433315566, 0.014429272212489392, 0.015928785985690766, 0.9996908156804255] [1.8714865446090698, 4.616362571716309, 1.533553123474121] [0.0, 0.0] 0.8974660038948059
car [1844.20535445448, 860.2906919708422, 1.1118968026813003] [0.6897948590275111, -0.0008141311435835548, 0.021477134586371252, 0.7236857897870147] [1.8730990886688232, 4.402984619140625, 1.601155161857605] [0.0, 0.0] 0.8716939687728882
car [1856.9139959564375, 876.059847351712, 0.7029706265939385] [0.006749718533568674, 0.01411985477458054, 0.016203697747884962, 0.9997462233887943] [1.8696823120117188, 4.6894378662109375, 1.5630357265472412] [0.0, 0.0] 0.8579819798469543
car [1878.8198451764015, 854.5230543509219, 0.8290564353663148] [0.6784189345551713, -0.00047891601106624625, 0.02148722315736497, 0.7343608235176121] [1.8576536178588867, 4.285398006439209, 1.55607008934021] [0.0, 0.0] 0.854134202003479
car [1830.3984135832093, 859.4446245354499, 1.3582151694602151] [0.6939440689191954, -0.0009375939007472594, 0.021472099041252083, 0.719708065184982] [2.0610694885253906, 4.841299057006836, 1.7855056524276733] [0.0, 0.0] 0.8187420964241028
car [1891.3221744655548, 854.1300737071316, 0.8123262530660931] [0.6904199731260015, -0.0008326902632010014, 0.02147642303749922, 0.723089434709933] [1.776520848274231, 4.112541675567627, 1.508246898651123] [0.0, 0.0] 0.8035622835159302
car [1850.4113285620756, 853.9516801447046, 1.0590848737661607] [0.7059198221014897, -0.001297665384758541, 0.02145334901849258, 0.707965588602045] [1.9112757444381714, 4.550803184509277, 1.625781536102295] [0.0, 0.0] 0.7735021114349365
car [1893.5871456168186, 854.783636864014, 0.8766447180039502] [0.6646742534150792, -8.008575184527498e-05, 0.021492410423970792, 0.7468240801738694] [1.8796610832214355, 4.369653701782227, 1.5976314544677734] [0.0, 0.0] 0.7709295153617859
car [1876.3026220447057, 853.9288957536991, 0.9346470539591898] [0.6723997122425871, -0.0003034408462811644, 0.02149041747414101, 0.7398761361582931] [1.9820187091827393, 4.641219615936279, 1.6491934061050415] [0.0, 0.0] 0.7682856321334839
car [1838.499986025818, 876.179900333995, 1.0737147459598728] [-0.022743368397768856, 0.01459168129232137, 0.01578014437904088, 0.9995102846266077] [1.9290236234664917, 4.783029079437256, 1.7159268856048584] [0.0, 0.0] 0.7556179761886597
car [1898.5495613786306, 855.109754003388, 0.8040847034458254] [0.6951984636997884, -0.000975048160092671, 0.021470430844432464, 0.7184964620301851] [1.9710983037948608, 4.577198028564453, 1.6854472160339355] [0.0, 0.0] 0.7505497336387634
car [1873.643678215151, 853.5934129200515, 1.0128171745148693] [-0.7302299046985008, 0.021483920833189986, 0.0006093153479785661, 0.6828633510186775] [1.8927676677703857, 4.454375267028809, 1.7141832113265991] [0.0, 0.0] 0.7487908601760864
car [1883.9540687467647, 854.9257021815324, 0.8714757877597339] [0.6954852550050482, -0.0009836197632900985, 0.021470039863058524, 0.718218859367395] [1.8649052381515503, 4.377557754516602, 1.5818533897399902] [-0.00026866346262261105, 0.001821405010088388] 0.7421329021453857
car [1881.2773414534183, 854.8531742911867, 0.8576260756629204] [0.6920469499865192, -0.0008810628835951599, 0.021474492956882776, 0.7215324586564317] [1.9964722394943237, 4.766341209411621, 1.6519016027450562] [0.0, 0.0] 0.7280303239822388
car [1888.9606637764066, 854.1047433133891, 0.7501595015016413] [0.6919844156663802, -0.0008792017900602078, 0.0214745692336869, 0.7215924323018481] [1.874968409538269, 4.384873390197754, 1.546734094619751] [0.0, 0.0] 0.727777361869812
car [1875.1431981287026, 841.1125125429236, 1.2746611941450676] [-0.7039540150255559, 0.02144565114434681, 0.0014192133578266337, 0.709920287504054] [1.970522403717041, 4.477867126464844, 1.759446382522583] [0.0, 0.0] 0.7106978893280029
car [1844.5323136791394, 876.2352878099149, 1.0479952557367904] [-0.023703714093887197, 0.014606836541345905, 0.01576611701765717, 0.9994879708223577] [2.0344929695129395, 4.868985652923584, 1.8506362438201904] [0.0, 0.0] 0.6951069831848145
car [1896.057782922662, 854.4557978695948, 0.7781160132047544] [0.6712587515042573, -0.0002703233684924044, 0.02149085956485929, 0.7409114376289415] [1.8753068447113037, 4.337429046630859, 1.5797789096832275] [0.0, 0.0] 0.6603133082389832
car [1886.393108668905, 854.5006481732182, 0.798297563505124] [0.6931386980581654, -0.0009135784609618555, 0.021473134236895265, 0.720483736898114] [1.8768730163574219, 4.409700393676758, 1.544688105583191] [0.0, 0.0] 0.6398521661758423
car [1872.6826806404872, 836.2211733132167, 1.4013070524086177] [-0.7398063855174204, 0.021490385883223502, 0.00030567000213475165, 0.6724764544785855] [1.941043734550476, 4.498964309692383, 1.6761735677719116] [0.0, 0.0] 0.6344271302223206
car [1836.2540316945956, 847.8659909432906, 1.0979402925882735] [-0.7313357091884559, 0.021484880174507184, 0.0005744940792777598, 0.6816789202742428] [1.912475824356079, 4.580699920654297, 1.7186516523361206] [0.0, 0.0] 0.6206790804862976
car [1860.8825262410282, 824.4543487949716, 2.3901387244272234] [-0.06667988193307414, 0.015271574172552878, 0.015123132673235165, 0.99754291297459] [1.8398826122283936, 4.274124622344971, 1.6209938526153564] [0.0, 0.0] 0.6057103276252747
car [1841.3258273367799, 860.2295895570284, 1.2216374859329986] [0.6778768610109035, -0.0004630603419218029, 0.0214875707021477, 0.7348612326054785] [2.0161354541778564, 4.684357643127441, 1.7539587020874023] [0.0, 0.0] 0.6047465801239014
car [1832.3701004769482, 868.0867918171473, 1.1417002456646266] [0.9989350080987784, -0.015513492361288655, 0.014874867203316322, 0.04082792518770167] [1.8913261890411377, 4.529398441314697, 1.609288215637207] [6.935015573633331, 0.4281991587955257] 0.6019606590270996
car [1903.8731776339357, 854.9117049431078, 0.6890912444661055] [0.7006910711120861, -0.0011397635545089503, 0.021462317176853724, 0.7131410048119774] [1.8965370655059814, 4.370615005493164, 1.610276222229004] [0.0, 0.0] 0.5896994471549988
car [1831.0886998539404, 875.4997716690432, 1.5725596704437084] [-0.004141404498106141, 0.014295531733319518, 0.01604892183362209, 0.9997604306278691] [2.181428909301758, 5.495498180389404, 2.3769330978393555] [0.0, 0.0] 0.5657119154930115
car [1861.032597560444, 840.9008871972327, 1.3806381697917018] [-0.038305141671088415, 0.014835642885856303, 0.015551007032452858, 0.999034927318358] [1.938658595085144, 4.646100997924805, 1.7049376964569092] [0.0, 0.0] 0.5624260902404785
car [1871.0507756450145, 821.7314428095367, 2.078835296648205] [-0.738446554042856, 0.021489724626689445, 0.00034907739702566467, 0.6739694033876243] [1.9911246299743652, 4.587577819824219, 1.7900789976119995] [0.0, 0.0] 0.5512702465057373
car [1909.1914159781331, 855.1331375136552, 0.7002213725737101] [0.6730805084945444, -0.00032322337775888416, 0.021490129041216277, 0.7392568558797171] [1.9491333961486816, 4.430999279022217, 1.6374372243881226] [0.0, 0.0] 0.5373257994651794
car [1861.1924656793922, 838.2651332702243, 1.5702004972828845] [0.6536514441215112, 0.00023508511460666563, 0.02149127391638168, 0.7564904886899122] [1.9666354656219482, 4.645185470581055, 1.7605661153793335] [0.0, 0.0] 0.5189768671989441
car [1875.2437321758925, 836.2013558168309, 1.3720890129163774] [0.6975054840660219, -0.0010440899509507337, 0.02146718415941832, 0.716257055517266] [1.8767132759094238, 4.2605133056640625, 1.604447841644287] [0.0, 0.0] 0.4992538094520569
car [1901.13490519098, 854.7756109513174, 0.6841243796336091] [0.7166910281488537, -0.0016264249297220116, 0.021430932352747414, 0.6970595670754245] [1.91548490524292, 4.459072113037109, 1.6019487380981445] [0.0, 0.0] 0.49714016914367676
car [1861.3674137831242, 835.4701484271691, 1.767316909764996] [-0.016168474415286366, 0.014487569790573527, 0.0158757815909428, 0.9996382597297491] [1.9887129068374634, 4.707795143127441, 1.7832682132720947] [0.0, 0.0] 0.4654897451400757
car [1861.499204008875, 821.6522463775253, 2.5102606242825765] [-0.18292351233428406, 0.016935947107900973, 0.013232679816214017, 0.9828921906881385] [1.9020614624023438, 4.3973493576049805, 1.7206308841705322] [0.0, 0.0] 0.4364389181137085
car [1875.73191827602, 824.2102625812641, 1.9018249481660516] [-0.7220485632020299, 0.021475144302246396, 0.0008650414774744979, 0.6915084542204261] [1.9747265577316284, 4.4838762283325195, 1.7197864055633545] [0.0, 0.0] 0.4355536103248596
car [1880.9871485731958, 840.7667822862155, 1.291992946215479] [0.6978701561634365, -0.0010550222380501907, 0.0214666496602818, 0.7159017495556634] [1.9921727180480957, 4.627785682678223, 1.777950644493103] [0.0, 0.0] 0.4302294850349426
car [1911.7016106138426, 855.4063838048992, 0.7255744347135733] [0.6575874031553415, 0.00012301207004538055, 0.021492207601609473, 0.7530716281283301] [1.9525516033172607, 4.535855293273926, 1.6890017986297607] [0.0, 0.0] 0.3979647159576416
car [1823.9732720568243, 875.3263396649297, 1.2774433694765714] [-0.015088343051624657, 0.014470407348331018, 0.015891426327848134, 0.9996551464302056] [1.8682951927185059, 4.460371494293213, 1.6709620952606201] [0.0, 0.0] 0.3881072998046875
car [1889.2324949499643, 840.7816102730517, 1.3051100237455897] [0.7050806832158388, -0.001272251213911989, 0.021454871158055378, 0.7088013121011593] [1.985764503479004, 4.580387592315674, 1.6755750179290771] [0.0007992392161807599, -5.283024795368693e-05] 0.3857843577861786
car [1819.5107999381926, 859.374996573807, 1.3051112858154288] [0.671879871385177, -0.00028834630887630743, 0.02149062530421613, 0.7403482344869049] [1.9168156385421753, 4.529233932495117, 1.6527104377746582] [0.0, 0.0] 0.37385016679763794
car [1831.015118888471, 846.7903242885844, 1.0302077109630599] [-0.7447295156664383, 0.021492052158849792, 0.00014769414794496734, 0.6670202533474313] [1.9139724969863892, 4.393490791320801, 1.6185606718063354] [0.009537230728286059, 0.006290845516425063] 0.3704686164855957
car [1861.5184538050783, 830.1115583498754, 1.8196021773867697] [-0.20945318907525892, 0.017287816425686865, 0.012769554525973427, 0.9775824422864002] [1.8542648553848267, 4.315062522888184, 1.6296539306640625] [0.0, 0.0] 0.3558177351951599
car [1827.4466660333362, 859.8346237749921, 1.311923108540812] [0.7403622409660221, -0.0023663914897396887, 0.02136188921601609, 0.6718644372432648] [2.0163183212280273, 4.681878566741943, 1.7094316482543945] [0.0, 0.0] 0.2998996078968048
car [1877.9356580906342, 840.6903076904206, 1.2375156308043442] [-0.697121750634991, 0.021431073394474955, 0.0016245653944008294, 0.7166305426592173] [1.9474893808364868, 4.561580657958984, 1.7611825466156006] [0.0, 0.0] 0.2976642847061157
car [1886.3240825817018, 840.55547344592, 1.462222439550832] [0.6856513863915652, -0.0006914839757841207, 0.021481433133552587, 0.7276127034485885] [1.9679811000823975, 4.489158630371094, 1.6981651782989502] [-0.003752124811031542, 0.001756066138109832] 0.29446297883987427
car [1889.799401171924, 822.6895763790832, 2.5570737785173665] [-0.7287736879590111, 0.021482574197561798, 0.0006550766415536046, 0.6844172569559165] [1.9670710563659668, 4.432553291320801, 1.7494096755981445] [0.0, 0.0] 0.2909996807575226
car [1895.0707460039494, 823.1571219199946, 2.123346119476632] [-0.7156573579043727, 0.021466278945743603, 0.0010625383680517532, 0.6981207746212482] [1.9956700801849365, 4.614983081817627, 1.7298591136932373] [0.0, 0.0] 0.2642885446548462
car [1914.2506275657229, 855.5600643004416, 0.6580075118291029] [0.6740188628247216, -0.00035051677214052463, 0.02148970119737604, 0.7384014100994856] [1.9822313785552979, 4.5770769119262695, 1.7378135919570923] [0.0, 0.0] 0.25534576177597046
car [1880.9610100545915, 818.6469043882482, 2.249961255997503] [0.6239295713374217, 0.001065412917540115, 0.02146613646828874, 0.7811849716239685] [1.9851462841033936, 4.547625541687012, 1.7535533905029297] [0.0, 0.0] 0.23397214710712433
car [1823.92275986745, 848.6848401409299, 1.2372683617685036] [-0.029820243611338167, 0.01470305330899137, 0.01567642634508947, 0.9993241831114664] [1.91111159324646, 4.560123443603516, 1.6791129112243652] [0.0, 0.0] 0.22664488852024078
car [1920.134189661047, 855.873241050747, 0.3522080600958212] [0.5987262111134144, 0.001748731356994799, 0.021421299171645036, 0.8006653445767553] [1.9896628856658936, 4.661398887634277, 1.7466578483581543] [0.0, 0.0] 0.2221759706735611
car [1903.0715318739005, 839.8703602017476, 1.4215629300380612] [-0.7064591603002754, 0.02145053402169845, 0.0013433948578189274, 0.7074273988956528] [1.9899407625198364, 4.686302185058594, 1.7646815776824951] [-0.014593197746187695, -0.8376578947774237] 0.20744235813617706
car [1906.4590613351297, 854.9544560401978, 0.7104419283354796] [0.6830945539965548, -0.0006161184926938637, 0.021483726808052127, 0.7300136301334976] [1.8859106302261353, 4.378879070281982, 1.6333675384521484] [0.0, 0.0] 0.20327070355415344
car [1878.2702683687737, 835.8839643259827, 1.5018191790402695] [0.7084760285288692, -0.0013752570825394453, 0.021448514809118656, 0.7054075324806223] [1.9431816339492798, 4.524165153503418, 1.666749358177185] [-0.013347112288859403, 0.03613172186946166] 0.19222694635391235
car [1884.3536812412374, 840.4221247428128, 1.4589202643707002] [0.6543108672902592, 0.00021634429389428157, 0.021491470743217094, 0.7559202066529959] [1.9846928119659424, 4.535647392272949, 1.7216947078704834] [-0.00044034224187819134, 0.0008016879496168607] 0.18617799878120422
car [1841.851019095304, 847.5627347988599, 0.9904046374064248] [-0.6982671022457791, 0.02143364445620837, 0.0015902845295434316, 0.7155145867148494] [1.9976387023925781, 4.668439865112305, 1.6941719055175781] [0.0, 0.0] 0.18028908967971802
car [1818.609885746784, 875.4975785919378, 1.2544131912224246] [-0.9942592320594115, 0.017511010725709902, -0.012461726321988043, 0.10481721874324158] [1.901585578918457, 4.493459701538086, 1.6639127731323242] [0.0, 0.0] 0.17817774415016174
car [1822.436820622206, 860.6201584574986, 1.2838399962917235] [0.7321087357606371, -0.0021055482013297763, 0.02138917451263452, 0.6808486387615098] [1.914946436882019, 4.490049362182617, 1.657501459121704] [0.0, 0.0] 0.17008250951766968
car [1909.488713020086, 874.9134832511431, 1.0952539545989954] [0.0323369801752051, 0.013700479339215319, 0.01655980028369277, 0.9992459104712851] [2.37088942527771, 5.954000949859619, 2.532639503479004] [-0.004954055696226312, 0.00248995813133626] 0.16294032335281372
car [1850.789866354563, 876.3473248234812, 0.933919471738359] [-0.015132494847510211, 0.014471109211507422, 0.015890787197262512, 0.9996544790477003] [2.055138349533081, 5.725481986999512, 1.9157979488372803] [0.0, 0.0] 0.16084404289722443
car [1838.8172659975958, 848.3743344922129, 0.9011278222960107] [-0.7144357655459779, 0.021464388544243828, 0.0011000654443220322, 0.699370864984503] [1.8455450534820557, 4.298078536987305, 1.5400352478027344] [0.0, 0.0] 0.15920041501522064
car [1879.069361611459, 819.6033806699043, 2.1816669831220192] [0.6674917000807822, -0.00016130339749828321, 0.021491954326538394, 0.7443069932519151] [1.9097886085510254, 4.3857574462890625, 1.6966582536697388] [0.0, 0.0] 0.1554737687110901
car [1915.503052969928, 874.7500088655285, 0.4904851818375562] [0.4052274268793608, 0.006478810310147543, 0.02049280694597943, 0.9139632390775745] [1.8436846733093262, 4.37180757522583, 1.6013237237930298] [0.0, 0.0] 0.15166273713111877
car [1920.7543645289447, 875.0835628384875, 0.3087396600205492] [0.7506474750760899, -0.0026959337881086246, 0.021322806113881713, 0.660353267609338] [1.9184290170669556, 4.505588531494141, 1.690821886062622] [0.0, 0.0] 0.14559343457221985
car [1833.492987807456, 847.4934194270803, 1.0602549359723052] [-0.7448944467813167, 0.021492088026367553, 0.00014237916605115176, 0.6668360615884503] [1.9319249391555786, 4.47583532333374, 1.6370980739593506] [0.0, 0.0] 0.14392021298408508
car [1838.700055892174, 859.9168233668348, 1.084863645200059] [0.6899578919483859, -0.0008189700406550458, 0.0214769506129843, 0.7235303568051437] [1.9229555130004883, 4.461551666259766, 1.6211273670196533] [0.0, 0.0] 0.14155149459838867
car [1814.2506978727404, 874.005280019079, 0.7133776043228965] [0.9935697947592714, -0.014426030645380339, 0.015931721795794843, 0.11116264130749326] [1.9214701652526855, 4.480625629425049, 1.6816198825836182] [0.0, 0.0] 0.1403963267803192
car [1833.3557191032464, 859.5639042269868, 1.1880810594863818] [0.6868563652474357, -0.0007270856228529451, 0.021480257588238964, 0.7264753288305944] [1.9266622066497803, 4.48524284362793, 1.609037160873413] [0.0, 0.0] 0.137673020362854
car [1922.2266378141412, 873.4102205557283, 0.33855395995285936] [-0.12137213862334356, 0.01607920072816563, 0.0142614663868557, 0.9923743617438103] [1.9176132678985596, 4.521716594696045, 1.6926257610321045] [-0.032789164049268585, 0.005323431094678119] 0.13592159748077393
car [1824.95133871579, 860.22828021839, 1.2922501098150754] [0.7495897738257454, -0.0026618081996826783, 0.02132709301963489, 0.66155365682332] [1.955477237701416, 4.5583391189575195, 1.6709058284759521] [0.0, 0.0] 0.13510183990001678
car [1861.4026985289172, 832.9778865087321, 1.7958997202195908] [-0.07672844706914161, 0.015423190235380293, 0.014968477628781326, 0.9968203525664978] [1.9195929765701294, 4.497776031494141, 1.6786999702453613] [0.0, 0.0] 0.13316494226455688
car [1817.1209520958848, 859.1495536475456, 1.3260788659697278] [0.5987462547426498, 0.001748195096697238, 0.021421342942587445, 0.8006503558433538] [1.8924384117126465, 4.411613464355469, 1.6357848644256592] [0.0, 0.0] 0.13085615634918213
car [1871.4349842590727, 816.7482241174607, 1.8954491971122094] [-0.6498788173153622, 0.021283364577807565, 0.002991406326158904, 0.7597338959696516] [1.9313212633132935, 4.409582138061523, 1.6431496143341064] [0.0, 0.0] 0.12936465442180634
car [1862.8522759694267, 828.936000862162, 1.9225663479524697] [-0.6961716809658725, 0.021428902211942588, 0.0016529578188989626, 0.7175535244855192] [1.8305212259292603, 4.20604133605957, 1.5713815689086914] [0.0, 0.0] 0.1282794028520584
car [1906.8787861057256, 886.8845842548197, 0.4599059112653422] [-0.8900114827638574, 0.02082141465318379, -0.005329053518237581, 0.4554312576327178] [1.8997050523757935, 4.407371520996094, 1.6649117469787598] [0.0, 0.0] 0.12683098018169403
car [1863.2951067258775, 820.5605754262872, 2.4336432900840865] [-0.7859365286993937, 0.021457355228713847, -0.0012296447246434852, 0.6179335261469364] [1.9169819355010986, 4.40763521194458, 1.6844696998596191] [0.0, 0.0] 0.10920915752649307
car [1882.664817687204, 819.8720409503236, 2.2331187559677472] [0.4339219529975764, 0.005827642375603558, 0.02068740447475533, 0.9006940704741029] [1.940849781036377, 4.498697757720947, 1.7188071012496948] [0.0, 0.0] 0.10063350945711136
construction_vehicle [1903.707074341926, 880.7982870011815, 1.0911326899661886] [0.6892573789769771, -0.0007981855344740135, 0.021477733106932247, 0.724197718448648] [2.5328640937805176, 7.596098899841309, 2.6001510620117188] [0.0, 0.0] 0.8578298687934875
construction_vehicle [1910.0237845568965, 874.9808861782459, 1.3298757531446115] [0.03648734503098576, 0.013631575442272437, 0.01661656614712233, 0.9991029694345969] [2.5130531787872314, 6.985172748565674, 2.9054551124572754] [0.0, 0.0] 0.6929225325584412
truck [1850.6184504462938, 876.3229447561376, 0.9489453068377408] [-0.02436474335760659, 0.014617260632258105, 0.015756453000872195, 0.9994720752284965] [2.0632119178771973, 5.664001941680908, 1.8952527046203613] [0.0, 0.0] 0.681746244430542
truck [1831.064898086583, 875.490995046888, 1.5979512231432864] [-0.002983024865799714, 0.014276926983194967, 0.016065474642119246, 0.9997645580050781] [2.2046470642089844, 5.620167255401611, 2.1838507652282715] [0.0, 0.0] 0.3396284580230713
truck [1861.2724677753056, 835.4965003343766, 1.7925262087202658] [-0.004510268569241544, 0.014301452054051127, 0.016043646365640634, 0.999758834598561] [1.980363130569458, 5.2343597412109375, 1.8341566324234009] [0.0, 0.0] 0.2275172621011734
construction_vehicle [1893.895637271511, 824.27505723666, 1.7472382346420932] [-0.009824559297098873, 0.014386532192339452, 0.015967398380413687, 0.9997207349630479] [4.071187973022461, 8.522777557373047, 3.856302499771118] [0.0, 0.0] 0.20171260833740234
truck [1881.006906610272, 839.6739968734075, 1.3559037807510435] [-0.6452986070173617, 0.021264991743358108, 0.0031193341781489883, 0.7636280361942531] [2.0945658683776855, 5.466146469116211, 1.9019981622695923] [0.0, 0.0] 0.1753496378660202
truck [1875.7563030747415, 823.7958338986656, 1.986697351930498] [0.7004402393440633, -0.0011322158868180988, 0.021462716667414068, 0.7133873709199445] [2.0885653495788574, 5.250119209289551, 1.9091159105300903] [0.0, 0.0] 0.15419255197048187
truck [1819.5231295871836, 859.2444248855775, 1.2473823325567217] [-0.7426470218346115, 0.02149148746340375, 0.0002146768977242721, 0.6693380841104302] [1.9173557758331299, 4.994787693023682, 1.8297820091247559] [0.0, 0.0] 0.1489238440990448
truck [1860.914733327323, 840.9050850907148, 1.4614882507545002] [0.8617726317417561, -0.006671196563999573, 0.020430987640457744, 0.5068392260483859] [1.984161376953125, 5.137452602386475, 1.8735299110412598] [0.0, 0.0] 0.14883531630039215
truck [1903.114282877209, 839.7528040518507, 1.4039530289897437] [-0.7184113338793469, 0.021470311294850435, 0.0009776770746390386, 0.6952864339494456] [2.0929954051971436, 5.052134037017822, 1.9233418703079224] [0.01783095558304619, -0.515048402829772] 0.14442574977874756
truck [1920.1591697069546, 855.8594866231059, 0.34845141441933347] [0.6163295528288004, 0.0012733981910178528, 0.021454803112757048, 0.7871949899423207] [2.0433056354522705, 5.555811405181885, 1.9727435111999512] [0.0, 0.0] 0.1411084532737732
truck [1819.1725991543783, 875.5698231981272, 1.1135619409263176] [-0.8364443198684746, 0.021270552374781378, -0.00308118828242278, 0.5476303220606071] [2.0479331016540527, 5.76979923248291, 1.9132379293441772] [0.0, 0.0] 0.13396519422531128
truck [1823.9652278836968, 875.3085513178992, 1.268018799981279] [-0.022065037076380252, 0.014580968603960826, 0.01579004351261787, 0.9995254894294878] [2.0585074424743652, 5.011233806610107, 1.8748843669891357] [0.0, 0.0] 0.12851670384407043
truck [1861.0033462428328, 821.634022051102, 2.6522956815124066] [0.9951209776006124, -0.014662653190264012, 0.0157142203428009, 0.0962928336878753] [2.0125579833984375, 5.376222610473633, 1.9087798595428467] [0.0, 0.0] 0.1284620314836502
truck [1898.5803762190023, 854.6288400782845, 0.8690042193554504] [0.6905488296326935, -0.0008365177327098738, 0.0214762742961371, 0.7229663780379806] [2.0695157051086426, 5.356560230255127, 1.85987389087677] [0.0, 0.0] 0.12513011693954468
truck [1861.0642777579792, 838.2815766933709, 1.7007349133120377] [-0.9995998938157554, 0.016366980064965963, -0.013930257826510743, 0.018388098432669673] [1.9972050189971924, 5.15303373336792, 1.811127781867981] [0.0, 0.0] 0.11977417021989822
truck [1836.0945295246258, 847.7471310761074, 1.0740250808130645] [0.6791880617018383, -0.000501431123399369, 0.021486709529114585, 0.7336495394411008] [2.045109510421753, 4.984254837036133, 1.8176944255828857] [0.0, 0.0] 0.11928224563598633
truck [1889.8403131518305, 822.2352415669419, 2.6477353851357988] [0.6761386932110554, -0.00041228980914059365, 0.02148860480983667, 0.7364608186613092] [2.0777688026428223, 5.296760082244873, 1.9551634788513184] [0.0, 0.0] 0.11792925000190735
truck [1907.6872505206286, 864.226955381335, 2.4130665683918835] [-0.9996970303109041, 0.015936104064500217, -0.014421189507300595, -0.011996560673739214] [3.074775218963623, 9.175384521484375, 3.7568583488464355] [0.14067851775538676, -0.0046549970048401475] 0.1149703860282898
truck [1861.0627557120713, 830.0970712894155, 1.8712416546456287] [-0.16911353742739849, 0.016748598439668427, 0.013469022602505112, 0.9853622081951545] [1.968064546585083, 5.3595781326293945, 1.803708553314209] [0.0, 0.0] 0.11099125444889069
truck [1877.9082498296075, 840.6778954484403, 1.1882978830121913] [0.6979103512108268, -0.0010562275367164793, 0.021466590389503847, 0.7158625647100284] [1.9677605628967285, 4.956526279449463, 1.8933851718902588] [0.0, 0.0] 0.10687747597694397
truck [1823.2439414319153, 848.6197423414058, 1.2396461352127006] [0.9991607734211461, -0.015601944341937901, 0.014782065224830023, 0.03486859241346627] [2.1755530834198, 5.972552299499512, 1.9711815118789673] [0.0, 0.0] 0.10559478402137756
truck [1872.7098078761237, 836.1402975175997, 1.469934876990646] [-0.7325026610087766, 0.021485833004606054, 0.0005376798845393637, 0.6804248095825876] [1.9783381223678589, 4.808841228485107, 1.8356391191482544] [0.0, 0.0] 0.10280658304691315
truck [1822.4280759444182, 860.0336725934035, 1.2349331597259408] [-0.710594397370986, 0.02145804120090538, 0.001217615448450126, 0.7032735401715355] [2.0130162239074707, 5.182618618011475, 1.8182706832885742] [0.0, 0.0] 0.1020832508802414
bus [1897.3152398417121, 864.5722235914828, 1.6354764937845785] [-0.9997689528108076, 0.016112739555362077, -0.014223562970688015, 0.00033298051052097974] [2.950824737548828, 8.787096977233887, 3.5464038848876953] [0.0, 0.0] 0.8814793229103088
bus [1907.0905882248608, 864.1657968040894, 2.0801526309268974] [-0.9997449700109791, 0.01600894386074823, -0.01434028716670167, -0.006932879501735607] [2.854848623275757, 9.832769393920898, 3.538987398147583] [0.25655904345536096, 0.003625813876981686] 0.35870546102523804
barrier [1847.85216109985, 885.5309928892268, 0.855101292082391] [-0.7247000415166086, 0.021478309330368657, 0.0007825265931940221, 0.6887292063694301] [2.452699899673462, 0.3342803120613098, 0.9743180274963379] [0.0, 0.0] 0.2711380422115326
barrier [1868.262809743098, 850.7940509545666, 0.7937785699841222] [0.7220420104839055, -0.0017915457358888111, 0.021417760934240433, 0.6915152962710219] [2.0748586654663086, 0.3900126814842224, 1.0422133207321167] [0.0, 0.0] 0.1590062379837036
barrier [1829.6667417195517, 889.2846913306427, 1.2834163157128355] [-0.9995379178358278, 0.016410194873735268, -0.013879323606216902, 0.02149466652118986] [2.0376574993133545, 0.48880866169929504, 1.052631139755249] [0.0, 0.0] 0.10569532215595245
bicycle [1853.1399238063987, 852.204262687091, 0.9311806969037052] [-0.1259712777946091, 0.016145141175333833, 0.014186773276139899, 0.9918010420700476] [0.5860635042190552, 1.709174394607544, 1.1061427593231201] [0.0, 0.0] 0.41561204195022583
bicycle [1853.5623110029392, 851.7598576318526, 0.9457318122500142] [-0.023372778533698027, 0.014601615519486513, 0.015770952532461302, 0.9994957644252694] [0.6655895709991455, 1.7083535194396973, 1.122678279876709] [0.0, 0.0] 0.37638023495674133
bicycle [1895.7322472202623, 878.4029609366157, 0.34954911789338994] [0.7081784511038275, -0.001366210781982651, 0.021449092933251312, 0.7057062783287559] [0.5917171239852905, 1.7074077129364014, 1.1908036470413208] [0.0, 0.0] 0.3376196622848511
bicycle [1853.6557597647668, 851.2806798586462, 0.9002041996495064] [-0.022546947683206454, 0.01458857995162414, 0.015783011580656186, 0.9995147347741352] [0.6456358432769775, 1.6683473587036133, 1.0754722356796265] [0.0, 0.0] 0.3328309655189514
bicycle [1839.2569003041967, 878.7536498748898, 1.8887687903027945] [-0.6889405633945112, 0.0214112476169064, 0.0018677781044806495, 0.7244991166247844] [0.5287341475486755, 1.5579633712768555, 1.124368667602539] [0.0, 0.0] 0.31869247555732727
bicycle [1853.242898605966, 849.9558630596542, 0.9775257349431155] [-0.31853389378559677, 0.01861954264577976, 0.010735117662235753, 0.9476677837671941] [0.6698943376541138, 1.7247586250305176, 1.1596275568008423] [0.0, 0.0] 0.23474568128585815
motorcycle [1864.5919244698662, 881.1569974761978, 1.3486318740746586] [-0.008265427980192142, 0.014361612662426304, 0.015989815549107927, 0.99973484113576] [0.8780902624130249, 2.537431001663208, 1.594415307044983] [0.0, 0.0] 0.18688035011291504
motorcycle [1904.815377953768, 843.0324295308174, 1.1391025202050717] [0.8310804522494893, -0.005480772325379616, 0.02078199351066711, 0.5557367648169618] [0.6435273289680481, 1.8664566278457642, 1.3544577360153198] [0.0, 0.0] 0.16241803765296936
bicycle [1852.5089619671776, 882.958108028745, 0.793036256039605] [0.668970190584407, -0.00020403276377766767, 0.021491591150758528, 0.7429784344043247] [0.7105198502540588, 1.8788249492645264, 1.1872481107711792] [0.0, 0.0] 0.16086412966251373
motorcycle [1862.7210023773175, 841.562583239255, 1.1465878771422455] [0.38837771344327177, 0.006853989260387336, 0.020370393977008697, 0.9212495978729192] [0.7713981866836548, 1.9812569618225098, 1.6335772275924683] [-3.367661520851087, 2.327921094851808] 0.1538681834936142
bicycle [1906.3427367201955, 857.3571377668, 0.5765342513099154] [0.9439744769981939, -0.010522132307125601, 0.01874072707424663, 0.3293178656805995] [0.6185374855995178, 1.626739740371704, 1.147315263748169] [0.0, 0.0] 0.15184727311134338
bicycle [1853.6342384515776, 850.5622085305968, 0.9015411261681723] [0.03510745033516348, 0.013654511560919177, 0.016597723747332992, 0.99915240920062] [0.7876673340797424, 1.870443344116211, 1.1250104904174805] [0.0, 0.0] 0.14548823237419128
bicycle [1840.4449941810426, 883.3666524811794, 1.0270761806503304] [0.8839996897365644, -0.007596410487083401, 0.020105339272735154, 0.46699316742977864] [0.7253737449645996, 1.7153010368347168, 1.146000862121582] [0.0, 0.0] 0.1419595181941986
bicycle [1905.5560524235777, 875.437865497747, 0.07821451565296661] [-0.6423340585532605, 0.021252741973610975, 0.0032017304950871855, 0.7661233759016467] [0.5953876376152039, 1.650359869003296, 1.1279743909835815] [0.0, 0.0] 0.137742817401886
bicycle [1839.9545307714598, 887.5304410310192, 1.3279801040447279] [-0.9997009538771705, 0.01594088583484455, -0.014415903660905532, -0.011665020253505506] [0.5830814838409424, 1.6897152662277222, 1.1387842893600464] [0.0, 0.0] 0.1366969645023346
motorcycle [1829.7030518419792, 889.3123325157933, 1.5194843564070803] [0.7089995527836505, -0.0013911808399068252, 0.021447487858272194, 0.704881340392142] [0.7351526021957397, 2.0198142528533936, 1.3937194347381592] [-0.0036701328924565783, 0.0022921484791948448] 0.13210728764533997
bicycle [1869.7382659754587, 854.6790050561021, 1.0237709474336718] [0.9971615669190065, -0.015039012674520423, 0.015354420123719138, 0.0721587093847389] [0.516423761844635, 1.6184496879577637, 1.112471580505371] [0.0, 0.0] 0.12582015991210938
motorcycle [1875.710321999574, 826.1878100624793, 2.014513726107509] [0.9269377289694507, -0.009603188040786702, 0.01922781576293439, 0.3745991410740238] [0.7042204141616821, 2.0493669509887695, 1.3534735441207886] [5.748564995999933e-05, -0.00013146551305969465] 0.12382197380065918
bicycle [1895.9243752693017, 856.2634523394622, 0.4031796862861055] [0.968497078572704, -0.01207320502632334, 0.017781109075432212, 0.2480957046717596] [0.4675650894641876, 1.515745997428894, 0.9946829080581665] [0.0, 0.0] 0.1203499585390091
motorcycle [1819.4728237880072, 861.2244260081914, 1.0862324529295933] [0.09887187334226218, 0.01256618080642778, 0.01743620427444641, 0.9948680427786546] [0.7235797047615051, 1.8505706787109375, 1.2972331047058105] [0.0, 0.0] 0.11359875649213791
motorcycle [1849.975950276542, 886.5264327449644, 1.2141509108490456] [-0.4888577253263804, 0.020288237938148438, 0.007093484399442327, 0.8720987296568872] [0.7004698514938354, 2.0306010246276855, 1.3250004053115845] [0.0, 0.0] 0.10799401998519897
bicycle [1891.524817607607, 882.3128320152805, 0.9622917388692818] [-0.33306141701587255, 0.018782336380737032, 0.0104476772366349, 0.9426601521098779] [0.6065254211425781, 1.634284496307373, 1.250313401222229] [-0.0034518053993510688, -0.002427191672999496] 0.10362458229064941
bicycle [1887.979472042799, 881.561427745888, 0.7998014373954648] [0.39560858382544484, 0.006693625187902456, 0.02042365054058493, 0.9181676961666998] [0.521050214767456, 1.537950038909912, 1.0785157680511475] [0.0, 0.0] 0.10268400609493256
pedestrian [1862.4803979136714, 877.9963098328441, 0.8352943436964729] [0.5742305353619193, 0.002395965837151034, 0.021358592352195456, 0.8184114870518394] [0.6769335269927979, 0.7917564511299133, 1.7076067924499512] [-0.37323976948640825, 1.1018719559644958] 0.8133876323699951
traffic_cone [1863.905367165263, 857.8430036929007, 0.6898711959430057] [0.7429132673801601, -0.0024476544884612607, 0.021352730669990955, 0.669042559954876] [0.39443233609199524, 0.3955421447753906, 0.8066692352294922] [0.0, 0.0] 0.7861436009407043
traffic_cone [1905.3930125088814, 875.2999878437823, 0.16076553941685817] [-0.4082612117168696, 0.019566284335864992, 0.008893291676771968, 0.9126121042852285] [0.35386595129966736, 0.3594093322753906, 0.7508935928344727] [0.0, 0.0] 0.40208008885383606
traffic_cone [1902.1642891847912, 877.2460450736679, 0.21943237481200342] [-0.221583815340971, 0.017445147922669456, 0.012553761727714871, 0.9749044479636851] [0.36882269382476807, 0.374103844165802, 0.832596480846405] [0.0, 0.0] 0.39745765924453735
traffic_cone [1902.4680985184355, 878.1119164735995, 0.2530882817429043] [-0.04395897353923327, 0.014923422520850998, 0.015466789577162235, 0.9988021218068253] [0.3452419936656952, 0.34861519932746887, 0.897820234298706] [0.0005612550404781866, -8.040920300284243e-06] 0.3607071042060852
traffic_cone [1895.7127312279104, 879.0006423247737, 0.3942367883254638] [-0.46470828218283416, 0.020085651052630726, 0.007648316242939444, 0.8852029611061627] [0.3552676737308502, 0.35792937874794006, 0.91219562292099] [0.0, 0.0] 0.3463183045387268
traffic_cone [1902.4397172951167, 877.633159990486, 0.2186784961111876] [-0.147165802967992, 0.01644502442818087, 0.013838037834772367, 0.9888783020762592] [0.3716977536678314, 0.37356996536254883, 0.8991619944572449] [0.00041018611439854206, 0.00022489393525297458] 0.3321816623210907
traffic_cone [1905.54616005448, 874.9670218922996, 0.22937849438887128] [-0.5843034126622567, 0.020960029175703273, 0.004754713084269602, 0.8112506344106486] [0.36197441816329956, 0.36375463008880615, 0.7755211591720581] [0.0, 0.0] 0.31053149700164795
pedestrian [1838.9902096970486, 879.12552488727, 1.2826235925275542] [-0.7681171195244955, 0.02148357657617722, -0.0006213348980916066, 0.6399485608811316] [0.5919636487960815, 0.6093196868896484, 1.7638338804244995] [-0.057743950609130734, -0.02723918369423747] 0.2737712264060974
pedestrian [1839.2986137530597, 878.5076061367037, 1.2332665470641275] [-0.08686669958678678, 0.015574689804156112, 0.014810778408455539, 0.9959880754222605] [0.6149218082427979, 0.6393053531646729, 1.774915099143982] [0.043319226493469316, -0.01774820207388056] 0.2671509385108948
traffic_cone [1838.8326697121342, 850.29085453151, 0.5648649629201646] [0.5958878874624355, 0.0018245575827417222, 0.021414973947855197, 0.802779979481299] [0.38268131017684937, 0.37900209426879883, 0.8827130198478699] [0.0, 0.0] 0.21579623222351074
traffic_cone [1863.6458476231749, 857.3407799719957, 0.7057046554083124] [0.8645528646388309, -0.006783695650655807, 0.020393910681361007, 0.5020820790719686] [0.39269739389419556, 0.40643203258514404, 0.7741250991821289] [0.0, 0.0] 0.2065904438495636
traffic_cone [1895.6309633111255, 877.6838806931163, 0.3266029036058075] [0.6056597812939181, 0.0015625574761341061, 0.021435683653521165, 0.7954334033741874] [0.3478805422782898, 0.34960299730300903, 0.8161546587944031] [0.0, 0.0] 0.2021489143371582
traffic_cone [1911.3858616414416, 872.7235666297589, 0.3185709524436703] [0.10252880349103558, 0.012501992272461933, 0.017482285570810215, 0.9944978201761608] [0.3816187381744385, 0.38302305340766907, 1.100400686264038] [0.0, 0.0] 0.19873738288879395
traffic_cone [1905.301175475965, 875.8110550952458, 0.1355968143055426] [-0.6078390462983787, 0.021090431213158338, 0.0041380950693638814, 0.7937693390875693] [0.3410392701625824, 0.34185582399368286, 0.7735303044319153] [0.0, 0.0] 0.1872497946023941
traffic_cone [1914.8656236601134, 872.8667462746613, 0.19357882086903688] [0.017049166789884794, 0.013952168099126873, 0.016348306483968407, 0.999623627067813] [0.4059560298919678, 0.40553945302963257, 1.1006311178207397] [0.0, 0.0] 0.1828249841928482
traffic_cone [1905.1411767132408, 887.5028536929805, 0.14497387785324634] [0.4445023316604112, 0.00558353318547503, 0.020754620611486883, 0.8955198194506345] [0.5445943474769592, 0.5416934490203857, 1.1247546672821045] [3.3369408006425695e-05, 0.00044146409448406746] 0.1814047247171402
traffic_cone [1864.0163583362882, 857.3873328926335, 0.6912905636759358] [0.8023600235800117, -0.004438551115901724, 0.021029250665479848, 0.5964532357537532] [0.41166895627975464, 0.4229883551597595, 0.7967954874038696] [0.0, 0.0] 0.1799396425485611
traffic_cone [1905.7061743023953, 876.5074385516565, 0.264968342548728] [-0.7903016295136266, 0.02144808936736145, -0.0013818762787361667, 0.6123409216021298] [0.36204466223716736, 0.3629096448421478, 0.8283559083938599] [-0.0001221016402861971, -9.603080374204854e-05] 0.1672867387533188
pedestrian [1861.3473944607153, 883.415786791261, 1.0195299303729501] [-0.6961201418951352, 0.02142878343529464, 0.001654496915469779, 0.7176035241889047] [0.6104028224945068, 0.5687031745910645, 1.78346586227417] [-0.001034876775501002, 0.003243420104360587] 0.16136418282985687
traffic_cone [1905.552338866153, 875.9814941362306, 0.24316236296809338] [-0.812111679758851, 0.021383410136736378, -0.0021633054532767884, 0.583106070522076] [0.36047738790512085, 0.36192962527275085, 0.8140764236450195] [0.0, 0.0] 0.1592904031276703
traffic_cone [1863.3775228948537, 830.7751066771219, 1.5640481997113616] [-0.9849616332869988, 0.01830927474218016, -0.01125613512602885, 0.17143118395743112] [0.3889274001121521, 0.38945814967155457, 1.1909637451171875] [-0.0013086632644096986, -0.0007004832302423584] 0.15266819298267365
traffic_cone [1887.9560754276786, 881.6438216254247, 0.8177219057457497] [-0.6648261211620906, 0.021338532053615557, 0.0025684955434804218, 0.7466888900345368] [0.3948742151260376, 0.39083606004714966, 1.0934381484985352] [0.0, 0.0] 0.1464133858680725
traffic_cone [1869.517993502026, 850.7630563086853, 0.7034197753780995] [0.6449044919629168, 0.00048233418173045453, 0.021487146699764287, 0.7639609061506297] [0.3572920560836792, 0.35732078552246094, 0.8770169019699097] [-7.3729894027841635e-06, -9.688769024271363e-06] 0.14534251391887665
traffic_cone [1906.6355011441099, 857.5815133313237, 0.5560269813301872] [0.7837639307324449, -0.0037940379237419285, 0.021155032398776065, 0.6206868540280732] [0.42914867401123047, 0.4291730225086212, 1.163183331489563] [0.0003502038005242552, 6.2960568295447885e-06] 0.14086724817752838
pedestrian [1857.6378399520227, 882.2992438399781, 1.0360142399887193] [-0.6865553180633079, 0.021404992309263196, 0.0019381495815443232, 0.72675984005683] [0.5920239686965942, 0.5655073523521423, 1.7450456619262695] [-0.009609064520229827, -0.009933564188574691] 0.131014883518219
pedestrian [1907.5472794360912, 879.3418338233689, 0.8461070157501787] [-0.5915934944885685, 0.021002043455722524, 0.004565554757529472, 0.8059498788133437] [0.6069653034210205, 0.6049931049346924, 1.7174477577209473] [0.0014008348990472814, -0.0029049639678374716] 0.1305546760559082
traffic_cone [1869.8843364334996, 854.7654591258621, 0.9536807806856948] [-0.6002997792891114, 0.021050324773116698, 0.0043375046405008544, 0.7994862380716026] [0.40621694922447205, 0.3954595923423767, 1.291412115097046] [0.0, 0.0] 0.13008099794387817
traffic_cone [1902.5770194742943, 879.4577800790364, 0.3709404052295522] [0.07911219896763302, 0.012909676692172798, 0.017183432930111125, 0.9966339999493017] [0.2975527048110962, 0.28621089458465576, 0.9837942123413086] [0.0010106998100361808, -0.002302778523016894] 0.12840016186237335
traffic_cone [1906.8523540829162, 877.3040214621855, 0.53337746288038] [-0.6843148102275732, 0.02139892449421, 0.002004033445618182, 0.7288698857708689] [0.41119906306266785, 0.4069637656211853, 1.180332899093628] [0.0, 0.0] 0.12760643661022186
traffic_cone [1895.7881592790816, 878.4883389168556, 0.37149645956954264] [-0.07250626772214075, 0.015359661069909238, 0.015033659946186478, 0.9971363552801814] [0.3814363181591034, 0.3960423171520233, 0.9235629439353943] [0.0, 0.0] 0.1273113638162613
traffic_cone [1853.073535566848, 849.4829846560209, 0.9088849069217676] [0.5582295831802434, 0.0028102749717227185, 0.021308037782568477, 0.8294081036153739] [0.452886164188385, 0.47317031025886536, 1.2342922687530518] [0.00016730211709172204, -0.0001555168727307621] 0.1257992684841156
pedestrian [1862.605410983879, 882.8702137897629, 1.0030707599068944] [-0.9861837743746862, 0.018226829420930794, -0.011389153121296978, 0.1642547808757402] [0.6168097257614136, 0.594083309173584, 1.7577333450317383] [0.0006956529652302092, 0.0001226001753224414] 0.12365275621414185
traffic_cone [1902.5640686781296, 878.7452637618281, 0.2681860124545301] [0.020981808129798322, 0.013887741729676654, 0.016403071334657255, 0.9995488150200786] [0.3281121850013733, 0.3261769413948059, 0.9634200930595398] [0.00047314761031736814, -2.723276276423959e-05] 0.12330083549022675
traffic_cone [1902.002783880751, 885.5121193683999, 0.13986530755016874] [-0.18743869787929726, 0.01699658221694112, 0.013154706857350252, 0.9820411419170546] [0.40459924936294556, 0.407528817653656, 1.05571711063385] [0.0, 0.0] 0.12248928844928741
pedestrian [1891.4728308185718, 882.3758279250471, 0.9595826742868279] [-0.42791039822688337, 0.01975411452669803, 0.008467885144837223, 0.9035655819970952] [0.5692135691642761, 0.572885274887085, 1.605963945388794] [-0.0162606850091319, -0.0030564917886834685] 0.11858375370502472
traffic_cone [1864.7577145355338, 855.4762070119159, 0.7772911274618675] [-0.9893060648906393, 0.017992596044967127, -0.011755705300946016, 0.14426219134283816] [0.3473893404006958, 0.3421591520309448, 0.7865390777587891] [0.0, 0.0] 0.11514302343130112
pedestrian [1862.1778251776745, 882.8182219580019, 1.012367587379352] [-0.9989642561636474, 0.016665831572979826, -0.013571299773460381, 0.04010591961107523] [0.571581244468689, 0.5446390509605408, 1.7330708503723145] [0.003070980374217599, 0.0005272888846237482] 0.11487326771020889
traffic_cone [1871.9115756312665, 850.4026738734425, 0.590977787819343] [-0.9882849050245494, 0.01807345145238443, -0.011631013376243721, 0.15109935930061674] [0.3561798632144928, 0.3550885021686554, 0.7927186489105225] [0.0, 0.0] 0.1103563904762268
traffic_cone [1902.1843427248818, 884.8146419323033, 0.14203082478614695] [0.28315476156634894, 0.009084212835911971, 0.01947837767145686, 0.9588333801462813] [0.38910675048828125, 0.39129021763801575, 0.9766169786453247] [0.0, 0.0] 0.11029814183712006
traffic_cone [1852.7481861767644, 849.7422793757444, 0.9052617113639556] [0.58972547651495, 0.001988427020438697, 0.021400380313079632, 0.8073177393255114] [0.41552263498306274, 0.4242827296257019, 1.2078218460083008] [-0.0003152250507264044, -0.0002442615720627525] 0.10965543985366821
traffic_cone [1902.9174375448556, 856.5605721968695, 0.5296692172837687] [0.8086164004341466, -0.004660464191544781, 0.02098118664612147, 0.5879435235032044] [0.3598722219467163, 0.3522337079048157, 0.9978235363960266] [-0.0005648321765798512, -0.00012586601862236323] 0.10854734480381012
traffic_cone [1864.7377124224797, 855.9605763691367, 0.7485166879804883] [-0.9996344925207525, 0.016339238663372314, -0.013962786235612732, 0.01639973302272484] [0.3543977737426758, 0.35569798946380615, 0.7736853957176208] [0.0, 0.0] 0.10765384882688522
pedestrian [1919.4740526699943, 855.8197079388872, 0.5934511720647939] [-0.7488541067852471, 0.021492554854748394, 1.4330934655379032e-05, 0.6623862895858493] [0.669391930103302, 0.7108974456787109, 1.8136943578720093] [0.011929918555318494, -0.4167967389684603] 0.1068982407450676
traffic_cone [1869.7574744108992, 850.7824859275404, 0.7138952299522834] [0.42149930579316297, 0.00611147695812248, 0.020605338360492775, 0.9065739931722732] [0.3572823703289032, 0.356861412525177, 0.8381776809692383] [0.0, 0.0] 0.10635347664356232
pedestrian [1863.987691679355, 883.0243561781783, 1.0334871219052921] [-0.30032399606955057, 0.018410508308241168, 0.011089783739651558, 0.9535950751053905] [0.597126841545105, 0.560685932636261, 1.7407076358795166] [-0.006310977621903929, -0.0069216803687895965] 0.10413998365402222
pedestrian [1814.8261636147108, 861.4174050813011, 1.11756609941144] [-0.10208190499199987, 0.01579927762875216, 0.014570962424276194, 0.9945437921749066] [0.7027271389961243, 0.7593472599983215, 1.8398921489715576] [-0.7090954929410224, -0.13279428564698706] 0.10034449398517609
