car [1875.3118655167916, 874.6326882036703, 0.6957480734167198] [0.02255189703701782, -0.025122855465537997, -0.016134056363616072, -0.9992997279588064] [1.8381178379058838, 4.55682373046875, 1.5162231922149658] [0.0, 0.0] 0.8995456695556641
car [1856.825395815844, 876.1563579189458, 0.7322428845545026] [-0.010709434232310968, -0.024572131012618112, -0.016961014680300937, -0.9994967945806212] [1.9249862432479858, 4.818660736083984, 1.5839037895202637] [0.0, 0.0] 0.8469961285591125
car [1884.0364236132739, 854.9740885823074, 0.9206301761237208] [-0.7043690549266592, -0.0057964715363560725, -0.029289359146537616, -0.7092057309555794] [1.9127647876739502, 4.398251533508301, 1.6586869955062866] [0.0, 0.0] 0.8329654932022095
car [1886.3554963061836, 854.502886139927, 0.7745452185317874] [-0.7080836539211764, -0.005642581954115482, -0.029319394781914292, -0.7054970399712166] [1.9102929830551147, 4.429516315460205, 1.5578805208206177] [0.0, 0.0] 0.8160108327865601
car [1873.805917278732, 853.5935676245357, 1.09443504429222] [0.7412527230758086, -0.02898749006671555, 0.007154792877415806, -0.6705616562935964] [1.8998042345046997, 4.490635871887207, 1.7078933715820312] [0.0, 0.0] 0.8063719272613525
car [1895.9949256796715, 854.6370890592175, 0.6069984185945675] [-0.6660626065597928, -0.007330121629548285, -0.02894365143486014, -0.7452980199230959] [1.7589499950408936, 4.028484344482422, 1.4302363395690918] [0.0, 0.0] 0.8019725680351257
car [1891.3350002702523, 854.1063072890495, 0.8370622886146104] [0.7112548267018557, -0.029272347430485155, 0.005881778421159876, -0.7022998688963469] [1.7594038248062134, 4.115744590759277, 1.4986249208450317] [0.0, 0.0] 0.8012405633926392
car [1898.6068015499898, 855.1996356585482, 0.7564787256775636] [-0.6870538371630025, -0.006501415259558647, -0.029140989020783607, -0.7259928093294775] [1.979580044746399, 4.583381652832031, 1.655656099319458] [0.0, 0.0] 0.7886624932289124
car [1878.865950577154, 854.5332010834153, 0.8364313665429918] [-0.6772843280530648, -0.0068905114018414215, -0.02905144564574621, -0.7351152789408077] [1.8589096069335938, 4.283731460571289, 1.5231959819793701] [0.0, 0.0] 0.7831641435623169
car [1888.9092971042257, 854.1503256519813, 0.7794101091800902] [-0.6995127201833448, -0.00599622004215198, -0.02924911941739012, -0.7139961405079235] [1.8997880220413208, 4.490757942199707, 1.557811975479126] [0.0, 0.0] 0.779413104057312
car [1876.401001574843, 854.1095637876272, 0.990884787272613] [-0.6819647883992646, -0.0067048553556375455, -0.029094854461684992, -0.7307753154985868] [1.9238512516021729, 4.3887739181518555, 1.6423583030700684] [0.0, 0.0] 0.7728183269500732
car [1893.5727311395062, 855.01577538999, 0.8649442626923078] [-0.6648238798109032, -0.007378181803782565, -0.02893143748169082, -0.7464032041676204] [1.8132381439208984, 4.205355644226074, 1.5610240697860718] [0.0, 0.0] 0.7411346435546875
car [1881.330907588659, 855.0394169018003, 0.8604419790931572] [-0.6781271704526354, -0.006857180480617719, -0.02905933098581053, -0.7343378480320997] [1.9631004333496094, 4.543526649475098, 1.601902961730957] [0.0, 0.0] 0.7307841777801514
car [1875.2095899491578, 841.1804277048634, 1.322641368675232] [0.7143363530089617, -0.02924619893201469, 0.006010448362283418, -0.6991652945680076] [1.9336531162261963, 4.510308265686035, 1.777498483657837] [0.0, 0.0] 0.7303776144981384
car [1903.8814719587901, 854.9090646704263, 0.7776712363841118] [-0.6856200063491557, -0.006558902171625873, -0.029128104019824123, -0.7273470569489483] [1.9273113012313843, 4.439815998077393, 1.650903344154358] [0.0, 0.0] 0.7043952345848083
car [1844.2022820571417, 860.388280838719, 1.1867761740971945] [-0.6735587507937582, -0.007037314416598075, -0.02901623420240114, -0.7385303944914284] [1.928301215171814, 4.482443332672119, 1.6571359634399414] [0.0, 0.0] 0.6923636198043823
car [1860.7451741429968, 824.4926912569654, 2.2451575463804536] [0.027996418758263867, -0.02521039172051799, -0.01599693066762154, -0.9991620163393045] [1.8941524028778076, 4.4496612548828125, 1.6632096767425537] [0.0, 0.0] 0.6860721707344055
car [1860.8154041427022, 847.4180100818554, 1.1504725289856346] [0.043342377101882774, -0.02545316379204668, -0.015607757509068905, -0.9986140258907197] [1.894092082977295, 4.388558387756348, 1.6870805025100708] [0.0, 0.0] 0.6642560958862305
car [1901.4317029620784, 854.8478507077522, 0.8090372842549395] [-0.6775216893648205, -0.006881129227953899, -0.029053669338568087, -0.7348965197895228] [1.909488558769226, 4.438555717468262, 1.648930311203003] [0.0, 0.0] 0.6532255411148071
car [1844.6165224215572, 876.2471373598598, 0.9508126339560776] [0.03356223528694078, -0.025299118123362118, -0.01585623737419515, -0.9989905458616997] [1.991190791130066, 4.709049224853516, 1.7753982543945312] [0.0, 0.0] 0.646903395652771
car [1895.0497410714606, 823.9697172653315, 1.9874429084953684] [0.7035133330709326, -0.029335065822019883, 0.005560535469216421, -0.7100545926546352] [1.864249587059021, 4.270339488983154, 1.625197410583496] [0.0, 0.0] 0.6441761255264282
car [1849.6616141223808, 868.5563667209142, 1.0872403370460029] [-0.9992620653049802, 0.01609352629143099, -0.025148838004839753, -0.024163178618273107] [2.137505531311035, 5.031862735748291, 1.8542444705963135] [9.345421959129967, 0.3032834572233273] 0.6292675733566284
car [1841.199888709884, 860.2796386960254, 1.2282948818727468] [-0.695617567628018, -0.006155273509098074, -0.02921606149902564, -0.7177915672155759] [2.0521392822265625, 4.810137748718262, 1.832104206085205] [0.0, 0.0] 0.619341254234314
car [1836.2146162265824, 847.9958531199483, 1.4927436402872845] [0.7561703490952282, -0.028818958183018363, 0.007805977884422401, -0.6536933053869478] [1.9116744995117188, 4.4014739990234375, 1.6381369829177856] [0.0, 0.0] 0.6087682843208313
car [1886.583441680439, 841.3642599689805, 0.9391142428477111] [-0.6800951622861788, -0.006779181511529347, -0.029077626098435054, -0.7325156002389633] [2.0004091262817383, 4.532482624053955, 1.7156822681427002] [0.0, 0.0] 0.577743649482727
car [1850.4305116182443, 854.2296915033328, 0.8006762387029268] [0.5077649038592302, -0.029802634179960152, -0.0018079373391032285, -0.8609781279262206] [1.8573179244995117, 4.264838218688965, 1.5866190195083618] [0.0, 0.0] 0.5587835311889648
car [1881.1743962685493, 841.2528515861314, 1.186917442088515] [-0.6709068990721739, -0.00714128816304144, -0.028990820010117983, -0.740940258817047] [2.0025854110717773, 4.659746170043945, 1.7821831703186035] [0.0, 0.0] 0.5571784377098083
car [1838.1272375308656, 876.1872525186827, 0.9212104700887589] [0.02312685399741674, -0.025132134255982343, -0.01611959891641016, -0.999286587012302] [1.8834102153778076, 4.492724418640137, 1.6117494106292725] [0.0, 0.0] 0.5416867733001709
car [1889.2839615777632, 841.2042381778432, 0.8351806222951095] [0.7029703832020845, -0.029339307558232237, 0.005538111003772823, -0.7105921296350157] [1.9459714889526367, 4.351797580718994, 1.7067943811416626] [0.0, 0.0] 0.5414731502532959
car [1883.746298908419, 841.7016061599637, 0.9108258780469267] [-0.696522744771159, -0.006118402906100391, -0.029223805148633108, -0.7169132446642086] [1.9325684309005737, 4.409124374389648, 1.642701506614685] [0.0, 0.0] 0.5376254916191101
car [1860.937050911733, 843.922587506009, 1.202689321052408] [0.9995214517731299, -0.016495957923382053, 0.024886723642871544, 0.00808713817411777] [1.9641783237457275, 4.674299240112305, 1.6781177520751953] [0.0, 0.0] 0.49048876762390137
car [1903.4240182374601, 824.8972160417503, 1.8842027400094965] [-0.6429598568406587, -0.008211791622351122, -0.02870595965714675, -0.7653176836124672] [1.934295892715454, 4.431840419769287, 1.6782902479171753] [0.0, 0.0] 0.4761705994606018
car [1905.5128720842758, 841.6550703088951, 1.3882352988419313] [-0.7215734490943032, -0.0050754287820824265, -0.02942287654470008, -0.6916937847925653] [1.8929376602172852, 4.38826847076416, 1.6058475971221924] [0.0, 0.0] 0.4645441472530365
car [1831.4236410154706, 875.5424220244383, 1.7098656594910864] [0.02629001758110648, -0.02518303553533473, -0.01603996143114817, -0.9992083713290724] [2.175032138824463, 5.104147911071777, 2.354041576385498] [0.0, 0.0] 0.458848774433136
car [1892.4293768948926, 824.050049764748, 2.084097630684517] [0.7497220245985686, -0.028894139054826944, 0.007522922953678126, -0.6610789818095384] [1.9690415859222412, 4.486011505126953, 1.7052420377731323] [0.0, 0.0] 0.4562784433364868
car [1900.1462763914526, 841.53012783359, 1.0447693099442468] [-0.7225602926862958, -0.005033414532690391, -0.029430093095822073, -0.6906628394459972] [1.862800121307373, 4.270127296447754, 1.6342123746871948] [0.0, 0.0] 0.4512525498867035
car [1886.4762207805745, 823.403160428476, 2.016853617456999] [0.6917642619873229, -0.029422380656156173, 0.005078302670272834, -0.7215058836874771] [2.038992166519165, 4.679596900939941, 1.8549516201019287] [0.0, 0.0] 0.44043996930122375
car [1861.411966924632, 821.6925060168277, 2.4510878634167055] [0.9993272324311091, -0.017220399085738435, 0.02439105362247707, -0.021298283501094004] [1.993287205696106, 4.7379279136657715, 1.753542423248291] [0.0, 0.0] 0.42276397347450256
car [1916.7243601577618, 874.874715500087, 0.4244346357304908] [0.05709396720136903, -0.02566574251429133, -0.0152556646094738, -0.9979222481073972] [1.7913998365402222, 4.281166076660156, 1.5143687725067139] [0.0, 0.0] 0.4102195203304291
car [1875.7183145958297, 824.2592412908824, 2.1102475660464766] [-0.6418282312650817, -0.008254201964502545, -0.02869379360446881, -0.7662669612541375] [1.9687538146972656, 4.583470344543457, 1.7633085250854492] [0.0, 0.0] 0.397921085357666
car [1889.5291975985463, 822.8229302722698, 1.9537729605098018] [0.7063039108540687, -0.02931294227227809, 0.005676007120216195, -0.7072788133902784] [1.9786098003387451, 4.487738132476807, 1.7397897243499756] [0.0, 0.0] 0.38764575123786926
car [1897.546359126836, 841.4851029244992, 0.8995852506941288] [-0.7344355293815227, -0.004522001330900343, -0.02951299960102308, -0.6780213769053267] [1.9194412231445312, 4.345098972320557, 1.6255203485488892] [0.0, 0.0] 0.3872421085834503
car [1860.9314130508924, 840.9255174898003, 1.5910218247089425] [0.9995207637089817, -0.016493851486960844, 0.024888119748440872, 0.008171736236981102] [2.118868827819824, 4.888572692871094, 1.9591619968414307] [0.0, 0.0] 0.3749958276748657
car [1892.1162018968419, 841.462794668782, 1.0091809186251088] [0.7239838158529207, -0.029159846137450887, 0.006416308496857323, -0.6891704932319412] [2.1214802265167236, 5.051971435546875, 1.9172606468200684] [0.0, 0.0] 0.36576199531555176
car [1871.0050201567508, 821.8894116955803, 2.241808442033251] [0.7543363504453323, -0.028840710116273073, 0.0077252237168742854, -0.6558088172290227] [2.0082523822784424, 4.641009330749512, 1.7892917394638062] [0.0, 0.0] 0.36390867829322815
car [1881.424657545242, 835.7764101215442, 1.259275780398698] [-0.6868736291323749, -0.006508647670317355, -0.029139374512681723, -0.7261633094291073] [1.9029138088226318, 4.37175178527832, 1.6409493684768677] [0.0, 0.0] 0.353781133890152
car [1878.1993874519694, 841.6880062895859, 1.1892142593728088] [-0.706745922495062, -0.005698113133302501, -0.029308653128500093, -0.706837134985929] [1.9930638074874878, 4.608621597290039, 1.7794944047927856] [0.0, 0.0] 0.35090339183807373
car [1830.3264939256817, 859.915579859486, 1.2454065830635968] [-0.7343872741330061, -0.0045241016990047065, -0.029512677704737596, -0.6780736434562294] [1.9024300575256348, 4.463685035705566, 1.691387414932251] [0.0, 0.0] 0.3446939289569855
car [1878.6853171536836, 823.8783583883701, 2.0047032259210757] [0.7009155022629324, -0.029355177427576963, 0.005453365903928379, -0.7126191079714421] [1.9704644680023193, 4.584314346313477, 1.7388228178024292] [0.0, 0.0] 0.32385027408599854
car [1894.639057849715, 840.9450283993386, 0.7791310520389295] [0.7225948659686201, -0.029172704769109877, 0.006357589003781745, -0.6906266676246324] [1.9429895877838135, 4.466322422027588, 1.6765435934066772] [0.0, 0.0] 0.3108709454536438
car [1922.140270420133, 873.807247548812, 0.5183326670919494] [0.04844651729353373, -0.02553261483784824, -0.01547744232839343, -0.9983794215230201] [1.8604490756988525, 4.456639766693115, 1.6365694999694824] [0.0, 0.0] 0.2998555898666382
car [1878.4475728258283, 835.7607677104335, 1.3024529793107522] [-0.6795174862391092, -0.006802102197624841, -0.029072272824458015, -0.7330515126877473] [1.9057742357254028, 4.4444732666015625, 1.632022738456726] [0.0, 0.0] 0.29930704832077026
car [1884.0147296246132, 823.7274517421315, 2.1318669385744395] [0.6950951595100521, -0.029398569157393816, 0.00521438136163685, -0.7182974687301967] [1.9183399677276611, 4.3363871574401855, 1.7388982772827148] [0.0, 0.0] 0.2936665713787079
car [1830.5820408796376, 847.4612898850214, 1.6163650585903278] [0.7313055840671369, -0.02908963005761738, 0.006727485756032198, -0.6813961234632441] [1.8999271392822266, 4.435394287109375, 1.6396329402923584] [0.0006994997880657288, -0.001735264883989473] 0.29008620977401733
car [1892.6699215339088, 819.736333179394, 2.026934619331694] [-0.01923157210370237, -0.02442661423372736, -0.01716992016764554, -0.9993691415052461] [1.8475314378738403, 4.279635429382324, 1.6675115823745728] [0.0, 0.0] 0.2871538996696472
car [1883.219445302052, 835.8007248425521, 1.224981171821849] [-0.7253320424705273, -0.004915016772760243, -0.029450097650264902, -0.6877513813319795] [1.9672961235046387, 4.521327972412109, 1.6817538738250732] [-0.0017892193562584016, 0.0037792024376801076] 0.2736925482749939
car [1894.4557835283406, 818.5180392390868, 2.2914123463137126] [0.6893556648522403, -0.02943914304596538, 0.00498021065878151, -0.723807503204159] [1.8897192478179932, 4.275473117828369, 1.681790828704834] [0.0, 0.0] 0.26943105459213257
car [1861.0686918574365, 837.9033690247161, 1.6487411518587165] [0.9995126873309588, -0.01692157759837103, 0.024599305946895342, -0.009106164008955102] [2.029918670654297, 4.779317855834961, 1.8138295412063599] [0.0, 0.0] 0.2498568296432495
car [1897.8630885459265, 823.5935743189333, 2.1555179384887317] [-0.7093752772084675, -0.005588845153306055, -0.029329685496762837, -0.7041983033520619] [1.9762541055679321, 4.523760795593262, 1.7005163431167603] [0.0, 0.0] 0.2425430715084076
car [1891.506400014021, 818.4734304673856, 1.8638360913095768] [-0.5710065169090773, -0.010777805307110751, -0.027844291232650694, -0.8204023963920853] [1.8700428009033203, 4.24381160736084, 1.657768726348877] [0.0, 0.0] 0.23975437879562378
car [1860.9432476577654, 816.2336323009173, 2.6044621185399084] [-0.9821010761661827, 0.011799886753873985, -0.027426780964641143, -0.18597314470572954] [1.9392069578170776, 4.486701488494873, 1.7102395296096802] [0.0, 0.0] 0.2321774959564209
car [1850.7015515194794, 876.4003651360223, 0.959335496031106] [0.011840681718700532, -0.024948497035985263, -0.016402382056643097, -0.9994840331966035] [2.1970365047454834, 5.677583694458008, 2.0378410816192627] [0.0, 0.0] 0.1968054473400116
car [1903.0065579490815, 841.6097644476312, 1.3028548388518826] [-0.728058833517436, -0.004797969326290297, -0.029469393136449726, -0.6848641246960913] [1.9566855430603027, 4.448558330535889, 1.675347089767456] [-0.001536067509862538, 0.00013545575320962828] 0.19039081037044525
car [1862.0481601224233, 814.9588438879688, 2.649441421876426] [-0.7799115377614821, -0.002453754150516874, -0.029756423374718174, -0.6251771969810103] [1.996195912361145, 4.524194717407227, 1.717228889465332] [0.0, 0.0] 0.18737956881523132
car [1861.2366159639969, 830.016947214351, 1.7281028900777857] [0.088711997666964, -0.02613663073064234, -0.014434063029400122, -0.9956097206377855] [2.0051801204681396, 4.653850078582764, 1.7611048221588135] [0.0, 0.0] 0.1852310299873352
car [1872.5147103329093, 836.2732816663539, 1.4922800075175329] [-0.740982760836208, -0.0042352932508463855, -0.029555505960243485, -0.6708599574442223] [1.9845378398895264, 4.556832313537598, 1.7002588510513306] [0.0, 0.0] 0.17826147377490997
car [1838.3607978074904, 860.1616315432276, 1.2510939997352302] [-0.7072284920724276, -0.005678095460764035, -0.029312537819593577, -0.7063542980399233] [2.000638723373413, 4.600803375244141, 1.7232186794281006] [0.0, 0.0] 0.16489125788211823
car [1920.928862160551, 875.4015479621821, 0.41008378094227665] [-0.3985879631066998, -0.016041199098088217, -0.025182247178958166, -0.9166439712478148] [1.8740092515945435, 4.469105243682861, 1.6059459447860718] [0.0, 0.0] 0.16308017075061798
car [1928.1760039231856, 876.8589754372737, 0.06981214883545528] [-0.2785641697367717, -0.019118595118041135, -0.02293348996989046, -0.9599534039198858] [1.8810362815856934, 4.3964128494262695, 1.6561015844345093] [0.0, 0.0] 0.15769273042678833
car [1935.4900739322647, 865.4841105978122, 0.2420380688379938] [0.02316807096618964, -0.02513279911025732, -0.016118562292279717, -0.999285632262477] [1.9607696533203125, 4.700876235961914, 1.7377270460128784] [-6.73096481055263, -0.38149882036342064] 0.1573423147201538
car [1906.3798866005989, 854.8151409009956, 0.7796296239893841] [-0.7242752857852331, -0.004960225592402899, -0.029442516936551536, -0.6888641700358871] [1.8716195821762085, 4.366329669952393, 1.598700761795044] [0.0, 0.0] 0.15443813800811768
car [1908.815905263584, 854.9148158447138, 0.7157608582673236] [-0.7225392973287197, -0.005034309157189453, -0.02942994007463303, -0.6906848037811696] [1.9092605113983154, 4.505175590515137, 1.6381161212921143] [0.0, 0.0] 0.13928726315498352
car [1867.4648668635243, 850.1227948639896, 0.9885499302623508] [0.9983906120521374, -0.017871313982022574, 0.023918231080968702, -0.04821535154565645] [1.9060192108154297, 4.484821796417236, 1.646201491355896] [0.0, 0.0] 0.13568495213985443
car [1911.7561493815776, 853.7928509096796, 0.7410030366285221] [-0.34740257234700594, -0.017406255889975377, -0.024258769494336488, -0.9372406238982581] [1.94727623462677, 4.488410472869873, 1.6765377521514893] [0.0, 0.0] 0.13371655344963074
car [1911.5460989056323, 896.3080530118365, 0.48880310680548833] [-0.8007370659322781, -0.0014395990671897806, -0.029822695988330747, -0.5982714146611712] [1.941765308380127, 4.496682167053223, 1.7160414457321167] [0.0, 0.0] 0.1332148015499115
car [1915.1958539746713, 895.339111323538, 0.629712549231545] [0.9615517471687672, -0.022822299754104842, 0.019251188935243427, -0.27299591915485477] [1.9320415258407593, 4.448948860168457, 1.707687258720398] [0.00048690246580573404, -0.0021709562668477973] 0.12838506698608398
car [1875.496277959587, 835.6411388760346, 1.4305144209542664] [-0.7202587847962757, -0.005131286744042542, -0.029413186461807673, -0.6930626359011894] [1.9403362274169922, 4.403439521789551, 1.6708598136901855] [0.0, 0.0] 0.12605303525924683
car [1835.95736835442, 860.1213115503667, 1.1395825388158283] [-0.7244995965009934, -0.004950636497102846, -0.02944413082025357, -0.6886282516920218] [2.0090556144714355, 4.659346580505371, 1.725758671760559] [0.0, 0.0] 0.12181540578603745
car [1871.6509020998913, 816.3930228426489, 2.6380759204512843] [0.019892634420838565, -0.025079833046025464, -0.01620085231924981, -0.9993562014888944] [1.9786555767059326, 4.440055847167969, 1.731307029724121] [0.0, 0.0] 0.12163041532039642
car [1873.3831153915198, 823.0237784322163, 2.1989207737903222] [-0.6338460046273744, -0.00855136930323954, -0.02860663777038933, -0.7728827703969259] [1.7789350748062134, 4.138504505157471, 1.5915335416793823] [-0.00028593959199548413, 0.00030387709455782135] 0.11176411062479019
car [1916.1334664654291, 875.9462520741369, 0.434294464445229] [0.12920007841912234, -0.026702983311301866, -0.013357257344342323, -0.991168943265983] [1.8493040800094604, 4.359298229217529, 1.5748955011367798] [0.0, 0.0] 0.11115469038486481
car [1838.6579280170542, 848.1280557952645, 1.5026466202186128] [0.7332312663767029, -0.029070472180769746, 0.006809793585252454, -0.6793235196621191] [1.9129921197891235, 4.425771713256836, 1.6324498653411865] [0.0, 0.0] 0.11033226549625397
car [1912.5523363987277, 817.828729700867, 2.82903433788589] [-0.9985255281718572, 0.0155569235418968, -0.025484265172812617, -0.04533546015676901] [1.86260986328125, 4.2775468826293945, 1.6589096784591675] [0.0, 0.0] 0.11021420359611511
construction_vehicle [1903.683674457411, 880.6899756306373, 1.05517208995169] [-0.6937199980093052, -0.006232389594377365, -0.029199708242216217, -0.7196256656904909] [2.461317300796509, 7.968739032745361, 2.8332438468933105] [0.0, 0.0] 0.8258601427078247
construction_vehicle [1910.1986261892512, 874.9371731746504, 1.1121701085097586] [-0.03250280974884366, -0.024196420718139672, -0.017492823268913285, -0.9990255761075105] [2.6514089107513428, 6.900670051574707, 2.909712553024292] [0.0, 0.0] 0.7841668128967285
truck [1850.6497225570279, 876.4153778999587, 0.9808900354558447] [0.010217099565948422, -0.024921820014275432, -0.016442886871310444, -0.9995019485898825] [2.1205625534057617, 5.600968360900879, 1.8881727457046509] [0.0, 0.0] 0.6683610677719116
truck [1860.453935298074, 840.8593891337662, 1.6216582968005913] [-0.9994251159012913, 0.016296875502411247, -0.02501754365131719, -0.016061508777295744] [2.239518880844116, 5.909507751464844, 1.988222360610962] [0.0, 0.0] 0.5427749752998352
truck [1875.772285826347, 823.7994165406753, 2.050942150126533] [-0.6491950581844054, -0.007976837883728674, -0.028772134068632514, -0.7600357299413358] [2.105689525604248, 5.355894088745117, 1.9295437335968018] [0.0, 0.0] 0.3462141752243042
truck [1892.0897443159697, 841.4366474520934, 1.0200201037864296] [0.731555881704528, -0.029087156395687642, 0.006738172919973226, -0.6811273935924347] [2.0846872329711914, 5.3597612380981445, 1.9062401056289673] [0.0, 0.0] 0.3388090431690216
truck [1850.3878350254467, 853.7899874818692, 0.7162222871426879] [-0.6869373386319193, -0.00650609101374663, -0.02913994545649491, -0.7261030416902332] [2.0305142402648926, 5.122602939605713, 1.8665004968643188] [0.0, 0.0] 0.2857215106487274
truck [1836.233345293636, 847.5754816980481, 1.6074080578585075] [-0.6812999917471825, -0.006731309359163859, -0.029088745517775183, -0.7313951432733211] [2.1018190383911133, 5.334505081176758, 1.922778844833374] [0.0, 0.0] 0.2229035496711731
truck [1830.8455912344489, 875.5395971331106, 1.7177148980360235] [0.9935364137643572, -0.019308265820744446, 0.02277403153774326, -0.10951679726312599] [2.3636255264282227, 6.341851234436035, 2.6296844482421875] [0.0, 0.0] 0.20846915245056152
truck [1861.275527046547, 821.6904881663214, 2.423660892174616] [-0.9991790447663927, 0.01601243165007927, -0.025200549084061497, -0.027381944018487887] [2.033580780029297, 5.273301124572754, 1.8801987171173096] [0.0, 0.0] 0.1946331411600113
truck [1880.9314280983322, 841.1319250385546, 1.2106557856071551] [-0.6965806007632532, -0.006116044388070947, -0.02922429883726552, -0.7168570296780369] [2.013819456100464, 4.973876953125, 1.857911467552185] [0.0, 0.0] 0.1923936903476715
truck [1830.2925379821977, 859.3864519957955, 1.5048808183958693] [0.6753606665534384, -0.02952916155711293, 0.004415230370046019, -0.7368829652197206] [2.1147220134735107, 5.385862350463867, 2.1405155658721924] [0.0, 0.0] 0.18720602989196777
truck [1889.5695610105445, 823.9307327179579, 1.7699400586031213] [0.6846135926830814, -0.029471042152298337, 0.00478782998279047, -0.7282944205965582] [2.105319023132324, 5.564757347106934, 1.8702912330627441] [-4.975662260093797e-06, 0.00010756535739564112] 0.16917075216770172
truck [1871.0098543128647, 821.7576793368532, 2.239593458306012] [-0.6448289394644238, -0.008141588426463236, -0.028725949581880367, -0.7637435257910206] [2.0538830757141113, 4.992847442626953, 1.9206089973449707] [0.0, 0.0] 0.1549883782863617
truck [1896.5067194661005, 897.4507924875824, 0.4775931231820716] [-0.9984344915590793, 0.015506803620409721, -0.0255147934141098, -0.04729799597948732] [2.2291903495788574, 6.080257415771484, 2.1328420639038086] [0.0, 0.0] 0.15096095204353333
truck [1878.2287152812564, 841.2185093797941, 1.2355643590609904] [-0.7055348916603461, -0.005748276642861443, -0.02929885590127687, -0.7080459384872824] [2.097414970397949, 5.413568496704102, 1.8853212594985962] [0.0, 0.0] 0.1349589079618454
truck [1860.4039155876644, 843.896846679057, 1.3131607934414378] [-0.999011878622735, 0.015872469749146665, -0.02528893721667791, -0.03292112891725997] [2.078784465789795, 5.652225494384766, 1.8380231857299805] [0.0, 0.0] 0.1335456669330597
truck [1878.675424810744, 823.709547838696, 1.9677604734748129] [-0.7059677607048115, -0.00573035803965505, -0.029302365744492603, -0.7076143407280175] [1.9934008121490479, 4.9324822425842285, 1.895716667175293] [0.0, 0.0] 0.1299944818019867
truck [1841.2241938587413, 860.1329176994312, 1.2975462780126057] [-0.6976111627945432, -0.006073995479865959, -0.029233067242375045, -0.7158541750265612] [2.0868377685546875, 5.103617191314697, 1.9210214614868164] [0.0, 0.0] 0.1228235512971878
truck [1903.8663610420738, 824.7636742435291, 1.8525453828178746] [-0.5863002983674265, -0.01025342772745891, -0.028041627294513954, -0.8095433864177877] [2.0464916229248047, 4.899627685546875, 1.915924310684204] [0.0, 0.0] 0.12040044367313385
truck [1860.992872456398, 837.9100462246106, 1.6987970200545683] [0.99954971686517, -0.01662282804358828, 0.024802161787230315, 0.0029829303161508433] [2.1114847660064697, 5.399141311645508, 1.9671400785446167] [0.0, 0.0] 0.11560166627168655
truck [1916.795584741964, 874.8688414667653, 0.31593794223483207] [0.04323321343226366, -0.025451457479230232, -0.015610539826334905, -0.9986187578925366] [1.935767412185669, 4.787930011749268, 1.7643475532531738] [0.0, 0.0] 0.11321893334388733
truck [1922.2553864484967, 874.3624502143591, 0.5018212657721555] [0.08945073373267595, -0.02614733387215943, -0.014414665201262111, -0.9955436206380908] [2.0001184940338135, 5.385354995727539, 1.7793266773223877] [0.0, 0.0] 0.1120525598526001
construction_vehicle [1923.6358184725777, 864.8886568288807, 2.6849476561392462] [0.04693114906898137, -0.025509094198936523, -0.01551617719144879, -0.998451802344799] [2.314413070678711, 4.830201148986816, 3.0651803016662598] [0.0, 0.0] 0.10939247161149979
construction_vehicle [1913.0614331151435, 816.6224990330284, 2.7215103587090805] [0.7269172366832385, -0.029132208757772008, 0.006540646327408682, -0.6860756994467281] [3.067037582397461, 5.163409233093262, 2.9454634189605713] [0.0, 0.0] 0.10424040257930756
truck [1935.569118573811, 865.5187641850109, -0.053358361163004485] [0.020583777055397375, -0.02509103143837446, -0.016183503416910612, -0.999342204893122] [2.0890073776245117, 5.17119836807251, 2.010295867919922] [-4.868004967916083, -0.4007556073781877] 0.10242486745119095
bus [1897.206634205442, 864.7114431923296, 1.568337907717395] [0.9995223428379744, -0.016893758218841242, 0.02461841941981627, -0.007976247626528623] [2.810492753982544, 8.689271926879883, 3.349024772644043] [0.0, 0.0] 0.7382732033729553
bus [1906.828613650344, 864.5312448039906, 1.6526555756413321] [-0.999446027379172, 0.016330870850883673, -0.024995365545204786, -0.01470281314932718] [3.009448528289795, 9.593294143676758, 3.6673011779785156] [0.008695413453931064, 0.0017808627354089673] 0.6263890266418457
trailer [1927.8328343800829, 902.2368674376154, 1.1418693078324154] [0.962261304454964, -0.022771954068390526, 0.01931071592131594, -0.27048422561610397] [3.1277496814727783, 14.878097534179688, 3.7552709579467773] [0.02206043798217069, -0.013411995451979008] 0.21503300964832306
bus [1830.2200116725103, 875.5703574276597, 1.5205674755928058] [0.9987670720376156, -0.017665727950457556, 0.024070473561338082, -0.03965942727676874] [2.614748239517212, 8.04838752746582, 2.9055027961730957] [0.003047751566764672, 0.00035905353893669857] 0.1644684076309204
trailer [1830.2999580058065, 859.3888258928537, 1.5495384336809344] [0.7892103783420564, -0.028372981668501145, 0.009297287385337232, -0.613396701226621] [2.248220443725586, 6.1939697265625, 2.731173515319824] [0.0, 0.0] 0.11272171139717102
bicycle [1926.438271432194, 875.7008833130701, -0.5842959608525676] [-0.9872605178182625, 0.012621237020740606, -0.02705864034930321, -0.15628564974343917] [0.5842267870903015, 1.721113920211792, 1.0992764234542847] [0.0, 0.0] 0.27724093198776245
bicycle [1905.7322320057456, 876.600758075499, 0.0487137770890359] [-0.8887709406526458, 0.0035199467556406424, -0.029649209370978306, -0.4573781251983134] [0.5648157000541687, 1.6732640266418457, 1.0546873807907104] [0.0, 0.0] 0.2644931674003601
bicycle [1895.5720715568382, 884.6766364179812, 0.3681406702040819] [-0.7050295442968988, -0.005769178962391028, -0.02929474723540993, -0.7085491345185738] [0.5831830501556396, 1.635938048362732, 1.087207317352295] [0.0, 0.0] 0.2512127757072449
bicycle [1881.506490524119, 892.7081241847608, 0.48564697564324044] [-0.6995166354615695, -0.005996059650791525, -0.029249152297986396, -0.713992304630126] [0.5693329572677612, 1.5927716493606567, 1.1505796909332275] [0.0, 0.0] 0.17764846980571747
motorcycle [1830.8220902409516, 848.6253396427936, 1.3051800355151126] [-0.8517467627674751, 0.0012739279365908106, -0.02983023213283843, -0.5231022715240676] [0.8244414329528809, 2.0508956909179688, 1.3639979362487793] [-0.006487102856907711, -0.00987291395907019] 0.1721825897693634
bicycle [1887.836019942474, 883.3520904278239, 0.7144036462796726] [-0.5931767300852128, -0.010014126839198051, -0.02812797371186034, -0.8045184281568243] [0.5326691269874573, 1.7081152200698853, 1.2371395826339722] [0.0, 0.0] 0.1548556387424469
bicycle [1905.4207925639735, 875.3533326290396, 0.08773315399124026] [0.7968212256381941, -0.02825446811872625, 0.009651459620934808, -0.6034769827681575] [0.49471938610076904, 1.5405306816101074, 1.114150047302246] [-0.0001585211605430116, -3.886502669509573e-05] 0.1472150981426239
bicycle [1872.679401184649, 880.6482281081899, -0.026816370090836483] [0.15596503655524388, -0.027054540276881565, -0.01263002343201492, -0.9873112182745793] [0.48276907205581665, 1.4820657968521118, 1.0336089134216309] [0.0, 0.0] 0.145723357796669
bicycle [1850.9026571551803, 859.1589806321954, 0.8611290881350003] [0.111266002238567, -0.026457222084912267, -0.013837667470939001, -0.9933420413454571] [0.5309761762619019, 1.5785540342330933, 1.1443668603897095] [0.0, 0.0] 0.1435958594083786
motorcycle [1853.9385468020066, 840.7042238819868, 4.15041285411433] [0.999370596410675, -0.017168068551284842, 0.024427915664359028, -0.01915581865346514] [0.6722657084465027, 1.8428469896316528, 1.2830002307891846] [0.0, 0.0] 0.13488100469112396
bicycle [1863.808372734713, 877.9951743248183, 0.5414103723942104] [0.26610820123990997, -0.028304267687900536, -0.00950442381937603, -0.9634806482703077] [0.4364511966705322, 1.4161524772644043, 1.0619181394577026] [0.0, 0.0] 0.13339921832084656
bicycle [1860.3959809379894, 873.8660468414035, 0.15822437004063045] [0.05574358219707201, -0.025645075902718924, -0.015290380094374308, -0.9979985908819465] [0.5445502400398254, 1.592213749885559, 0.954960823059082] [-0.00041952392028241444, 1.1482947333997446e-05] 0.1273219734430313
motorcycle [1861.9931581351768, 882.9727401995946, 1.5316498419525393] [0.991855694415467, -0.019634330205672106, 0.022493526154457967, -0.12381767165523869] [0.598447322845459, 1.7291697263717651, 1.282796859741211] [0.0, 0.0] 0.12713131308555603
motorcycle [1910.5052976175239, 894.5316815009752, 0.5882298645748429] [-0.2502411526531991, -0.019784112445632718, -0.022361899208815282, -0.9677230491609214] [0.6923346519470215, 1.9732277393341064, 1.5652285814285278] [-0.030019336738128913, -0.004502194297342528] 0.12532129883766174
bicycle [1847.13052726989, 870.3834804174721, 0.28985789776547766] [-0.012187469084900043, -0.024547022354429765, -0.016997333173700464, -0.9994798647075475] [0.6674615144729614, 1.826130986213684, 1.4595146179199219] [-3.633929644112558, 0.21063151235947455] 0.11236323416233063
bicycle [1919.8988726372468, 873.1593426536589, -0.008791601072620725] [-0.9876940987237937, 0.012696925538297555, -0.0270232071257573, -0.1535216652616358] [0.5636188983917236, 1.6643128395080566, 1.1442025899887085] [0.0, 0.0] 0.108487568795681
bicycle [1850.9644770351124, 857.4512029876884, 1.9285609413555167] [0.2994366957147467, -0.028617525433884867, -0.00851486227296752, -0.9536488869693851] [0.6111307144165039, 1.6698774099349976, 1.2958238124847412] [-0.05205495151782202, -0.04977469806961287] 0.10698898136615753
motorcycle [1878.9496687784915, 836.8052585505266, 1.2992813785937911] [0.6893257666578074, -0.029439348733526223, 0.0049789946407362866, -0.7238359771247479] [0.7243639826774597, 2.0657691955566406, 1.2936404943466187] [0.0, 0.0] 0.10644657164812088
bicycle [1911.1300499432105, 853.7251797427625, 0.9147979925749733] [0.032098596555127284, -0.025275860289194516, -0.015893285630346306, -0.9990386451272563] [0.6055293083190918, 1.8156453371047974, 1.2306506633758545] [0.0, 0.0] 0.10632210969924927
motorcycle [1887.8164582913596, 882.7469427923952, 0.7354845903002013] [0.9972327334088685, -0.01834398563050293, 0.023557670357540764, -0.06808384372513966] [0.6476446390151978, 1.9081767797470093, 1.2756086587905884] [0.0, 0.0] 0.1025223582983017
bicycle [1869.0847562135432, 851.0167404905351, 0.7935706939181169] [0.9553107737092104, -0.023240451362328326, 0.018744254105242608, -0.2940915843638212] [0.5067732930183411, 1.5814565420150757, 1.1119877099990845] [0.0, 0.0] 0.10232420265674591
traffic_cone [1895.8026853251667, 878.0772856631141, 0.3158758236073919] [-0.6283163921913547, -0.00875522179367408, -0.02854490730113215, -0.7773847475106214] [0.3381074070930481, 0.3526462912559509, 0.738844633102417] [0.0, 0.0] 0.7983851432800293
traffic_cone [1895.728165873826, 878.728756109923, 0.36413277708578357] [-0.6089638970849951, -0.009456159208166108, -0.02832042892536178, -0.7926357968232122] [0.34529221057891846, 0.35957685112953186, 0.7297174334526062] [0.0, 0.0] 0.7928149700164795
traffic_cone [1895.7672284013659, 877.016772476388, 0.34151870209598345] [-0.7860432447958623, -0.002159977443673921, -0.02977918969564942, -0.6174500398164249] [0.35760775208473206, 0.3716369867324829, 0.7305779457092285] [0.0, 0.0] 0.7381165623664856
pedestrian [1861.9611413265325, 880.2764642812339, 0.9748016667224113] [-0.6055952589783983, -0.009576237767176192, -0.02828005148003025, -0.7952124978025682] [0.6750963926315308, 0.7649027109146118, 1.782973289489746] [-0.2922603550667611, 0.9991970984945584] 0.7194867134094238
traffic_cone [1895.7918913502817, 877.4374826693237, 0.34117626762909126] [-0.6550170241897942, -0.007755478464876672, -0.028832589118348132, -0.7550239945723972] [0.34410548210144043, 0.364315003156662, 0.7295123338699341] [0.0, 0.0] 0.7101750373840332
traffic_cone [1895.6906117867231, 879.0572213232391, 0.39304011736077216] [-0.5868187963850398, -0.01023546129670378, -0.02804819020062314, -0.8091676183385776] [0.35250359773635864, 0.36048460006713867, 0.7356539368629456] [0.0, 0.0] 0.7050547003746033
traffic_cone [1902.2140949036273, 877.2164200694554, 0.11317311760995119] [0.24826367229951155, -0.02812385493020292, -0.010025688273208665, -0.9682322466097034] [0.34741148352622986, 0.35046350955963135, 0.7265616655349731] [0.0, 0.0] 0.5681377649307251
traffic_cone [1902.3160936274533, 877.4011675626842, 0.128093104309438] [0.20346034169837782, -0.027632881151363507, -0.011308824906296512, -0.9786278269671735] [0.3387484550476074, 0.34118521213531494, 0.7532445788383484] [0.0, 0.0] 0.49897828698158264
pedestrian [1842.1188441178467, 879.4931456297488, 1.1588648129421149] [0.9958374110609413, -0.018767277225399656, 0.02322186355639116, -0.0861184364114601] [0.6267544627189636, 0.6880196332931519, 1.795781135559082] [1.0440376389219288, -0.15608680702400854] 0.45322632789611816
traffic_cone [1905.5069013966126, 875.1679564630882, 0.1212751297314058] [0.2861109359071815, -0.028496021538927864, -0.008913046501595969, -0.957731207966426] [0.42781543731689453, 0.43986737728118896, 1.010603904724121] [0.0, 0.0] 0.4265921413898468
traffic_cone [1911.3838332245225, 872.7873730071335, 0.09145898247288617] [-0.15642198551519698, -0.02183456932962199, -0.0203646071328809, -0.9872389258968652] [0.3783140480518341, 0.3958325982093811, 0.7340800762176514] [-5.967306783033943e-05, -0.00015768488655712768] 0.3953864872455597
pedestrian [1906.6713077200757, 881.4349652595739, 0.9943239684998555] [0.9866225666552171, -0.020449444938056255, 0.021755133720849848, -0.1602636743781463] [0.6400246024131775, 0.6647104024887085, 1.8533738851547241] [0.1719285684646376, -0.03325484054741031] 0.38520947098731995
pedestrian [1907.6073939343496, 882.6452773198149, 1.0010814429483075] [0.6274619461926022, -0.029749098661953605, 0.002541017569400659, -0.7780745725434707] [0.6313928365707397, 0.6483941078186035, 1.7925866842269897] [-0.008698336880092567, -0.05590674708107163] 0.37288159132003784
traffic_cone [1926.5516370403832, 875.7634312697885, -0.04477734664513788] [0.952606475767219, -0.023409358392426586, 0.018532878382528165, -0.3027365796940826] [0.3954516649246216, 0.39256715774536133, 1.1885186433792114] [0.0, 0.0] 0.2730497121810913
traffic_cone [1871.5052923668534, 857.5667436053045, 0.7652737447684008] [-0.6908995415279113, -0.006346570056714821, -0.029175103941577716, -0.7223339656108072] [0.3446185290813446, 0.3464265465736389, 0.7810896635055542] [0.0, 0.0] 0.2549171447753906
traffic_cone [1920.0018278067457, 873.2704740533667, 0.3412064381143899] [0.9995491451062823, -0.01677515514144108, 0.024699388888538027, -0.0031687341025964134] [0.40688106417655945, 0.3977622985839844, 1.2680109739303589] [0.0, 0.0] 0.2502966821193695
traffic_cone [1902.4633089032989, 878.1046734961759, 0.2420167177397875] [0.13044186105179453, -0.026719698312071046, -0.01332378938585268, -0.9910062841596199] [0.3214383125305176, 0.32787489891052246, 0.8710746169090271] [1.8883751627027553e-05, -4.6194631944636076e-07] 0.2430114895105362
traffic_cone [1914.890268643438, 874.4453406460201, 0.3217058037279654] [0.11961666247033889, -0.026572669291785554, -0.013614657109014893, -0.9923710941064182] [0.3794933259487152, 0.37330153584480286, 1.2063140869140625] [-5.207041352685691e-06, -1.148609517658034e-07] 0.22217360138893127
traffic_cone [1896.0092332465674, 878.6501338643843, 0.38762998740437676] [-0.8069569138113042, -0.0011272848218894425, -0.02983613363720223, -0.5898551293416446] [0.3550005257129669, 0.3683243989944458, 0.7539522051811218] [0.0, 0.0] 0.2139456421136856
traffic_cone [1896.0403767007267, 877.4661774135226, 0.35894882286680824] [-0.8164406730956474, -0.0006420314921705772, -0.02985051820403984, -0.5766568838344331] [0.35276269912719727, 0.3714519441127777, 0.7527978420257568] [0.0, 0.0] 0.213884174823761
pedestrian [1910.840863369095, 894.4120803287074, 0.6324204097096883] [-0.19518924139043622, -0.02101543354664002, -0.021208894227031493, -0.9803110192198897] [0.6737618446350098, 0.7046597003936768, 1.8039748668670654] [-0.3380141582690901, 0.15543468287609416] 0.21122722327709198
pedestrian [1916.717555410697, 888.8785766881955, 1.1449551937706013] [-0.5485675936399105, -0.011528305361028852, -0.02754203727013538, -0.8355729349174916] [0.6626837849617004, 0.6989704966545105, 1.8429316282272339] [-0.18236467319404984, 0.6346900112131868] 0.18903248012065887
traffic_cone [1863.843591700117, 877.9287410930259, 0.6214681833614586] [0.5938480508573689, -0.029830178987880394, 0.0012751717679089726, -0.8040230263191575] [0.3745148777961731, 0.36925995349884033, 0.9255651235580444] [-8.518048719345781e-05, 7.0147102010880414e-06] 0.18747752904891968
traffic_cone [1896.0265701646913, 876.9941809593207, 0.34643100967501306] [-0.8931946454561007, 0.0038092891293947558, -0.02961342529690424, -0.44867790193752966] [0.36750003695487976, 0.38512903451919556, 0.7535484433174133] [0.0, 0.0] 0.18513858318328857
traffic_cone [1914.9214701312471, 872.9557328437743, 0.21901684561285906] [-0.17998393897799062, -0.02134137139638969, -0.02088088859239503, -0.9832163119418227] [0.35515421628952026, 0.34922564029693604, 1.0154798030853271] [2.943534633265686e-05, -1.862681083012441e-05] 0.17710384726524353
traffic_cone [1902.8124622067821, 877.6270720075813, 0.561222542314467] [0.22917324435649702, -0.027921238138447626, -0.01057686637443958, -0.9729276224003665] [0.4270652234554291, 0.4424777030944824, 1.081873893737793] [-0.001096100428059197, -0.005663200477955416] 0.17658211290836334
traffic_cone [1905.497233753895, 874.9045488665903, 0.15024423546825688] [0.1082237438499481, -0.02641472538824073, -0.013918617896561541, -0.9936780945686654] [0.4326480031013489, 0.43458208441734314, 1.1080658435821533] [0.0, 0.0] 0.16574667394161224
traffic_cone [1869.0267934647138, 851.0753522192047, 0.846804644717938] [-0.748792395172604, -0.0038886991291257724, -0.02960310221192687, -0.6621317718477098] [0.4146365821361542, 0.4051360785961151, 1.0376120805740356] [0.0, 0.0] 0.15787342190742493
traffic_cone [1905.359652027598, 875.804586805076, 0.052701105959491845] [0.6686399447895355, -0.02956804560700752, 0.004146844640033731, -0.7429866476528094] [0.3779259920120239, 0.40731900930404663, 0.8650215268135071] [0.0, 0.0] 0.1537088006734848
pedestrian [1842.20518429164, 879.0594254602704, 1.141808780098633] [0.9973738874527918, -0.018294339308170062, 0.02359624526835142, -0.06598380851253456] [0.6974779367446899, 0.782001256942749, 1.8437772989273071] [1.0386136398841768, -0.1949144309881828] 0.15233300626277924
traffic_cone [1899.090665041171, 896.7901481683473, 0.9020367569382337] [0.581769762251495, -0.02984590067111096, 0.0008293700120157827, -0.8128053137672954] [0.5152817964553833, 0.5014821887016296, 1.2039556503295898] [6.603578509758917e-05, 0.0005585233276841606] 0.1517973095178604
traffic_cone [1872.8437754347076, 838.3858082206285, 1.125694109538267] [-0.9126622140308976, 0.0051511509602890256, -0.029409714131065034, -0.40762264097904677] [0.34766796231269836, 0.33726295828819275, 1.1926459074020386] [0.0, 0.0] 0.14833584427833557
traffic_cone [1902.7387658908817, 877.1898259682239, 0.3146189398257809] [0.2812481797423331, -0.02845043421376506, -0.009057507081690817, -0.9591704727263747] [0.39797472953796387, 0.41219204664230347, 0.9243424534797668] [-0.0010238603902355567, -0.0019460966052402026] 0.14543673396110535
pedestrian [1913.388672973778, 895.974406632346, 0.4392321341751606] [-0.7785563022382349, -0.002518166266756051, -0.029751041664782506, -0.6268641149432934] [0.6031842231750488, 0.6060469150543213, 1.693284034729004] [0.0018597787161884348, 0.0007530522291715838] 0.14050492644309998
traffic_cone [1888.9626515603547, 848.6667032313145, 0.14398896120095506] [-0.6310777281636861, -0.008653626522171113, -0.028575870756661636, -0.775144783491622] [0.33510822057724, 0.33814477920532227, 0.8366243243217468] [-0.0001251066740620063, -0.00014801369456935178] 0.1402483731508255
traffic_cone [1902.854188271786, 878.1219277303112, 0.7811432948090082] [0.12436394926565314, -0.0266375134000871, -0.013487346712635255, -0.9917873474094951] [0.38878950476646423, 0.4035758972167969, 1.1922296285629272] [0.0003273181544287524, -0.002743772136244588] 0.1358346790075302
pedestrian [1854.3067569106197, 840.7700004387564, 4.237572476895245] [-0.9163812231746215, 0.005422054357751417, -0.02936097695970353, -0.3991916684645326] [0.5846251845359802, 0.5740967392921448, 1.6683353185653687] [0.0, 0.0] 0.13396719098091125
pedestrian [1862.4059889627106, 880.3507020913155, 0.9083712348889301] [-0.6553978456768793, -0.00774093161860451, -0.028836498039164566, -0.7546934465335036] [0.6740125417709351, 0.7626190185546875, 1.7656240463256836] [-0.1317644253082464, 0.7819691350256944] 0.1309511363506317
pedestrian [1921.5153668239086, 881.4846044059583, 0.6372515419737657] [-0.5107234289531566, -0.012746206282479477, -0.026999997535020876, -0.8592264622768802] [0.6064600348472595, 0.6217763423919678, 1.6625275611877441] [-0.005325931733295615, 0.0399603359480808] 0.13059401512145996
pedestrian [1874.6152529737453, 881.07988096222, 0.5952570917784241] [0.23356921538758404, -0.02796876765577288, -0.010450534785552636, -0.9718816573954575] [0.6105436086654663, 0.6263486742973328, 1.280969500541687] [0.0, 0.0] 0.1286076158285141
pedestrian [1887.8983327746182, 883.3452919567524, 0.7111962665077578] [0.3435591274866541, -0.0289832875688436, -0.007171797765439926, -0.9386563057259679] [0.5601599812507629, 0.5556389093399048, 1.6408084630966187] [0.00011310764685587885, -0.0001422691245295465] 0.12481123954057693
pedestrian [1841.8017406818112, 879.8416593725404, 1.2258240215320604] [0.9877322158000994, -0.020294947410529656, 0.021899332206496355, -0.15327623504359275] [0.6678088307380676, 0.7252682447433472, 1.8443981409072876] [0.40247731697175443, -0.06823022133622399] 0.12341820448637009
pedestrian [1861.9361467640224, 880.8619609014112, 0.9127663346020283] [-0.5408338871824481, -0.011781962040240363, -0.027434485815647936, -0.8405993343047778] [0.7031236886978149, 0.8014373779296875, 1.7934165000915527] [-0.16636092942950195, 0.7568241891065511] 0.12280017882585526
traffic_cone [1902.4404684678368, 878.7482960104993, 0.24057637245237173] [0.0464016014695097, -0.02550086141890005, -0.015529704066102096, -0.9984765524235297] [0.30520808696746826, 0.31098973751068115, 0.9490634799003601] [-0.0009594769719793651, -0.001114968578859533] 0.12176333367824554
traffic_cone [1901.9744058850008, 877.3818667377988, 0.12237129661164503] [0.17983671473226198, -0.027352560930295717, -0.011970925279238572, -0.9832432508758042] [0.3823843002319336, 0.38393062353134155, 0.7828695774078369] [-0.0005345797856123265, 0.002838646730094825] 0.12002107501029968
traffic_cone [1910.993078634097, 853.7109950856816, 0.8844972367440327] [0.3931848771182004, -0.029324857525003883, -0.005614122605080506, -0.9189745299865815] [0.3884269595146179, 0.3941667973995209, 1.2567641735076904] [0.0005957549487092456, -0.0006268068166726227] 0.11816167086362839
traffic_cone [1905.3996026968593, 876.424536408997, 0.02855848991285298] [0.7911748075570393, -0.02834299900610278, 0.009388293179631201, -0.6108608337793434] [0.3412666916847229, 0.37228327989578247, 0.7234910130500793] [0.0, 0.0] 0.11811093240976334
pedestrian [1840.5393674817294, 881.1247286456089, 1.1530119437771589] [0.7237797097909877, -0.029161744829794622, 0.006407673522316774, -0.6893848461152787] [0.6104341149330139, 0.6093677282333374, 1.6895779371261597] [-0.01053732960551904, 0.0010899966347173652] 0.11326851695775986
traffic_cone [1895.9896709461289, 879.1202817710806, 0.41235104641569437] [-0.7894922608344076, -0.0019930041448000943, -0.029790830400736774, -0.6130338526061088] [0.37705379724502563, 0.39281556010246277, 0.7662869691848755] [0.0, 0.0] 0.11301107704639435
traffic_cone [1895.2760640963947, 876.9128322471729, 0.41084976415035207] [-0.6325044904185511, -0.008600974489921217, -0.028591762437988624, -0.7739810100763983] [0.34518158435821533, 0.3562045097351074, 0.7396222352981567] [0.0, 0.0] 0.11182062327861786
pedestrian [1857.7765325925482, 882.3168491622079, 1.3040908365257624] [0.780413592179155, -0.028502241845099342, 0.008893135065325436, -0.624550365863747] [0.578274667263031, 0.586112916469574, 1.655977487564087] [0.0, 0.0] 0.11134041100740433
traffic_cone [1894.4035398948192, 820.4087781762606, 2.0997542903931996] [-0.5846308677296228, -0.010311189946255387, -0.028020439029017633, -0.8107498275400501] [0.44203120470046997, 0.4345015585422516, 1.2072054147720337] [0.0006197829007494183, -1.135916465705782e-05] 0.1029234230518341
traffic_cone [1910.0896218381884, 873.7265135125065, 0.5451473811257808] [-0.8974463205999659, 0.004092429833038296, -0.029575626105770123, -0.4401120720908435] [0.3140019178390503, 0.3117135763168335, 1.1165926456451416] [0.0003820794165154643, 0.00046906949535965224] 0.10114047676324844
pedestrian [1842.639558100512, 879.4504021973439, 1.213915584929359] [0.9991652479520978, -0.017380700479435497, 0.024277085746250593, -0.027880847249244552] [0.6844552159309387, 0.7923167943954468, 1.8514351844787598] [1.057131186613329, -0.09644137361904218] 0.10081729292869568
traffic_cone [1905.8401399402906, 876.9137055062134, 0.19724919682724973] [0.8640332046802232, -0.02687785463564, 0.013001791094770683, -0.502548659901244] [0.3406141996383667, 0.34352797269821167, 0.8620488047599792] [0.0, 0.0] 0.10032151639461517
