car [1313.0653007333824, 1037.0319988214446, 0.6806834125447029] [-0.3382586998388024, 0.019289629572559606, -0.0010023189935584771, -0.9408549077997896] [1.9264264106750488, 4.839212417602539, 1.5385502576828003] [-1.329415148279615, 1.0214079313851427] 0.8075616359710693
car [1277.296600970251, 1033.5268364252033, 0.20777335738622638] [0.8944702316158826, -0.014641068808268482, -0.012598950613561505, 0.4467100964838576] [1.9340320825576782, 4.494081974029541, 1.5976308584213257] [1.1108500932638088, 1.2507453373466075] 0.35552847385406494
car [1274.756293113148, 1039.8546902511225, -0.254914639816099] [0.8995072192544407, -0.014496412825431123, -0.01276512701096586, 0.43647871432262475] [1.8169795274734497, 4.209822654724121, 1.5602619647979736] [0.06234063650232943, 0.06355003629448289] 0.33118343353271484
car [1331.3089460396027, 1089.9476157349172, 3.114700378619468] [0.8648314914160498, -0.015399197031567002, -0.011660153652263423, 0.501690539080297] [1.919062852859497, 4.466442584991455, 1.7486138343811035] [0.05654215165305318, 0.06946897812839804] 0.23568999767303467
car [1296.3276147755682, 999.9378503180421, 1.0016126609462792] [0.4088954280044724, 0.013200482721205484, -0.014101124364339518, -0.9123768051110392] [1.934356451034546, 4.495260715484619, 1.715132236480713] [-0.045639050061990295, -0.05700293723806195] 0.196539044380188
car [1271.6131763324236, 1028.2850566457728, 1.3423860199671935] [0.38127841571954385, -0.019315329037840993, 0.00011187748366177017, 0.9242584461361347] [1.908451795578003, 4.275534629821777, 1.7130775451660156] [-0.0121121387260444, 0.011738729798280504] 0.1763049066066742
car [1275.858983104969, 1022.2417895692748, 1.6785837645799164] [0.4693028898901576, 0.012222708324065731, -0.014956598999646555, -0.8828259755401029] [2.0326499938964844, 4.741479873657227, 1.8690764904022217] [0.0, 0.0] 0.1734912097454071
car [1321.602845728534, 1033.7242182354378, 0.9744208129356908] [-0.35179445979614477, 0.019302080341564554, -0.0007239799024844132, -0.9358779640553178] [2.179896831512451, 5.285724639892578, 2.199859380722046] [-0.02147163633460531, 0.026438664456092394] 0.17348116636276245
car [1367.419618239343, 1016.0079998305048, 0.19577397477718306] [-0.13208949481261734, 0.01864368511907146, -0.005050490826872925, -0.9910495804487964] [1.8946324586868286, 4.386981964111328, 1.6760165691375732] [-0.32071270191406215, 0.17346797360998004] 0.1675756722688675
car [1275.0120602997586, 1035.5869668005796, 0.1499269240176888] [0.9229665766843577, -0.013743731382441267, -0.013572188478602597, 0.3843951142654466] [1.9625458717346191, 4.474401473999023, 1.7068716287612915] [0.0, 0.0] 0.14994916319847107
car [1277.1676600646158, 1035.2642913314417, 0.22204259458128123] [0.9530782349143772, -0.012502617498667597, -0.014723416997878748, 0.3021072387085144] [1.8930686712265015, 4.429742813110352, 1.635758638381958] [0.6394333103588098, -0.011295159443195424] 0.14918464422225952
car [1267.0775029662677, 1062.824415209648, 0.8573950932689256] [0.9772301251321566, -0.003535986874768888, -0.01898924035428685, -0.21130117860953226] [1.884256362915039, 4.427907466888428, 1.6691107749938965] [0.0, 0.0] 0.14817093312740326
car [1366.1067688854553, 1014.7282200754132, 0.1894632284163958] [-0.2507767414565864, 0.01911707089737459, -0.0027626170049732425, -0.9678522260613984] [1.927479863166809, 4.462752819061279, 1.6888539791107178] [-0.2456902718148792, 0.15068750121946378] 0.1328389048576355
car [1341.6369799884544, 1038.8743514260725, 1.1363733644196237] [0.9397780346133555, -0.0009411734179923352, -0.019292709633659005, -0.3412391407881674] [2.3906824588775635, 5.761470317840576, 2.681272029876709] [0.0, 0.0] 0.12514802813529968
car [1273.866317053152, 1062.4065705606383, 0.6286068399370844] [0.3024186017703084, 0.014719331495120839, -0.01250742710345169, -0.9529794829118197] [1.8214454650878906, 4.325736999511719, 1.5760188102722168] [-0.1250705960372351, 0.03933701223504937] 0.12167158722877502
car [1255.199425214922, 1026.9022653935333, 0.5703869484288571] [0.354567589021685, 0.014006399364839502, -0.013300948434004159, -0.9348308565526372] [1.960146427154541, 4.571004867553711, 1.7440379858016968] [0.0, 0.0] 0.12147179991006851
car [1275.2391210188155, 1033.017079485238, 0.24937813255472085] [0.7960613161658955, -0.016724387211774442, -0.009663815230127777, 0.6049076677078992] [1.9446053504943848, 4.580101013183594, 1.7032265663146973] [0.0, 0.0] 0.12011471390724182
car [1298.6931317538765, 1059.5636908456995, 1.4895108778466342] [-0.32487800827430796, 0.019273470053641002, -0.001275854420699175, -0.9455586630597314] [1.8536125421524048, 4.348479270935059, 1.6364768743515015] [-0.6357519136839769, 0.4424419223975764] 0.11879909038543701
car [1358.4168143440934, 1020.769265381179, -0.20734906334430525] [0.47496901231392546, 0.012126297479737381, -0.015034871527363606, -0.879790510797384] [1.9084601402282715, 4.469621181488037, 1.631883978843689] [0.0, 0.0] 0.11577040702104568
car [1329.5958209821829, 1062.5563091017227, 2.302495426997906] [-0.010850013355479304, 0.017893031184710563, -0.007275567842745295, -0.9997545612587991] [1.867722749710083, 4.39003849029541, 1.6134352684020996] [-0.11689237857938045, -0.013369919204030675] 0.10902287065982819
car [1367.1275699398443, 1017.9029486840412, 0.3035171537792592] [0.45084332686075423, 0.01253108307641363, -0.014699197574814553, -0.8923940834478428] [1.9137282371520996, 4.441959381103516, 1.6364037990570068] [0.00062649822952371, 0.005544694795262837] 0.10143610835075378
truck [1321.591123004711, 1033.7226525897404, 0.9709520290370672] [0.3566550227848478, -0.0193055832391838, 0.0006236250527036852, 0.9340364555358251] [2.1924781799316406, 5.2620391845703125, 2.101468086242676] [-0.048843056105295136, 0.04658555314127023] 0.698864221572876
truck [1319.389395297567, 1031.2634388830645, 1.8280010595582061] [-0.3313467416981219, 0.019281756596828025, -0.0011438159607616537, -0.9433113178127496] [2.809312343597412, 6.860706806182861, 3.998016357421875] [0.0, 0.0] 0.5990279316902161
construction_vehicle [1276.4933689146483, 1022.9671215599544, 1.63465248024154] [0.5787766635795938, 0.010201034815904581, -0.016402235856617736, -0.8152573086107608] [1.9049859046936035, 3.43026065826416, 2.248450756072998] [0.0, 0.0] 0.23743672668933868
truck [1272.9250077463007, 1064.0076154975204, 1.1160807872630039] [-0.2942901039573069, 0.019222447853024113, -0.0018952442980214278, -0.9555209261237481] [2.125309944152832, 5.252148628234863, 2.379304885864258] [0.0, 0.0] 0.21159717440605164
truck [1332.101840507308, 1091.6515328746457, 3.121427998395329] [0.3902213107151468, -0.019315505905083605, -7.539258646897286e-05, 0.9205184594625685] [2.883552074432373, 8.904923439025879, 3.2568166255950928] [0.0, 0.0] 0.19399641454219818
truck [1271.1737408960305, 1028.6354686560273, 1.4495768009495955] [0.3605484550464814, -0.01930801683599761, 0.0005430821965844764, 0.9325404640610417] [2.0827605724334717, 5.3374457359313965, 2.1117939949035645] [0.0, 0.0] 0.17190545797348022
construction_vehicle [1296.5841087123547, 1000.2149106813135, 0.7071803804989267] [0.4064465570127013, 0.013238260708535095, -0.014065664073347906, -0.9134703617743208] [1.7515108585357666, 3.6451735496520996, 2.0549747943878174] [-0.006725146950881064, -0.0047067048197839655] 0.1551302969455719
construction_vehicle [1332.5048930388177, 1092.787226162861, 3.102592213028021] [0.8230858226439468, -0.016261387087969363, -0.010424094319730487, 0.5675884372590103] [3.003997802734375, 10.790504455566406, 3.503851890563965] [0.0, 0.0] 0.13210278749465942
construction_vehicle [1254.5379966782887, 1029.7597841126685, 1.8209894266622695] [0.7851376652832169, -0.016894209879958644, -0.009363766600216058, 0.6190199932968296] [2.8107500076293945, 7.1967034339904785, 3.502650499343872] [0.0, 0.0] 0.12711191177368164
construction_vehicle [1293.8156159758896, 1077.5069359191202, 2.693464526880824] [0.9134697141281485, -0.014065685167600329, -0.013238238295836886, 0.4064480125652317] [3.0020270347595215, 8.928832054138184, 3.5807008743286133] [0.0, 0.0] 0.12271679937839508
construction_vehicle [1331.0118082211607, 1089.4535101750623, 2.9023579796162577] [0.8875941442951345, -0.014830417825844894, -0.012375506434981805, 0.46022118656204436] [1.8417946100234985, 3.4922242164611816, 2.3697845935821533] [0.002215407044395105, -0.0004885053391888065] 0.11987140029668808
truck [1274.4032885054555, 1039.4925851453636, -0.4912140836785998] [0.9053417776867116, -0.014322027392437152, -0.01296047776054934, 0.4242442352261874] [2.0001444816589355, 4.931183815002441, 1.8777211904525757] [0.0, 0.0] 0.11887122690677643
construction_vehicle [1278.7082920136502, 1022.5971577455234, 0.9689986976438725] [0.9504232292920688, -0.0015708752551261956, -0.01925167014428219, -0.31035880971808033] [3.029096841812134, 6.44357442855835, 3.2199532985687256] [0.0, 0.0] 0.10814374685287476
trailer [1325.4667183284707, 1026.201826394047, 2.0872395503541314] [-0.33634031001740117, 0.01928754653823824, -0.001041633787234304, -0.9415424055266903] [2.9387125968933105, 14.339298248291016, 4.238802909851074] [-0.0002170693628414921, 0.0005021809258182547] 0.8141546845436096
trailer [1341.508201064552, 1038.899700513202, 1.1987551908836558] [0.9436729406064598, -0.0011648916540238086, -0.019280494802929718, -0.33031543517484147] [2.4641294479370117, 4.624457836151123, 2.003382682800293] [0.0, 0.0] 0.3138240575790405
bus [1332.451460276098, 1092.153079160231, 3.140089856166896] [0.7915365727820723, -0.01679585743306343, -0.009539057893713725, 0.6108164695683959] [2.839627265930176, 9.603475570678711, 3.449885606765747] [0.0, 0.0] 0.27033746242523193
trailer [1353.2327303308357, 1042.2286286194817, 2.1956599008916244] [-0.3215097051652474, 0.019268805800466866, -0.0013444610203752674, -0.946709255807792] [3.5000534057617188, 15.160473823547363, 3.6009531021118164] [0.0, 0.0] 0.2698948383331299
trailer [1342.7290459279482, 1033.042120710914, 0.9992401813726777] [0.9349777119955691, -0.0006747499725770975, -0.019303863988484823, -0.3541801570092809] [2.1628050804138184, 4.139978408813477, 2.0333614349365234] [0.0, 0.0] 0.2511380910873413
bus [1286.2782212268091, 1075.4109267524875, 2.3124718601461125] [0.5323334014747227, -0.019055138647156373, -0.003161667842936979, 0.846314395022287] [2.8584847450256348, 11.830087661743164, 3.7015328407287598] [0.0, 0.0] 0.2273401916027069
trailer [1341.967188918511, 1076.4170768498243, 2.6361475324679797] [0.49523914458562956, 0.01177445671706118, -0.01531197640507152, -0.8685419363609808] [2.9736809730529785, 12.556373596191406, 4.021212577819824] [0.0, 0.0] 0.22501689195632935
trailer [1313.4408907715442, 1098.5852954695745, 2.967911869973662] [0.9492674202127935, -0.0014995734531832363, -0.01925735526675255, -0.3138762024590838] [2.1248202323913574, 2.953469753265381, 3.1300108432769775] [0.00018797647748035714, -0.00039284168694981447] 0.17639009654521942
trailer [1296.9741690136934, 1000.6984574630445, 1.2749068809594226] [0.928271518383545, -0.01355185999228739, -0.013763776486155775, 0.37140125700581] [2.026052236557007, 2.828735589981079, 2.2961180210113525] [0.0, 0.0] 0.13721463084220886
trailer [1272.1020563250393, 1027.8420260010726, 2.0028068646089414] [0.7551783952009359, -0.017315606455265545, -0.008559452406420648, 0.6552346884661456] [1.802030324935913, 2.41194748878479, 2.2628114223480225] [0.0, 0.0] 0.13047000765800476
trailer [1276.1783242967463, 1023.3578935085363, 1.744549232083287] [0.7875098434828299, -0.016858114221730287, -0.009428596783111958, 0.61599931165971] [2.248957633972168, 2.984957218170166, 2.2396388053894043] [0.0, 0.0] 0.11191920936107635
trailer [1272.986975280339, 1063.9825530686867, 1.6059061402175396] [-0.3019637603721882, 0.01923706574673511, -0.0017406188173190035, -0.9531237028683504] [2.1098361015319824, 4.796313285827637, 2.797403573989868] [-0.0011167515209908059, 0.0012431638337241635] 0.10768136382102966
trailer [1285.7680683418105, 1077.4110826383364, 2.3356985673440143] [0.8101920714399443, -0.016490347386731604, -0.010057976708877788, 0.5858461512406138] [3.0492606163024902, 16.55597496032715, 4.2052130699157715] [0.0, 0.0] 0.105472132563591
trailer [1302.308290216037, 1086.1227255821138, 2.5878013854864164] [0.9534518209350064, -0.0017615570228097623, -0.019235159715136337, -0.30092612166993504] [1.8317475318908691, 1.9199109077453613, 3.0205681324005127] [-0.0004785304758086494, -0.0005292807682983213] 0.10168411582708359
barrier [1328.973762584387, 1049.3328937520828, 1.1478633231544257] [0.09898199668940477, 0.016986048626592004, -0.009196118989359917, -0.9949017388058815] [3.235694408416748, 0.5165976285934448, 0.9702808856964111] [0.0, 0.0] 0.5149124264717102
barrier [1331.328662908098, 1043.4116765056665, 0.7350741658128079] [0.23003851709119882, 0.015616573118595716, -0.01136736981200875, -0.9729898181389516] [3.127622365951538, 0.47002220153808594, 0.8958961963653564] [0.0, 0.0] 0.4346252679824829
barrier [1328.4469298636095, 1052.2996222786146, 1.21128310038157] [0.09481656757166235, 0.017024393872962288, -0.009124936474828645, -0.9953073515560489] [3.103651285171509, 0.41336479783058167, 0.9133023023605347] [0.0, 0.0] 0.41342756152153015
barrier [1330.0610830538858, 1046.131715824648, 0.9471676432820862] [0.2241299922507003, 0.0156852649792085, -0.011272396149152559, -0.9743678217805066] [3.090949058532715, 0.47966906428337097, 0.9093879461288452] [0.0, 0.0] 0.41286033391952515
barrier [1334.9963911678065, 1037.9090362029337, 0.30487203438328414] [0.3365110719720147, 0.014259782524514328, -0.013028931451388094, -0.9414813880198766] [3.219143867492676, 0.4778537154197693, 0.904335618019104] [0.0, 0.0] 0.3721822500228882
barrier [1337.0803598706452, 1035.6403626173073, 0.21885678490525756] [0.3745817342224751, 0.013717231849373193, -0.013598970652294082, -0.9269926806261585] [3.2396910190582275, 0.48611709475517273, 0.9167195558547974] [0.0, 0.0] 0.3472047448158264
barrier [1333.1422294576419, 1040.4105126876866, 0.4951658861812816] [0.2955487982661702, 0.014809010093539722, -0.012401115774834645, -0.9551323538604535] [3.296156644821167, 0.4667488932609558, 0.9013791084289551] [0.0, 0.0] 0.34214356541633606
barrier [1339.6467719633124, 1033.221577833081, 0.10791132588517827] [0.3866607818859192, 0.013538392626695992, -0.013777023535467945, -0.9220197098213019] [3.120236873626709, 0.46286073327064514, 0.8850709795951843] [0.0, 0.0] 0.2864571809768677
barrier [1275.0097938652443, 1062.8215065891675, 0.3375866291506634] [0.9401649152729131, -0.0009630802201738321, -0.019291628466796787, -0.34017177666212134] [1.9202691316604614, 0.4644872546195984, 1.02794349193573] [0.0, 0.0] 0.26482757925987244
barrier [1340.8577987674505, 1031.822648191522, -0.015861314241167376] [0.39042986999892354, 0.013481912405307016, -0.013832298807755812, -0.9204300202406543] [3.195420265197754, 0.3977698087692261, 0.808285653591156] [0.0, 0.0] 0.21631205081939697
barrier [1346.1161572607823, 1027.68948379479, -0.20478012278010524] [0.4418327450146491, 0.012678489972313611, -0.014572245689438445, -0.8968894753426467] [3.221576452255249, 0.4648590087890625, 0.9019943475723267] [0.0, 0.0] 0.17793115973472595
barrier [1278.5692261066163, 1070.2333496943259, 0.3654828133193351] [0.5181490513714424, 0.011363321964608675, -0.015619518761474573, -0.855072199355389] [2.622437000274658, 0.6271178722381592, 1.025795817375183] [0.0, 0.0] 0.12892337143421173
barrier [1299.1516277717744, 1059.0487589774148, 1.2491387571534878] [0.38170121153955217, 0.013612220812709054, -0.013704083222071608, -0.9240839197047128] [2.4675488471984863, 0.5369119644165039, 0.9713315367698669] [0.0, 0.0] 0.1264921873807907
barrier [1342.3943228458008, 1030.7584502051611, -0.06109810934985855] [0.4342441144455307, 0.012801078687030325, -0.014464675484084394, -0.900588115964787] [2.949960231781006, 0.454559862613678, 0.8579370975494385] [0.0, 0.0] 0.1215863823890686
barrier [1298.872909048138, 1058.7305728093022, 1.2412378956684846] [0.4933755610640301, 0.011807263654335404, -0.015286692821157367, -0.869601898165098] [2.550097942352295, 0.531914472579956, 0.9585334062576294] [0.0, 0.0] 0.1155797690153122
barrier [1282.336087264374, 1070.930027647067, 0.44750162844338714] [0.6186283243760664, 0.0093721915199426, -0.016889537546212748, -0.7854463074120652] [2.516749620437622, 0.4614245295524597, 1.0003650188446045] [0.0, 0.0] 0.10917732864618301
barrier [1297.7166892246719, 1001.5488296518015, 0.9572240166179711] [0.8997968669298102, -0.01448793287896383, -0.01277475061619807, 0.4358812955506183] [2.049283266067505, 0.6014677286148071, 1.0398578643798828] [0.0, 0.0] 0.10870164632797241
barrier [1328.2934000338046, 1053.9014469201759, 1.3608478206876728] [0.173704332354366, 0.01624443018724655, -0.01045049952409391, -0.9846084046304457] [2.594782829284668, 0.3956852853298187, 0.944353461265564] [0.0, 0.0] 0.10090956091880798
barrier [1328.3011099109117, 1054.7570906225214, 1.4568131444157282] [0.20172853292091403, 0.01593962001061902, -0.010909764723791618, -0.979250991601828] [2.5473380088806152, 0.4456581473350525, 0.9565282464027405] [0.0, 0.0] 0.10068529099225998
bicycle [1308.8996046317673, 1052.7041943598645, 1.5513846934360747] [0.8682143050995818, -0.015319758074457098, -0.01176433019561763, 0.49581329749013214] [0.7817438244819641, 1.8178956508636475, 1.7918322086334229] [0.2414178015348143, 0.8955312334253028] 0.6075035333633423
bicycle [1299.5949656762225, 1058.5934781356789, 1.2647779514277135] [0.9040807503643852, 0.0008521184712030165, -0.019296848098133767, -0.4269249376273986] [0.5931210517883301, 1.7846847772598267, 1.143575668334961] [0.0, 0.0] 0.3606339693069458
bicycle [1338.6188397185317, 1033.5790557374003, 0.5144265168438423] [0.9756442138516785, -0.0033957590290169815, -0.01901481719681427, -0.2185069187127215] [0.5310753583908081, 1.5754070281982422, 1.1457325220108032] [0.0, 0.0] 0.26805901527404785
bicycle [1299.1577379202351, 1037.2603385335387, 0.6106661747079545] [-0.26580937823353645, 0.019157751051188533, -0.0024647570006186567, -0.96383208080593] [0.626839280128479, 1.628024935722351, 1.3729753494262695] [0.0, 0.0] 0.21938659250736237
bicycle [1297.71330629138, 1001.5003074253359, 0.9885526572548045] [0.8746560979836443, -0.015163808638229786, -0.011964671328313277, 0.4843589741169391] [0.6144304275512695, 1.6738218069076538, 1.4565013647079468] [-0.041333233077259245, -0.06483142819286401] 0.20816481113433838
bicycle [1317.9460359711204, 1012.626613564273, 1.7151059214651776] [0.9857582544479127, -0.004387992838239155, -0.018810634525793544, -0.16705558756112346] [0.661965548992157, 1.7765967845916748, 1.3223466873168945] [0.005067775706151201, -0.012101328763382702] 0.20102334022521973
bicycle [1332.6363880003514, 1039.5462922768668, 0.7372993386801961] [0.878276323098075, 0.0019506466533245597, -0.01921690479877776, -0.47776312732662163] [0.47863250970840454, 1.4872832298278809, 1.0537270307540894] [0.002226330498243522, -0.007692876821863927] 0.13466575741767883
bicycle [1317.9035949924094, 1013.2845058284383, 1.4625302645358171] [0.8494928164897303, -0.015739919920413976, -0.011195953434628486, 0.5272464891110543] [0.6458184123039246, 1.7363392114639282, 1.2738468647003174] [-0.0023158619032822647, 0.04466774897977024] 0.12455017864704132
bicycle [1263.2984620619209, 1061.508798175795, 0.19820162848454712] [0.9596829076721619, -0.0021734440216793667, -0.01919298292335093, -0.28042043839472997] [0.7051923871040344, 1.8823245763778687, 1.617689609527588] [0.7805997606113908, -0.46777618504695173] 0.12132452428340912
bicycle [1349.5942720894118, 1047.0073345459796, 1.9074322539209547] [-0.25090226949711913, 0.01911742904719596, -0.0027601375032491153, -0.9678196922509805] [0.7090381383895874, 1.757595181465149, 1.6186919212341309] [-0.12291911141729524, 0.04168604884690905] 0.11839524656534195
motorcycle [1299.0190031999953, 1057.9479632411797, 1.3147049144513654] [0.9799958725436527, -0.010850294906385798, -0.01598016122746803, 0.19807825560871783] [0.8246362209320068, 2.1877880096435547, 1.3351154327392578] [0.0, 0.0] 0.10060493648052216
pedestrian [1295.2428163835716, 1032.8279148161992, 0.4057397178877082] [0.7472086003351406, -0.017417734374621064, -0.008349669554333148, 0.6643088236150322] [0.674277126789093, 0.7241594195365906, 1.8582725524902344] [0.0, 0.0] 0.8079097867012024
pedestrian [1298.9396483499572, 1034.3173534079883, 0.39213038104593767] [0.7973164848235053, -0.016704271475478642, -0.009698544575601263, 0.6032522926407132] [0.7393324375152588, 0.8241972327232361, 1.9008464813232422] [0.08222463626689355, 0.012076666405684644] 0.8036860823631287
pedestrian [1293.2958616759147, 1033.2948832660006, 0.342661693643423] [0.6169229763747333, -0.01862651256854114, -0.005113460857911501, 0.7867864683435577] [0.6397361755371094, 0.6759806871414185, 1.7827699184417725] [0.0, 0.0] 0.7134972214698792
pedestrian [1295.1829687272775, 1034.3755784240295, 0.4054250049523328] [0.675888028890238, -0.018175576993112945, -0.0065378018766889395, 0.7367511642002723] [0.6566451191902161, 0.7031883001327515, 1.819127082824707] [0.0, 0.0] 0.6873675584793091
pedestrian [1297.3174655782047, 1034.1685751355872, 0.2849555766884112] [0.7041952233784554, -0.017905875869803307, -0.00724389824242512, 0.7097436106923083] [0.5714887976646423, 0.6058493852615356, 1.758394718170166] [0.0, 0.0] 0.6351497769355774
pedestrian [1299.1402083172686, 1037.2188618004698, 0.5460867031860085] [0.46515052679480545, -0.01924284243919044, -0.0016755498416655464, 0.8850208432404871] [0.627611517906189, 0.66602623462677, 1.690753698348999] [-0.009407354444255715, 0.009363187999939258] 0.5457097887992859
pedestrian [1296.995393562579, 1034.002120860356, 0.2615449541909626] [0.7105172919152007, -0.01784034615221233, -0.007403816690103612, 0.703414588587042] [0.5910354852676392, 0.6392355561256409, 1.7725441455841064] [0.0, 0.0] 0.42231643199920654
pedestrian [1291.8451236703863, 1031.2870866592602, 0.35237469924239584] [0.6430610149025067, -0.018443805702139805, -0.005737637460935403, 0.7655713138958029] [0.5726042985916138, 0.5877522230148315, 1.663948655128479] [0.0, 0.0] 0.3643040955066681
pedestrian [1298.0987283161069, 1034.3039897231517, 0.31710997576141164] [0.7468834286132141, -0.01742181823427831, -0.008341145114621966, 0.6646743936775041] [0.5807623863220215, 0.6493184566497803, 1.7701919078826904] [0.00932428143071476, -0.0024518785305102492] 0.31860795617103577
pedestrian [1308.8932640811663, 1052.6687018527196, 1.5481566423582458] [0.6453751477402072, -0.018426355692757482, -0.005793433204534078, 0.763621518965314] [0.7682913541793823, 0.8845637440681458, 1.8270014524459839] [0.09639163841364351, 0.596432155856818] 0.286226749420166
pedestrian [1291.397730276526, 1071.9337069521355, 1.5343299089175302] [0.9710369215929221, -0.003011416979400547, -0.019079460689117814, -0.2381474384723236] [0.5436528921127319, 0.5555695295333862, 1.5620174407958984] [0.00022423662048216814, -4.8738289299479554e-05] 0.2677879333496094
pedestrian [1277.66455776138, 1072.1370144327088, 0.891226100913477] [0.9461694872600365, -0.0013121891492019694, -0.01927103038366477, -0.32309473367058683] [0.6617588996887207, 0.6932493448257446, 1.7824183702468872] [0.3342511011387345, -0.2086507359386503] 0.26327750086784363
pedestrian [1292.8553959464696, 1030.4895276345699, 0.42735367668982194] [0.8135372637322407, -0.016432416613336217, -0.010152346362155208, 0.5811919012397252] [0.5971567034721375, 0.6000507473945618, 1.7633540630340576] [0.0005630496838819453, 8.065635189442818e-05] 0.2578502297401428
pedestrian [1292.3463492318674, 1074.218519505392, 2.019466902888346] [0.96796788701622, -0.002771441572351263, -0.019115793575534796, -0.25032993279458604] [0.7147071361541748, 0.7501757144927979, 1.8814698457717896] [0.06978898206495501, 0.0157916335219554] 0.2484370768070221
pedestrian [1317.6749905420445, 1012.9068331366607, 1.4532010295595668] [0.7282408208555229, -0.017645546826410542, -0.007856788759306624, 0.6850490583799544] [0.5725488662719727, 0.5952327847480774, 1.7598702907562256] [-0.03946131863055998, 0.053799693113007294] 0.22074708342552185
traffic_cone [1327.8188787893278, 1049.8789006284053, 1.4746250017091562] [0.04307120239052198, 0.01747471382661176, -0.008229752674864406, -0.9988852672215277] [0.37571606040000916, 0.3980858027935028, 1.1772704124450684] [3.31433847028731e-05, -0.0005075889792308473] 0.19287267327308655
pedestrian [1297.633916772223, 1034.540744241415, 0.30726284618332883] [0.6917023411630223, -0.01802956157551278, -0.0069303219121630445, 0.7219243566864757] [0.601966142654419, 0.6535269618034363, 1.7594826221466064] [0.0, 0.0] 0.18469110131263733
pedestrian [1294.9016305094183, 1033.2249211007356, 0.38343646187816965] [0.6698219419857161, -0.018228593139962584, -0.006388493136031617, 0.7422704841107937] [0.6660389304161072, 0.7337547540664673, 1.8247328996658325] [0.0, 0.0] 0.18124529719352722
traffic_cone [1327.6217334757018, 1051.5038121225807, 1.3065902745094096] [0.11268913307468031, 0.016857648868467717, -0.009429428775851855, -0.993442532225425] [0.36303454637527466, 0.39274582266807556, 1.1401413679122925] [-2.9518711213118667e-06, -0.00028457836531258293] 0.1788789927959442
pedestrian [1295.5015899476407, 1033.2984981905788, 0.35587994161701686] [0.7171157645993871, -0.017769768987682913, -0.007571641997334302, 0.6966863610769367] [0.6552901864051819, 0.7229253053665161, 1.8228211402893066] [0.0, 0.0] 0.17391890287399292
pedestrian [1349.6432358347663, 1046.916817025329, 1.8292509727259048] [-0.08261712535113824, 0.018369312270363338, -0.005971835490474694, -0.9963941570213578] [0.6173365116119385, 0.6487706899642944, 1.7736610174179077] [-0.033673972884840926, 0.061519139017541] 0.17336922883987427
traffic_cone [1303.531026879389, 1040.7622848940139, 1.5254283817416427] [-0.32995130688799357, 0.019280043909776966, -0.0011723306907549967, -0.9438003181979188] [0.387710839509964, 0.38128653168678284, 1.2442097663879395] [6.945297771945437e-05, -8.213462025625429e-05] 0.16738282144069672
traffic_cone [1299.7195768263653, 1058.3992548719443, 1.2350612944276178] [0.8588247899979118, 0.0027042495638588578, -0.019125414680675114, -0.5119051529654989] [0.4664226472377777, 0.47532889246940613, 1.2983418703079224] [-0.001469297766265856, 0.001451800358066162] 0.15250039100646973
traffic_cone [1290.2829231051078, 1029.3858079006739, 0.10094282218354969] [0.6408406238632445, -0.01846034900092771, -0.005684185709084582, 0.7674309091730378] [0.3676389455795288, 0.3744969964027405, 0.8974826335906982] [0.0, 0.0] 0.1517133116722107
pedestrian [1302.2294705908748, 1086.2038706286755, 2.441570312145815] [0.7541819857869813, 0.0060600429997637595, -0.01834040161099065, -0.6563813204700402] [0.6828081607818604, 0.7230364084243774, 1.8370553255081177] [-0.026888850296536756, -0.07492154600520663] 0.15046311914920807
pedestrian [1297.274016732996, 1033.7271147163647, 0.24609386599263267] [0.7668553871500396, -0.01715866021763119, -0.008869883423545933, 0.6415292049053971] [0.6160491704940796, 0.6726036071777344, 1.772228717803955] [0.0, 0.0] 0.14378789067268372
traffic_cone [1365.880223674947, 1016.6349449117366, 0.04468322940654357] [-0.2498282224650189, 0.019114354630259733, -0.002781348500293058, -0.9680974975732335] [0.47319695353507996, 0.49025803804397583, 1.4009640216827393] [-0.020174153697263806, 0.007519655116326455] 0.14238403737545013
pedestrian [1263.4119830561383, 1061.4602564774482, 0.4742034057342227] [0.948457029421969, -0.0014500409256644458, -0.019261148297163185, -0.31631656435862204] [0.6392395496368408, 0.6589162945747375, 1.7264246940612793] [0.5977154716564209, -0.45784778611029553] 0.1414298117160797
pedestrian [1292.7603877294937, 1030.8532316671894, 0.3720873029496709] [0.6986362500346703, -0.017961848978963912, -0.007103973090342275, 0.7152162579843118] [0.5971368551254272, 0.631139874458313, 1.7308886051177979] [0.0011183347115821989, -0.00040772672500845694] 0.13911442458629608
traffic_cone [1328.3115320853717, 1048.4733041019565, 1.1520010882772824] [-0.05479610375441324, 0.018195615653365294, -0.006481822537405822, -0.9983107194460668] [0.3739289939403534, 0.4719465374946594, 0.9373528957366943] [0.000689685090049685, -0.008525809940145745] 0.13783785700798035
pedestrian [1256.9363372682014, 1027.6285715131673, 0.27754006268344256] [0.5078380139840154, 0.011550169231502648, -0.01548186174641356, -0.8612360054598036] [0.6758522987365723, 0.715831995010376, 1.8210316896438599] [-0.16419621346103044, -0.22526386700787887] 0.13462893664836884
pedestrian [1292.7347706753023, 1033.5246062817848, 0.29143695423759386] [0.5950523413425499, -0.01876009220426099, -0.004599281780782767, 0.8034548006019614] [0.604843020439148, 0.6479188203811646, 1.6975046396255493] [0.0, 0.0] 0.13446325063705444
pedestrian [1267.9752401414098, 1046.6222713084264, 0.09350457988447954] [0.8114026363168226, 0.0043459929435435245, -0.01882038250796418, -0.584168355292974] [0.6126617789268494, 0.6261732578277588, 1.6977603435516357] [0.00235505628116404, -0.007164653724141565] 0.13355275988578796
pedestrian [1292.732030116048, 1032.9235148632254, 0.28195905380435893] [0.5143142948578441, -0.019117747097994017, -0.0027579337027121443, 0.8573842263842196] [0.6337254047393799, 0.6782760620117188, 1.7407612800598145] [0.0, 0.0] 0.1330260932445526
pedestrian [1294.8774944451573, 1077.712915390438, 2.673178437278967] [0.5761441866792668, 0.010253884231509088, -0.01636924893140255, -0.8171198086592162] [0.60627281665802, 0.6154295802116394, 1.744521975517273] [-0.10519251867832599, -0.15530429915400207] 0.12999697029590607
traffic_cone [1328.2476645343022, 1054.0043671339668, 1.4604298042527337] [0.3002608296688227, 0.014747603412118943, -0.012474078964407427, -0.9536615435856571] [0.35751986503601074, 0.3819076418876648, 1.124802589416504] [-0.0006205008444227509, 0.0018986528842300098] 0.1277259886264801
pedestrian [1292.263830287126, 1033.2223091788674, 0.21075872070947083] [0.5560586721057283, -0.018958085763911732, -0.003699383270165656, 0.8309185632320425] [0.5673922300338745, 0.5954077839851379, 1.6231114864349365] [0.0, 0.0] 0.1268932819366455
pedestrian [1268.7077894178287, 1061.9879710645428, 0.49000227526338014] [0.9923145542032915, -0.005235706339893435, -0.01859252084935805, -0.12222410181265583] [0.5597913861274719, 0.5722688436508179, 1.5679211616516113] [-0.00070625340835085, 0.0002378957818973522] 0.12619012594223022
pedestrian [1296.5652886662333, 1034.2191066730006, 0.2771370064318415] [0.700168136939818, -0.017946576087428844, -0.007142468701334396, 0.7137166703684397] [0.5528377294540405, 0.5926531553268433, 1.7019751071929932] [0.0, 0.0] 0.12297208607196808
pedestrian [1291.8039568238357, 1073.9647561512472, 1.867220659559722] [0.5769270844386098, 0.010238190537292769, -0.01637906917176623, -0.8165672322526498] [0.6977097392082214, 0.7287371158599854, 1.7996079921722412] [-0.11862150016340381, -0.1162574512418522] 0.11904925107955933
traffic_cone [1315.8146401842957, 1056.2343857947267, 1.1024901187334977] [0.4019642180060135, -0.019312961223282712, -0.0003224611595100454, 0.9154516224194492] [0.3567841351032257, 0.3504355549812317, 0.7089333534240723] [-2.238155727053246e-06, 5.459464322419776e-07] 0.11455496400594711
pedestrian [1299.50527714589, 1034.4123652050052, 0.30165426580093135] [0.7886529345147433, -0.016840567966178825, -0.009459900791653455, 0.614535153127038] [0.6079315543174744, 0.661811113357544, 1.7317808866500854] [0.03729021560953418, 0.010618012491877167] 0.11385951191186905
pedestrian [1298.6155532241435, 1037.3217204342945, 0.49618968279201503] [-0.3343234748358735, 0.019285271939176996, -0.001082930581065295, -0.9422604309431948] [0.713060200214386, 0.7849847078323364, 1.7091255187988281] [-0.028277330722265008, -0.0007762144937577358] 0.10941246896982193
pedestrian [1295.2721717659388, 1032.363363070599, 0.35680926949197134] [0.7502548820508812, -0.017379162448468353, -0.008429659838994793, 0.6608664899254663] [0.6730723977088928, 0.7472426891326904, 1.8204214572906494] [0.0, 0.0] 0.10841219127178192
traffic_cone [1313.7696605082988, 1030.2074494787958, 0.07449684064526715] [-0.2745459349992, 0.019179331561100244, -0.002290784424776411, -0.9613799639700231] [0.36058953404426575, 0.3201167583465576, 0.6343685388565063] [0.0, 0.0] 0.10668697208166122
traffic_cone [1321.032133399214, 1005.87583336955, 0.17760116252920755] [0.8983612471150744, -0.01452978770983504, -0.012727125422440876, 0.43883251386996897] [0.408913791179657, 0.4088742733001709, 1.2313063144683838] [-0.00036747398649979217, 0.00025405970082686226] 0.10536010563373566
pedestrian [1327.1393208495017, 1059.760281094927, 2.231572214491416] [0.5439955030610116, -0.019009555721426867, -0.003425090317842893, 0.8388657807998757] [0.5865688323974609, 0.5988810658454895, 1.588439702987671] [-0.0016888726703132028, -0.002129100238510153] 0.10309293121099472
traffic_cone [1326.4114240269694, 1059.6623455274969, 1.8748310284037077] [0.5380402719287164, -0.019033338390922683, -0.0032903620025831193, 0.8426977935953439] [0.4036979675292969, 0.41649913787841797, 1.1002013683319092] [1.4097728596821944e-06, 6.831278627813796e-06] 0.10208740830421448
pedestrian [1295.8439073315305, 1034.59352215424, 0.33099356314353057] [0.6301192335788082, -0.0185375211262499, -0.005427224235762952, 0.7762581123709068] [0.5929298996925354, 0.6352208256721497, 1.755905032157898] [0.0, 0.0] 0.10058913379907608
traffic_cone [1332.936077955704, 1039.1705981992047, 0.8454129029949983] [0.32372672732034535, 0.014434966280970308, -0.012834570537367597, -0.9459534404853375] [0.41366615891456604, 0.5499310493469238, 1.1559479236602783] [0.010199272545443637, -0.020880136238189764] 0.10002307593822479
