car [1313.0873994123237, 1037.0326808266832, 0.7122028016135623] [-0.33624602217654076, 0.019243469980564677, -0.0009588293054234309, -0.9415770717683835] [1.8987751007080078, 4.82281494140625, 1.516180157661438] [0.0, 0.0] 0.8442873358726501
car [1331.4012943576515, 1089.8922610992345, 3.190827030927537] [0.8978900522691236, -0.014452823892346046, -0.012741521575803418, 0.43979793490377006] [1.910163164138794, 4.515510559082031, 1.7568960189819336] [0.0, 0.0] 0.5972838401794434
car [1287.8514211075774, 1035.3718364847614, 0.3329734901576151] [0.9301981445842943, -0.01338709883929726, -0.013856986512107122, 0.36655174439825894] [1.8373878002166748, 4.250706672668457, 1.5844051837921143] [3.118752176595004, 2.957568686977031] 0.5735014081001282
car [1281.105205514648, 1038.1784183617724, 0.3506609710863087] [0.8950122294823948, -0.014535343233806185, -0.012647303570535397, 0.4456252669973094] [1.8214808702468872, 4.259449005126953, 1.5840320587158203] [3.434503813445187, 4.675482628806691] 0.5593981742858887
car [1296.3108063699394, 999.939965057877, 1.1307177934296773] [0.41508964034527573, 0.01313183040011683, -0.014099131919107645, -0.9095764728638817] [2.0162649154663086, 4.578408718109131, 1.7675015926361084] [0.0, 0.0] 0.360275000333786
car [1284.5183125460408, 1031.9215377630462, 0.20416088786462563] [0.8470239770060917, -0.015704995909628327, -0.011161702110717263, 0.5312053763717511] [1.977209210395813, 4.824145317077637, 1.5952532291412354] [0.6966814565684987, 1.014205342823705] 0.34054097533226013
car [1272.073760566044, 1027.8682932479949, 1.2429821688398528] [0.9092845553218214, -0.014108356474665004, -0.013121919376128277, 0.41572871799127326] [2.412717819213867, 6.399959087371826, 2.6359355449676514] [1.56896453817424, 1.8268997019261366] 0.3337820768356323
car [1274.7677624568155, 1039.8432202483916, -0.3703054121727903] [0.44053244919595197, 0.01272969188367075, -0.014463244279090352, -0.8975299051925159] [1.8107876777648926, 4.1770782470703125, 1.5426162481307983] [0.0, 0.0] 0.3209178149700165
car [1334.7424200820508, 1094.5675906015501, 3.3237651531069883] [0.8955858482326875, -0.014519030171271978, -0.01266602753097935, 0.44447132410855006] [1.9226090908050537, 4.282464504241943, 1.6969921588897705] [0.0, 0.0] 0.2911418080329895
car [1321.6054479867826, 1033.711030904406, 1.041905700853432] [0.35689620372074016, -0.019259916405372324, 0.0005348930621186694, 0.9339453245662694] [2.1960699558258057, 5.300823211669922, 2.2360587120056152] [-7.538276186526451e-07, 4.5770820210231896e-07] 0.282561331987381
car [1298.1027971433025, 999.96365748506, 1.1846476256090726] [0.8301244314636684, 0.003797795638989814, -0.01888934193703694, -0.557245186427475] [2.016364097595215, 4.599942684173584, 1.78352689743042] [0.0, 0.0] 0.26179763674736023
car [1279.0237085354408, 1032.110629623577, 1.0593237385580043] [0.8879271078971092, -0.014731533268718483, -0.012418229265175985, 0.4595804832354673] [2.037046432495117, 4.7813568115234375, 1.8547897338867188] [3.496402920350863, 4.272494593983481] 0.21753917634487152
car [1298.586611398358, 997.854741968999, 1.3497113878158755] [0.37082732013531344, 0.013795251392156281, -0.01345070739987466, -0.9285019483828411] [2.0230190753936768, 4.5752716064453125, 1.7447881698608398] [-0.0022510601036278264, -0.0008694414503973156] 0.1488879770040512
car [1279.0459299535435, 1025.5880061282332, 1.0676574197617983] [0.9145453536917592, -0.013938780436499895, -0.013301913038088939, 0.4040242140643124] [2.475679397583008, 6.28005313873291, 2.7155075073242188] [2.5955669730147988, 2.8231517204772922] 0.1275731772184372
car [1290.151887778878, 1037.2629802082286, 0.4585261681262053] [0.9346524908147869, -0.013215008355215793, -0.01402119983102051, 0.3550401257931065] [1.9835189580917358, 4.691444396972656, 1.6845921277999878] [3.5787300164825577, 2.8670438177941744] 0.12707893550395966
car [1267.1774698045253, 1061.9933523928944, 0.7263362279410202] [0.9548735549800305, -0.0017665318546771728, -0.01918618919265219, -0.2963870164316734] [1.9022142887115479, 4.468564987182617, 1.6368634700775146] [0.5220587228751524, -0.3941257844245161] 0.11989124119281769
car [1257.2021498483364, 1029.0341657019208, 0.570950146074796] [0.4686514231229314, 0.01226668248766195, -0.014857960535575544, -0.8831730369040491] [1.9605953693389893, 4.502619743347168, 1.7657427787780762] [0.0, 0.0] 0.11869944632053375
car [1367.3437321860804, 1016.059603797801, -0.14028242927421358] [0.9567963683309542, -0.0018922931572643766, -0.019174194041388107, -0.29011976674843665] [1.932901382446289, 4.554572582244873, 1.7230165004730225] [-0.0011678259462456412, 0.0004217714281416575] 0.10938315093517303
car [1296.6579394339826, 1079.8128163020463, 2.3770636385396817] [0.954341626919193, -0.012346425352857581, -0.014791763638462734, 0.2980953348153874] [2.1383368968963623, 5.0862531661987305, 1.9285738468170166] [0.0, 0.0] 0.10297051072120667
truck [1321.609757617588, 1033.6882342018023, 1.0385222731395576] [0.3586989409027063, -0.019260913351578188, 0.000497702112542962, 0.9332544343879364] [2.2151143550872803, 5.3763108253479, 2.1147429943084717] [0.0, 0.0] 0.6784822940826416
truck [1319.3521711428946, 1031.2596965443047, 1.7078818190606644] [-0.3395291477794915, 0.019246698218391096, -0.0008916828023538938, -0.9403981748799829] [2.7547810077667236, 6.816423416137695, 3.8321328163146973] [0.0, 0.0] 0.6736558675765991
truck [1272.0185018335185, 1027.8483743144432, 1.2344181160295005] [0.9053314532643482, -0.014231234688201425, -0.012988550718966504, 0.4242684636403392] [2.52307391166687, 6.450928688049316, 2.726612091064453] [1.5511735258264345, 1.7485622567008048] 0.5254108905792236
truck [1298.405243186789, 999.651077822764, 1.1812892787495333] [0.9238249599893236, -7.436240634487584e-06, -0.019267341156271614, -0.3823299789582228] [2.1045351028442383, 5.024449348449707, 1.9260122776031494] [0.0, 0.0] 0.3460538387298584
truck [1278.9993009018071, 1032.0794903484193, 1.1161188757514204] [0.8973239794979377, -0.014469190329452776, -0.012722932906366483, 0.4409517494323557] [2.160719871520996, 5.28127908706665, 2.1213953495025635] [3.2154790561562487, 3.9120199216504523] 0.21005740761756897
construction_vehicle [1298.7682941511976, 1081.2319931218108, 2.9294681342278315] [0.9728801351503586, -0.011279845815074817, -0.015620357515689964, 0.23050599154748613] [2.7068910598754883, 11.615245819091797, 3.651867628097534] [0.0, 0.0] 0.17671947181224823
truck [1287.447205824006, 1035.0315463571333, 0.2749635202774505] [0.9312791574449784, -0.013346019894778682, -0.013896555094627026, 0.36379650962872273] [1.9338934421539307, 4.974697113037109, 1.8059489727020264] [3.001543472837349, 2.7652977533321903] 0.16232316195964813
truck [1296.259888336352, 999.8515797537844, 1.07782738293842] [0.8356068317438252, -0.015937408631471875, -0.010827257115415632, 0.5489899746375309] [2.0041565895080566, 4.8792901039123535, 1.8315173387527466] [0.0, 0.0] 0.13636332750320435
truck [1278.2575346478275, 1024.8059142741909, 0.9993678476759822] [0.9217717871021511, -0.013693513426888473, -0.01355426798309144, 0.3872538469944185] [2.657482624053955, 8.214738845825195, 3.160104990005493] [2.6475243392683576, 2.7622456456118147] 0.12494125962257385
truck [1284.5241398804103, 1031.9479937893764, 0.10103119007935754] [0.8606382250202425, -0.015407453855188047, -0.011568960896730684, 0.5088522527644708] [2.11714768409729, 5.686187744140625, 1.969382643699646] [0.42622457692261945, 0.7172048820955934] 0.11222431063652039
truck [1272.5333349020812, 1064.2963624323356, 1.465627910257704] [-0.32428254354844643, 0.019229768455530972, -0.0012027034865247565, -0.9457640305378611] [2.2154088020324707, 6.107391357421875, 2.5419929027557373] [0.0, 0.0] 0.10554349422454834
truck [1325.7894931012622, 1025.8508126928748, 2.0622711630410584] [0.36598584716471805, -0.01926421638205404, 0.00034707018776256385, 0.9304209419314433] [3.0829625129699707, 14.676782608032227, 4.107717037200928] [-0.012099906951839899, 0.003085024194223255] 0.10457053780555725
trailer [1325.4329717331436, 1026.1769758725666, 2.0443170422492156] [-0.34337012953609, 0.019250182136132866, -0.000813005692196396, -0.9390025152532016] [2.9575443267822266, 14.440591812133789, 4.205911159515381] [0.0, 0.0] 0.7683415412902832
bus [1278.6227612741216, 1025.1722798157123, 1.0886954561779096] [0.9193486324042492, -0.013777439708876276, -0.013468951169193237, 0.39297183309482475] [2.6060523986816406, 7.403685092926025, 2.735532283782959] [3.177106176512608, 3.330509833540648] 0.47587037086486816
trailer [1341.4948190299497, 1038.9947357385265, 1.151151991908676] [0.9426851471415062, -0.0010225349008812328, -0.019240190043404264, -0.33312682700176965] [2.4559645652770996, 4.528470516204834, 1.9062385559082031] [0.0, 0.0] 0.39892321825027466
trailer [1342.7467391156106, 1033.1174760459528, 1.0533526541454261] [0.9276757876573191, -0.00020391729223420696, -0.01926626347447165, -0.3728892630578723] [2.182403326034546, 4.218392848968506, 2.1402695178985596] [0.0, 0.0] 0.12899774312973022
barrier [1337.1224180723993, 1035.5416159734586, 0.2006680332870503] [0.36747621968686095, 0.013843672322189126, -0.013400866657260918, -0.9298333170381259] [3.293389320373535, 0.5203487873077393, 0.9518603086471558] [0.0, 0.0] 0.4618338346481323
barrier [1328.9612622059815, 1049.3927418155447, 1.0908448061222824] [0.10615826833561698, 0.01691645737440456, -0.009223012546331393, -0.9941625579217179] [3.2832860946655273, 0.4941140413284302, 0.9798893928527832] [0.0, 0.0] 0.4096364974975586
barrier [1341.8383867027906, 1031.0354722082163, -0.0014447934107158153] [0.4187972990690465, 0.01307419599404534, -0.014152593035875845, -0.9078753173216804] [3.210336685180664, 0.46615302562713623, 0.849217414855957] [0.0, 0.0] 0.37036800384521484
barrier [1339.5171282933693, 1033.1313950680535, 0.12364998031494018] [0.39769788945364637, 0.013397869724841336, -0.013846572766067876, -0.9173141000952648] [3.2207868099212646, 0.4893757700920105, 0.8982815742492676] [0.0, 0.0] 0.36876535415649414
barrier [1328.44188636256, 1052.489805433126, 1.2253215523118224] [0.10332679333981204, 0.01694265285925997, -0.009174802701989976, -0.9944608304441065] [3.033973455429077, 0.48479652404785156, 0.9003134369850159] [0.0, 0.0] 0.36366644501686096
barrier [1278.6645327047852, 1070.2204018973018, 0.5763462877779592] [0.5121079840892018, 0.01151052733466267, -0.015451156947226192, -0.8587049447520168] [2.567182779312134, 0.6999585628509521, 0.9714368581771851] [0.0, 0.0] 0.3469485938549042
barrier [1334.965384050002, 1037.924577540219, 0.37803869363864906] [0.3261849005792269, 0.014420211073658653, -0.012778419429685547, -0.9451096127664719] [3.2359087467193604, 0.4678882360458374, 0.9173527359962463] [0.0, 0.0] 0.3418072462081909
barrier [1274.845701309366, 1062.6215114482127, 0.3607426592664934] [0.9443886003590561, -0.001121628905149016, -0.019234667637600785, -0.32826657006361964] [2.001269817352295, 0.5296832323074341, 0.9491068720817566] [0.0, 0.0] 0.2802593410015106
barrier [1329.963722434219, 1046.3550486312192, 1.0438772641015894] [0.22901288865583908, 0.015637647434856756, -0.011255863948758028, -0.9732326886921638] [3.237119674682617, 0.4475153088569641, 0.9485499858856201] [0.0, 0.0] 0.27566051483154297
barrier [1276.401724837136, 1073.032515362784, 0.40112799765318596] [0.4580852568704329, 0.012443008062390334, -0.014710609806840837, -0.8886994244104243] [2.3927717208862305, 0.5682723522186279, 1.024950623512268] [0.0, 0.0] 0.267459511756897
barrier [1331.3496578757276, 1043.445327538243, 0.815830915039991] [0.22450592223463411, 0.01568957661661649, -0.011183366046104088, -0.9742822283050463] [3.1788716316223145, 0.4421538710594177, 0.8769332766532898] [0.0, 0.0] 0.24895219504833221
barrier [1333.158395224278, 1040.5668383206803, 0.6007509373945426] [0.29514026717825625, 0.014829904368643945, -0.012300586447267788, -0.9552596464833096] [3.3538637161254883, 0.5066425204277039, 0.9384434819221497] [0.0, 0.0] 0.23027518391609192
barrier [1276.934832394373, 1071.0214777149731, 0.506828024279236] [0.49847998401050186, 0.011753157771001025, -0.015267408848255518, -0.8666870686991701] [2.047405958175659, 0.5870770215988159, 0.9836020469665527] [0.0, 0.0] 0.18866613507270813
barrier [1345.5982609494029, 1028.0901967655495, -0.24006821328114342] [0.4357206336484475, 0.012806947663696472, -0.014394880411770436, -0.8998757130417876] [3.2296738624572754, 0.49162307381629944, 0.9124213457107544] [0.0, 0.0] 0.17137743532657623
barrier [1300.4455419122507, 1038.0884175739318, 0.5217650342019793] [0.46590030353441453, -0.019185913309497264, -0.0017695256455582745, 0.8846274225209224] [1.9366017580032349, 0.4787420332431793, 1.0717394351959229] [0.0, 0.0] 0.16337083280086517
barrier [1301.2894100031044, 1038.1198312997712, 0.45754835038930464] [0.5432143860865359, -0.01895050419963876, -0.0034797817617354277, 0.8393729208510947] [1.9614008665084839, 0.44931715726852417, 1.0374464988708496] [0.0, 0.0] 0.16213423013687134
barrier [1273.4647819042639, 1062.69694875885, 0.36515738898312616] [0.4541059855879441, 0.01250867650918167, -0.014654811582496695, -0.8907393127973369] [2.2320826053619385, 0.5812705755233765, 1.0108067989349365] [0.0, 0.0] 0.13624897599220276
barrier [1273.136957636731, 1062.3852942789295, 0.3132747415585227] [0.44827764526553815, 0.012604140480424596, -0.014572787423123786, -0.893686702522005] [2.1110260486602783, 0.541906476020813, 1.0243290662765503] [0.0, 0.0] 0.1328502893447876
barrier [1267.5132628570932, 1024.6281973581956, -0.6662602537185597] [0.9347578718149133, -0.0005788722154037775, -0.01925864474691992, -0.3547625834125183] [2.2598700523376465, 0.5537912249565125, 0.9823192358016968] [0.0, 0.0] 0.12891331315040588
barrier [1300.0541520319348, 1038.1334388497382, 0.5639506242199034] [0.38759288177941226, 0.013549230096892188, -0.013698498250220842, -0.9216292787793804] [2.323117733001709, 0.5073527097702026, 1.0434978008270264] [0.0, 0.0] 0.1288938969373703
barrier [1276.4725152333249, 1072.3722880496066, 0.38042625472448766] [0.41844119947404157, 0.013079745615014562, -0.014147464266657118, -0.9080394991916351] [2.5037007331848145, 0.5777001976966858, 0.9894532561302185] [0.0, 0.0] 0.12836863100528717
barrier [1263.3533783418613, 1061.4784658543622, 0.3723084935449171] [0.9166446969891027, -0.013869060847502019, -0.013374589404468435, 0.39923836112180705] [2.3476994037628174, 0.4911734163761139, 0.9982662200927734] [0.0, 0.0] 0.12222541123628616
barrier [1277.2187422917368, 1071.3149177971438, 0.4083992656309916] [0.36777658982996403, 0.013839342353739924, -0.013405338255553756, -0.929714552689433] [2.0473580360412598, 0.6070213317871094, 1.0013010501861572] [0.0, 0.0] 0.11774250864982605
barrier [1343.2968604332393, 1030.0559614348836, -0.15831097516825515] [0.4039812733671472, 0.013302567484946326, -0.013938155862174933, -0.9145643226575857] [3.1966042518615723, 0.4810192584991455, 0.8581593036651611] [0.0, 0.0] 0.1054551750421524
barrier [1268.3330334349248, 1062.2638922878953, 0.26423219651910324] [0.9011366101575222, -0.014357647359336534, -0.012848675139280681, 0.4331068913597199] [2.2756381034851074, 0.44988855719566345, 1.0504456758499146] [0.0, 0.0] 0.10253053903579712
bicycle [1312.2896161684139, 1056.4600886705725, 1.7214395761374695] [0.9039017826920905, -0.014274766149948628, -0.012940693253999706, 0.4273059053600021] [0.7264410257339478, 1.7775652408599854, 1.7948507070541382] [2.4727351761622725, 2.790295082280014] 0.7676772475242615
bicycle [1300.7932976079858, 1038.1530065589202, 0.5883994245856647] [0.031128270134208158, 0.017561877752709516, -0.00792533534487464, -0.9993296754864841] [0.4909893870353699, 1.4557148218154907, 1.1275731325149536] [0.024125009774429468, -0.013986060932418923] 0.5786442756652832
bicycle [1301.083067957551, 1038.0570196957638, 0.5932395031586264] [0.7541362733007718, 0.006124213364189586, -0.018268128015746836, -0.6564352601753609] [0.5170234441757202, 1.5860052108764648, 1.1207166910171509] [0.2655496004061861, -0.024665401596839737] 0.3795820474624634
motorcycle [1279.9742575983391, 1032.8600795975783, 1.4786482230389266] [0.9246105597822817, -0.013592896758561464, -0.013655169286424903, 0.3804261850195988] [0.9461644887924194, 2.3038785457611084, 1.7740375995635986] [4.174414601893032, 4.4168932424202945] 0.28957459330558777
bicycle [1294.934548846137, 1034.1865217882257, 0.2956412033022199] [0.9664566498305799, -0.011688234279626723, -0.015317169123385412, 0.25610605909997974] [0.5970567464828491, 1.658504605293274, 1.6073201894760132] [2.2257243045670068, 1.4168887644156436] 0.23440510034561157
bicycle [1332.8921653632292, 1039.2773636858558, 0.8379620258237905] [0.8793697626627399, 0.001983656029212598, -0.019164957586376267, -0.4757495034405676] [0.5102046132087708, 1.572924256324768, 1.0937060117721558] [-0.000451286459015372, -0.0011023508031914664] 0.19657069444656372
bicycle [1328.3328901662617, 1048.4372066090884, 1.077621347925258] [0.8162549904523013, 0.004258395161905544, -0.018790863768727933, -0.5773703837842599] [0.4974527060985565, 1.5220959186553955, 1.0391685962677002] [0.002468554266462752, 0.002055320242623723] 0.19316348433494568
bicycle [1330.2130614773894, 1043.3365027464306, 1.8778172919118352] [0.7741878407171434, 0.005553076497330198, -0.01844976509185501, -0.6326625931688998] [0.44002461433410645, 1.459243655204773, 1.0899940729141235] [9.824937328289265e-05, -0.005359220805148105] 0.1753246784210205
bicycle [1300.4378497532373, 1038.4669662113122, 0.639576048808332] [0.5272546731739707, 0.011234725730321448, -0.015652840901711287, -0.8494888340206006] [0.6394975185394287, 1.714991569519043, 1.2658458948135376] [-0.05154296616041207, -0.01254239537937095] 0.15450260043144226
bicycle [1338.5641514597671, 1033.6295217151944, 0.6377363169896524] [0.7515443689762613, -0.01728305187973523, -0.008516255529997515, 0.6594011153839092] [0.4655989110469818, 1.548907995223999, 1.091155767440796] [0.0, 0.0] 0.13488195836544037
bicycle [1299.9853652309662, 1058.270533151156, 1.2022780680285985] [0.8917036332424529, 0.0014735871681056164, -0.01921090917650248, -0.45220946470820284] [0.5720313787460327, 1.591761589050293, 1.053642749786377] [0.0, 0.0] 0.13065703213214874
motorcycle [1268.1727800813394, 1062.0545171779802, 0.05783547182397264] [0.948699281596485, -0.0013790718042024815, -0.01921792526493655, -0.3155922093585068] [0.640209972858429, 1.9677563905715942, 1.3480339050292969] [0.09641503611319525, -0.037408848110674915] 0.12061187624931335
bicycle [1265.567547144533, 1048.1022420493418, 0.4925387440650782] [-0.2225769094224284, 0.018995177836198085, -0.0032270279671923743, -0.9747247246794505] [0.6341230869293213, 1.9020051956176758, 1.8196609020233154] [-1.616337856855765, 0.7523860637037945] 0.1186920627951622
bicycle [1263.3725475970202, 1061.427794225213, 0.16443421773949699] [-0.2711064110635892, 0.01913293962225755, -0.002271808077474807, -0.9623565261324362] [0.7047601342201233, 1.9968488216400146, 1.6236610412597656] [-0.3357601212663157, 0.1525058549064911] 0.11844608187675476
motorcycle [1289.126988794941, 1035.8348658103996, 0.16726152844136935] [0.9525136889196176, -0.012436028354098957, -0.01471651077211849, 0.30388557374480984] [0.7574111223220825, 2.023857355117798, 1.5146206617355347] [2.0638961234823974, 1.2534072584718585] 0.11080653965473175
bicycle [1291.399160810581, 1025.8220514638203, 1.4308371203453696] [0.9739417706730867, -0.0031606962657213427, -0.01900632762123414, -0.22597831056905174] [0.5682976841926575, 1.6194751262664795, 1.1592262983322144] [0.0, 0.0] 0.10931286215782166
bicycle [1299.4518938114077, 1058.3098499605678, 1.225385658282573] [0.9376446268954985, -0.0007372800536104354, -0.01925323112239556, -0.34706097902742056] [0.5808892250061035, 1.6268620491027832, 1.0526485443115234] [0.0, 0.0] 0.10649186372756958
bicycle [1281.0139928937563, 1073.0165412716412, 1.0692661379405441] [-0.14884578338720364, 0.01869965197181602, -0.0046425754342595115, -0.9886726972448059] [0.6553869843482971, 1.8648927211761475, 1.2728369235992432] [0.0, 0.0] 0.10352130234241486
pedestrian [1296.7160972743798, 1035.609462213237, 0.5642533383869159] [0.9489781622123221, -0.012603420695145418, -0.014573409941088357, 0.31475262850942803] [0.7730538249015808, 0.912377655506134, 1.8959712982177734] [1.1131635131235005, 0.8603880900075549] 0.8795574903488159
pedestrian [1296.7981985422268, 1034.0670203568498, 0.41999127391339375] [0.9677082417271443, -0.011612533699857746, -0.015374639885197341, 0.2513354897399667] [0.6983389854431152, 0.8253746032714844, 1.7913298606872559] [1.1773726714877597, 0.6606457930502749] 0.8079781532287598
pedestrian [1300.5622022100447, 1035.894333396634, 0.7143428894965754] [0.9401001615701812, -0.012993717458480882, -0.014226517393199283, 0.34035342766775484] [0.7921255826950073, 0.9699941873550415, 1.9025861024856567] [1.2393134203829759, 1.0467340531188098] 0.6216533780097961
pedestrian [1265.7841801980942, 1047.979983265086, 0.5556910280036086] [-0.217125716867324, 0.018976845368354898, -0.0033331412204375436, -0.9759534786988162] [0.7038521766662598, 0.788506805896759, 1.8835234642028809] [-1.5497048447181823, 0.7514288605781013] 0.5383862853050232
pedestrian [1295.3079490888313, 1034.2310797088269, 0.37503764973802445] [0.9618448241705528, -0.0119534966616778, -0.015111069058444882, 0.27291629435742504] [0.6702125668525696, 0.7992829084396362, 1.7840895652770996] [1.1679434792351546, 0.701987957623532] 0.5330111384391785
traffic_cone [1277.421926113682, 1070.7117955863364, 0.5999959443828715] [-0.082628269180679, 0.01834869418457538, -0.0058784277022654804, -0.9963941683097485] [0.4288904070854187, 0.43006911873817444, 1.0733610391616821] [0.0, 0.0] 0.2851427495479584
pedestrian [1296.7888132093415, 1034.5468694190652, 0.4769144067553587] [0.9539339788135305, -0.01236659764485658, -0.014774902815926076, 0.299397283846158] [0.7243338823318481, 0.8802845478057861, 1.8461312055587769] [1.2155082270656836, 0.7966784133321874] 0.2559897005558014
pedestrian [1298.8856218669905, 1035.4091670405119, 0.563952522878755] [0.952751582150179, -0.012424489718260387, -0.014726253623059555, 0.30313889921915477] [0.7454183101654053, 0.8722342252731323, 1.8621082305908203] [0.8351726947282222, 0.5171003512956137] 0.25147634744644165
pedestrian [1277.6404307523521, 1072.20341833525, 0.8397223329515972] [0.15884269781638188, 0.016402397386089933, -0.010108998492364256, -0.9871158831970459] [0.5786165595054626, 0.5449551939964294, 1.652471661567688] [0.0, 0.0] 0.2390512377023697
traffic_cone [1276.3889775875462, 1073.066438802293, 0.5524904354578631] [0.9818109779993094, -0.0038792019172914473, -0.018872792136160325, -0.188880843362978] [0.4971495270729065, 0.49577727913856506, 1.2238656282424927] [0.0, 0.0] 0.22311931848526
traffic_cone [1279.3228059582432, 1059.3386997650364, 0.974909158381244] [0.998832784982454, -0.008156040836957253, -0.017455929892037213, 0.04429263091830343] [0.4476127028465271, 0.4513656795024872, 1.376612663269043] [0.0, 0.0] 0.2186221480369568
pedestrian [1300.5742147227015, 1038.0525944756128, 0.6461039737584406] [0.49794167452264126, -0.01910836194254434, -0.0024700191097551862, 0.8669964580568126] [0.6184860467910767, 0.7140452265739441, 1.581218957901001] [0.02626801478958653, -0.005806519878609781] 0.2038400024175644
traffic_cone [1335.4966997818226, 1051.6489184449745, 0.6788635853697975] [0.390802695942038, 0.013501404221907796, -0.013745638383373945, -0.9202727977909079] [0.3670799732208252, 0.3633374273777008, 1.1680476665496826] [-1.3037153181678665e-05, -1.024243226401924e-05] 0.19538703560829163
traffic_cone [1272.6090826856232, 1062.6826749134436, 0.46758105367247227] [0.44117964767695306, 0.012719257447778276, -0.014472421376776231, -0.8972119526539477] [0.4462158679962158, 0.449093222618103, 1.1195664405822754] [0.0, 0.0] 0.1769419014453888
pedestrian [1296.1135991086637, 1033.9303477501337, 0.3989274689402682] [0.9587784025803971, -0.012119320101099593, -0.014978403480241681, 0.2835008717003392] [0.7239449620246887, 0.8955409526824951, 1.8305879831314087] [1.1173992660208414, 0.5664917310633882] 0.16802124679088593
pedestrian [1298.8886499416406, 1035.9399889129509, 0.5546566743941403] [0.9071758430849933, -0.014174370468790321, -0.013050582835387754, 0.42031031302182165] [0.7503226399421692, 0.8362253308296204, 1.7960495948791504] [0.6700593813437885, 0.491819218478465] 0.1644567996263504
traffic_cone [1280.9706342143772, 1073.1598646400537, 1.2378202650160761] [0.6204115499505912, 0.009382374306976462, -0.01682859301586501, -0.7840397172320899] [0.5075828433036804, 0.512965977191925, 1.4951627254486084] [0.00015021332955118677, -0.0004430029507371457] 0.1619732826948166
traffic_cone [1291.3395879866857, 1071.9251469908588, 1.5835035161128563] [0.9766890227219396, -0.0033979055882779182, -0.01896535599831921, -0.21379270895877808] [0.4297705292701721, 0.4353855848312378, 1.3632856607437134] [0.0, 0.0] 0.16129004955291748
traffic_cone [1333.097057206182, 1052.9850029884947, 1.4313582027253773] [0.5294542415840781, 0.01119412572761444, -0.015681901661603197, -0.8481196705525105] [0.42987391352653503, 0.41387081146240234, 1.2439441680908203] [0.0, 0.0] 0.15094754099845886
traffic_cone [1278.5961322524245, 1070.2538911918984, 0.6719893130940808] [-0.20217133144228278, 0.018923638569093237, -0.00362303654910622, -0.9791606212733053] [0.49289822578430176, 0.5100169777870178, 1.144607663154602] [0.0, 0.0] 0.14456366002559662
pedestrian [1295.9905389835378, 1034.5806312609122, 0.41170238770700546] [0.956839318161823, -0.01222033373507258, -0.014896104656361665, 0.2899780831874846] [0.709123969078064, 0.8548113703727722, 1.8200116157531738] [1.0953328389587764, 0.6433333358960011] 0.144214928150177
traffic_cone [1304.2011993399233, 1062.1256748466524, 1.7208492752195996] [0.8227186752443049, 0.004046067866170365, -0.01883772346522202, -0.5681221267594903] [0.5038653612136841, 0.49237141013145447, 1.466304063796997] [0.0, 0.0] 0.14173367619514465
traffic_cone [1291.4828373643295, 1025.7772536210834, 1.488480554355231] [0.8929998028882458, -0.014592054388502178, -0.012581829725951113, 0.449644439030468] [0.5285264253616333, 0.5210698843002319, 1.3094940185546875] [-0.0013835826090356548, 0.0008347921799870372] 0.1402941346168518
pedestrian [1299.8236452896713, 1035.4125720352079, 0.6293263385440702] [0.946355071588826, -0.01272295712660673, -0.014469169032268567, 0.3225536358306603] [0.7876783013343811, 0.9557951092720032, 1.908435344696045] [1.1045922758584885, 0.6543216358914558] 0.1343068778514862
pedestrian [1292.26916673857, 1074.2193217961928, 2.0100646131050617] [0.7909797644543353, 0.005053143193834082, -0.018592908174689643, -0.6115388636327495] [0.6824675798416138, 0.6603386998176575, 1.832421898841858] [-3.275433745607686e-05, -0.00021740189826320813] 0.13158315420150757
traffic_cone [1279.6437766031142, 1069.6195350783316, 0.6975384021314732] [-0.12718406708574667, 0.018593626743218777, -0.005050498496553811, -0.9916919796937952] [0.5051753520965576, 0.5127177834510803, 1.2489312887191772] [0.0, 0.0] 0.13143953680992126
traffic_cone [1328.214411892003, 1054.0271613529621, 1.4638883981259554] [0.08993983336462269, 0.017064540406764903, -0.008946057860070026, -0.9957608125869456] [0.38387906551361084, 0.39507997035980225, 1.1331557035446167] [0.0010215424300703468, -0.0015286551803555728] 0.1287948489189148
traffic_cone [1328.332725194619, 1048.4046810816405, 1.1087630162193796] [0.11895826915968893, 0.016796223770784498, -0.009440199021819747, -0.9927122945284808] [0.35503220558166504, 0.4598505198955536, 0.8319374322891235] [0.00020818313339767346, -0.005174094035108696] 0.12503743171691895
traffic_cone [1276.7504821808334, 1072.8074353833422, 0.6411830527789029] [0.8653120859411306, 0.0025344530969790887, -0.019099922461335957, -0.5008630186325194] [0.5126609206199646, 0.5001637935638428, 1.3452165126800537] [0.0, 0.0] 0.11275865137577057
pedestrian [1265.2705337513337, 1047.8661988883548, 0.5546923984910672] [-0.1807021089514883, 0.018839849467920947, -0.004036156904273131, -0.9833491329786967] [0.7629350423812866, 0.8703833818435669, 1.8900402784347534] [-1.3510336531670981, 0.5165936068664874] 0.11250077933073044
traffic_cone [1299.8608256670682, 1058.2830024814737, 1.3296232115422235] [0.9258925932328764, -0.00011232338414363281, -0.01926701518106028, -0.3772952097575177] [0.4001864790916443, 0.40209028124809265, 1.2498488426208496] [-6.668824201221465e-06, -5.239145781930101e-06] 0.10452190041542053
traffic_cone [1336.027086395411, 1035.7071486080397, 0.3217741896561025] [0.2342072213383815, 0.015577311915776083, -0.011339217080929933, -0.9719957546113175] [0.35086798667907715, 0.4048038721084595, 1.0993103981018066] [0.00045388834943366305, -0.0007822721721052029] 0.10323114693164825
