car [1313.08821229227, 1037.035302724458, 0.7161046190406772] [-0.3351506133706701, 0.01921198072956983, -0.0006562001909075632, -0.9419684366023205] [1.890055775642395, 4.793925762176514, 1.5025150775909424] [0.0, 0.0] 0.8422833681106567
car [1304.5700280334738, 1056.9270643448776, 1.4885116911500311] [0.9228477315000202, -0.01339458351714194, -0.013788253502391783, 0.38468497977309074] [1.9690200090408325, 4.729658126831055, 1.7211661338806152] [6.513168136213729, 6.821994414114347] 0.806365966796875
car [1257.0998556273232, 1028.966035909037, 0.37898709528999786] [0.41548275586397826, 0.013330298914952183, -0.013850412740490238, -0.9093979045376288] [1.9338619709014893, 4.544695854187012, 1.7969863414764404] [0.0, 0.0] 0.7348880767822266
car [1292.8922011814955, 1045.4975143776899, 0.8924729576515975] [0.9286312999564565, -0.013181832224841091, -0.013991786928053567, 0.370505570725918] [2.0534210205078125, 4.805241584777832, 1.7547600269317627] [7.141646810970465, 7.143031376082431] 0.6216244697570801
car [1277.908589609669, 1029.806280201416, 0.20128779057212354] [0.9137516668027323, -0.013708308977609268, -0.01347638925002936, 0.40581813736325906] [1.9254368543624878, 4.548284530639648, 1.6166977882385254] [3.881479905635506, 4.029520101988455] 0.5774742960929871
car [1253.0937005776286, 1024.5343473155528, 0.31587936889236595] [0.3632868353817694, 0.014093676323550845, -0.013072837868301278, -0.9314790091226188] [1.9308559894561768, 4.359853744506836, 1.726700782775879] [0.0, 0.0] 0.38789230585098267
car [1328.8882506046384, 1081.6657580652472, 2.893571765211624] [0.8658827983822981, -0.015052506286194433, -0.011956289422224048, 0.49987743364088444] [1.9194579124450684, 4.47061014175415, 1.6576290130615234] [3.867106934378879, 5.994932263720188] 0.3611297011375427
car [1296.3017503852961, 999.9508779893706, 1.099582659712638] [0.41585575515966333, 0.013324616365865296, -0.013855879652567153, -0.9092273973535676] [2.012619972229004, 4.581968784332275, 1.756283164024353] [0.0, 0.0] 0.3584209084510803
car [1328.4185802061936, 1073.9178081799657, 2.8206288109542705] [0.9563041839746277, -0.01196858480951829, -0.015042731796494874, 0.2917409414367101] [2.047619581222534, 4.794350624084473, 1.793502688407898] [2.3213133057322364, 1.6886862552625406] 0.31102630496025085
car [1321.6013083005055, 1033.719288964609, 1.0359597376164942] [-0.3554971388174779, 0.019221692465704376, -0.00023945980412862916, -0.9344796699181548] [2.172401189804077, 5.246167182922363, 2.203892707824707] [-0.00039316633717689613, 0.0002452350101647854] 0.297504723072052
car [1320.95634015427, 1071.8184623499078, 2.600404106072647] [0.950206879072946, -0.01227043473349516, -0.014797541474682381, 0.3110262949658895] [2.0463318824768066, 4.851303577423096, 1.7621581554412842] [6.609689110038623, 4.873963875783569] 0.1768568754196167
car [1333.7262848183975, 1095.1528519103422, 3.559362177408799] [0.5305161743091981, -0.018900967115067908, -0.0035048886371796817, 0.8474568177754481] [2.0337414741516113, 4.624337673187256, 1.7724635601043701] [0.023581248226373083, 0.02763712563937412] 0.17143991589546204
car [1331.3687279536612, 1089.9144176904679, 3.300427753121361] [0.8587458423431586, -0.015219653382751457, -0.01174278302417326, 0.5120410603224075] [1.9752442836761475, 4.636296272277832, 1.7505649328231812] [0.0, 0.0] 0.16378821432590485
car [1298.5666556980948, 997.8484162396308, 1.3537428759975842] [0.3662893754553697, 0.014051437355635073, -0.01311822817626576, -0.9303024038592351] [2.013103485107422, 4.543855667114258, 1.7528610229492188] [-0.004258202659955538, -0.0016444968724235144] 0.16115358471870422
car [1298.5528201531254, 999.9183483784883, 1.1146726811825132] [0.96963627112494, -0.002485308226685257, -0.019061847897365047, -0.24379493619982784] [1.9198293685913086, 4.533573150634766, 1.7239614725112915] [0.0, 0.0] 0.15529713034629822
car [1316.2507479905585, 1064.6755091783998, 2.775477682843571] [0.9012197556817514, -0.01410480437293923, -0.013060830595525846, 0.4329358164516772] [2.6297736167907715, 7.154844284057617, 3.1185498237609863] [5.826409058722498, 7.463339770746253] 0.14690001308918
car [1367.740806970973, 1016.4738832689188, 0.20382518685003487] [0.8114319686332516, 0.004718039683526966, -0.018635206030215345, -0.5841306613059465] [1.8999547958374023, 4.423815727233887, 1.6846973896026611] [-0.003310886412616286, 0.0009433241576128309] 0.13871058821678162
car [1265.9828947287901, 1024.4526420297684, 0.020790316382688412] [0.3383059486092608, 0.014437438680695013, -0.012692169498753202, -0.9408398133228337] [1.9521878957748413, 4.4694719314575195, 1.7176322937011719] [-0.001941106835880916, -0.014340765147700437] 0.1367257833480835
car [1326.5479945497787, 1078.9548122954966, 3.0172673887531465] [0.9006769899019682, -0.014121146193472694, -0.013043160369576126, 0.43406385366543265] [1.9845800399780273, 4.622354507446289, 1.7337757349014282] [4.807780130203267, 5.07308882330678] 0.13463222980499268
car [1272.8554232507295, 1057.6062308874302, 2.8397114491370408] [0.7652251487169011, -0.01690997669248899, -0.009142400696938894, 0.6434756723986954] [2.017685651779175, 4.740258693695068, 1.7990641593933105] [0.0, 0.0] 0.13165666162967682
car [1290.4152714375728, 1043.0049425640798, 0.7351598091031474] [0.9149418301879843, -0.01366859538036524, -0.013516667583830258, 0.4031276678299543] [2.0425100326538086, 5.025331020355225, 1.721936821937561] [2.4757734739384927, 2.3466742432559435] 0.12975743412971497
car [1284.254924936227, 1068.4145758614961, 1.527784914447519] [-0.16142254626499597, 0.01878545933595646, -0.004078887076278997, -0.9866981457138154] [1.8933212757110596, 4.5109782218933105, 1.6888753175735474] [0.00021695936338523235, 0.0006492057232934259] 0.12600077688694
car [1295.8763161266895, 1079.7563272554512, 2.283195543698553] [0.9236437665244185, -0.01336595125918218, -0.013816010610196994, 0.3827697241924205] [2.036827325820923, 4.737521171569824, 1.8393495082855225] [0.0, 0.0] 0.12336130440235138
car [1261.093207626258, 1034.3984791038972, 0.45583930685443724] [0.5717145960320145, 0.010632653870362718, -0.016014914108947644, -0.820227340364674] [1.9928064346313477, 4.528999328613281, 1.738646388053894] [0.0, 0.0] 0.11187607795000076
car [1327.3276142682078, 1081.599563326799, 2.922455873416286] [0.7371565772093955, -0.017283616898139502, -0.008414712660706623, 0.6754484805480612] [1.909542202949524, 4.396918773651123, 1.6750128269195557] [1.023091499403836, 4.647966050181519] 0.10897297412157059
car [1319.6470134055148, 1073.0120149886425, 2.7108001532879076] [0.9205053769015855, -0.013477691316909339, -0.01370702881772765, 0.3902567363839173] [2.017315149307251, 4.788264751434326, 1.775761365890503] [4.92539452320809, 5.046890325309892] 0.10738431662321091
car [1315.6264577088996, 1069.35931585095, 2.7233688417685973] [0.3550731576843906, 0.014208207538998444, -0.012948267867659267, -0.9346408518194528] [2.114067316055298, 5.081847190856934, 1.846945881843567] [-3.344141363987997, -1.8088031310366997] 0.10404928028583527
car [1366.5860915344604, 1015.1241128113508, 0.05744632819250628] [0.6463449051480409, 0.009078831531315359, -0.016944191343050388, -0.7628032071163089] [1.888901710510254, 4.367238998413086, 1.6786504983901978] [-0.014266451226142264, 0.031943093543088344] 0.10028539597988129
truck [1321.61152361354, 1033.6923357993533, 1.0326010427589423] [0.35771171947069536, -0.01922220618126851, 0.00019388596832250506, 0.9336341869014196] [2.2112903594970703, 5.346240043640137, 2.0984420776367188] [-0.0011268110870031828, 0.000441490698584786] 0.6652112603187561
truck [1319.348157582103, 1031.2515206029668, 1.71666993815736] [-0.3378621795279333, 0.019213790965580547, -0.0006008651886112741, -0.9409992650594318] [2.770108699798584, 6.782461166381836, 3.834965705871582] [0.0, 0.0] 0.6582315564155579
truck [1285.2753907064725, 1055.295764176164, 1.6592981432728209] [0.6521950375540794, -0.018156707253616337, -0.006313856503784795, 0.7578074308078467] [2.8689029216766357, 10.162282943725586, 3.5014333724975586] [-0.7833163261136877, 5.175394641775765] 0.4897708594799042
truck [1298.4067542211358, 999.6308489298247, 1.1388053351915421] [0.9182429224758735, 0.0005914751709756288, -0.019214082319122843, -0.3955507609912074] [2.114696502685547, 4.986264705657959, 1.929263710975647] [0.0, 0.0] 0.30075281858444214
construction_vehicle [1298.3524821209676, 1081.6153603904245, 2.8271239775308694] [0.9580879294642377, -0.011875442495984191, -0.015116370853101031, 0.285828600060747] [2.690164804458618, 11.287603378295898, 3.5996572971343994] [0.0, 0.0] 0.2599402368068695
truck [1316.2243058118108, 1064.7014792568104, 2.843620324007846] [0.8985717133225009, -0.0141839279190229, -0.01297485996193687, 0.4384054575554707] [2.842679023742676, 7.598345756530762, 3.2554211616516113] [6.175643990291833, 7.387469540752763] 0.22873839735984802
truck [1292.8238404250433, 1045.511630331407, 1.0202408295910936] [0.9291058024162259, -0.013163873398219332, -0.01400868442786699, 0.3693140629792717] [2.0908966064453125, 5.378922462463379, 1.9326318502426147] [6.269914684028945, 6.163065032432974] 0.13801436126232147
truck [1325.808765360783, 1025.847742966352, 2.02166617864104] [-0.3540964591022555, 0.019221312064673427, -0.00026826247659624165, -0.9350113191020744] [3.0986452102661133, 15.146092414855957, 4.187379837036133] [-0.05467835386301719, 0.024181518930880247] 0.1362067312002182
truck [1277.5790889708005, 1029.4830879637775, 0.09903875366994713] [0.9147639559640139, -0.013674555100942919, -0.01351063821716745, 0.40353113147169206] [1.9719867706298828, 5.09344482421875, 1.7982054948806763] [4.020187455838979, 4.182968399696805] 0.12967072427272797
truck [1252.3876768396929, 1024.5852633671473, 0.42172672769101] [0.29920793716991245, 0.014948707690033716, -0.012085815679623635, -0.9539942764672553] [2.1752676963806152, 5.350960731506348, 2.0142202377319336] [0.0, 0.0] 0.12353011965751648
truck [1316.7433382774132, 1069.9742211841526, 2.862743657527827] [0.9168380437265136, -0.01360452039886775, -0.013581157055299116, 0.39879627728139105] [2.3478879928588867, 6.145452976226807, 2.1341490745544434] [0.27254608800237917, 0.5197599490739088] 0.10647565126419067
trailer [1325.447094529335, 1026.172663651563, 1.9900286129335796] [-0.3422362823486839, 0.019216378410776825, -0.0005114714241675408, -0.939417264181316] [2.973125696182251, 14.700916290283203, 4.2308268547058105] [-0.009354098079402656, 0.015445457891595089] 0.7542688846588135
bus [1316.1935413437175, 1064.714631195266, 2.840951961312851] [0.9000484662379968, -0.014139989618153062, -0.013022729968882608, 0.43536562521676647] [2.774428606033325, 7.896500587463379, 3.0799238681793213] [5.764399435312553, 7.214630253887011] 0.6190113425254822
bus [1285.282420494574, 1055.3140403445484, 1.7826773143600996] [0.655982828856066, -0.0181248523858432, -0.006404727022700009, 0.7545309784520114] [2.884517192840576, 10.463394165039062, 3.31183123588562] [-0.8049213859420477, 5.482070812093546] 0.438412606716156
trailer [1341.4998364546304, 1038.9651668168042, 1.1461926644569762] [0.9409434843193744, -0.0005976937299185837, -0.01921388988334027, -0.33801749734987346] [2.462684392929077, 4.627546310424805, 1.9207956790924072] [0.0, 0.0] 0.38446420431137085
barrier [1328.9577334507253, 1049.3910961270758, 1.0907721634963632] [0.10048123993112573, 0.01708056922554736, -0.008819578061063593, -0.9947532305148146] [3.3233261108398438, 0.5029178261756897, 0.9891313910484314] [0.0, 0.0] 0.4028092622756958
barrier [1337.090741678013, 1035.578497869854, 0.17757718282859453] [0.3744531559344468, 0.013935577097463143, -0.013241242132238599, -0.9270465485661923] [3.2566335201263428, 0.4701901972293854, 0.9012089371681213] [0.0, 0.0] 0.3957512080669403
barrier [1328.3322719783498, 1052.6678289761894, 1.2532148397585818] [0.11476541597764417, 0.016952068737393675, -0.009064114284726869, -0.9932066091671132] [3.0694377422332764, 0.4753386080265045, 0.9063048958778381] [0.0, 0.0] 0.3547550439834595
barrier [1330.0694524488301, 1046.190739401258, 0.9937205925890942] [0.231997113204359, 0.015754617645482055, -0.01101466409331556, -0.9725265079485496] [3.1732091903686523, 0.4436415433883667, 0.9180688261985779] [0.0, 0.0] 0.31560391187667847
barrier [1339.5372498810423, 1033.1079149167886, 0.1390606505601402] [0.40474286395227566, 0.013492507205451473, -0.0136924450539248, -0.9142284633927484] [3.10589861869812, 0.4254508316516876, 0.877328634262085] [0.0, 0.0] 0.313139408826828
barrier [1334.9459060466347, 1037.9363780878357, 0.37527302970288545] [0.3282378135004425, 0.01457217655553356, -0.012537243424224794, -0.9443994954394063] [3.210244655609131, 0.4409012198448181, 0.8829606771469116] [0.0, 0.0] 0.30830612778663635
barrier [1331.3596307601713, 1043.4299603488978, 0.7942845201950305] [0.22163995652158003, 0.01587088116435873, -0.010846471007231469, -0.9749390744404846] [3.1978042125701904, 0.4472423493862152, 0.8896727561950684] [0.0, 0.0] 0.2847577631473541
barrier [1341.4347286059165, 1031.380799877224, -0.0022867540017249555] [0.4151671531917466, 0.013335104458105913, -0.013845786049745007, -0.9095420298746051] [3.090681552886963, 0.4229286313056946, 0.7999025583267212] [0.0, 0.0] 0.2612495720386505
barrier [1333.1689210231614, 1040.5491944098019, 0.563234714401479] [0.29693190646812934, 0.014977488624917077, -0.012050130154250997, -0.9547051440727438] [3.319608688354492, 0.4891693592071533, 0.9297064542770386] [0.0, 0.0] 0.2326585352420807
barrier [1300.5812421338853, 1057.882766269597, 1.3807298345683243] [0.4856009732782563, 0.012201691329690748, -0.014854276520209908, -0.8739692008011305] [2.187718391418457, 0.33069106936454773, 0.9690784215927124] [0.0, 0.0] 0.21757914125919342
barrier [1276.3668994096806, 1073.0213211451667, 0.7444195774826967] [0.4473491780558134, 0.012832693281546131, -0.01431267918265726, -0.8941527733505861] [2.5185463428497314, 0.5447515845298767, 1.0800856351852417] [0.0, 0.0] 0.19927045702934265
barrier [1298.953193593668, 1058.694245143976, 1.4253254749498203] [0.4932747889292006, 0.012070472172324178, -0.01496109968488471, -0.8696611131955994] [2.5517218112945557, 0.39293357729911804, 0.9532352685928345] [0.0, 0.0] 0.15947192907333374
barrier [1278.6724893988007, 1070.2390069811422, 0.8582375100817712] [0.5078489244393556, 0.011816833405173467, -0.015162231053452727, -0.8612316408165379] [2.605855703353882, 0.6516538858413696, 1.062852382659912] [0.0, 0.0] 0.1533660888671875
barrier [1299.159890034472, 1058.9300137329378, 1.455322775700545] [0.41715144011225624, 0.013304851212971142, -0.01387485987117023, -0.9086336694235069] [2.469888925552368, 0.4082911014556885, 0.9572433829307556] [0.0, 0.0] 0.14532622694969177
barrier [1277.372303369607, 1070.7110831477019, 0.8705398993885527] [0.5560295633411196, 0.010934970483874824, -0.015810035507888526, -0.8309401867092723] [1.6942014694213867, 0.5739414691925049, 1.0223441123962402] [0.0, 0.0] 0.1181005984544754
barrier [1300.8378391419283, 1058.1913948017936, 1.391450211349724] [0.6896744021711545, 0.008076568929906642, -0.017444192058228905, -0.7238644128478876] [2.476454973220825, 0.4358677566051483, 0.9648376703262329] [0.0, 0.0] 0.11643177270889282
barrier [1300.2915298302123, 1057.5850874073344, 1.2733546403535392] [0.4679727818952392, 0.012497190641766132, -0.014606540600267497, -0.8835337823778937] [2.2020809650421143, 0.3498729169368744, 0.9547536373138428] [0.0, 0.0] 0.11244316399097443
bicycle [1326.8306734745895, 1072.2763353041528, 2.630036309632694] [0.9379737544051413, -0.012812627591812332, -0.014330644662311567, 0.3461729412372959] [0.7568973898887634, 2.0201282501220703, 1.8638502359390259] [1.83291656995038, 1.8227756889885147] 0.3831460773944855
motorcycle [1327.6514880787417, 1079.4021944806698, 2.778610526417244] [0.8795357236913119, -0.014711936449569883, -0.012372943390629686, 0.4754444025841047] [0.8651697635650635, 2.3044967651367188, 1.7300021648406982] [3.9661253385115622, 6.7409425397261415] 0.33926355838775635
bicycle [1300.0219541805757, 1058.2290269167092, 1.4732100092505411] [0.9682063137877821, -0.002374735446961116, -0.019075938608646655, -0.249413317886658] [0.5690646171569824, 1.5587760210037231, 1.079319953918457] [0.004214419698473623, 0.004721212185411493] 0.3182305693626404
bicycle [1332.5931616282448, 1039.6368018558555, 0.7924880330271886] [0.8885814370973258, 0.0019233519472403437, -0.019126722655252688, -0.4583159378025247] [0.5264413952827454, 1.6167974472045898, 1.068422555923462] [-0.00102998471979459, -0.0007752152370167376] 0.25745806097984314
bicycle [1330.1997471978075, 1043.3615883854454, 1.9078302525241875] [0.6515566230968188, 0.008962513138872174, -0.017006003659868284, -0.7583564044012725] [0.4313370883464813, 1.4380284547805786, 1.0875288248062134] [-0.00022102178296157127, 0.0011985211883581248] 0.24150973558425903
motorcycle [1268.5872176576624, 1027.4134034193282, 1.2851706338753752] [0.8632398879729914, -0.015115225254875247, -0.011876900594780235, 0.5044277599519417] [0.9194355607032776, 2.1671242713928223, 1.7582663297653198] [-0.000210341425778358, -0.0004964848032058816] 0.21219974756240845
bicycle [1338.5976976376198, 1033.6177597868602, 0.47197176883932734] [0.9492665848385913, -0.0010880422600261196, -0.019192367396553948, -0.3138844056442338] [0.4463154077529907, 1.4663081169128418, 1.083267092704773] [0.0, 0.0] 0.2046130746603012
bicycle [1316.1391755489649, 1010.2876594437787, -0.28127583603415574] [0.7633570058667445, -0.0169364022906809, -0.009093353599862295, 0.6456907547672612] [0.4693332314491272, 1.4443347454071045, 1.0859813690185547] [0.0, 0.0] 0.1711922585964203
bicycle [1300.1009552174662, 1057.6884691624043, 1.4326040478186546] [0.9002591552693588, 0.0014226792121634184, -0.01917046650718724, -0.4349297903701893] [0.6317080855369568, 1.7997063398361206, 1.1675599813461304] [0.019184113288869188, -0.029583411800745533] 0.15314441919326782
motorcycle [1294.1600500068857, 1045.9863113606655, 0.6696866087954265] [0.9693402376059267, -0.01122416223662645, -0.015606056014566858, 0.24496933064333193] [0.6968921422958374, 1.9793190956115723, 1.3025193214416504] [1.3873941447082254, 1.186241099241669] 0.1499738097190857
bicycle [1328.3276469563364, 1048.4669548730926, 0.9943547258090447] [0.8392902027915734, 0.0037919471787238677, -0.018845475288187287, -0.5433437445078723] [0.49416619539260864, 1.534700870513916, 1.030940294265747] [-0.0017968338087011727, 0.0004910775816595596] 0.13829219341278076
bicycle [1257.3675293029228, 1053.7278090625987, 1.204598192429299] [-0.02306889099871612, 0.018038555370762398, -0.006643893615934022, -0.9995490460531916] [0.6913232803344727, 1.8314379453659058, 1.6669397354125977] [-1.1253361382864548, 0.14519858409562364] 0.1367652416229248
bicycle [1300.3675496389849, 1058.6252777573031, 1.6229283232137965] [0.9997587061166855, -0.007248038240341806, -0.01780440237442562, 0.01063008662464715] [0.6557700634002686, 1.701662302017212, 1.1599329710006714] [-0.0017816838731049202, 0.003420297095945816] 0.13461734354496002
motorcycle [1295.1218030246084, 1046.4797043712576, 0.7390853231092037] [0.5878239012838249, 0.010313857619572559, -0.016222057306244937, -0.8087604900569888] [0.6902366876602173, 1.9408152103424072, 1.2558510303497314] [0.06892336418224643, 0.04466002040976594] 0.12699425220489502
bicycle [1306.2173224392284, 1042.2461856135126, 0.7549276509419786] [0.9496694800660821, -0.0122959169486569, -0.014776374001616285, 0.3126633138517751] [0.6077545881271362, 1.558166742324829, 1.6123160123825073] [0.8573340125368071, 0.6503061372394711] 0.12218005955219269
bicycle [1327.0265290003365, 1055.9438536220853, 1.6995353352131368] [0.6696054436418555, 0.008550954063559357, -0.017216619495325075, -0.742468193960489] [0.6325051784515381, 1.8158317804336548, 1.1732109785079956] [0.0, 0.0] 0.11985746026039124
bicycle [1329.9150458287052, 1043.6753204555948, 1.7858955242718684] [0.9943039423757158, -0.005144599736264912, -0.01852198412151173, -0.1048338655867726] [0.5468122959136963, 1.7779560089111328, 1.1796658039093018] [0.0, 0.0] 0.11790575087070465
bicycle [1333.1300193911343, 1053.0098547199345, 1.4055238164926056] [0.8245533743146534, -0.015933554197081333, -0.010754192340319258, 0.5654575157375448] [0.510044515132904, 1.5428038835525513, 1.101358413696289] [0.0, 0.0] 0.11529959738254547
motorcycle [1285.598706733288, 1067.313138673432, 1.4084645639473858] [0.501096458946084, 0.011935077409546272, -0.01506933075727147, -0.8651779054214526] [0.6608702540397644, 1.8672118186950684, 1.1620062589645386] [0.0, 0.0] 0.11298545449972153
bicycle [1327.5472484228364, 1072.318883369115, 2.5390299979630977] [0.9440221643667606, -0.012553959236175721, -0.014557778324330539, 0.3293214575184152] [0.7090656161308289, 1.882035255432129, 1.5290433168411255] [0.8526848193182528, 0.5949765786143791] 0.10903757810592651
motorcycle [1327.8456173051168, 1023.8221570099593, -0.06314254645075226] [0.9412822894409052, -0.012673241163389864, -0.014454056892736733, 0.3370728716207293] [0.6118603944778442, 1.7940278053283691, 1.1746957302093506] [0.0, 0.0] 0.10115627944469452
pedestrian [1302.5359218146211, 1038.4902434351734, 0.8231855367658334] [0.9680706631460267, -0.011304081491887262, -0.015548264979369295, 0.2499393133417966] [0.7606351971626282, 0.9438798427581787, 1.8432018756866455] [1.1028256655942104, 0.65896937025063] 0.8796166181564331
pedestrian [1300.9359623513674, 1035.9630011193296, 0.6341300898997914] [0.958914035303593, -0.011831489156174997, -0.015150797556274824, 0.28304477047904647] [0.7434266209602356, 0.9527552127838135, 1.7770026922225952] [1.2793093981866595, 0.8161226153851495] 0.8717993497848511
pedestrian [1304.2496428650315, 1037.6527699161581, 0.7308062366261066] [0.9981885796608967, -0.00806638357553876, -0.017448904213622933, 0.057009022376443896] [0.7093361616134644, 0.8506799936294556, 1.723008155822754] [1.272661285769084, 0.13458912061355202] 0.8616629242897034
pedestrian [1306.8220194640965, 1041.3278857655464, 0.8828520786555651] [0.9143308734013857, -0.013689029699407891, -0.013495972292970903, 0.40451146231326435] [0.6981988549232483, 0.88748699426651, 1.8323978185653687] [0.9839700775813212, 1.0158258891870995] 0.836816668510437
pedestrian [1303.9206261848885, 1039.8221283180246, 0.9590542802595794] [0.9396371242599629, -0.01274316441765242, -0.014392448119364087, 0.34163217633914894] [0.795585036277771, 1.0325684547424316, 1.9119952917099] [1.0717241039495637, 0.915882394583616] 0.834915041923523
pedestrian [1307.8704314773645, 1041.4619024281628, 0.9421494550844332] [0.9134907245941023, -0.013716965240388837, -0.013467578358334288, 0.40640517378387114] [0.7076287269592285, 0.8732219934463501, 1.7758748531341553] [0.9208384951992482, 0.9747202157478952] 0.8085588812828064
pedestrian [1306.195969769359, 1042.2118042093757, 0.8759506130365287] [0.9209962236346346, -0.013460414913653788, -0.013723994775436059, 0.3890969355424155] [0.7068870067596436, 0.9122217893600464, 1.6689989566802979] [1.0841868363882197, 1.056167018926733] 0.6035609245300293
pedestrian [1326.810658479549, 1072.2436382560934, 2.796788049225835] [0.9246225413601087, -0.013330468898020198, -0.013850249138655442, 0.3803992970636649] [0.710552453994751, 0.8227482438087463, 1.8612338304519653] [1.2908840244460236, 1.3496184602723225] 0.355343222618103
traffic_cone [1304.2120475702266, 1062.1313105358424, 1.920406997772775] [0.849614177053791, 0.003427746861654592, -0.018915109137838112, -0.5270542850095857] [0.46164363622665405, 0.45705634355545044, 1.3873393535614014] [0.0, 0.0] 0.3190406858921051
pedestrian [1257.4885619919096, 1053.7211590418633, 1.2884308472227928] [0.01682644149050183, 0.017759136648465953, -0.007358251677200445, -0.9996736167692549] [0.6838119029998779, 0.719399094581604, 1.8398960828781128] [-1.0289111096175263, 0.026938016887884643] 0.2829817235469818
pedestrian [1299.8763612592759, 1058.2897775080849, 1.3900592071524271] [0.9797749874040463, -0.0033548219591735618, -0.018928179306688657, -0.19917691446339195] [0.5331108570098877, 0.570427417755127, 1.5050088167190552] [0.17836883735994188, -0.10331789907805113] 0.2402038723230362
pedestrian [1277.4815050424793, 1072.3177879223192, 1.079583197923284] [0.5387231744808582, 0.011259650801796221, -0.015580470662515927, -0.842263504180861] [0.630179226398468, 0.6121035814285278, 1.7361263036727905] [0.0, 0.0] 0.21645934879779816
traffic_cone [1333.1159633517232, 1052.9909290574074, 1.4246672331521166] [0.5718476653426894, 0.010630055409220492, -0.016016638980785324, -0.8201345723964278] [0.39584001898765564, 0.38513946533203125, 1.1543307304382324] [0.0, 0.0] 0.20379239320755005
traffic_cone [1365.8671027608611, 1016.5868177680862, 0.04012842253839932] [-0.22960905936291948, 0.019023521583575842, -0.0027634089098672833, -0.9730930834489739] [0.41014593839645386, 0.41141971945762634, 1.3018664121627808] [0.00041827148426252044, 0.00037084264529818394] 0.19118812680244446
traffic_cone [1288.0187852178244, 1069.929140994671, 1.3503455713471308] [0.8164594761068834, 0.00455650248034024, -0.01867536043535875, -0.5770826570544552] [0.4044245481491089, 0.4043898284435272, 1.2762534618377686] [-0.00033048998610552677, 0.0002707723526819421] 0.1619732677936554
traffic_cone [1328.3571285274136, 1048.385576410117, 1.0718357239125884] [0.07009739980281121, 0.01734159595143812, -0.008294567625920873, -0.9973549136283639] [0.33028972148895264, 0.41608965396881104, 0.7567084431648254] [-0.0007188995357305508, 3.4563895739551957e-05] 0.15982551872730255
traffic_cone [1349.6922835647813, 1046.938461089488, 1.994218419887289] [0.264345734133403, 0.015377989539609473, -0.011534653872725061, -0.9642363828663739] [0.4971418082714081, 0.49094071984291077, 1.5196244716644287] [-0.022871381837367324, -0.01588169375365454] 0.137966126203537
traffic_cone [1291.4668336761645, 1025.7943150336346, 1.6267726636959974] [0.820732388551161, -0.016005509089468004, -0.010646806142260077, 0.5709893305315455] [0.4186370074748993, 0.4087352752685547, 1.2534445524215698] [-0.0006686027854303635, -5.926214700304927e-05] 0.13631486892700195
pedestrian [1303.4586348012958, 1040.097525600941, 0.8675805879881748] [0.9286420544016029, -0.013181426073224235, -0.013992169557292891, 0.3704786147600522] [0.7323954105377197, 0.9356944561004639, 1.8118844032287598] [0.7648115144866249, 0.7162223272206519] 0.13474354147911072
traffic_cone [1291.3484290328004, 1071.8904250813293, 1.6611125404469211] [0.9601095920017543, -0.0017891261451133868, -0.019139744770523492, -0.27896243572205404] [0.4406368136405945, 0.45096519589424133, 1.3099185228347778] [0.0, 0.0] 0.1307414323091507
pedestrian [1307.4199574010408, 1041.8988046270608, 0.8632986426080879] [0.9143373590788413, -0.013688813307959671, -0.013496191776339574, 0.404496802200569] [0.7276132106781006, 0.896606981754303, 1.7477576732635498] [0.8440378412474453, 0.8692531867335237] 0.12986841797828674
pedestrian [1326.2422686938742, 1072.1388220528963, 2.7593130729402717] [0.9083101193846899, -0.013885166480433751, -0.013294094706092205, 0.4178554728864121] [0.7576017379760742, 0.8824331164360046, 1.875072717666626] [0.9036321323429225, 1.244449679442215] 0.12045799195766449
traffic_cone [1332.2709476260384, 1040.158242821894, 0.7104362597670495] [0.398260839339011, 0.013589098838066978, -0.01359658762385461, -0.9170707568376296] [0.3295241892337799, 0.4302350878715515, 0.8432183265686035] [-0.0017820920697289677, 0.003324080203625628] 0.1197625994682312
traffic_cone [1277.3987173450412, 1070.7254654741635, 0.8653834440046559] [0.13626770473478578, 0.01675160724867238, -0.00942944626317668, -0.9904855283365172] [0.4992411136627197, 0.5022651553153992, 1.1297438144683838] [0.0, 0.0] 0.1147162914276123
pedestrian [1306.7459419704883, 1042.4388279733228, 0.755378169219983] [0.9104603223650587, -0.013816184791689112, -0.013365771210289668, 0.41314945309980733] [0.6349797248840332, 0.7384520769119263, 1.4924063682556152] [0.7743183313119619, 0.8113123821256707] 0.11405995488166809
pedestrian [1306.3372580416376, 1040.9144873611042, 0.841422850848936] [0.9109423877919175, -0.013800559993296758, -0.013381903680542867, 0.412085470893741] [0.7117836475372314, 0.8884081840515137, 1.7746360301971436] [0.6585507091775233, 0.718101663580332] 0.11208689212799072
traffic_cone [1328.2111852795583, 1054.0349401883886, 1.4748930623691705] [0.10971611315692054, 0.016997916771664304, -0.008977840924603367, -0.9937770593606466] [0.3871569335460663, 0.4001317620277405, 1.12184476852417] [0.004031145095512723, -0.001527599418478849] 0.11152196675539017
pedestrian [1304.224653037465, 1038.4894721030532, 0.7187499255324447] [0.9808176638424816, -0.01039325871850116, -0.016171300982116724, 0.19397726540069943] [0.6714170575141907, 0.7978085279464722, 1.7272800207138062] [0.8901535899286571, 0.4466444054611109] 0.11045222729444504
traffic_cone [1338.52927320164, 1033.4845060108773, 0.42001610585275495] [0.37329811999511464, 0.013952059810005232, -0.013223873460599446, -0.9275122548009107] [0.38973966240882874, 0.4274306297302246, 1.1735613346099854] [0.0015723170819124813, -0.002980367776686022] 0.1094343364238739
traffic_cone [1294.635515246523, 1046.0776045727384, 0.6657758453146011] [0.9677767686317098, -0.011322314905114574, -0.01553499235382271, 0.2510748798556362] [0.4021593928337097, 0.40948230028152466, 0.9602975845336914] [0.12239973152621642, 0.10015171795681477] 0.10924671590328217
traffic_cone [1300.5600132024035, 1080.6478247811233, 1.9316072163363045] [0.9489245470678188, -0.0010671621674686795, -0.01919353972440293, -0.3149169305862921] [0.5081366300582886, 0.5071960091590881, 1.2664363384246826] [-0.012407972416941299, -0.015533831234580261] 0.10882435739040375
traffic_cone [1347.9399113274953, 1043.2498776985467, 1.2612843264588558] [0.40917353540128726, 0.013425918686223774, -0.013757743625857292, -0.912254069393482] [0.3602493703365326, 0.34707111120224, 1.3278127908706665] [1.0247891246860228e-05, -2.2295764918983794e-05] 0.10788720846176147
traffic_cone [1332.966935861547, 1038.9666005453087, 0.9776507725698002] [-0.08778798621220207, 0.018431149991034942, -0.005461090756605532, -0.9959536829966354] [0.35196763277053833, 0.35853472352027893, 1.2514744997024536] [0.0, 0.0] 0.10538175702095032
traffic_cone [1300.2348946806314, 999.229925633803, 1.0662731153589358] [-0.20658775400520474, 0.018953031813021458, -0.003211446300112491, -0.9782392187460291] [0.4510064125061035, 0.44229036569595337, 1.3554085493087769] [-0.0027777958879838982, 3.2006876367259345e-05] 0.1038493737578392
pedestrian [1258.919857972998, 1037.336049136807, 0.8994669979146468] [0.9949118658550796, -0.0052550439911269505, -0.01849095224414444, -0.09889817176530921] [0.678748607635498, 0.699280858039856, 1.8181841373443604] [0.007781468868891789, -0.00730257777121211] 0.10327699780464172
traffic_cone [1335.466658037581, 1051.6779962416927, 0.7558515480882184] [0.42052502762969024, 0.013253200603156146, -0.013924204681647396, -0.9070772681171129] [0.370111346244812, 0.36353206634521484, 1.0460364818572998] [4.775649737715195e-05, 3.7515452559108124e-05] 0.10309219360351562
pedestrian [1280.9427737805327, 1073.095942534855, 1.3654790818640898] [0.6665682562905695, 0.008621180740127079, -0.017181561188959856, -0.7451961009717549] [0.5289817452430725, 0.5334740877151489, 1.531287670135498] [-0.00017297685349934344, -9.819097435409261e-05] 0.10116949677467346
